2.011070441257923812e-69,-8.461077984447831076e-70,6.009868440880485351e-69,1.251748800624191385e-67,6.431445180225399406e-67,-2.252648214070093243e-66,-2.315065375721977719e-66,-1.934768545676144670e-65,-1.197011154581882611e-64,-5.273691692525450091e-64,-1.265191137971243140e-63,-4.890296361487786591e-64,-1.622561306074981288e-62,6.539148187914782596e-62,2.691660395058328602e-62,6.030517523831460756e-62,3.776822625705902030e-60,9.724465433382606827e-60,1.706626230823043041e-59,-2.771260035578611129e-58,-6.609633503224832513e-58,-2.652044174171116742e-58,1.721781019990907167e-57,-7.170276527503484655e-57,1.814755935905178320e-55,2.436215615082377012e-56,-6.032393014783257080e-55,5.313543839714540656e-54,-1.202926597431349905e-53,-5.273390403835139106e-53,5.453938442590445790e-52,-5.529759101699984020e-51,1.928473373937565289e-50,-1.088975907196681830e-49,-1.049797330332814716e-49,-5.949621192652023813e-50,-6.098048903768117442e-50,2.174423556927887782e-49,2.015390926993629706e-50,-1.024028370810510554e-48,5.864962833259794036e-49,-1.977377418837964862e-47,-1.609998621600627943e-47,-1.072539852124398048e-47,-1.210408086251856189e-47,-1.989972955000265650e-47,7.004608896182090670e-47,8.302906283745607503e-46,7.220740188503268461e-46,2.250168796949119068e-44,1.257420217473108000e-44,-6.603911068726420203e-45,-4.355215470858383850e-44,2.500970578940313732e-43,8.195987166539391873e-44,1.703729548041694963e-43,1.508797898452500846e-43,-2.015715509747454983e-43,-6.970748337460246008e-43,2.935674463991045567e-42,-6.828646373200018528e-43,-1.069667311465505605e-41,1.888798635520563903e-41,3.590650497051622714e-41,3.109353487182660999e-41,-9.855111823628443300e-41,5.445810067256023214e-41,-1.426474562126642515e-39,-1.616354723903887481e-39,5.882771560094709085e-39,3.661193242750046478e-39,3.587332853694246608e-39,3.699221305038392143e-39,6.012169386896337404e-39,-1.355942243689491141e-38,5.847749154553709932e-38,-1.491345287897929263e-37,-1.846806678891030321e-37,1.246844658184572355e-36,2.258495715689214706e-36,-4.532708247729733852e-36,3.020782790508675646e-36,5.437088805447060408e-37,-4.806316144519461839e-35,-1.913029128280756504e-35,-2.049283009060470869e-35,1.639315183572189319e-34,1.099793157453275263e-34,-6.807266375028927314e-34,2.291979813536896977e-33,1.408878468827146448e-33,1.308391591937340508e-33,-1.238879762801308358e-32,5.448749202247599938e-32,4.348166477511549598e-32,-1.775763552211693854e-31,6.241193776484573453e-31,-1.814004228109825376e-30,-2.077033637330216177e-30,6.234693951435667972e-30,8.923733046246763509e-30,-3.219396662769672018e-29,-6.788260826677522625e-30,9.852352478723936038e-29,3.486173938029884908e-29,-2.248868357302937801e-28,-4.451524078090359351e-28,-2.162071076996504010e-28,8.319626242049198709e-28,1.040288090213301179e-27,-8.844173654386124465e-27,-2.780265537586185498e-27,2.493113922455524002e-26,-2.487253693808071356e-27,2.592554627498687343e-28,8.980458311121124222e-28,6.799643879347641682e-28,-4.446684537730025961e-28,-4.093706445352363271e-28,1.107752562270399196e-28,5.365067628554786197e-29,-2.663695554700063795e-29,-1.643484138864638874e-29,-2.483247157397888812e-29,-1.270709550613176985e-30,-1.327308644447151152e-30,-1.654132405705921004e-30,-9.223942737538363791e-31,2.995049749527189136e-31,1.459774906847570054e-31,-7.540948718529425542e-32,2.949993284646659218e-32,2.093242538404976098e-32,-7.292986925189156900e-33,-1.142709717761020900e-32,-2.431655816149016051e-32,-5.867888117356950452e-34,-3.449872778239047419e-34,-6.634235406171140774e-34,-4.266629841583693337e-34,7.925868720368009609e-35,1.820314057477944997e-34,-3.496328480872318326e-35,-5.828254146616514965e-35,4.360049153644281530e-36,-1.303272025256230492e-36,-3.233807724199535052e-36,-1.598405320543391077e-36,1.074327180889302247e-36,1.458291768221067897e-36,-3.102307393225554100e-37,-4.971625969934767800e-37,4.415657832966752177e-38,5.522412550523181099e-38,-1.933298866088248225e-38,-6.223503771993430189e-40,3.216735103838204915e-39,-6.881221012511493112e-40,1.940592239175011107e-40,2.030342876299379785e-40,3.392306074630572801e-40,-6.892257164655070790e-41,-6.064198234553006555e-41,-9.474494188039013669e-41,1.983611698221075704e-41,2.063443970799763804e-41,-6.105364744721040736e-42,-6.410426859771515117e-42,1.195125999063460100e-42,1.224034024967977931e-42,1.076269827078824645e-42,7.518549679987753371e-44,1.204992180606773526e-43,-3.642571723399876732e-44,8.857442766449327313e-44,-1.781236722519783103e-44,3.975143425717497363e-45,7.886151983591586014e-45,8.065998923644536426e-45,-3.951512849420348031e-45,1.703530171176523126e-45,1.223400409591918555e-45,-2.277772073633912723e-45,8.648223014290203922e-45,-6.004662254840842840e-48,-1.145161666753848773e-46,-8.924254189088297756e-48,1.976260834541283060e-47,8.139828002124272187e-49,-7.846082344270893711e-49,-3.872316031772021063e-49,1.680272315842261637e-49,-8.545229418298276888e-50,-6.942818053764732876e-50,3.070182663514283588e-50,1.063224628597362828e-50,6.502881543491286880e-51,-6.882992587915699359e-51,4.796698130265351922e-52,1.039200747499140556e-51,-3.201971517036880705e-52,6.110963914234497720e-53,-1.693793233468697577e-53,-3.196025157373128161e-54,6.759533528115599972e-53,-4.477375218830021327e-52,7.588706412330773281e-52,1.373423212426064100e-51,4.655231807561703617e-52,9.996358784462362103e-52,-4.712712871722292488e-52,1.066216224333212454e-52,-3.568230420649853052e-54,6.753931050502831489e-54,5.302720054192727145e-55,-8.921973378114163011e-55,-1.932694885477831412e-55,-2.065054711782493118e-56,-6.074584178279896028e-57,-1.597553826514053135e-57,-1.355654264218516723e-58,1.093904744687980321e-58,1.271848748841769964e-59,-4.497387487045239854e-60,2.491647081798975008e-61,1.226970957217494060e-60,-1.789973071681897377e-61,5.697288106083059806e-61,1.312194902754447439e-62,5.857286508967589748e-62,-6.021465111825407935e-66
-6.623911090603849286e-68,1.427030977389933119e-67,-6.622145414541503611e-67,1.207932915337009659e-66,-1.084608819113124493e-65,1.012887870724864927e-65,-1.531118073327407106e-64,3.744247247254790231e-64,-1.439542769026773706e-63,5.459710893347691764e-63,-2.526103149019301409e-62,5.547513690933496820e-62,-1.917777854613176690e-61,1.100574459802257065e-60,-4.443883126667503680e-60,1.278557349820453635e-59,-6.038904447744517779e-59,1.565836271883869222e-58,-5.958159376098356020e-58,2.863916887703936538e-57,-3.053701248656893827e-57,3.930101603621373365e-56,-1.414056276071384950e-55,3.338634553881954042e-55,-9.742732726983768197e-43,-6.037344875084794188e-43,2.330893046498222957e-43,-7.581585632708651117e-42,5.339721466482094738e-40,-3.393001936918436074e-38,-3.923472169615565082e-37,2.733245297277221966e-36,-1.366276473474765226e-35,3.842911152625092572e-35,4.324705938472615227e-35,2.760717583468391602e-35,3.588243458980976144e-35,-1.308145403628906177e-34,-1.066008789339032369e-34,4.605614943511114299e-34,-1.742109357192164356e-33,9.429438391813063237e-33,9.049469627784976673e-33,5.831165522117924465e-33,5.113801501509813335e-33,4.797368781398410894e-33,-2.069986280917658869e-32,-3.030405395690096248e-31,-4.463538679616156643e-31,-6.193855239106706989e-30,-5.743160757512478720e-30,1.883304381991985356e-29,2.355607510647941550e-29,-7.223925971672916098e-29,-6.516888116956599037e-29,-7.071171686373594414e-29,-7.320202777454339802e-29,2.622800395710078433e-28,2.243223087395759766e-28,-1.169860842167992953e-27,-1.128194616425025253e-27,3.650288603922820014e-27,-1.332670742434262921e-26,-1.308688119409220067e-26,-1.332977842245116598e-26,2.998615449135088461e-26,-1.121237323026320287e-25,7.478521535590627309e-25,8.085738622508553263e-25,-2.942263951356438957e-24,-2.703853922034816590e-24,-2.057743295662248778e-24,-1.576659983845239837e-24,-1.954888974093553387e-24,8.370106202246400729e-24,-3.516408096585352679e-23,1.203483563046098065e-22,1.056331417470060754e-22,-6.161386973684116407e-22,-7.463834696442926764e-22,2.533445202364630191e-21,-7.560867694215669099e-21,-8.420775994757553432e-21,2.793734223561350183e-20,2.563169637279873169e-20,1.794737841892975915e-20,-7.114642792447268568e-20,-6.373769086110153642e-20,3.347948129975498666e-19,-1.325173983426880625e-18,-1.289648830285343476e-18,-1.018429583206590173e-18,6.373426200860459273e-18,-2.104608977386899047e-17,-1.797184305210558549e-17,6.686060205219444769e-17,-3.184762925722819710e-16,9.308888097069372303e-16,8.940985933781271536e-16,-3.579713147530590220e-15,-3.660382193648862047e-15,1.279389116184359782e-14,1.582150591338565625e-14,-5.378222685291187537e-14,-4.577069342266635146e-14,2.090547912075971203e-13,2.454704379641842483e-13,1.772446425876922815e-13,-5.602776555119807856e-13,-6.806671263362447706e-13,3.825754804236473235e-12,2.771897857627756256e-12,-7.039257788600575086e-12,1.937065558901729810e-12,-5.375903709769854307e-13,-4.866336009513896530e-13,-5.603937691571975823e-13,1.535019056294818777e-13,1.808642090173639186e-13,-4.230575938108474832e-14,-3.186591753513487448e-14,1.298394064188395998e-14,1.496522460553596058e-14,1.345543859288828270e-14,7.745965092176719889e-16,8.379155874120679641e-16,9.381585097577687375e-16,7.306959303266675613e-16,-2.162555492033601129e-16,-1.640739207001253991e-16,5.506250617997631182e-17,-1.308601986864317360e-17,-1.311171923814359119e-17,3.600181997240383362e-18,4.817422522059046212e-18,6.277146815963881173e-18,2.297131906734076681e-19,2.674671248952146665e-19,3.077657214288462470e-19,3.110789932102931796e-19,-7.836843274687145391e-20,-7.501601441144637611e-20,2.612011238865465001e-20,2.432587642578009461e-20,-5.422996102455325793e-21,1.231039514944634306e-21,1.886856303662345027e-21,1.606859529053516098e-21,-3.937110936600487795e-22,-9.244239735350540446e-22,2.527626757496486250e-22,1.971880102962146701e-22,-2.589121675340876355e-23,-2.839350431559662355e-23,7.541993481717191338e-24,-1.661217444170045413e-24,-1.603982380511491135e-24,3.654572449261152928e-25,-1.153215461642836909e-25,-1.318061523298249265e-25,-1.876536568819120332e-25,3.797219575950637173e-26,3.902282495344656034e-26,3.439856334368556782e-26,-1.010330880480806319e-26,-1.134794568789614263e-26,3.024793788536150352e-27,2.692317688276025740e-27,-6.479280995571418194e-28,-6.022944254520216432e-28,-5.251304400621362427e-28,-4.218495360278539457e-29,-5.858013181341611804e-29,1.711351202540811892e-29,-5.732749543255976913e-29,1.621599544210737444e-29,-3.429157645318789751e-30,-3.954164107934677800e-30,-4.435897475839578619e-30,1.555718096041871853e-30,-4.250612381212717834e-31,-3.566357483448930808e-31,1.148612248627826006e-30,-3.500178075956426001e-30,-3.499326153612544715e-32,6.302431748247616190e-33,8.358701745834078186e-33,-1.681362876684900092e-33,-1.627546379070532751e-33,3.897273557453940133e-34,3.061209434280337717e-34,-9.272335975008807477e-35,2.460612877852987387e-35,2.972533300088429481e-35,-1.013878003450439856e-35,-9.931874866426183407e-36,-4.939322940486814495e-36,2.674066999033771217e-36,-5.701914565171912074e-37,-5.304828798481611038e-37,1.700127379660587804e-37,-4.561329125290986707e-38,1.072148951695382923e-38,1.014865669644002307e-38,-4.251672087149431907e-38,1.676495027782144693e-37,-5.348770152273724098e-37,-4.599094387357447508e-37,-4.901880108428258910e-37,-4.647107843932658893e-37,1.526647738358063014e-37,-5.528414323335226955e-38,9.456677856213945006e-39,-2.622440506321098973e-39,8.753986638876014610e-40,9.830285204449541541e-40,6.784613651183781875e-41,-7.882282903512551215e-44,-9.295625337471342257e-44,2.662347731554070188e-44,2.265109247032040230e-44,-6.023948629537570326e-45,1.387185671958049928e-45,1.708640488943213562e-45,-3.178960274887188387e-46,-3.314882934783341236e-46,1.303493660286136710e-46,-3.915610119604209866e-46,9.140441578025959206e-47,-3.583068069372895749e-47,4.663564481983353975e-62
-4.485231361051005542e-69,-8.576534476067026970e-67,3.639105360075670167e-66,-8.209142889678593663e-66,4.996902064248826213e-65,-1.441891009514754654e-64,5.030484637990140940e-64,-2.618154606159604607e-63,6.779059198264113169e-63,-3.163874913170821565e-62,1.246376680143977610e-61,-4.110020200388490814e-61,1.286007339221205682e-60,-4.305195036493021396e-60,2.620274801522176040e-59,-7.063532369066054445e-59,3.434607606374763747e-58,-9.746325121881764779e-58,4.829542817021190439e-57,-1.914008471146281509e-56,4.496685192180486036e-56,-2.359212611812083603e-55,1.000676075115505517e-54,-2.586950128710863363e-54,6.128178885271503268e-42,3.797489926407860537e-42,-1.466131726215864982e-42,4.768817362989901909e-41,-3.358684802416659725e-39,2.134198218321705172e-37,2.467863994688214774e-36,-1.719211291987375673e-35,8.593879018156316161e-35,-2.417191115001183133e-34,-2.720240035299280687e-34,-1.736491360001620677e-34,-2.257005135699040044e-34,8.228234588825833907e-34,6.705195284942526420e-34,-2.896931799468495097e-33,1.095786785673874791e-32,-5.931116748450424732e-32,-5.692116395876755952e-32,-3.667803113412179672e-32,-3.216581144449674477e-32,-3.017544963499578458e-32,1.302021370697213149e-31,1.906124993889077332e-30,2.807565829478569345e-30,3.895934945398128855e-29,3.612448116475355952e-29,-1.184598456272960625e-28,-1.481677124197557402e-28,4.543849436182273730e-28,4.099122625565705128e-28,4.447766990728999760e-28,4.604407547018790650e-28,-1.649741448901639928e-27,-1.410987321971937696e-27,7.358424697236691578e-27,7.096344137313429860e-27,-2.296031531867462707e-26,8.382498969911520428e-26,8.231648271084006999e-26,8.384430627721794352e-26,-1.886129117505974367e-25,7.052582761835570567e-25,-4.703990045886512042e-24,-5.085929593557888230e-24,1.850684025403203225e-23,1.700724116959902780e-23,1.294320532971557178e-23,9.917191298386599568e-24,1.229625164704848062e-23,-5.264796801213000627e-23,2.211820692752189368e-22,-7.569911611559965091e-22,-6.644324615886698688e-22,3.875512406447315155e-21,4.694752024062620361e-21,-1.593537032287353750e-20,4.755785779661660717e-20,5.296668100702496816e-20,-1.757258826620095414e-19,-1.612233701849042877e-19,-1.128890102550684061e-19,4.475110316449337797e-19,4.009100755163285514e-19,-2.105859373754594411e-18,8.335344355755103774e-18,8.111891142494822375e-18,6.405922078369443623e-18,-4.008885080341236202e-17,1.323799046776363158e-16,1.130428927977443130e-16,-4.205531869083020277e-16,2.003215880279659268e-15,-5.855290613056647887e-15,-5.623880152348420928e-15,2.251639569796745293e-14,2.302380399805135184e-14,-8.047357540799633909e-14,-9.951727219519590692e-14,3.382902069048163307e-13,2.878976616285720695e-13,-1.314954636695787601e-12,-1.544009054794719562e-12,-1.114868801876585627e-12,3.524146453170365642e-12,4.281396224654987485e-12,-2.406399771864744874e-11,-1.743523752447861744e-11,4.427693149029774383e-11,-1.218414236549189609e-11,3.381443433445251659e-12,3.060925349984249344e-12,3.524876807998776335e-12,-9.655269864094450646e-13,-1.137635874719222295e-12,2.661032265070235567e-13,2.004366212959984825e-13,-8.166898663745027538e-14,-9.413126276882127476e-14,-8.463470874926740781e-14,-4.872212042979177355e-15,-5.270489044821923675e-15,-5.901017026376377226e-15,-4.596077401754749302e-15,1.360247404489137858e-15,1.032024961203790154e-15,-3.463431638720513223e-16,8.231106497376573385e-17,8.247271400792325383e-17,-2.264514476264204363e-17,-3.030158766375144911e-17,-3.948325347241294600e-17,-1.444895969335728939e-18,-1.682368215590898134e-18,-1.935846387787446468e-18,-1.956686867292747499e-18,4.929374419778218961e-19,4.718507306479986497e-19,-1.642955069246380661e-19,-1.530097627181569318e-19,3.411064548444393313e-20,-7.743238549001778401e-21,-1.186832615003616623e-20,-1.010714643774663077e-20,2.476442779121713619e-21,5.814626793535509410e-21,-1.589877230465293598e-21,-1.240312584763192536e-21,1.628557533789413017e-22,1.785951421451029649e-22,-4.743913900000121141e-23,1.044905772382955435e-23,1.008904917341728797e-23,-2.298726070585267250e-24,7.253725253733442171e-25,8.290606981546003460e-25,1.180341501787228370e-24,-2.388451113272953885e-25,-2.454535689571790483e-25,-2.163669634317825182e-25,6.354981238224296539e-26,7.137857837686689319e-26,-1.902595292989241305e-26,-1.693467825925622326e-26,4.075467746214426502e-27,3.788431936093223388e-27,3.303070467990846481e-27,2.653433581615201088e-28,3.684690291063872549e-28,-1.076439906398178608e-28,3.605899462708012790e-28,-1.019986113308557913e-28,2.156940158905518119e-29,2.487169223890917114e-29,2.790179512303104571e-29,-9.785466824103398168e-30,2.673635187782817112e-30,2.243238857089385900e-30,-7.224771043869024167e-30,2.201612009776598082e-29,2.201076150622391262e-31,-3.964229569647632811e-32,-5.257623398129633347e-32,1.057577249434800190e-32,1.023726672435368922e-32,-2.451385067638525011e-33,-1.925500734162336548e-33,5.832299328280524110e-34,-1.547725500169536624e-34,-1.869723445755624686e-34,6.377292641703271150e-35,6.247149290982074141e-35,3.106834129566214537e-35,-1.681988142392245356e-35,3.586504261493135631e-36,3.336737314244940850e-36,-1.069380121806511804e-36,2.869076019808029562e-37,-6.743816906164025298e-38,-6.383505062060772646e-38,2.674301742816992731e-37,-1.054515372474975028e-36,3.364376425780173033e-36,2.892830369647838405e-36,3.083282588201376455e-36,2.923030833833650570e-36,-9.602614274272248472e-37,3.477372609377854503e-37,-5.948250371558608175e-38,1.649515078475966639e-38,-5.506257595852952301e-39,-6.183249393598763257e-39,-4.267521986594615315e-40,4.957955946307185159e-43,5.846948337268575041e-43,-1.674616723147388645e-43,-1.424753716383145038e-43,3.789063687979229989e-44,-8.725397876615745118e-45,-1.074734867545282362e-44,1.999566012904022296e-45,2.085061365978725862e-45,-8.198975123199857277e-46,2.462918765231051117e-45,-5.749337752578351696e-46,2.253749815635550781e-46,-2.236959945725240145e-61
-1.234708346491506379e-66,3.430906800040084115e-66,-1.237764266914820507e-65,4.875029230504768061e-65,-1.630389180754129029e-64,7.505866800558809635e-64,-2.174618059944924567e-63,1.053067998657048229e-62,-3.235164768972916668e-62,1.532118837410136254e-61,-4.151970439561387409e-61,1.799280133233282321e-60,-7.112521175613363213e-60,1.809415856216110068e-59,-8.548891272607974786e-59,3.636887901204692043e-58,-1.379223072200374878e-57,4.247132474224448006e-57,-1.696343494916000045e-56,5.994249592681091751e-56,-2.686875957986982816e-55,7.803047579492851613e-55,-3.403104000485818088e-54,1.275654292655659112e-53,-2.516547863377809178e-41,-1.559446181230163567e-41,6.020696738725991094e-42,-1.958323568933413546e-40,1.379250054792028135e-38,-8.764124003060449098e-37,-1.013432861411712315e-35,7.059972602867086988e-35,-3.529092130985340621e-34,9.926239507230634652e-34,1.117071543907481621e-33,7.130933518098881568e-34,9.268432854547906689e-34,-3.378939577573476938e-33,-2.753500702862726648e-33,1.189630339908926868e-32,-4.499868469627373802e-32,2.435623936605322141e-31,2.337478004856866888e-31,1.506190054363064525e-31,1.320894927839987697e-31,1.239160356235205162e-31,-5.346774563610336821e-31,-7.827537137067557306e-30,-1.152932040944856987e-29,-1.599872808261270394e-28,-1.483458423665481119e-28,4.864575218685318832e-28,6.084534200003659687e-28,-1.865940078483120877e-27,-1.683312200609895493e-27,-1.826483646590306085e-27,-1.890808377416465799e-27,6.774693422119148993e-27,5.794245234743277810e-27,-3.021750555319936301e-26,-2.914126694225848772e-26,9.428695463932702362e-26,-3.442288527707713698e-25,-3.380341412434025945e-25,-3.443081766519147604e-25,7.745423705115963588e-25,-2.896156005377001488e-24,1.931702112643066625e-23,2.088546286193967784e-23,-7.599867786353713781e-23,-6.984054680615960610e-23,-5.315150932695610407e-23,-4.072512738272275256e-23,-5.049478220083659835e-23,2.161998432040258724e-22,-9.082882113479982159e-22,3.108598043348080818e-21,2.728504051325179817e-21,-1.591486255302613286e-20,-1.927908502091222970e-20,6.543888957707862365e-20,-1.952972125415912911e-19,-2.175086439445880711e-19,7.216215499459006197e-19,6.620667173093937588e-19,4.635807845609574329e-19,-1.837712233289136552e-18,-1.646344554942253158e-18,8.647750019726758921e-18,-3.422924399191647732e-17,-3.331162928627054788e-17,-2.630603613422628793e-17,1.646255987682262649e-16,-5.436204988590379864e-16,-4.642127060358889602e-16,1.727009351008182925e-15,-8.226242637142082816e-15,2.404485795473028645e-14,2.309456666695708807e-14,-9.246399060071548956e-14,-9.454767206195047231e-14,3.304662087104215049e-13,4.086694977427529298e-13,-1.389194919610718053e-12,-1.182257011107476320e-12,5.399885256892254263e-12,6.340501412614897226e-12,4.578229118040106235e-12,-1.447197184187451966e-11,-1.758163187326528750e-11,9.881924659342842391e-11,7.159812166252524316e-11,-1.818240286795535827e-10,5.003440338643187565e-11,-1.388595928233561006e-11,-1.256974591257444453e-11,-1.447497105733046476e-11,3.964954222409535680e-12,4.671722518918531840e-12,-1.092757764813424044e-12,-8.230966499325357888e-13,3.353751867798638283e-13,3.865517515609952372e-13,3.475539788543055093e-13,2.000782783309250469e-14,2.164335962285381554e-14,2.423263430704328178e-14,1.887387588033789642e-14,-5.585880835922807720e-15,-4.238029371684252816e-15,1.422264534628794138e-15,-3.380118932070540064e-16,-3.386757079212499946e-16,9.299270098871950866e-17,1.244340237447855779e-16,1.621387022563479537e-16,5.933491715094124285e-18,6.908675836043404683e-18,7.949588584507123416e-18,8.035170394621906434e-18,-2.024256617851694032e-18,-1.937663652247667759e-18,6.746825029989514434e-19,6.283373880779019212e-19,-1.400759893264211581e-19,3.179775067102013058e-20,4.873749832359859977e-20,4.150518163545249446e-20,-1.016955754923910315e-20,-2.387787123641055713e-20,6.528859914613458936e-21,5.093366305951246490e-21,-6.687701287405503265e-22,-7.334042164718632519e-22,1.948096916327559034e-22,-4.290924658291225818e-23,-4.143086488861195043e-23,9.439760636441586409e-24,-2.978755537423455047e-24,-3.404552914679391644e-24,-4.847093957259803286e-24,9.808218164680535515e-25,1.007959568547527456e-24,8.885148911674019096e-25,-2.609684664281934213e-25,-2.931174371183586390e-25,7.813042355788904257e-26,6.954256588816998263e-26,-1.673598281156103904e-26,-1.555726500942577924e-26,-1.356411926680502798e-26,-1.089637351559948226e-27,-1.513124804740541790e-27,4.420420156162950244e-28,-1.480769207023022711e-27,4.188591622696358129e-28,-8.857514197858461088e-29,-1.021360589079531684e-28,-1.145792318009368392e-28,4.018419842076169640e-29,-1.097933178067254933e-29,-9.211901379748645057e-30,2.966865438205679598e-29,-9.040959970195492721e-29,-9.038759454781690374e-31,1.627918120572300244e-31,2.159052660948964817e-31,-4.342960310477080197e-32,-4.203952297139205953e-32,1.006665759890352393e-32,7.907103968746148057e-33,-2.395044382344777917e-33,6.355763063494295768e-34,7.678053514128440512e-34,-2.618846882912493908e-34,-2.565403277997890942e-34,-1.275827115527749164e-34,6.907115058504254413e-35,-1.472804532183906804e-35,-1.370237278647805633e-35,4.391429021663314242e-36,-1.178191313062664515e-36,2.769360742229198754e-37,2.621398024690461479e-37,-1.098206900110701436e-36,4.330386656761308365e-36,-1.381587330332306693e-35,-1.187946080254432332e-35,-1.266155632007023199e-35,-1.200347956087810694e-35,3.943331108178898317e-36,-1.427989419717491369e-36,2.442659890260072520e-37,-6.773763827827397248e-38,2.261154748821651837e-38,2.539162668309324108e-38,1.752465706100781520e-39,-2.035993673976615326e-42,-2.401060024668620458e-42,6.876844190604248130e-43,5.850777185083762548e-43,-1.555985931009591391e-43,3.583100590667484745e-44,4.413418382940327198e-44,-8.211254390033550642e-45,-8.562342620545409482e-45,3.366924124519118917e-45,-1.011402093893771733e-44,2.360976059604115117e-45,-9.255064823190221708e-46,2.747298719951797053e-61
6.230774987374184397e-67,-1.517993432940906626e-65,2.945861701422075044e-65,-1.397465952343481578e-64,5.983706300799304216e-64,-2.092311273407456933e-63,8.824882483329234297e-63,-2.614251625706418945e-62,1.358544607030169069e-61,-4.054555207809361000e-61,1.806841847685442336e-60,-5.314775357353837918e-60,1.855770113553737187e-59,-8.820737654616518444e-59,3.834336257442264252e-58,-1.097038270870516386e-57,3.989784221070972379e-57,-1.944223785791917230e-56,4.956417016139244672e-56,-2.125879913036586164e-55,7.638280627149690085e-55,-3.357611565234226283e-54,9.730231187622599942e-54,-4.364923512863494264e-53,8.530736775746142879e-41,5.286299172610501493e-41,-2.040929951458476855e-41,6.638436380021373929e-40,-4.675460116050590775e-38,2.970912495965781451e-36,3.435392231715409719e-35,-2.393229582295938850e-34,1.196311680174505664e-33,-3.364853005238528050e-33,-3.786712519726623321e-33,-2.417284316084923116e-33,-3.141865972683744165e-33,1.145412115417470441e-32,9.333972959452575084e-33,-4.032676444538334510e-32,1.525390953157459544e-31,-8.256416255871515091e-31,-7.923715606088525854e-31,-5.105768531166452750e-31,-4.477644594721991363e-31,-4.200576104992421345e-31,1.812479987571501250e-30,2.653422964466250922e-29,3.908274467871906162e-29,5.423339647361838374e-28,5.028711559277928183e-28,-1.649021316872181731e-27,-2.062569936323338851e-27,6.325269580796806590e-27,5.706187235207197806e-27,6.191517928588717168e-27,6.409569551939032117e-27,-2.296524026483740860e-26,-1.964166135323727902e-26,1.024330153402294563e-25,9.878472061417504265e-26,-3.196192701594829937e-25,1.166886502075440049e-24,1.145887317354712284e-24,1.167155398669822860e-24,-2.625587687262684028e-24,9.817554000418468361e-24,-6.548193456563153142e-23,-7.079872737868490309e-23,2.576246315807696237e-22,2.367494494133685841e-22,1.801760029681866167e-22,1.380523481854893961e-22,1.711700785716311930e-22,-7.328864990686968294e-22,3.078966929370130731e-21,-1.053770207803162344e-20,-9.249237891367856999e-21,5.394910434157809298e-20,6.535333660205439230e-20,-2.218284619190467345e-19,6.620295753055236412e-19,7.373231461009700440e-19,-2.446193686150320266e-18,-2.244311334402255452e-18,-1.571472454361490037e-18,6.229581229066830802e-18,5.580872211798051888e-18,-2.931463382606545026e-17,1.160322339888577649e-16,1.129216515797846497e-16,8.917369430556878005e-17,-5.580571981473419724e-16,1.842795620599969233e-15,1.573614577642365441e-15,-5.854314315690123404e-15,2.788578417762904713e-14,-8.150862417793943496e-14,-7.828727283618873416e-14,3.134396831977785998e-13,3.205030648758942514e-13,-1.120233110131025350e-12,-1.385331057776048184e-12,4.709171783240962176e-12,4.007681916088669811e-12,-1.830483751813719019e-11,-2.149339154814394206e-11,-1.551954090497833001e-11,4.905791151662903418e-11,5.959921358200162718e-11,-3.349830906589453914e-10,-2.427073764138863516e-10,6.163574119698668025e-10,-1.696094603374354786e-10,4.707141288274490591e-11,4.260963809930371738e-11,4.906807842740423576e-11,-1.344062685691745868e-11,-1.583647014156040541e-11,3.704292291407779604e-12,2.790179739376405887e-12,-1.136873842603359629e-12,-1.310355066460728039e-12,-1.178158203193297505e-12,-6.782367034709934450e-14,-7.336788883380076706e-14,-8.214515911439029927e-14,-6.397973565940298630e-14,1.893533588824618678e-14,1.436631249650297416e-14,-4.821273041118722887e-15,1.145811899698395824e-15,1.148062136491851908e-15,-3.152319356783679620e-16,-4.218135160314899202e-16,-5.496269752057979063e-16,-2.011368697536345147e-17,-2.341942145582495244e-17,-2.694796656830978344e-17,-2.723807664549327123e-17,6.861939971316061628e-18,6.568402221866249277e-18,-2.287077040750600321e-18,-2.129973739841302655e-18,4.748375387309866452e-19,-1.077898199285524342e-19,-1.652131379486749627e-19,-1.406966203639257879e-19,3.447334336087389854e-20,8.094256312272941664e-20,-2.213189988863923113e-20,-1.726578218153655837e-20,2.267034938928468996e-21,2.486135237873638818e-21,-6.603769492591573994e-22,1.454561994115287632e-22,1.404446972375861414e-22,-3.199943636573065394e-23,1.009755458214465071e-23,1.154094669799946754e-23,1.643095419658020801e-23,-3.324845460702374246e-24,-3.416838552923778169e-24,-3.011938206373108477e-24,8.846457189489946076e-25,9.936261244321860370e-25,-2.648509441242252683e-25,-2.357393367854488194e-25,5.673258439722330977e-26,5.273689989257899903e-26,4.598042133184065002e-26,3.693714537459875137e-27,5.129276341582706571e-27,-1.498459112944739674e-27,5.019595500074932270e-27,-1.419872560910922380e-27,3.002570434241127849e-28,3.462266092907602643e-28,3.884071829845137429e-28,-1.362186764894263969e-28,3.721836200989869499e-29,3.122702612507892313e-29,-1.005724884898522309e-28,3.064755923307451243e-28,3.064009980103280755e-30,-5.518409238765562299e-31,-7.318879248652366976e-31,1.472201334825288630e-31,1.425079609514159469e-31,-3.412452726906659383e-32,-2.680394980655864075e-32,8.118857379717681699e-33,-2.154512635848078753e-33,-2.602750157557428639e-33,8.877515798212040673e-34,8.696349633042761367e-34,4.324871166690255825e-34,-2.341413064353972023e-34,4.992596393264509158e-35,4.644908095950501735e-35,-1.488631533630810473e-35,3.993899782104780331e-36,-9.387736221044829586e-37,-8.886163803402860467e-37,3.722764079508041842e-36,-1.467939046326049803e-35,4.683383145330868226e-35,4.026967045570181217e-35,4.292086222939777821e-35,4.069007628147439364e-35,-1.336732759706323124e-35,4.840679581512317842e-36,-8.280267130900931840e-37,2.296208907334745399e-37,-7.664990700999753352e-38,-8.607397725016007166e-38,-5.940607712976538887e-39,6.901726910312941577e-42,8.139249545489502373e-42,-2.331151673748764642e-42,-1.983329656701215879e-42,5.274569420023359788e-43,-1.214619774366405684e-43,-1.496085612118671711e-43,2.783497616691202555e-44,2.902511497696295843e-44,-1.141339048946544379e-44,3.428508220725444790e-44,-8.003370645719551358e-45,3.137334401542903479e-45,-3.274966951827086623e-60
-4.583178109105162194e-66,2.815085142873857967e-65,-1.362843784740873032e-64,5.588265078473647971e-64,-1.738190078576499567e-63,6.175535748306157828e-63,-2.674318887746052895e-62,7.618470816452656717e-62,-3.369441283463225660e-61,1.213251036990815424e-60,-4.195185794352224289e-60,1.709407557576839223e-59,-6.149744117014372670e-59,2.158273570212981192e-58,-9.113370558054048796e-58,3.237851995642198234e-57,-1.402147899123437459e-56,3.930678272466945802e-56,-1.588179526365414876e-55,7.941456615663735374e-55,-2.240335840996315806e-54,7.657408290856504668e-54,-3.778981407164007726e-53,1.118697087765468342e-52,-2.447374461017125601e-40,-1.516581032616323719e-40,5.855203332496056144e-41,-1.904494310939357511e-39,1.341338032380132671e-37,-8.523220865539183097e-36,-9.855762090074389744e-35,6.865912186760401912e-34,-3.432086501368630052e-33,9.653392815394257507e-33,1.086366131744325290e-32,6.934922569672619453e-33,9.013667568960256387e-33,-3.286061253915821883e-32,-2.677814078819656845e-32,1.156930473809997279e-31,-4.376178705266729835e-31,2.368674924023448715e-30,2.273226770499592862e-30,1.464788779156026575e-30,1.284586937179269167e-30,1.205099037887277891e-30,-5.199805537665188882e-30,-7.612378353973558139e-29,-1.121240916319582023e-28,-1.555896436063610924e-27,-1.442681982287140410e-27,4.730860607563880381e-27,5.917286066747650173e-27,-1.814650204084242863e-26,-1.637042294979502230e-26,-1.776278327617053293e-26,-1.838834937696537347e-26,6.588474594023731409e-26,5.634976395538170120e-26,-2.938690435526008702e-25,-2.834024876459673192e-25,9.169524973054166464e-25,-3.347668904994879877e-24,-3.287424555955969022e-24,-3.348440339719740278e-24,7.532522008227373897e-24,-2.816548155442129109e-23,1.878604609740371551e-22,2.031137541974154585e-22,-7.390967045807401273e-22,-6.792081052151486075e-22,-5.169051158703589032e-22,-3.960569879419264590e-22,-4.910681102923022965e-22,2.102570678004307982e-21,-8.833217138622423958e-21,3.023150710371805118e-20,2.653504520684804703e-20,-1.547740407789454951e-19,-1.874915275746475532e-19,6.364014348339965291e-19,-1.899289964786980839e-18,-2.115298929883101782e-18,7.017860369586140943e-18,6.438682128847060406e-18,4.508381458835172216e-18,-1.787198269462760403e-17,-1.601090794430870733e-17,8.410045702498490852e-17,-3.328837046368338514e-16,-3.239597861676791909e-16,-2.558295113014958016e-16,1.601004661656153055e-15,-5.286777751195906725e-15,-4.514526974688936534e-15,1.679538323551122662e-14,-8.000124469415758870e-14,2.338392689983834186e-13,2.245975666565862674e-13,-8.992239426596876346e-13,-9.194880070445966566e-13,3.213825459855123166e-12,3.974362285442486119e-12,-1.351009538545150268e-11,-1.149759818777382664e-11,5.251456355134853782e-11,6.166217401660323213e-11,4.452385421802842766e-11,-1.407417470646100473e-10,-1.709835821356653756e-10,9.610296068242047082e-10,6.963007418360950315e-10,-1.768261556496471318e-09,4.865908683961163552e-10,-1.350427011894194310e-10,-1.222423605589895566e-10,-1.407709148122884598e-10,3.855967869412603456e-11,4.543308930516202852e-11,-1.062720675652853394e-11,-8.004718484825901360e-12,3.261565889241261894e-12,3.759264420910644030e-12,3.380006174533546539e-12,1.945786431154798339e-13,2.104843955579123714e-13,2.356654176511524286e-13,1.835508176980594895e-13,-5.432339395988426173e-14,-4.121536887987163105e-14,1.383170155241008921e-14,-3.287208191003177407e-15,-3.293663872621679480e-15,9.043657177067873857e-16,1.210136537541236333e-15,1.576819280170134601e-15,5.770395349716000606e-17,6.718774177367796628e-17,7.731074922292642062e-17,7.814304309442593846e-17,-1.968615030601414179e-17,-1.884402282015539720e-17,6.561372232030064882e-18,6.110660158155976166e-18,-1.362256620936778211e-18,3.092371261540939116e-19,4.739783034799829251e-19,4.036431136982446605e-19,-9.890022672740460466e-20,-2.322153021520065678e-19,6.349398414831196811e-20,4.953362818640931573e-20,-6.503873648456299130e-21,-7.132448284077892995e-21,1.894548762607367899e-21,-4.172978219755150551e-22,-4.029203739844877706e-22,9.180285992544044800e-23,-2.896877239646808868e-23,-3.310970546525212160e-23,-4.713859860873643222e-23,9.538615574788026274e-24,9.802533628305803076e-24,8.640919111933846816e-24,-2.537951171767794522e-24,-2.850603956799521010e-24,7.598281996802834555e-25,6.763102032949396078e-25,-1.627595386087546224e-25,-1.512963596735483932e-25,-1.319127665436090915e-25,-1.059686034501969546e-26,-1.471532911153015407e-26,4.298914220782548068e-27,-1.440066685265904920e-26,4.073458055057394091e-27,-8.614044005040825134e-28,-9.932860239131945912e-28,-1.114297445930906689e-27,3.907963857257196574e-28,-1.067753830160641348e-28,-8.958689998423765308e-29,2.885313968553101695e-28,-8.792447326802576025e-28,-8.790307297875003819e-30,1.583170855159745385e-30,2.099705878553532030e-30,-4.223583546232464822e-31,-4.088396504225197297e-31,9.789951176324282274e-32,7.689758098912240770e-32,-2.329210796922214703e-32,6.181059549166728273e-33,7.467003649822159386e-33,-2.546861544667511777e-33,-2.494886966446264146e-33,-1.240757922650292476e-33,6.717256301572862376e-34,-1.432320938771186702e-34,-1.332572994178585349e-34,4.270719977707412424e-35,-1.145805876273096290e-35,2.693238166658829829e-36,2.549342562145737507e-36,-1.068020028291939740e-35,4.211355509788777171e-35,-1.343611062251162349e-34,-1.155292510104193925e-34,-1.231352283237181980e-34,-1.167353490395888374e-34,3.834939118755473115e-35,-1.388737678021810411e-35,2.375517477480953501e-36,-6.587570551878607135e-37,2.199001443685630635e-37,2.469367643357728735e-37,1.704294949177375089e-38,-1.980029465361777109e-41,-2.335061084772581274e-41,6.687817501663769612e-42,5.689954428544498343e-42,-1.513215895739859077e-42,3.484610407958586828e-43,4.292104908225375544e-43,-7.985548210516602511e-44,-8.326985932175794339e-44,3.274376074638795743e-44,-9.836012620445808041e-44,2.296078924400133181e-44,-9.000666990264732805e-45,7.762381527688644743e-60
2.730965275283267625e-65,-5.790037060473871661e-65,3.370814098607318589e-64,-8.821158557705174320e-64,4.055478678085479825e-63,-1.141338159369972333e-62,6.621055929372282049e-62,-1.525479438502394438e-61,8.025645169597657941e-61,-2.744128494752852087e-60,1.167622424397280852e-59,-4.047004584871315113e-59,1.773518633005490289e-58,-3.778558677315279727e-58,2.454836659168354660e-57,-7.298284307246513251e-57,1.942003460305299485e-56,-9.973457256758090274e-56,5.023456420155826640e-55,-1.102269014932822921e-54,7.426826304553975573e-54,-1.591637774949532405e-53,7.177706595784880369e-53,-2.803415147663794676e-52,5.598661361557232659e-40,3.469360232457862245e-40,-1.339447689145863669e-40,4.356758183842334465e-39,-3.068470940713599049e-37,1.949788563050186238e-35,2.254623282269597503e-34,-1.570659410080363610e-33,7.851307754822771610e-33,-2.208328893856012236e-32,-2.485192267543294874e-32,-1.586446359340115792e-32,-2.061984103703424208e-32,7.517257561953535284e-32,6.125819507936787927e-32,-2.646616627288667891e-31,1.001103142110479654e-30,-5.418626771855389967e-30,-5.200277721606647768e-30,-3.350879267285070986e-30,-2.938646032842616288e-30,-2.756807970230587820e-30,1.189517616329339761e-29,1.741422460633321162e-28,2.564972502241431880e-28,3.559298913152680811e-27,3.300307329304558092e-27,-1.082240863111696432e-26,-1.353649855993842043e-26,4.151229059621853422e-26,3.744929756409119867e-26,4.063448809574597142e-26,4.206554526064152918e-26,-1.507192247394798103e-25,-1.289068147171977239e-25,6.722605329518386988e-25,6.483170363286415266e-25,-2.097638346244260831e-24,7.658192421398511548e-24,7.520376278185100622e-24,7.659957170461577234e-24,-1.723154367845483548e-23,6.443190276770774089e-23,-4.297532400427164758e-22,-4.646469699424555589e-22,1.690771979646981093e-21,1.553769656297312286e-21,1.182482184852314003e-21,9.060276597166711107e-22,1.123376948962863855e-21,-4.809881529120909495e-21,2.020703912702774082e-20,-6.915818295044416700e-20,-6.070208490491725615e-20,3.540641024427586254e-19,4.289092608310949403e-19,-1.455844285538836049e-18,4.344852620481041991e-18,4.838998925387427007e-18,-1.605419371569535434e-17,-1.472925432062881560e-17,-1.031346100843801410e-17,4.088429480679834534e-17,3.662686405333206878e-17,-1.923898392890425216e-16,7.615112295762595173e-16,7.410967003234745391e-16,5.852405599896663341e-16,-3.662489366324473987e-15,1.209413548855384496e-14,1.032751960989250065e-14,-3.842144496929353294e-14,1.830124015266624077e-13,-5.349352544980932877e-13,-5.137937566847414946e-13,2.057082160228461055e-12,2.103438627580323869e-12,-7.352009556153444272e-12,-9.091828373127090948e-12,3.090595666102589448e-11,2.630212897533532899e-11,-1.201333357674459155e-10,-1.410595871761186199e-10,-1.018536338630175269e-10,3.219635547399606874e-10,3.911453641491243022e-10,-2.198469998254494802e-09,-1.592871103885794293e-09,4.045109488219333575e-09,-1.113134723422882884e-09,3.089263066819260037e-10,2.796439987867171317e-10,3.220302794461843094e-10,-8.820987006998218193e-11,-1.039336177118285675e-10,2.431100462834043517e-11,1.831174951156527533e-11,-7.461221489858641336e-12,-8.599766319571258591e-12,-7.732167787403268432e-12,-4.451218840219358006e-13,-4.815081923063464786e-13,-5.391127876323037682e-13,-4.198944163622205462e-13,1.242712513497110692e-13,9.428507853032727863e-14,-3.164166917632346388e-14,7.519881317515831245e-15,7.534649460199227976e-15,-2.068844584714192017e-15,-2.768331852301237642e-15,-3.607162417793655823e-15,-1.320046850204730308e-16,-1.536999833210355251e-16,-1.768575718190869657e-16,-1.787615434482953770e-16,4.503441987798975033e-17,4.310795268153780970e-17,-1.500992258414042603e-17,-1.397886488807456179e-17,3.116324710275949605e-18,-7.074168572629384743e-19,-1.084281974899569782e-18,-9.233818283706050550e-19,2.262460799717479955e-19,5.312202363919206294e-19,-1.452500716195360490e-19,-1.133140901167200982e-19,1.487838770734637238e-20,1.631632725495763859e-20,-4.334006554268795296e-21,9.546186042923160860e-22,9.217284749609307540e-22,-2.100100057967925260e-22,6.626952650330566964e-23,7.574240543633407533e-23,1.078351739271909512e-22,-2.182072229320039329e-23,-2.242446635949810989e-23,-1.976713442544897138e-23,5.805866404682973094e-24,6.521096989549539156e-24,-1.738197750582303417e-24,-1.547140359567822116e-24,3.723318824105123796e-25,3.461084915860051026e-25,3.017662073817074616e-25,2.424158358784061395e-26,3.366307274657960166e-26,-9.834279685400837950e-27,3.294324525032053378e-26,-9.318521780807046585e-27,1.970565440882445456e-27,2.272260404624668724e-27,2.549088484491221918e-27,-8.939934038904639482e-28,2.442614404863904327e-28,2.049407327863938453e-28,-6.600500286739812729e-28,2.011377331348368722e-27,2.010887774173538412e-29,-3.621692404130471322e-30,-4.803327958243610995e-30,9.661951770869775333e-31,9.352695267328873257e-31,-2.239568249790907029e-31,-1.759124001409202728e-31,5.328347868038807090e-32,-1.413991190258225478e-32,-1.708166260895820536e-32,5.826249946827956164e-33,5.707351891991815541e-33,2.838381927750757379e-33,-1.536652600994760925e-33,3.276605204876035422e-34,3.048419869047465935e-34,-9.769781987219592492e-35,2.621167781848469027e-35,-6.161103950917580927e-36,-5.831925570609271214e-36,2.443223364880426732e-35,-9.633978677150134774e-35,3.073670768004101882e-34,2.642869589694964273e-34,2.816865404308303397e-34,2.670460522515912307e-34,-8.772881228474644492e-35,3.176903290904585272e-35,-5.434279930073374979e-36,1.506985436957416124e-36,-5.030478422030055776e-37,-5.648973392736934424e-37,-3.898778234652780892e-38,4.529553870502269795e-41,5.341731100177644028e-41,-1.529918123937469892e-41,-1.301645028806987482e-41,3.461662079963852914e-42,-7.971462463906591249e-43,-9.818702569712210757e-43,1.826789521963907700e-43,1.904897478473249612e-43,-7.490526318834339406e-44,2.250105355230566857e-43,-5.252554752812638119e-44,2.059010066065137988e-44,-5.485601361594800101e-61
-2.369722366469811484e-65,9.597185708628131397e-65,-4.072785767634039387e-64,1.155248527335299967e-63,-7.700962787208082154e-63,1.446518979602710978e-62,-1.499012399983612873e-61,1.961063596536390740e-61,-7.498383733207019528e-61,4.205096791071179415e-60,-1.700460879897891656e-59,3.020905590439431662e-59,-2.132205552497512448e-58,6.050620995969038457e-58,-2.760565052103612870e-57,7.573988779473635202e-57,-3.772868909092747805e-56,1.433606812331254338e-55,-3.928136914129933196e-55,2.203411226758125613e-54,-6.300107263519988444e-54,3.669888273658982487e-53,-7.010879962842084226e-53,6.483901513668319543e-52,-7.570785320157174058e-40,-4.691439582050489841e-40,1.811267059576110150e-40,-5.891422747620516196e-39,4.149337359959131738e-37,-2.636600015121221913e-35,-3.048812518843179572e-34,2.123922923155202875e-33,-1.061692459243033928e-32,2.986210969370369358e-32,3.360599243608903534e-32,2.145270812585772853e-32,2.788316344670335518e-32,-1.016520548797910641e-31,-8.283634499316823120e-32,3.578885204154177572e-31,-1.353740918193311727e-30,7.327333691126144332e-30,7.032071363662846082e-30,4.531223792272154391e-30,3.973781732778209685e-30,3.727891358961219648e-30,-1.608524239312678194e-29,-2.354837120828897376e-28,-3.468482001769316533e-28,-4.813059090652638713e-27,-4.462837929840203850e-27,1.463459336114506330e-26,1.830471928299190804e-26,-5.613496154807842984e-26,-5.064078249043442055e-26,-5.494795382330309661e-26,-5.688309972276429177e-26,2.038099503494419460e-25,1.743141364522621950e-25,-9.090637646234793457e-25,-8.766861905853893607e-25,2.836529765450312480e-24,-1.035578453823387427e-23,-1.016942276949318297e-23,-1.035817091873409770e-23,2.330134107059395713e-23,-8.712798866040597590e-23,5.811334729661392572e-22,6.283184911392688453e-22,-2.286345048680538797e-21,-2.101083767195585962e-21,-1.599010582760259246e-21,-1.225175173646617757e-21,-1.519085575098869227e-21,6.504158426579588260e-21,-2.732495239613565552e-20,9.351909723362270305e-20,8.208434545734582000e-20,-4.787828975640687797e-19,-5.799922027564893605e-19,1.968664263401477104e-18,-5.875323459144146393e-18,-6.543532402246214961e-18,2.170927053102812295e-17,1.991762230041061210e-17,1.394636934799768653e-17,-5.528575474726978542e-17,-4.952864743743594464e-17,2.601590053360050501e-16,-1.029752947301523070e-15,-1.002147416549827882e-15,-7.913910762223423697e-16,4.952598297902624315e-15,-1.635428498058031395e-14,-1.396538008049965319e-14,5.195536803669842893e-14,-2.474783726691423008e-13,7.233657673589672169e-13,6.947771939563372248e-13,-2.781687695551588182e-12,-2.844373191218708531e-12,9.941749005133757481e-12,1.229441760011453651e-11,-4.179255502059200879e-11,-3.556703273795119767e-11,1.624502066036866422e-10,1.907477132288276308e-10,1.377314944156174371e-10,-4.353749577686930012e-10,-5.289260038621049558e-10,2.972879285728017989e-09,2.153958668226791061e-09,-5.469996049787838010e-09,1.505235533855759537e-09,-4.177453495750861559e-10,-3.781483722912953214e-10,-4.354651861989814463e-10,1.192817258075013731e-10,1.405441509011227187e-10,-3.287453644225933931e-11,-2.476204853902711824e-11,1.008943075458871355e-11,1.162902708422376591e-11,1.045581766737565217e-11,6.019157094177761742e-13,6.511190655102941437e-13,7.290148331774663373e-13,5.678018865789411966e-13,-1.680456996194545015e-13,-1.274969215584459739e-13,4.278742167727400938e-14,-1.016875345932650171e-14,-1.018872366838419017e-14,2.797593424595578172e-15,3.743474519216407148e-15,4.877782476281043550e-15,1.785032290765839300e-16,2.078406787423232169e-16,2.391555091507125909e-16,2.417301532539218195e-16,-6.089775803461107048e-17,-5.829269431870238890e-17,2.029715573385178439e-17,1.890290879418084807e-17,-4.214047581334928159e-18,9.566038758780258896e-19,1.466219427886893623e-18,1.248642334241611573e-18,-3.059410795504123809e-19,-7.183421371148821511e-19,1.964142924447786041e-19,1.532288871608789298e-19,-2.011928780257128699e-20,-2.206374039852057430e-20,5.860656874837965170e-21,-1.290882239341207631e-21,-1.246406588424060339e-21,2.839858613147353549e-22,-8.961291387787928096e-23,-1.024226067909367536e-22,-1.458200271532266713e-22,2.950705415883954704e-23,3.032346658657458399e-23,2.673009161747762885e-23,-7.850978172952164452e-24,-8.818148155693418115e-24,2.350476509257771897e-24,2.092119306028641258e-24,-5.034854883228657498e-25,-4.680249291860005342e-25,-4.080631110590826425e-25,-3.278066189611622386e-26,-4.552086302825095722e-26,1.329839678958385752e-26,-4.454747687577896687e-26,1.260096357819833269e-26,-2.664695531447865785e-27,-3.072662303352791407e-27,-3.447002851550649089e-27,1.208901860891251491e-27,-3.303023363068973412e-28,-2.771309409663651415e-28,8.925521200412204804e-28,-2.719883377483451167e-27,-2.719221374187790526e-29,4.897430638610708959e-30,6.495296365635258880e-30,-1.306536650585543768e-30,-1.264717464784336788e-30,3.028454363290698944e-31,2.378774015096208843e-31,-7.205254116100050312e-32,1.912068448993217084e-32,2.309866451499704787e-32,-7.878541801412290534e-33,-7.717762002453754372e-33,-3.838199677364078468e-33,2.077937242939163743e-33,-4.430786751158112787e-34,-4.122223314436094625e-34,1.321117982912847580e-34,-3.544472023389847019e-35,8.331347858939320221e-36,7.886216659102589584e-36,-3.303846828761204036e-35,1.302753991238668317e-34,-4.156368822227319324e-34,-3.573818275583834056e-34,-3.809103975856330672e-34,-3.611128092284739210e-34,1.186312158045898049e-34,-4.295964918234089201e-35,7.348500661728132131e-36,-2.037819844246928122e-36,6.802460397471339311e-37,7.638819723821570084e-37,5.272119729925368048e-38,-6.125085575832496848e-41,-7.223351580988205744e-41,2.068830551758820557e-41,1.760148442591073164e-41,-4.681029761555032027e-42,1.077940370108391304e-42,1.327733264743099801e-42,-2.470274660806561678e-43,-2.575896082132098507e-43,1.012905818598538304e-43,-3.042703155640833774e-43,7.102762937036606664e-44,-2.784294704667585521e-44,6.564560478460452926e-59
-2.047223811989630041e-64,3.805747060514706174e-64,-3.300373974478998560e-64,3.750262936485027212e-63,-1.467101434849220737e-62,5.614922712894103708e-62,-5.435051222074336374e-62,4.529566629037731936e-61,-1.446325375501292463e-60,9.066154005818081684e-60,-8.681626480754212574e-60,8.042288636237693944e-59,-3.329235678579091279e-58,-5.807843127330609709e-58,-5.150089545758862014e-57,9.073643971161864930e-57,-6.937869220606745236e-56,2.378537601593646615e-55,-1.412217336456270877e-54,4.758485138865860308e-54,-1.501160143180778257e-53,4.223731165236816527e-53,-9.129472228487889470e-53,1.371505401048173546e-51,-1.157829604851255388e-39,-7.174800774022957319e-40,2.770041065851026345e-40,-9.009981637956745561e-39,6.345742789839757354e-37,-4.032254811840611535e-35,-4.662667404611849743e-34,3.248197822101939159e-33,-1.623687515332345442e-32,4.566928423483528440e-32,5.139494952967364567e-32,3.280845978585812622e-32,4.264280487464557758e-32,-1.554604358157285431e-31,-1.266848398613156318e-31,5.473328150918503927e-31,-2.070328567118379401e-30,1.120597601629203160e-29,1.075441987055851062e-29,6.929776543703395090e-30,6.077258750399309201e-30,5.701209051043245363e-30,-2.459978596196775495e-29,-3.601343873589443610e-28,-5.304484245318111899e-28,-7.360798212338615238e-27,-6.825191388097079118e-27,2.238125205240567754e-26,2.799411817679069655e-26,-8.584937704489394659e-26,-7.744691561151693826e-26,-8.403404002658738820e-26,-8.699353381402754476e-26,3.116944732929861349e-25,2.665853794471437995e-25,-1.390266524368596971e-24,-1.340750242808234167e-24,4.338015144530630037e-24,-1.583750352544701902e-23,-1.555249323399661203e-23,-1.584115310983581734e-23,3.563564595137011882e-23,-1.332482172142233182e-22,8.887499921301089691e-22,9.609118731451343442e-22,-3.496596287338535232e-21,-3.213269013792609858e-21,-2.445428991709358686e-21,-1.873707980334984868e-21,-2.323196573109380783e-21,9.947062111103714047e-21,-4.178911103342375770e-20,1.430223877935868253e-19,1.255347777626155582e-19,-7.322212817482819909e-19,-8.870046032701819823e-19,3.010754723307498762e-18,-8.985360370698291269e-18,-1.000727826142325376e-17,3.320083063727760969e-17,3.046079340842220352e-17,2.132872433765105827e-17,-8.455065210020375904e-17,-7.574608427830318121e-17,3.978712717490027045e-16,-1.574841179151127243e-15,-1.532622968740547772e-15,-1.210305111447998004e-15,7.574200941856650920e-15,-2.501124324089858430e-14,-2.135779818926592115e-14,7.945736234750210645e-14,-3.784782876805463453e-13,1.106271364418428608e-12,1.062549748699220731e-12,-4.254143036902540552e-12,-4.350010400206327631e-12,1.520430290303892809e-11,1.880233036582068721e-11,-6.391497766609041886e-11,-5.439404463247537677e-11,2.484414107204142881e-10,2.917178867114320238e-10,2.106381240666903369e-10,-6.658358334026301793e-10,-8.089070818284236743e-10,4.546539761870657027e-09,3.294132653664381260e-09,-8.365477420165615238e-09,2.302015167084027112e-09,-6.388741888369642468e-10,-5.783169934826417820e-10,-6.659738232456498091e-10,1.824221763230976433e-10,2.149396288769343647e-10,-5.027630546767954253e-11,-3.786956261847977744e-11,1.543015833861717851e-11,1.778472280530112082e-11,1.599048807525051875e-11,9.205330735426471802e-13,9.957816771324677634e-13,1.114910700191175195e-12,8.683614792533209982e-13,-2.569988155251066707e-13,-1.949859942731001991e-13,6.543646588597147081e-14,-1.555146963196195655e-14,-1.558201084834079279e-14,4.278468286127166069e-15,5.725040983290087444e-15,7.459782199914274780e-15,2.729919215069117564e-16,3.178588227825576670e-16,3.657498092317819200e-16,3.696873124610920379e-16,-9.313330670449233056e-17,-8.914928157994490483e-17,3.104122862971879897e-17,2.890895263065202606e-17,-6.444706644811566902e-18,1.462971463025276711e-18,2.242346320793363859e-18,1.909597220525645964e-18,-4.678875760759188275e-19,-1.098588531562312977e-18,3.003840064031390141e-19,2.343388887293909685e-19,-3.076920829380694469e-20,-3.374293517366957546e-20,8.962930193651085285e-21,-1.974196348043175580e-21,-1.906178007607798785e-21,4.343106080610166204e-22,-1.370485098667893120e-22,-1.566388707826062518e-22,-2.230082313506557142e-22,4.512628401458382753e-23,4.637485525075948855e-23,4.087936733951410299e-23,-1.200680586133004512e-23,-1.348593648198152113e-23,3.594675020942359116e-24,3.199559315139546522e-24,-7.699999132740440787e-25,-7.157687028552753138e-25,-6.240667654046486410e-25,-5.013273947806246615e-26,-6.961682391416988980e-26,2.033775473603538962e-26,-6.812818666370590544e-26,1.927114303671857547e-26,-4.075222376222436435e-27,-4.699141806416644150e-27,-5.271635346612738079e-27,1.848820571063160623e-27,-5.051441922541145031e-28,-4.238271121189019168e-28,1.365014624976808977e-27,-4.159623292726909871e-27,-4.158610865374023648e-29,7.489830897723186418e-30,9.933509017088560936e-30,-1.998137247195332488e-30,-1.934181542042035006e-30,4.631532886590100434e-31,3.637951495730221118e-31,-1.101927498048710249e-31,2.924200546083439458e-32,3.532568482269441878e-32,-1.204895998893861244e-32,-1.180307319751054007e-32,-5.869907846884402336e-33,3.177870135208423649e-33,-6.776174275632215154e-34,-6.304276226878269381e-34,2.020437045079920417e-34,-5.420698736926256497e-35,1.274145388024650221e-35,1.206069744690508471e-35,-5.052701280608735705e-35,1.992352279333084450e-34,-6.356496278195965224e-34,-5.465579100250242433e-34,-5.825410660456543582e-34,-5.522638452089091174e-34,1.814273261090532734e-34,-6.569986009899387959e-35,1.123834748658428518e-35,-3.116517039180412818e-36,1.040326690159582866e-36,1.168234370458528814e-36,8.062857478445713155e-38,-9.367331276822123959e-41,-1.104695213647049895e-40,3.163942918671572070e-41,2.691863379537068378e-41,-7.158880631171481016e-42,1.648536076507208754e-42,2.030554052528419919e-42,-3.777886987210043804e-43,-3.939417929306302356e-43,1.549076210862926539e-43,-4.653324118171432516e-43,1.086253123946477755e-43,-4.258130037203003533e-44,7.807501354547536714e-59
-4.063665776669303739e-64,-1.941599046553248135e-63,4.906287459338554437e-63,-2.497614681954449289e-62,8.162854043280957947e-62,-3.671713791703855453e-61,1.309269285275468192e-60,-5.181056525824544724e-60,1.536999688741296472e-59,-6.936726310733570623e-59,2.670774677642187736e-58,-5.409286834989596413e-58,3.848174857368873548e-57,-1.309936964373083959e-56,5.810785518434918717e-56,-1.110018011366591588e-55,9.313740197340389808e-55,-2.064734466649848059e-54,8.061660599515188132e-54,-1.549997287841421965e-53,1.400722498917222189e-52,-6.178724367300580099e-52,1.350011705041531880e-51,-6.212935103010111483e-51,1.345516855682361559e-38,8.337855015240862782e-39,-3.219072072083043295e-39,1.047052356608317901e-37,-7.374404532212772648e-36,4.685894014974698243e-34,5.418498161607029487e-33,-3.774739306987051529e-32,1.886891569437420311e-31,-5.307239637629037754e-31,-5.972620720641153530e-31,-3.812679816257078337e-31,-4.955531668214157429e-31,1.806609849197022857e-30,1.472207885154040100e-30,-6.360569165686221581e-30,2.405934320719051542e-29,-1.302249445955213873e-28,-1.249773986455368495e-28,-8.053111707102555971e-29,-7.062398517655130867e-29,-6.625390164320981748e-29,2.858747653307075032e-28,4.185131270366503763e-27,6.164355215021624699e-27,8.554003131784207384e-26,7.931573020293430098e-26,-2.600931239068759902e-25,-3.253203900555308488e-25,9.976578883425644947e-25,9.000126610962523703e-25,9.765618086893975089e-25,1.010954164512741530e-24,-3.622209743827414419e-24,-3.097995767437627191e-24,1.615632416539966590e-23,1.558089414365057133e-23,-5.041218908818953034e-23,1.840480486603029934e-22,1.807359365016372678e-22,1.840904605773145885e-22,-4.141227870643181222e-22,1.548481067507761060e-21,-1.032818723832232400e-20,-1.116678237215337709e-20,4.063403822474306104e-20,3.734148446179783336e-20,2.841839519330034463e-20,2.177441015156196123e-20,2.699792901375329594e-20,-1.155950727025840173e-19,4.856323680428879847e-19,-1.662066963132937587e-18,-1.458842982992303994e-18,8.509162942049879337e-18,1.030790402807354435e-17,-3.498806051908332599e-17,1.044191112620423719e-16,1.162948461830658695e-16,-3.858277337001996684e-16,-3.539856883666579207e-16,-2.478616714086822241e-16,9.825653713033342495e-16,8.802472550475465762e-16,-4.623672605075566539e-15,1.830127112565085982e-14,1.781065218236141214e-14,1.406498781122180690e-14,-8.801999009944354252e-14,2.906563212856921692e-13,2.481995394096699135e-13,-9.233761159550920464e-13,4.398306222693094557e-12,-1.285600887683068683e-11,-1.234791882056217549e-11,4.943750910019975052e-11,5.055158627264781636e-11,-1.766896074276023568e-10,-2.185023800332822313e-10,7.427576512112449166e-10,6.321146358239538542e-10,-2.887144225479481986e-09,-3.390061301156433834e-09,-2.447831228302574628e-09,7.737695885526361121e-09,9.400330659362513396e-09,-5.283545919874773832e-08,-3.828120296617291107e-08,9.721543504754214980e-08,-2.675177933236041172e-08,7.424373898698645626e-09,6.720637124819146038e-09,7.739299469153176184e-09,-2.119932950965779117e-09,-2.497819129827344675e-09,5.842622797404921726e-10,4.400831919217286821e-10,-1.793142794367172364e-10,-2.066767355739342399e-10,-1.858258861724639100e-10,-1.069753927066703374e-11,-1.157200528943480594e-11,-1.295640682705936540e-11,-1.009125178924543032e-11,2.986590053754698542e-12,2.265937412698392946e-12,-7.604389061816907684e-13,1.807240411952345767e-13,1.810789614810741895e-13,-4.972019346682179301e-14,-6.653085316014576824e-14,-8.669032686364215391e-14,-3.172446362688731000e-15,-3.693845812794525385e-15,-4.250388236935704079e-15,-4.296146066430985916e-15,1.082304628169574891e-15,1.036006166495468020e-15,-3.607309414731024114e-16,-3.359517055156884857e-16,7.489410690642232198e-17,-1.700123018649244888e-17,-2.605836608651874308e-17,-2.219147996400931655e-17,5.437333935288981812e-18,1.276672647237343646e-17,-3.490770508018000439e-18,-2.723258443262199579e-18,3.575697859323935826e-19,3.921275449004038542e-19,-1.041584495794725627e-19,2.294218813879552422e-20,2.215174519997461202e-20,-5.047135099143954268e-21,1.592644369250298294e-21,1.820304473212639210e-21,2.591584573245751668e-21,-5.244137437968036127e-22,-5.389234232587418728e-22,-4.750602124391917796e-22,1.395314094718418825e-22,1.567204256578335534e-22,-4.177381379011890412e-23,-3.718216369001316190e-23,8.948189421330599258e-24,8.317967086224299594e-24,7.252296438130138844e-24,5.825938955661465220e-25,8.090189577381221075e-25,-2.363455873764991150e-25,7.917194647548511929e-25,-2.239504645200436189e-25,4.735826735542007225e-26,5.460885160716165300e-26,6.126181422683338941e-26,-2.148519290811643968e-26,5.870294060365921505e-27,4.925306114658883902e-27,-1.586287117259961949e-26,4.833909264539382263e-26,4.832732720026272737e-28,-8.703952357811528925e-29,-1.154375718374507412e-28,2.322040596302732922e-29,2.247717501660774393e-29,-5.382316655609886510e-30,-4.227673085181420922e-30,1.280552869049929106e-30,-3.398221212915947411e-31,-4.105207205642796660e-31,1.400212837071883954e-31,1.371638267802832940e-31,6.821435482549516907e-32,-3.693011315458932585e-32,7.874610103848770808e-33,7.326216129380374894e-33,-2.347955250588991133e-33,6.299408384052690002e-34,-1.480687735909077950e-34,-1.401576850176281272e-34,5.871757563717423183e-34,-2.315317869801778785e-33,7.386901189563794406e-33,6.351563973345385275e-33,6.769725184144485622e-33,6.417872797503727437e-33,-2.108371770233615297e-33,7.634998173194365244e-34,-1.306011343106476818e-34,3.621712719786380257e-35,-1.208966406766408796e-35,-1.357608261398767924e-35,-9.369868067588550552e-37,1.088580052961682460e-39,1.283769238689596460e-39,-3.676826460170126782e-40,-3.128221575249393738e-40,8.319354174994316891e-41,-1.915768148305332845e-41,-2.359712251786720972e-41,4.390292491098724298e-42,4.578008027472771932e-42,-1.800185574559309077e-42,5.407640303645666102e-42,-1.262337637319419090e-42,4.948384213647210389e-43,-3.453980730744468116e-58
-3.717286808154903505e-63,8.077168407705443493e-63,-3.406083384422450915e-62,1.330278976550216262e-61,-5.563915250058101648e-61,1.304937831263918407e-60,-5.557918246242402996e-60,2.224912590025118343e-59,-9.868497278552214006e-59,2.729225207960591272e-58,-1.157292713734248527e-57,5.192621587485471650e-57,-2.040973959177386421e-56,6.975535075285369242e-56,-2.713563987087005237e-55,7.250902794913890164e-55,-3.893282459931569886e-54,1.427707541928502007e-53,-3.869621677591179041e-53,2.370822978107403231e-52,-5.233349499615367667e-52,2.555770141004848424e-51,-1.137022355786547817e-50,2.591044014089423839e-50,-6.590472852195948437e-38,-4.083962745725094483e-38,1.576732912046171788e-38,-5.128564612130279950e-37,3.612055297964694406e-35,-2.295196612628736825e-33,-2.654033272266094523e-32,1.848904145775892048e-31,-9.242179026522079598e-31,2.599537761581406804e-30,2.925447908707274086e-30,1.867487777432880621e-30,2.427267766260156851e-30,-8.848951327041645252e-30,-7.211017876828984690e-30,3.115468842620102122e-29,-1.178450106953892165e-28,6.378544857400425624e-28,6.121514936311125262e-28,3.944492694925422326e-28,3.459231707536526852e-28,3.245180751826123887e-28,-1.400242495724928866e-27,-2.049918133968630531e-26,-3.019361334964851833e-26,-4.189834202341120661e-25,-3.884961860174105856e-25,1.273961500305735732e-24,1.593451014658808336e-24,-4.886625686728302132e-24,-4.408349835633726539e-24,-4.783295030070330252e-24,-4.951752144836053562e-24,1.774193677384808124e-23,1.517428556565282835e-23,-7.913525226659884683e-23,-7.631673987066600697e-23,2.469238212828756558e-22,-9.014853014090937633e-22,-8.852622528661195599e-22,-9.016930391170918508e-22,2.028413820382834170e-21,-7.584611366594685774e-21,5.058846889886508881e-20,5.469598969294419164e-20,-1.990294842196932864e-19,-1.829022346074317438e-19,-1.391960726716508925e-19,-1.066531856293451220e-19,-1.322384907177452260e-19,5.661959456523780415e-19,-2.378674725789582164e-18,8.140966166870116649e-18,7.145555281918155615e-18,-4.167871039866901889e-17,-5.048911975586810946e-17,1.713749344932254115e-16,-5.114549959867903919e-16,-5.696235044423898577e-16,1.889821888025982145e-15,1.733856442893928723e-15,1.214050652446889108e-15,-4.812701065570018360e-15,-4.311536948135106395e-15,2.264719958915024313e-14,-8.964141177789825228e-14,-8.723831231997017805e-14,-6.889168273507121638e-14,4.311305003362233094e-13,-1.423663023367905144e-12,-1.215705562884262896e-12,4.522786317295389617e-12,-2.154333305740269840e-11,6.296998594447693125e-11,6.048131127037824710e-11,-2.421497435942167209e-10,-2.476066022944743092e-10,8.654429382281302498e-10,1.070245978464390252e-09,-3.638099452561598352e-09,-3.096159166852194383e-09,1.414151413863517364e-08,1.660485104902646976e-08,1.198971621110638768e-08,-3.789998947747688127e-08,-4.604373683657721932e-08,2.587932347426413595e-07,1.875050675378686631e-07,-4.761706869666590483e-07,1.310328255594490158e-07,-3.636530781261003482e-08,-3.291833642480496154e-08,-3.790784398655574179e-08,1.038363845299844065e-08,1.223456183050244488e-08,-2.861773657410283516e-09,-2.155570416543107625e-09,8.782988378394528979e-10,1.012322817977812261e-09,9.101933230217795349e-10,5.239759119398306901e-11,5.668081108269750580e-11,6.346174490134470058e-11,4.942793594956006593e-11,-1.462860950926867904e-11,-1.109878255341230819e-11,3.724703964711265760e-12,-8.852039884946360010e-13,-8.869424226871496339e-13,2.435343592057536319e-13,3.258746107369859365e-13,4.246176800611699415e-13,1.553895184594520156e-14,1.809281722976519488e-14,2.081881632959735278e-14,2.104294264343029995e-14,-5.301233678074572450e-15,-5.074459295075842817e-15,1.766895350798714592e-15,1.645524235166920198e-15,-3.668386436572059059e-16,8.327368440229054193e-17,1.276364198193240738e-16,1.086960342676193368e-16,-2.663259218011539545e-17,-6.253267201543207130e-17,1.709813457125407009e-17,1.333878558566097473e-17,-1.751411702500567357e-18,-1.920678978008599796e-18,5.101782496306754071e-19,-1.123730761604487309e-19,-1.085014095161320654e-19,2.472136020579046560e-20,-7.800927527903608560e-21,-8.916028931766410298e-21,-1.269383412182575353e-20,2.568629688447768350e-21,2.639699514280237117e-21,2.326891276031133096e-21,-6.834384588120295010e-22,-7.676319373636808882e-22,2.046122161561126210e-22,1.821218659210017619e-22,-4.382910493358438517e-23,-4.074221444029452186e-23,-3.552245561974258256e-23,-2.853601748926472111e-24,-3.962653797586966203e-24,1.157643749138902358e-24,-3.877919192902128102e-24,1.096931227894632595e-24,-2.319654146396920715e-25,-2.674794838034307354e-25,-3.000663438984697210e-25,1.052365713496607548e-25,-2.875327312019687746e-26,-2.412462995193378403e-26,7.769789087325952977e-26,-2.367695926171147730e-25,-2.367119643188103635e-27,4.263280796426295483e-28,5.654244910463078903e-28,-1.137358142115217420e-28,-1.100953965128450563e-28,2.636311217576196610e-29,2.070755529980203095e-29,-6.272272906606182107e-30,1.664481909305377633e-30,2.010770547182600849e-30,-6.858379106177863241e-31,-6.718418077644000403e-31,-3.341205661668711669e-31,1.808872978038671395e-31,-3.857060867865819642e-32,-3.588452148043409898e-32,1.150051392655061281e-32,-3.085511694980314398e-33,7.252553013275435383e-34,6.865060175461108843e-34,-2.876044150241856074e-33,1.134065285075909831e-32,-3.618176282674926973e-32,-3.111058011540545011e-32,-3.315877452930323659e-32,-3.143536720642643061e-32,1.032701066165349361e-32,-3.739696606142037103e-33,6.396970996726337317e-34,-1.773950230159646627e-34,5.921635429065844543e-35,6.649697737254610873e-35,4.589452808958461534e-36,-5.331971321048870028e-39,-6.288026998948898397e-39,1.800945477989457233e-39,1.532233452169386493e-39,-4.074900853644055305e-40,9.383619327540745126e-41,1.155810086564374103e-40,-2.150408101808804625e-41,-2.242353003218591618e-41,8.817484602997192672e-42,-2.648714987487632947e-41,6.183052924181230969e-42,-2.423766873269716087e-42,2.426480331720401938e-57
9.558451361266871080e-63,-3.315877061832367246e-62,1.361425323301933018e-61,-4.992570319878769320e-61,1.890055979736288908e-60,-6.497006127401111765e-60,2.417575622084142519e-59,-1.066970092422965902e-58,3.266914943584391129e-58,-1.461435609861627742e-57,4.543282149519444412e-57,-1.738875705044744042e-56,7.393306075461205626e-56,-2.107963889359848126e-55,9.910108890189644878e-55,-3.488156673127433080e-54,1.039227716921634807e-53,-5.724903387848362791e-53,1.817358881005264988e-52,-4.948163587812618637e-52,2.465720724547569979e-51,-1.045387720288397194e-50,2.673767961124077284e-50,-1.159228107510547631e-49,2.504146501269599365e-37,1.551761345560780751e-37,-5.991027189845627809e-38,1.948673094939090429e-36,-1.372453212332819544e-34,8.720935046905636236e-33,1.008438739078207874e-31,-7.025181579018915238e-31,3.511701025467220697e-30,-9.877323731654046853e-30,-1.111566697796830003e-29,-7.095792804098494878e-30,-9.222758701599095922e-30,3.362288412754914633e-29,2.739931654651358564e-29,-1.183767929407579671e-28,4.477693449971228725e-28,-2.423621361633686265e-27,-2.325959085792151486e-27,-1.498767660956050317e-27,-1.314385655138739663e-27,-1.233053865469509459e-27,5.320426053238247434e-27,7.788963611853368832e-26,1.147250476951884027e-25,1.591988753158330019e-24,1.476148050056586264e-24,-4.840602951090995723e-24,-6.054550064601859846e-24,1.856744863512543105e-23,1.675016962340620532e-23,1.817482870003580551e-23,1.881490613304420616e-23,-6.741308233015542022e-23,-5.765691621934319150e-23,3.006859591636783635e-22,2.899766092985805882e-22,-9.382231548674794902e-22,3.425325183939052452e-21,3.363683339476749100e-21,3.426114513728175230e-21,-7.707254828833162928e-21,2.881883962365079389e-20,-1.922182827222435944e-19,-2.078254084263683493e-19,7.562416198894205420e-19,6.949637774684689785e-19,5.288958261242333998e-19,4.052443696114569043e-19,5.024594764147237611e-19,-2.151344263357184507e-18,9.038122340886558467e-18,-3.093279101654655677e-17,-2.715058184767436783e-17,1.583643528513591441e-16,1.918407911303361686e-16,-6.511641155967818172e-16,1.943348022942405300e-15,2.164367774028415747e-15,-7.180654522149650319e-15,-6.588041013975925497e-15,-4.612962926743086961e-15,1.828656123056008105e-14,1.638231490502028719e-14,-8.605134545971641786e-14,3.406056480418931595e-13,3.314747203607818708e-13,2.617640192996248986e-13,-1.638143359694955870e-12,5.409415771685376791e-12,4.619251000868577512e-12,-1.718498776407290876e-11,8.185704320654373673e-11,-2.392636666962401892e-10,-2.298075834717028590e-10,9.200833488035483058e-10,9.408174811315770881e-10,-3.288376956275816858e-09,-4.066556046242140034e-09,1.382349069591654186e-08,1.176430935826193009e-08,-5.373275020944080944e-08,-6.309255889683822577e-08,-4.555667942892850709e-08,1.440065503290046524e-07,1.749499088919912578e-07,-9.833227264065504388e-07,-7.124529140405740821e-07,1.809280132877387129e-06,-4.978783753988182008e-07,1.381753029999786046e-07,1.250780313256533144e-07,1.440363946844403210e-07,-3.945415220678466376e-08,-4.648700615193056587e-08,1.087372735211402573e-08,8.190404903993503172e-09,-3.337224826154593245e-09,-3.846468530629966818e-09,-3.458412585015473333e-09,-1.990923073442838944e-10,-2.153670274425808652e-10,-2.411321767393369665e-10,-1.878086681319313808e-10,5.558354027490617257e-11,4.217144675774863837e-11,-1.415255719987985083e-11,3.363461955480074591e-12,3.370067390322915100e-12,-9.253443982259392058e-13,-1.238208220609900677e-12,-1.613396947000549221e-12,-5.904251905908593520e-14,-6.874630391494030311e-14,-7.910413598769306179e-14,-7.995573668041145570e-14,2.014281230661395656e-14,1.928114988799923788e-14,-6.713577174265194447e-15,-6.252409878107907838e-15,1.393857051908662047e-15,-3.164105370289528617e-16,-4.849732352946580657e-16,-4.130064716409841897e-16,1.011944272031225670e-16,2.376020284952587537e-16,-6.496686174888397789e-17,-5.068266572767317344e-17,6.654744789120354764e-18,7.297900546300372019e-18,-1.938496838524570417e-18,4.269779298313952269e-19,4.122669664470054335e-19,-9.393242192830342175e-20,2.964076450014772782e-20,3.387775529226242345e-20,4.823207836031391749e-20,-9.759883989568150902e-21,-1.002992418197243379e-20,-8.841363553703218091e-21,2.596824330892770479e-21,2.916729760249886638e-21,-7.774540259786911083e-22,-6.919986525682539312e-22,1.665350912364855397e-22,1.548059995583400893e-22,1.349727628830690543e-22,1.084267699124103073e-23,1.505668237395563739e-23,-4.398636651930995362e-24,1.473472085675236199e-23,-4.167950552364686810e-24,8.813865021717458949e-25,1.016327399489275383e-24,1.140145938043995466e-24,-3.998617365717997835e-25,1.092522644410745641e-25,9.166505809734726690e-26,-2.952244944328269228e-25,8.996406786829643068e-25,8.994217115393232621e-27,-1.619895860240546468e-27,-2.148413008808396428e-27,4.321558522646893346e-28,4.183235530537744967e-28,-1.001704985333627198e-28,-7.868138344058754162e-29,2.383241780421117343e-29,-6.324442332274245109e-30,-7.640216633173823044e-30,2.605941398786237393e-30,2.552761160011661476e-30,1.269539933678851407e-30,-6.873077305351377764e-31,1.465546660165808472e-31,1.363484850484030217e-31,-4.369788383602170041e-32,1.172385273241231745e-32,-2.755713536914560328e-33,-2.608479968725838565e-33,1.092795017572169945e-32,-4.309046830968499715e-32,1.374778969951644842e-31,1.182091969660337122e-31,1.259916110515004399e-31,1.194432729965065543e-31,-3.923898663558623767e-32,1.420952393265554109e-32,-2.430622642628195273e-33,6.740383219695838611e-34,-2.250011945128804520e-34,-2.526649862110661931e-34,-1.743829684461081992e-35,2.025960447439724765e-38,2.389227778103584880e-38,-6.842955610053897435e-39,-5.821944986996482027e-39,1.548318147198178187e-39,-3.565443335446780381e-40,-4.391669382929974081e-40,8.170789934521320022e-41,8.520148028149035225e-41,-3.350332170966280093e-41,1.006417979032693146e-40,-2.349341343860137213e-41,9.209456546913162354e-42,-1.122226424979556995e-56
-1.348880664366080723e-62,1.285835057476942801e-61,-3.160994502856136319e-61,1.422656405858672317e-60,-4.995311179654412314e-60,2.028936443691410615e-59,-7.981816804374542418e-59,2.538664469735743132e-58,-1.389927735134415138e-57,3.707774170209345685e-57,-1.346108259459212156e-56,5.595134168379259362e-56,-2.116187576694842102e-55,7.459171154824356015e-55,-2.578329727866552035e-54,1.047482694856481721e-53,-4.772230756894081772e-53,1.331059459342091416e-52,-6.452239660806594427e-52,2.278132002220467103e-51,-8.227172838378862375e-51,2.532679187970578166e-50,-1.296634616498311946e-49,3.911760648712495540e-49,-8.036607617738199515e-37,-4.980098825811673575e-37,1.922712378318764943e-37,-6.253915668022349151e-36,4.404641635635411354e-34,-2.798827185079723258e-32,-3.236402681867310771e-31,2.254605621728142815e-30,-1.127017257104484728e-29,3.169949326224526801e-29,3.567373309272531767e-29,2.277267023889897341e-29,2.959878457600139497e-29,-1.079065967477421094e-28,-8.793317642033872368e-29,3.799090170757589983e-28,-1.437035144377044682e-27,7.778176671189778932e-27,7.464747169522946289e-27,4.810025130379257623e-27,4.218284259078852722e-27,3.957264514391963947e-27,-1.707495009872046789e-26,-2.499727722222514092e-25,-3.681893977788442573e-25,-5.109201452270490605e-24,-4.737431559207307878e-24,1.553504418829227923e-23,1.943098902020431711e-23,-5.958888550144547704e-23,-5.375665550143048048e-23,-5.832884246497890356e-23,-6.038305581529576340e-23,2.163501579140903528e-22,1.850394982357071798e-22,-9.649974826697939119e-22,-9.306277512410513941e-22,3.011058398429521843e-21,-1.099296484950706850e-20,-1.079513644109486579e-20,-1.099549806143894151e-20,2.473504758521169465e-20,-9.248888031765104810e-20,6.168899920235526889e-19,6.669782537371401584e-19,-2.427021406364265295e-18,-2.230361197007878245e-18,-1.697395988239741883e-18,-1.300558887514565558e-18,-1.612553280613453506e-18,6.904352315851551341e-18,-2.900622739843151784e-17,9.927322694396040317e-17,8.713490715994441245e-17,-5.082418955352828543e-16,-6.156785006824442116e-16,2.089794063226421028e-15,-6.236825807585874198e-15,-6.946148929994139227e-15,2.304501865357774546e-14,2.114313222970100088e-14,1.480447449005422129e-14,-5.868742791734972669e-14,-5.257609197189968119e-14,2.761663097935764259e-13,-1.093112541263099087e-12,-1.063808471823940898e-12,-8.400845200096681126e-13,5.257326357222289309e-12,-1.736054658790743454e-11,-1.482465493252922236e-11,5.515212608585549683e-11,-2.627054514045598278e-10,7.678736868805103703e-10,7.375260892308734978e-10,-2.952841954813399668e-09,-3.019384421769760171e-09,1.055345415429973970e-08,1.305087992360543376e-08,-4.436400608918142690e-08,-3.775543410023913858e-08,1.724455935130964418e-07,2.024842153587302728e-07,1.462059654863366303e-07,-4.621631117793712271e-07,-5.614702533621827408e-07,3.155797358392062197e-06,2.286489433966766709e-06,-5.806559037632823374e-06,1.597851061193223477e-06,-4.434487727095121812e-07,-4.014154358995064410e-07,-4.622588918681634136e-07,1.266210024116655695e-07,1.491916817075212055e-07,-3.489727139641991126e-08,-2.628563081689382665e-08,1.071022260334174459e-08,1.234454864321072313e-08,1.109915290975317387e-08,6.389509371855051454e-10,6.911817229850610445e-10,7.738703336575891391e-10,6.027381274302380808e-10,-1.783853712103723093e-10,-1.353416703425721873e-10,4.542008582379482066e-11,-1.079442594899179423e-11,-1.081562490358551687e-11,2.969726346299220619e-12,3.973806489777506107e-12,5.177907198370874747e-12,1.894863412344664545e-13,2.206288927001670017e-13,2.538704910239582751e-13,2.566035502163419268e-13,-6.464473174549425809e-14,-6.187938125428039071e-14,2.154601794807680067e-14,2.006598449018204888e-14,-4.473333407501119625e-15,1.015462685961096700e-15,1.556434336086895256e-15,1.325469957321594401e-15,-3.247653059119663542e-16,-7.625409580576718920e-16,2.084994531138138643e-16,1.626568961790990861e-16,-2.135720599383014556e-17,-2.342129867168428419e-17,6.221256804084019492e-18,-1.370308838460150880e-18,-1.323096648462758860e-18,3.014592066553641640e-19,-9.512670031752489458e-20,-1.087245598912075149e-19,-1.547921769646020578e-19,3.132259154128199408e-20,3.218923694971605603e-20,2.837476547432577072e-20,-8.334040436131882233e-21,-9.360719350174458822e-21,2.495098806900192726e-21,2.220845162163858790e-21,-5.344644101985244081e-22,-4.968220009058035228e-22,-4.331707964462946526e-22,-3.479762085017637535e-23,-4.832171288821843910e-23,1.411663287537121689e-23,-4.728843533019127717e-23,1.337628734680851339e-23,-2.828651388380532513e-24,-3.261719918027883630e-24,-3.659093238503138582e-24,1.283284295286009275e-24,-3.506254846579711224e-25,-2.941825104130294773e-25,9.474698943127564796e-25,-2.887234883368224458e-24,-2.886532147720060312e-26,5.198764291046840890e-27,6.894944981805987389e-27,-1.386926448831740996e-27,-1.342534173398606816e-27,3.214791910847229484e-28,2.525137427910717015e-28,-7.648585670899080753e-29,2.029715969082785916e-29,2.451990055861322627e-29,-8.363300025076423602e-30,-8.192627617598599404e-30,-4.074359985269491197e-30,2.205790491949301332e-30,-4.703408305890605134e-31,-4.375859291983954138e-31,1.402404954891947499e-31,-3.762559583904870887e-32,8.843966753479363768e-33,8.371447108525584034e-33,-3.507128979232433105e-32,1.382911046513924513e-31,-4.412105736232740994e-31,-3.793711479508941830e-31,-4.043474056466560246e-31,-3.833316929199433967e-31,1.259304672262475481e-31,-4.560291030245477303e-32,7.800646022781551949e-33,-2.163204712759968840e-33,7.221008486945485179e-34,8.108828105264238316e-34,5.596507600123015798e-35,-6.501955519327584835e-38,-7.667796653384146690e-38,2.196123475831594492e-38,1.868448487691175709e-38,-4.969048500215895745e-39,1.144264884491986375e-39,1.409427267915263481e-39,-2.622268010174891257e-40,-2.734388204226799068e-40,1.075228826807358988e-40,-3.229917416102239845e-40,7.539788319557032397e-41,-2.955609370403079808e-41,2.093028947991984362e-56
3.795177992319873406e-62,-3.071307635125370586e-61,1.236149999306596508e-60,-4.389520968736568938e-60,1.564129157962361783e-59,-4.491284403881633640e-59,2.333967049237934777e-58,-6.553109027365647604e-58,2.900623364918223747e-57,-8.652134522461140457e-57,4.031061104504157811e-56,-1.814252732492025503e-55,4.798816254156823608e-55,-1.975153304790035719e-54,9.505770287034614564e-54,-2.876813504623756658e-53,1.217168984562119976e-52,-3.488006089396351382e-52,1.844449678252199507e-51,-3.993426465556248908e-51,2.614625689223887979e-50,-7.373866815669173379e-50,2.970394929848768766e-49,-1.024986986880262093e-48,2.163133065595822267e-36,1.340443250742419468e-36,-5.175172061387702004e-37,1.683303753825948525e-35,-1.185553210674191830e-33,7.533322412768943091e-32,8.711100488814829721e-31,-6.068495815912781603e-30,3.033479311542652476e-29,-8.532234656677651882e-29,-9.601940930372475616e-29,-6.129491239181506481e-29,-7.966807969630218602e-29,2.904413634749735995e-28,2.366809113062219308e-28,-1.022562996531802641e-27,3.867923364037123436e-27,-2.093573799765732066e-26,-2.009211124488142196e-26,-1.294666219973683489e-26,-1.135393264784358246e-26,-1.065137198125173465e-26,4.595893056967592478e-26,6.728266388159334021e-25,9.910184727436927571e-25,1.375192509809931271e-23,1.275126936532109655e-23,-4.181412028255797515e-23,-5.230044422481953490e-23,1.603894263615170471e-22,1.446913978409442422e-22,1.569978949021009214e-22,1.625270149403250728e-22,-5.823280202181805678e-22,-4.980522580092239948e-22,2.597386935219016183e-21,2.504877376403359220e-21,-8.104563883031915202e-21,2.958866089519313683e-20,2.905618601038468979e-20,2.959547928766992794e-20,-6.657684666917793609e-20,2.489430425512355948e-19,-1.660420917696444624e-18,-1.795238467917165623e-18,6.532570090179718501e-18,6.003239529599900553e-18,4.568710533367982440e-18,3.500583911957440513e-18,4.340347926941849366e-18,-1.858375262464638990e-17,7.807315297469861896e-17,-2.672037878978667717e-16,-2.345322900041236902e-16,1.367983733742036758e-15,1.657160067965706283e-15,-5.624889074430817082e-15,1.678703847500451328e-14,1.869625237874939791e-14,-6.202796530316271266e-14,-5.690884837450410357e-14,-3.984771910167562806e-14,1.579630633982618433e-13,1.415137933985825239e-13,-7.433291566947380607e-13,2.942221388542594470e-12,2.863346564020316715e-12,2.261171242349762410e-12,-1.415061804788600163e-11,4.672764199440050964e-11,3.990203677459485239e-11,-1.484474460478679606e-10,7.070979142880376703e-10,-2.066808585535314508e-09,-1.985125000794374017e-09,7.947868520837720755e-09,8.126974204959838443e-09,-2.840567403966038052e-08,-3.512774449203853375e-08,1.194101454971842576e-07,1.016225151118244133e-07,-4.641545078312631273e-07,-5.450064533907221956e-07,-3.935279328964201760e-07,1.243958093190867646e-06,1.511253165720504095e-06,-8.494143224300038347e-06,-6.154314275381163873e-06,1.562893256591649458e-05,-4.300775437555477556e-06,1.193586583757672906e-06,1.080449666993996786e-06,1.244215894849162959e-06,-3.408130521527320569e-07,-4.015642857827727232e-07,9.392948523459458186e-08,7.075039603098380553e-08,-2.882763195013049545e-08,-3.322658342936089485e-08,-2.987447664633519344e-08,-1.719800151084398258e-09,-1.860384518492964413e-09,-2.082949158203767900e-09,-1.622329763197296762e-09,4.801420117015590322e-10,3.642855993426516480e-10,-1.222526893944443442e-10,2.905427365005292587e-11,2.911133274988568639e-11,-7.993314543902018261e-12,-1.069589635724312828e-11,-1.393685346371731250e-11,-5.100213792923067081e-13,-5.938446614863783982e-13,-6.833177375747632808e-13,-6.906740388780974738e-13,1.739977405971531334e-13,1.665545240435633483e-13,-5.799325545337079635e-14,-5.400959784155265955e-14,1.204042285931847269e-14,-2.733219061277368188e-15,-4.189298192668668307e-15,-3.567634539986118339e-15,8.741382000856410763e-16,2.052455014233566347e-15,-5.611970655300051368e-16,-4.378072530199898538e-16,5.748504925389274487e-17,6.304076048715627799e-17,-1.674513294984374876e-17,3.688322859023918896e-18,3.561246542572774247e-18,-8.114075103096040749e-19,2.560429980725457070e-19,2.926429928268447324e-19,4.166385771386964443e-19,-8.430787800756012842e-20,-8.664054052923467693e-20,-7.637351024897578653e-20,2.243190074082617335e-20,2.519530939824702513e-20,-6.715807201064692689e-21,-5.977626173064955147e-21,1.438564246352761957e-21,1.337245948778987821e-21,1.165922385927110091e-21,9.366126585418295151e-23,1.300627079316541534e-22,-3.799632481768765827e-23,1.272815383660615068e-22,-3.600361101483260462e-23,7.613597229437297571e-24,8.779244354079030337e-24,9.848814264408219803e-24,-3.454087624690915809e-24,9.437434494500968580e-25,7.918215568839975080e-25,-2.550209683648877540e-24,7.771280546993239826e-24,7.769389063933103459e-26,-1.399299240811480485e-26,-1.855843184714803388e-26,3.733050814121081231e-27,3.613564578866179601e-27,-8.652932944012262847e-28,-6.796659144376384053e-28,2.058693090010324677e-28,-5.463182894234562373e-29,-6.599775699684830832e-29,2.251065584166247443e-29,2.205127404083243401e-29,1.096654611558126129e-29,-5.937105027226175428e-30,1.265969238688796567e-30,1.177806155919790309e-30,-3.774712756395021714e-31,1.012730424869068215e-31,-2.380441826381322659e-32,-2.253258452903319056e-32,9.439787309687092490e-32,-3.722242958445554052e-31,1.187562247767769518e-30,1.021115268156478187e-30,1.088341355886940307e-30,1.031775469808501650e-30,-3.389544078545607741e-31,1.227447797064271220e-31,-2.099621649766947657e-32,5.822481156719823773e-33,-1.943606427988551723e-33,-2.182571929854150809e-33,-1.506355817965126167e-34,1.750066152768696486e-37,2.063863917480306213e-37,-5.911085289540343528e-38,-5.029115389640442423e-38,1.337468945434199790e-38,-3.079903020251142323e-39,-3.793614012024535415e-39,7.058095790496149499e-40,7.359878471212495818e-40,-2.894085588071892388e-40,8.693644749424706236e-40,-2.029409198182912207e-40,7.955317295809725702e-41,-6.007947408849305977e-56
-2.347368580908509036e-61,4.980473955306650263e-61,-2.177384712020290507e-60,9.604377294040510083e-60,-2.277799219508120353e-59,1.078776187262208809e-58,-5.097009055930993710e-58,1.728989157879582572e-57,-4.520682096733304981e-57,2.387114168470989597e-56,-8.007111869973813192e-56,3.407809428392814231e-55,-8.178698146067115318e-55,6.340552242175465920e-54,-1.447090038162242803e-53,4.628202255699044390e-53,-1.843603292291362305e-52,9.064943418035058340e-52,-2.349281070041934026e-51,9.884434972728714662e-51,-4.181359462779028148e-50,1.790026329107410960e-49,-4.288037270698344848e-49,3.319019664254649542e-48,-4.412187330079254269e-36,-2.734129870097386771e-36,1.055590567400049381e-36,-3.433469541650194306e-35,2.418197446321551680e-33,-1.536587380207439639e-31,-1.776821214520678312e-30,1.237803664392211939e-29,-6.187450599932039344e-29,1.740337580162157396e-28,1.958527785044688570e-28,1.250245027247765743e-28,1.625006327343753369e-28,-5.924192664971258073e-28,-4.827629583896552802e-28,2.085742929672880276e-27,-7.889483421969300666e-27,4.270305854426570418e-26,4.098229557821556585e-26,2.640757512011558178e-26,2.315885165465712064e-26,2.172582410722947712e-26,-9.374338286848643055e-26,-1.372378434938064901e-24,-2.021400910957052506e-24,-2.805008653748935789e-23,-2.600902830757335934e-23,8.528912745291556487e-23,1.066782996555213403e-22,-3.271496359270193301e-22,-2.951300419189845197e-22,-3.202318589428800312e-22,-3.315097196381647240e-22,1.187786527617316697e-21,1.015887509399072105e-21,-5.297943944903201278e-21,-5.109250281156964615e-21,1.653104686405516980e-20,-6.035260465120665672e-20,-5.926650459675099742e-20,-6.036651226760640587e-20,1.357981735023929240e-19,-5.077742815391844426e-19,3.386794946729312080e-18,3.661785097089147240e-18,-1.332461855591997083e-17,-1.224493204473808767e-17,-9.318893530290049197e-18,-7.140213530956503052e-18,-8.853097590704460991e-18,3.790566525007269123e-17,-1.592474276563373850e-16,5.450211021521659123e-16,4.783803710042364270e-16,-2.790304763850513630e-15,-3.380143723974645948e-15,1.147320278259586024e-14,-3.424087017439625926e-14,-3.813513332930709562e-14,1.265197259355765308e-13,1.160781570773919183e-13,8.127821822401085039e-14,-3.222005331210366872e-13,-2.886486163037100184e-13,1.516183881339507896e-12,-6.001309923690500751e-12,-5.840427309969387175e-12,-4.612157830379642588e-12,2.886330880736261653e-11,-9.531133948780105636e-11,-8.138901110682783695e-11,3.027913312651400999e-10,-1.442282265557061646e-09,4.215712292434184692e-09,4.049100592302666872e-09,-1.621143208734452289e-08,-1.657675766199267940e-08,5.793964185263880591e-08,7.165078822343794377e-08,-2.435633477318131300e-07,-2.072815495074190258e-07,9.467455660613047376e-07,1.111660954524311604e-06,8.026870779124267308e-07,-2.537327095232416067e-06,-3.082534392539252891e-06,1.732567991781570107e-05,1.255308233370230329e-05,-3.187865755777967891e-05,8.772380764233035028e-06,-2.434583283835394269e-06,-2.203815570721216282e-06,-2.537852938616024240e-06,6.951634435029969448e-07,8.190789933933462714e-07,-1.915899170812353304e-07,-1.443110486040262784e-07,5.880031814482569256e-08,6.777295061529222191e-08,6.093558896039409118e-08,3.507911999300526100e-09,3.794664846156375520e-09,4.248634552909363623e-09,3.309099629717900686e-09,-9.793556089375724304e-10,-7.430408843147956992e-10,2.493613434113982376e-10,-5.926260391576167269e-11,-5.937898854385140372e-11,1.630412928214776249e-11,2.181664139940328796e-11,2.842728875622005834e-11,1.040301174058623622e-12,1.211277259415936956e-12,1.393777346432950043e-12,1.408782146610555961e-12,-3.549067964129864257e-13,-3.397247133987090512e-13,1.182900446631002312e-13,1.101644956981287360e-13,-2.455909996183206265e-14,5.575003546619224791e-15,8.544998318231484407e-15,7.276978086113775867e-15,-1.782997797269585547e-15,-4.186435015670106133e-15,1.144685281544864502e-15,8.930045245555130584e-16,-1.172534459489161268e-16,-1.285855452556439087e-16,3.415539460651953951e-17,-7.523148550897806217e-18,-7.263948355442079334e-18,1.655044709667512882e-18,-5.222562079141758406e-19,-5.969099754998965919e-19,-8.498263377839460764e-19,1.719645254780369100e-19,1.767225055520249198e-19,1.557806311751719839e-19,-4.575481268928021431e-20,-5.139139458062688686e-20,1.369837108733202320e-20,1.219268795075155914e-20,-2.934269297722560344e-21,-2.727608267030338897e-21,-2.378156046368493443e-21,-1.910428244539915853e-22,-2.652916000311360992e-22,7.750189094543568454e-23,-2.596187908474174347e-22,7.343731131634357848e-23,-1.552961200878144822e-23,-1.790720659900320156e-23,-2.008883050464642444e-23,7.045374090500431664e-24,-1.924973066492528405e-24,-1.615094834679942450e-24,5.201715527448672127e-24,-1.585124193851205503e-23,-1.584738384132655369e-25,2.854179652420493425e-26,3.785401793560890880e-26,-7.614381087591560992e-27,-7.370662538004393188e-27,1.764956659894713943e-27,1.386328647121018684e-27,-4.199158948073546304e-28,1.114336733659136674e-28,1.346169923000565512e-28,-4.591545110011855574e-29,-4.497844052340954528e-29,-2.236869131885674497e-29,1.211003613005968437e-29,-2.582223684735482602e-30,-2.402395618232680649e-30,7.699359814407327037e-31,-2.065687229539370094e-31,4.855436511698561367e-32,4.596017949807110786e-32,-1.925452975080663554e-31,7.592336080450925034e-31,-2.422295320903496815e-30,-2.082789968111415129e-30,-2.219912412057606885e-30,-2.104533802281056039e-30,6.913723282202849226e-31,-2.503650702159665796e-31,4.282641779374491209e-32,-1.187623544658966607e-32,3.964414299161250094e-33,4.451837184247431044e-33,3.072545170858461267e-34,-3.569646189991476579e-37,-4.209705991993948018e-37,1.205696313202025942e-37,1.025799085438090816e-37,-2.728063117928098206e-38,6.282142000399384676e-39,7.737913097114521627e-39,-1.439654421479280636e-39,-1.501209660103872655e-39,5.903126334184094870e-40,-1.773260731192154915e-39,4.139427987204157981e-40,-1.622662550797998294e-40,2.140092980296455608e-55
-2.536134726015097247e-61,-2.136773828506190302e-61,9.531654270382707686e-61,-9.509329548431226960e-60,2.234963352496379889e-60,-1.089713933766393321e-58,5.331021730633793115e-58,-1.307148793472317117e-57,7.241950852526668341e-57,-1.747077824990063089e-56,2.696088174993121201e-56,-6.001123761899860883e-55,4.973441065671022792e-55,-2.369772294082669239e-54,2.202725611164499800e-53,-9.880260582378343085e-53,1.121251074165071529e-52,-1.352045764856205978e-51,6.465066247450252486e-51,-3.795924047847287931e-51,5.683165737783242251e-50,-5.781668331597906134e-50,2.598330405196741320e-49,-1.222402674213520197e-48,3.615131660450662290e-36,2.240213009483887356e-36,-8.648995599684358725e-37,2.813217915892811950e-35,-1.981353350486244713e-33,1.259004949624555438e-31,1.455840866906966597e-30,-1.014196107690845603e-29,5.069696023287940127e-29,-1.425947951717554484e-28,-1.604722391391544483e-28,-1.024389955184957223e-28,-1.331451133628905750e-28,4.853995277978663616e-28,3.955524833387174284e-28,-1.708956292318456732e-27,6.464258919593351726e-27,-3.498880881351586484e-26,-3.357889934836367179e-26,-2.163708241526783509e-26,-1.897523644694969266e-26,-1.780108338647326153e-26,7.680876762768030629e-26,1.124460128074079858e-24,1.656237572201733237e-24,2.298287636810457628e-23,2.131053254500921715e-23,-6.988176201075336789e-23,-8.740700920354109460e-23,2.680504969684164098e-22,2.418151992819005435e-22,2.623824070337877844e-22,2.716229374581776751e-22,-9.732144989800252379e-22,-8.323688057509415548e-22,4.340877541611924383e-21,4.186271132839238267e-21,-1.354473562155103724e-20,4.944998830352722391e-20,4.856009075395699440e-20,4.946138352784745778e-20,-1.112664172514620255e-19,4.160455448121667465e-19,-2.774975023366470756e-18,-3.000288575241611268e-18,1.091754424762893472e-17,1.003290164342023586e-17,7.635448026441474206e-18,5.850343620313445991e-18,7.253797492923510478e-18,-3.105805812501992282e-17,1.304795953792396304e-16,-4.465637776920911932e-16,-3.919616044329834164e-16,2.286239984721611236e-15,2.769525335000524506e-15,-9.400584228008405698e-15,2.805530331974887947e-14,3.124607310630774713e-14,-1.036641086799333527e-13,-9.510879510412746274e-14,-6.659541810559647239e-14,2.639954428861075742e-13,2.365046344319186508e-13,-1.242287315212599287e-12,4.917181408282499552e-12,4.785362020987986698e-12,3.778977760518834215e-12,-2.364919113555842209e-11,7.809347500582211853e-11,6.668619640408126337e-11,-2.480924870766338513e-10,1.181735926301158039e-09,-3.454149572444967278e-09,-3.317636050446238002e-09,1.328285882167944950e-08,1.358218882570719626e-08,-4.747292396876309904e-08,-5.870717030464866626e-08,1.995639586081273898e-07,1.698364181283758044e-07,-7.757172608988925135e-07,-9.108409076362191291e-07,-6.576827436621363962e-07,2.078962389553752620e-06,2.525678726497827024e-06,-1.419581928962384197e-05,-1.028538499974055935e-05,2.611982121525282470e-05,-7.187662051910131294e-06,1.994779108629813008e-06,1.805699270563567047e-06,2.079393240041801911e-06,-5.695831082838857859e-07,-6.711134817966128942e-07,1.569794578625769108e-07,1.182414529875003830e-07,-4.817812025362486671e-08,-5.552985881206236088e-08,-4.992765728628392972e-08,-2.874212444313216109e-09,-3.109163777482268938e-09,-3.481124471123040709e-09,-2.711315260218599930e-09,8.024363436647222747e-10,6.088115542114310298e-10,-2.043145542153321178e-10,4.855689472570937988e-11,4.865225462825187949e-11,-1.335881039369994803e-11,-1.787549465773010547e-11,-2.329193751653546482e-11,-8.523721749317408130e-13,-9.924616618721060432e-13,-1.141993355169180874e-12,-1.154287558502532084e-12,2.907933639797544123e-13,2.783539037142359315e-13,-9.692110819109557909e-14,-9.026342864934702962e-14,2.012253179256074396e-14,-4.567886701256595431e-15,-7.001355937034252755e-15,-5.962401843681742900e-15,1.460901658341819141e-15,3.430161196103806414e-15,-9.378994346763749596e-16,-7.316844658067983933e-16,9.607176963167292067e-17,1.053567405357559640e-16,-2.798526879752445176e-17,6.164101947175156674e-18,5.951725916221160047e-18,-1.356063122840509204e-18,4.279113307876803695e-19,4.890789962971122442e-19,6.963063600371923536e-19,-1.408993666910534867e-19,-1.447978241042317631e-19,-1.276390709903576498e-19,3.748926770254555669e-20,4.210760870389618115e-20,-1.122377889008638115e-20,-9.990095374304067053e-21,2.404197520394466417e-21,2.234869525197159601e-21,1.948545375241453071e-21,1.565311967779977883e-22,2.173670315370787682e-22,-6.350127923893036958e-23,2.127190076546928087e-22,-6.017096041874146416e-23,1.272420861751816539e-23,1.467229396290600654e-23,1.645981046265327614e-23,-5.772636796417914405e-24,1.577229287332136383e-24,1.323330138700374575e-24,-4.262032657532853005e-24,1.298773653574418655e-23,1.298457539859395290e-25,-2.338575961121267921e-26,-3.101574082801329544e-26,6.238853449590994066e-27,6.039162326132889109e-27,-1.446119628016436451e-27,-1.135890253306708462e-27,3.440586567339424975e-28,-9.130333108918003789e-29,-1.102986148346908036e-28,3.762088700187775612e-29,3.685314611768005112e-29,1.832781750639098468e-29,-9.922374493157365486e-30,2.115748470927128296e-30,1.968406101254750015e-30,-6.308480884419938221e-31,1.692523627270242922e-31,-3.978308477316255319e-32,-3.765753527527632573e-32,1.577622501083336351e-31,-6.220790843154430539e-31,1.984710949570784588e-30,1.706536779266479275e-30,1.818888239298364460e-30,1.724352619221960690e-30,-5.664768528460175596e-31,2.051369591311218857e-31,-3.508988338153429738e-32,9.730809586724905400e-33,-3.248248221544505998e-33,-3.647618822128855602e-33,-2.517494044194032948e-34,2.924794437007959425e-37,3.449228302050421291e-37,-9.878889060385306459e-38,-8.404898689930290739e-38,2.235242207895811479e-38,-5.147281550418873816e-39,-6.340069568784914310e-39,1.179582798699431384e-39,1.230018166776732658e-39,-4.836734551336533868e-40,1.452923580072910463e-39,-3.391645923709843037e-40,1.329530757144018592e-40,-1.437919255485059065e-55
-3.789942649214999391e-61,-3.037317928763815573e-60,1.003905986883230389e-59,-3.089590626870424944e-59,1.633286874288738010e-58,-4.830233012227014865e-58,1.211182348565574909e-57,-9.459600208663440626e-57,4.554853318842992714e-56,-8.861927963726273789e-56,4.618654088293365879e-55,-1.595709743980119559e-54,6.573504013890994679e-54,-2.143565407758458299e-53,1.483373396572316555e-52,-3.370027437033951005e-52,9.699829178828015362e-52,-3.626452825018189488e-51,2.389279163379721217e-50,-4.650771363860332134e-50,7.126406277748129776e-50,-1.179361715423774965e-48,2.764556443012714043e-48,-8.550008132679429418e-48,2.155692788402169672e-35,1.335832684013652834e-35,-5.157371624343444040e-36,1.677513889690572758e-34,-1.181475401197526228e-32,7.507410919930200406e-31,8.681137929725353446e-30,-6.047622716732856616e-29,3.023045405604383254e-28,-8.502887321585473559e-28,-9.568914251037247902e-28,-6.108408341139074306e-28,-7.939405466943929688e-28,2.894423661007205766e-27,2.358668275059606016e-27,-1.019045805535588251e-26,3.854619317952726801e-26,-2.086372777487959434e-25,-2.002300274691583882e-25,-1.290213107170420992e-25,-1.131487984638677729e-25,-1.061473569599902757e-25,4.580085098206785177e-25,6.705123952885573417e-24,9.876097817767389541e-24,1.370462420094212595e-22,1.270741030729320448e-22,-4.167029711677615349e-22,-5.212055247032650788e-22,1.598377535079123767e-21,1.441937196700712624e-21,1.564578875047594229e-21,1.619679896719270715e-21,-5.803250542625353399e-21,-4.963391655900212293e-21,2.588453005501989408e-20,2.496261641055223348e-20,-8.076687557353840216e-20,2.948688822001938636e-19,2.895624482713554631e-19,2.949368316006462017e-19,-6.634785003380631761e-19,2.480867821244433044e-18,-1.654709761003447061e-17,-1.789063594978441843e-17,6.510100768699012595e-17,5.982590884877518439e-17,4.552996071171734517e-17,3.488543360658009016e-17,4.325418937040153040e-17,-1.851983225237697233e-16,7.780461383176040350e-16,-2.662847181093678717e-15,-2.337255965666308973e-15,1.363278439214845777e-14,1.651460127238234450e-14,-5.605541797759931759e-14,1.672929805140455005e-13,1.863194505416151795e-13,-6.181461492590682593e-13,-5.671310562829993079e-13,-3.971065953730682251e-13,1.574197362231111966e-12,1.410270448640965341e-12,-7.407724138573570807e-12,2.932101371867085805e-11,2.853497843904115618e-11,2.253393754643402943e-11,-1.410194581296478999e-10,4.656691835951969887e-10,3.976479038004474819e-10,-1.479368486348757490e-09,7.046657918408012311e-09,-2.059699624451637359e-08,-1.978296997235825062e-08,7.920531161970414389e-08,8.099020797104161055e-08,-2.830797034677040639e-07,-3.500691967531443271e-07,1.189994243093217474e-06,1.012729759671688143e-06,-4.625580095604127323e-06,-5.431318580873051308e-06,-3.921743606401998523e-06,1.239679395233008167e-05,1.506055083993015857e-05,-8.464926907877065360e-05,-6.133145996428494839e-05,1.557517554450284800e-04,-4.285982560542505346e-05,1.189481142821670192e-05,1.076733369950677873e-05,1.239936310160926329e-05,-3.396407971400915949e-06,-4.001830718183050807e-06,9.360640690996627658e-07,7.050704412333323362e-07,-2.872847689769736248e-07,-3.311229781520391511e-07,-2.977172088396791446e-07,-1.713884754549227828e-08,-1.853985570261766391e-08,-2.075784680269731070e-08,-1.616749624217724903e-08,4.784905230732881425e-09,3.630326085397328398e-09,-1.218321910389788821e-09,2.895433904452725336e-10,2.901120188481129952e-10,-7.965820869635402309e-11,-1.065910692667330936e-10,-1.388891648997148980e-10,-5.082671180788578486e-12,-5.918020830793600003e-12,-6.809674090352946679e-12,-6.882984077247092023e-12,1.733992608079700549e-12,1.659816458205767447e-12,-5.779378279827396945e-13,-5.382382731017034450e-13,1.199900881733271660e-13,-2.723817925596125514e-14,-4.174888750968061104e-14,-3.555363362440680695e-14,8.711315285972159620e-15,2.045395423459514654e-14,-5.592667812612804169e-15,-4.363013783368423425e-15,5.728732461654659469e-16,6.282392651611279587e-16,-1.668753666380422156e-16,3.675636563905758104e-17,3.548997337078996836e-17,-8.086166062780651395e-18,2.551623167546039686e-18,2.916364227642005101e-18,4.152055138876699063e-18,-8.401789400614007786e-19,-8.634253313987049154e-19,-7.611081716942146611e-19,2.235474434109212388e-19,2.510864802318945172e-19,-6.692707620207559318e-20,-5.957065627625742439e-20,1.433616184246157636e-20,1.332646379435360827e-20,1.161912098314531023e-20,9.333911009255836951e-22,1.296153463638755647e-21,-3.786563327888616441e-22,1.268437428637364863e-21,-3.587977358190951937e-22,7.587409624649131065e-23,8.749047408462490010e-23,9.814938443581838945e-23,-3.442207001262420320e-23,9.404973648818042246e-24,7.890980203782460523e-24,-2.541438024036495535e-23,7.744550577239144655e-23,7.742665600093841078e-25,-1.394486233977196014e-25,-1.849459856781187495e-25,3.720210673458362220e-26,3.601135421108508080e-26,-8.623170457060597917e-27,-6.773281466494401050e-27,2.051612042852622129e-27,-5.444391819502270415e-28,-6.577075218886374350e-28,2.243322855716872488e-28,2.197542683848443251e-28,1.092882576251927060e-28,-5.916683857658934345e-29,1.261614831554071375e-29,1.173754993085870245e-29,-3.761729315995620485e-30,1.009247053825888807e-30,-2.372254097520437629e-31,-2.245508181898424073e-31,9.407318371299486145e-31,-3.709439992306947927e-30,1.183477528039533130e-29,1.017603056743155880e-29,1.084597914719287971e-29,1.028226591739534078e-29,-3.377885458045189387e-30,1.223225887651550568e-30,-2.092399825403008284e-31,5.802454245547082721e-32,-1.936921231035510303e-32,-2.175064791060439376e-32,-1.501174581075054212e-33,1.744046653788940250e-36,2.056765084829035254e-36,-5.890753617038589800e-37,-5.011817326413480914e-37,1.332868609074921707e-37,-3.069309436081967036e-38,-3.780565559174728041e-38,7.033818879392445475e-39,7.334563553324852833e-39,-2.884131138510180905e-39,8.663742230811485514e-39,-2.022428875421671615e-39,7.927954316257605675e-40,-4.543668438789503475e-55
-7.572054035787547185e-60,1.976815161694021480e-59,-6.589983868189825795e-59,4.081188064461869669e-58,-1.008993218206491295e-57,4.065954341941203155e-57,-1.374138683398248883e-56,7.001669592757818742e-56,-1.554461998615115235e-55,9.341101621902566705e-55,-2.357499861149791665e-54,7.761792529759073806e-54,-5.022317500228165015e-53,8.872603599139109262e-53,-4.873894940672413514e-52,2.132284606146312637e-51,-7.206509958614198946e-51,3.404385818106401702e-50,-1.029094668422429853e-49,4.043216562888297526e-49,-1.407466569909388123e-48,5.439365800156099379e-48,-2.633698958132152764e-47,9.042247130701884764e-47,-1.548158448622203058e-34,-9.593577836456615468e-35,3.703880485795380100e-35,-1.204743697705747109e-33,8.485026874162143854e-32,-5.391613176746983594e-30,-6.234551185523735558e-29,4.343233995753419376e-28,-2.171066911961777649e-27,6.106536569318525711e-27,6.872127383635214528e-27,4.386888536180292688e-27,5.701859614141081015e-27,-2.078694361640158778e-26,-1.693929783119511128e-26,7.318502811999388086e-26,-2.768280107173167189e-25,1.498374749788551151e-24,1.437996222662019219e-24,9.265950756690925023e-25,8.126031187547514067e-25,7.623207182425930803e-25,-3.289289400764997688e-24,-4.815433048979238280e-23,-7.092738055373651403e-23,-9.842278944396989270e-22,-9.126107733525984142e-22,2.992644540307917829e-21,3.743152739013217217e-21,-1.147910174554435173e-20,-1.035559085907267275e-20,-1.123636919403500185e-20,-1.163208936662943848e-20,4.167732714685844725e-20,3.564569481905534523e-20,-1.858954768921132461e-19,-1.792745501753683423e-19,5.800451783329607563e-19,-2.117666087069598298e-18,-2.079556758304460486e-18,-2.118154080715798834e-18,4.764917576863207622e-18,-1.781690089625918633e-17,1.188366408375708354e-16,1.284855585447794914e-16,-4.675372836364550063e-16,-4.296529947543066513e-16,-3.269834816932455644e-16,-2.505374562759614509e-16,-3.106395265241896026e-16,1.330042709371063208e-15,-5.587710405372739301e-15,1.912382591331722847e-14,1.678552059600612872e-14,-9.790685596991595701e-14,-1.186032612022342566e-13,4.025743807279083511e-13,-1.201451536004619187e-12,-1.338094338166008919e-12,4.439353272448258815e-12,4.072977100374673862e-12,2.851908833846637117e-12,-1.130544648684887926e-11,-1.012816910485584861e-11,5.320020910166349479e-11,-2.105753442927755488e-10,-2.049302581022907222e-10,-1.618324558161751300e-10,1.012762424674358921e-09,-3.344306223616454440e-09,-2.855796360026922578e-09,1.062441194352039102e-08,-5.060713219261250645e-08,1.479218835065110565e-07,1.420757738130419699e-07,-5.688304614623624867e-07,-5.816490893350561125e-07,2.032999492853510331e-06,2.514099353449308073e-06,-8.546206821158107683e-06,-7.273142731849324149e-06,3.321962639256950217e-05,3.900621551166951032e-05,2.816486899360606729e-05,-8.903031729002719842e-05,-1.081606764617994664e-04,6.079274458728354744e-04,4.404654430393724601e-04,-1.118565675857126308e-03,3.078073159334066087e-04,-8.542521878087120291e-05,-7.732798813313419525e-05,-8.904876820373691551e-05,2.439205495412508185e-05,2.874003229793516235e-05,-6.722551120572000874e-06,-5.063619298360949978e-06,2.063199100748521444e-06,2.378032894654490112e-06,2.138121974731693528e-06,1.230864238631444870e-07,1.331480737731485883e-07,1.490770673618041779e-07,1.161104496663684293e-07,-3.436385508486964336e-08,-2.607198962022241543e-08,8.749648228444378133e-09,-2.079419890311849539e-09,-2.083503620937662668e-09,5.720830419754280201e-10,7.655073362993832773e-10,9.974632527343366998e-10,3.650232710542318266e-11,4.250157535251384881e-11,4.890518042302753742e-11,4.943167230623635057e-11,-1.245305138324746016e-11,-1.192033895904939738e-11,4.150588321228105915e-12,3.865477188388214057e-12,-8.617353537381118488e-13,1.956170079849604357e-13,2.998288683175126749e-13,2.553362824748221703e-13,-6.256223721277462579e-14,-1.468945956788629535e-13,4.016498070140556593e-14,3.133394835533601429e-14,-4.114215906887182451e-15,-4.511839216367367819e-15,1.198452349599796220e-15,-2.639739684193489055e-16,-2.548790922851598243e-16,5.807258981616736955e-17,-1.832504606309989587e-17,-2.094451464779330437e-17,-2.981890219691844808e-17,6.033930861616489468e-18,6.200879961889258774e-18,5.466066652276013710e-18,-1.605455401838620201e-18,-1.803233084960651363e-18,4.806515985082294471e-19,4.278198419562731940e-19,-1.029583166795826498e-19,-9.570694685478396824e-20,-8.344528688130747187e-20,-6.703354608509345732e-21,-9.308612740363904317e-21,2.719404192866667681e-21,-9.109563905666472737e-21,2.576785287046995521e-21,-5.449066015693089651e-22,-6.283321879480770281e-22,-7.048815098277353385e-22,2.472097081542157586e-22,-6.754389814644252892e-23,-5.667081940488561977e-23,1.825189920256602422e-22,-5.561920265930256569e-22,-5.560566527907088655e-24,1.001481127660681355e-24,1.328230496510309757e-24,-2.671751566714575576e-25,-2.586235040918672727e-25,6.192920563092776279e-26,4.864381874664552132e-26,-1.473410559484843770e-26,3.910010386600083246e-27,4.723472018890559427e-27,-1.611091919382132629e-27,-1.578213876537257013e-27,-7.848777909724218213e-28,4.249197358427880350e-28,-9.060565915911776835e-29,-8.429581055958998013e-29,2.701569098027469083e-29,-7.248130909625639363e-30,1.703686741966986492e-30,1.612661359707377462e-30,-6.756073728947257596e-30,2.664016363854547627e-29,-8.499405590844112460e-29,-7.308141392486084449e-29,-7.789279780794471498e-29,-7.384436658431968916e-29,2.425903142825129267e-29,-8.784867225652533883e-30,1.502703207535464049e-30,-4.167160836329164918e-31,1.391042816618475449e-31,1.562070880738319931e-31,1.078101723516310775e-32,-1.252525673592848287e-35,-1.477111330538230717e-35,4.230574982684891370e-36,3.599347448106867612e-36,-9.572290676780335318e-37,2.204292448567180958e-37,2.715096762625545914e-37,-5.051492579459897193e-38,-5.267479017941060896e-38,2.071302558992244109e-38,-6.222058079647073187e-38,1.452452022415532235e-38,-5.693635717036229854e-39,4.492949456396911296e-54
2.029025664093517699e-59,-8.034222260290527495e-59,2.363592748809300844e-58,-9.995120069226158652e-58,5.792880939503409251e-57,-1.755204520880690954e-56,6.792010210021561938e-56,-2.515794161342436307e-55,9.638870330148781762e-55,-3.349074010144076565e-54,1.133126387858667693e-53,-4.474923590310200870e-53,1.970295498398147298e-52,-5.658806819265969229e-52,2.369267305181704500e-51,-9.203522178966554382e-51,4.095968539153424140e-50,-1.372622487715711466e-49,3.985059565809702762e-49,-1.841639695805586093e-48,6.283825060857771555e-48,-2.209626195750419860e-47,1.087861056347194920e-46,-3.407210200988237784e-46,6.828931990394515532e-34,4.231730327596602333e-34,-1.633782896108530349e-34,5.314128398684305685e-33,-3.742748134851769283e-31,2.378242339167960428e-29,2.750062571081668979e-28,-1.915801938863638827e-27,9.576583263544718937e-27,-2.693595281921424696e-26,-3.031297641011031479e-26,-1.935057970952119815e-26,-2.515092144374517592e-26,9.169127641358673663e-26,7.471929824578292530e-26,-3.228193988745757878e-25,1.221089262477096355e-24,-6.609335931694989956e-24,-6.343006050671216692e-24,-4.087213915354358965e-24,-3.584395019838065185e-24,-3.362599186396676436e-24,1.450906632622288089e-23,2.124089095987599932e-22,3.128609080611970238e-22,4.341432467822081753e-21,4.025529112007842043e-21,-1.320056487460109738e-20,-1.651105899860753062e-20,5.063435541817263239e-20,4.567854521604819556e-20,4.956366133799732942e-20,5.130918431614019595e-20,-1.838388266270576485e-19,-1.572332766626394273e-19,8.199855577758533984e-19,7.907806283306162754e-19,-2.558581182513569623e-18,9.341032049943561601e-18,9.172931675871089939e-18,9.343184591516188449e-18,-2.101806704682604976e-17,7.859040824180491999e-17,-5.241888121783474493e-16,-5.667502198056592341e-16,2.062308490303619205e-15,1.895200767892500475e-15,1.442325209318214128e-15,1.105121540678559630e-15,1.370231969506144104e-15,-5.866822749766484988e-15,2.464740890978553287e-14,-8.435525877501890961e-14,-7.404098635741521047e-14,4.318674625373723733e-13,5.231593738420615533e-13,-1.775756912681760755e-12,5.299606662636345825e-12,5.902338510767268279e-12,-1.958200183313326610e-11,-1.796591533745218022e-11,-1.257977921219036454e-11,4.986836150297503164e-11,4.467538711290585032e-11,-2.346662966917536300e-10,9.288485337594545305e-10,9.039480400735104262e-10,7.138434929520985465e-10,-4.467298374198705146e-09,1.475174571211817977e-08,1.259692710291154026e-08,-4.686431590051020673e-08,2.232282259480638751e-07,-6.524839129073359555e-07,-6.266967038909473420e-07,2.509113029645208265e-06,2.565656039200046039e-06,-8.967567425392460235e-06,-1.108970048711015204e-05,3.769734629520963198e-05,3.208185642526456826e-05,-1.465318808828544085e-04,-1.720565444506434716e-04,-1.242353294308998419e-04,3.927130213307590914e-04,4.770970983302339863e-04,-2.681569956005936707e-03,-1.942894512711791991e-03,4.933996861897520757e-03,-1.357739079308666573e-03,3.768109199924734166e-04,3.410940090695814141e-04,3.927944083715984936e-04,-1.075934343387249369e-04,-1.267723766511838599e-04,2.965319502355672380e-05,2.233564131923876814e-05,-9.100777994785572844e-06,-1.048951089145793388e-05,-9.431263037457791960e-06,-5.429346190312710057e-07,-5.873165897576921559e-07,-6.575794326787276002e-07,-5.121635739880748839e-07,1.515790773943832237e-07,1.150036316562544064e-07,-3.859472700945449391e-08,9.172327950707150578e-09,9.190341299880548015e-09,-2.523460172947493527e-09,-3.376655369088157093e-09,-4.399813676633799440e-09,-1.610118844851074860e-10,-1.874745881633769457e-10,-2.157209111148972176e-10,-2.180432685371167061e-10,5.493045046184627763e-11,5.258065421293769661e-11,-1.830825868697919391e-11,-1.705063254567450807e-11,3.801117469362677308e-12,-8.628672632851825897e-13,-1.322546120728498931e-12,-1.126289178768139258e-12,2.759622333705026863e-13,6.479525429330175136e-13,-1.771678615000003037e-13,-1.382141488809943146e-13,1.814781984812403508e-14,1.990173756930676824e-14,-5.286377241575923434e-15,1.164390039776318063e-15,1.124272511343264428e-15,-2.561583839908837560e-16,8.083183823800008540e-17,9.238632274943710818e-17,1.315312753112021824e-16,-2.661568880460182546e-17,-2.735210183301988937e-17,-2.411083791623275206e-17,7.081669038805697604e-18,7.954067047201315696e-18,-2.120155776180412702e-18,-1.887114724892886490e-18,4.541494722820355574e-19,4.221636562211237909e-19,3.680774338949927425e-19,2.956851914593880637e-20,4.106032130333420345e-20,-1.199530080659197973e-20,4.018231624117374249e-20,-1.136620834563987546e-20,2.403584805255214050e-21,2.771575340168938830e-21,3.109234649842644467e-21,-1.090442832808054206e-21,2.979363560744911655e-22,2.499751701129273414e-22,-8.050918719647286586e-22,2.453364852018697504e-21,2.452767717733152434e-23,-4.417536536100916232e-24,-5.858829072898875859e-24,1.178510491647079785e-24,1.140789124093594978e-24,-2.731699289884461140e-25,-2.145680439038584568e-25,6.499218806454312178e-26,-1.724706862892835471e-26,-2.083525055478599895e-26,7.106531736161765091e-27,6.961506581427193772e-27,3.462098508130542984e-27,-1.874322347322261046e-27,3.996618594779277550e-28,3.718290966271789460e-28,-1.191663014480825155e-28,3.197152919546877856e-29,-7.514967802029337052e-30,-7.113454542579681731e-30,2.980106335895817364e-29,-1.175098491130608386e-28,3.749090591492062200e-28,3.223623563202866327e-28,3.435853863961283866e-28,3.257277430014593776e-28,-1.070066671301593151e-28,3.875007812155724366e-29,-6.628428773001553547e-30,1.838136010540044174e-30,-6.135894422740429944e-31,-6.890299774055291337e-31,-4.755510235516303692e-32,5.524894850916355351e-35,6.515542919699382166e-35,-1.866108011279381594e-35,-1.587673338915037217e-35,4.222340554497601415e-36,-9.723141214395769892e-37,-1.197630071768235484e-36,2.228215032242537834e-37,2.323486721038269081e-37,-9.136522375654779048e-38,2.744551857985316424e-37,-6.406770630757569639e-38,2.511464580666487291e-38,-2.228719713368923005e-53
-4.685740942091472060e-59,3.546870499150238186e-58,-1.127948591347023622e-57,4.774430431036895998e-57,-1.948321044837639117e-56,3.986279041980041607e-56,-3.075612202819592346e-55,6.181434762292597231e-55,-3.444584107656665327e-54,1.112103530814786281e-53,-4.552570394668377618e-53,1.859899807549838321e-52,-5.914192257980756757e-52,2.753913715621189400e-51,-7.876756772380056540e-51,3.159292587837199701e-50,-1.184949467411079279e-49,4.951739641103805408e-49,-1.848837086149953371e-48,5.146840730668952295e-48,-2.660714514303728192e-47,8.657084287713271534e-47,-3.100970376445231405e-46,1.137779919275918932e-45,-2.444319712166281668e-33,-1.514688075801450878e-33,5.847895020722628669e-34,-1.902117170908095177e-32,1.339663809297981052e-30,-8.512582403971448523e-29,-9.843460385370239237e-28,6.857342334579108331e-27,-3.427802660680003945e-26,9.641343702730753918e-26,1.085010157926049898e-25,6.926266580534648386e-26,9.002416944632961554e-26,-3.281959678125345935e-25,-2.674471701259292050e-25,1.155486423423842792e-24,-4.370716473358871722e-24,2.365718405878112786e-23,2.270389388245372331e-23,1.462960468077653587e-23,1.282983549331273903e-23,1.203594864758114132e-23,-5.193315276266964152e-23,-7.602876782227925905e-22,-1.119841412706499008e-21,-1.553954406788580856e-20,-1.440881264334954234e-20,4.724955670973615399e-20,5.909900264901201900e-20,-1.812385205117353013e-19,-1.634998981563760991e-19,-1.774061223423689558e-19,-1.836539751977113661e-19,6.580251032196077481e-19,5.627942965246414386e-19,-2.935022438914048105e-18,-2.830487520663562775e-18,9.158079811587749148e-18,-3.343490432144167544e-17,-3.283321278527510005e-17,-3.344260903984360609e-17,7.523120111085809784e-17,-2.813032613632522341e-16,1.876259784555507923e-15,2.028602329169050056e-15,-7.381741833871022093e-15,-6.783603354063151366e-15,-5.162599284117560513e-15,-3.955626399587729264e-15,-4.904551719089264105e-15,2.099946304225396582e-14,-8.822191747807012167e-14,3.019377292651777743e-13,2.650192485679675831e-13,-1.545808558655794660e-12,-1.872575055491896499e-12,6.356070951925706900e-12,-1.896919320682466950e-11,-2.112658669032791247e-11,7.009100859653533567e-11,6.430645534060276897e-11,4.502754214904837701e-11,-1.784967535283331145e-10,-1.599092354738682997e-10,8.399548503211928618e-10,-3.324682078951478162e-09,-3.235554280278393114e-09,-2.555101915904608799e-09,1.599006329472640421e-08,-5.280178933353394101e-08,-4.508892060086303272e-08,1.677441967702964931e-07,-7.990138923100858340e-07,2.335473969331736893e-06,2.243172298427485312e-06,-8.981015548316959873e-06,-9.183403261409514915e-06,3.209814046895230309e-05,3.969401590290155737e-05,-1.349323243741790352e-04,-1.148324718615466495e-04,5.244901624535935067e-04,6.158520890226359002e-04,4.446828070662724912e-04,-1.405660768935863749e-03,-1.707701648963426888e-03,9.598300747812205103e-03,6.954316374448712805e-03,-1.766054458627339466e-02,4.859835183890820823e-03,-1.348741444185377371e-03,-1.220897808388026308e-03,-1.405952082348442544e-03,3.851154951076650457e-04,4.537638091028392919e-04,-1.061394215475002027e-04,-7.994727204381011222e-05,3.257494887924894085e-05,3.754572205292191605e-05,3.375787339147987519e-05,1.943357751375939957e-06,2.102216744354546109e-06,2.353712662349124527e-06,1.833217143636966142e-06,-5.425558891904483426e-07,-4.116392493341694011e-07,1.381443718396264831e-07,-3.283105183635798724e-08,-3.289552807441192447e-08,9.032369120495401068e-09,1.208626076736637678e-08,1.574851135547815566e-08,5.763192893024215002e-10,6.710387979005028202e-10,7.721425196592048345e-10,7.804550698995786933e-10,-1.966157856761254178e-10,-1.882050220327637945e-10,6.553182498662457251e-11,6.103032991821611456e-11,-1.360556287819070430e-11,3.088511444537713797e-12,4.733866961469034241e-12,4.031392969111518467e-12,-9.877678204872300345e-13,-2.319254570797791680e-12,6.341473261643219916e-13,4.947180160604907025e-13,-6.495755683318236088e-14,-7.123545748504662576e-14,1.892184036347522866e-14,-4.167769617383564079e-15,-4.024174593022202680e-15,9.168827399454282994e-16,-2.893261433173341633e-16,-3.306837879606595556e-16,-4.707976144171155224e-16,9.526709724077055463e-17,9.790298361976762220e-17,8.630133742490491409e-17,-2.534783367433309073e-17,-2.847045907428555809e-17,7.588798019761874939e-18,6.754660505715595381e-18,-1.625563864056630087e-18,-1.511075155108642338e-18,-1.317481164753653743e-18,-1.058363362083907146e-19,-1.469696182225311120e-19,4.293548428385253267e-20,-1.438269231659123077e-19,4.068373671154861381e-20,-8.603292180403627000e-21,-9.920462302532791353e-21,-1.112906608976125828e-20,3.903086038887896591e-21,-1.066421087730855316e-21,-8.947507995663425635e-22,2.881712595052461292e-21,-8.781472823800945144e-21,-8.779335466001594352e-23,1.581194782667544419e-23,2.097085080542453640e-23,-4.218311779614719093e-24,-4.083293474540768538e-24,9.777731615083029663e-25,7.680159943790957573e-25,-2.326303536869105462e-25,6.173344512152085033e-26,7.457683530983531815e-26,-2.543682618638406235e-26,-2.491772913727570461e-26,-1.239209241032954674e-26,6.708871997782980869e-27,-1.430533153202778188e-27,-1.330909711388146972e-27,4.265389376627589308e-28,-1.144375711318897056e-28,2.689876537155060174e-29,2.546160539375449071e-29,-1.066686953600600088e-28,4.206099005886582864e-28,-1.341934002032586192e-27,-1.153850504181536016e-27,-1.229815341493184282e-27,-1.165896430272791119e-27,3.830152447956596866e-28,-1.387004291940614254e-28,2.372552418639194672e-29,-6.579348118452722070e-30,2.196256707544795859e-30,2.466285443191278197e-30,1.702167692756015259e-31,-1.977558044321821651e-34,-2.332146522543109652e-34,6.679469942614914706e-35,5.682852376108534939e-35,-1.511327139200029309e-35,3.480261008302185326e-36,4.286747615034069542e-36,-7.975580857907187773e-37,-8.316592405924147340e-37,3.270289083983760082e-37,-9.823735566513598405e-37,2.293213018684551863e-37,-8.989432592920064012e-38,8.238745865453780017e-53
2.698404528709653050e-58,-1.151616905903681512e-57,2.818211442945641602e-57,-1.271000322146912013e-56,5.335865934522455517e-56,-1.953081216615787696e-55,6.877279111405526896e-55,-3.067941881520828677e-54,9.942517709711883049e-54,-3.498923653447708909e-53,1.468170874332926774e-52,-5.150848777311019938e-52,2.229347159742243996e-51,-5.160532501536206338e-51,2.797626907470122128e-50,-7.968280110758519785e-50,4.461093841297483993e-49,-1.138128616871863036e-48,4.443173436829320094e-48,-2.073993172514702955e-47,7.560858545917848194e-47,-2.755363602195145208e-46,9.499033456511161676e-46,-3.406994561635998917e-45,7.428299382590352895e-33,4.603144360484785484e-33,-1.777178114484925873e-33,5.780543247232545228e-32,-4.071244771275927574e-30,2.586977894132032209e-28,2.991432353927873113e-27,-2.083949639509586333e-26,1.041710880177683014e-25,-2.930008996689092641e-25,-3.297351097774839081e-25,-2.104895751064820029e-25,-2.735838847053029559e-25,9.973891275086974076e-25,8.127732386369158231e-25,-3.511528808194077283e-24,1.328262842169142138e-23,-7.189429634058781993e-23,-6.899724290154944185e-23,-4.445943911380245445e-23,-3.898993188138298663e-23,-3.657730593206871048e-23,1.578251014720624152e-22,2.310517917366330606e-21,3.403203448877910215e-21,4.722474929553241066e-20,4.378845104823322783e-20,-1.435916305005151641e-19,-1.796021538034297530e-19,5.507847370855569840e-19,4.968769782787096693e-19,5.391380605834448939e-19,5.581253155144746081e-19,-1.999741459206187979e-18,-1.710334578815458747e-18,8.919547333497515456e-18,8.601865213260130749e-18,-2.783144867322669329e-17,1.016088353302000923e-16,9.978029185269669632e-17,1.016322500065469425e-16,-2.286279826577573878e-16,8.548819666690904816e-16,-5.701962525531068660e-15,-6.164932252634315167e-15,2.243314900012575692e-14,2.061540327801586561e-14,1.568916409906721889e-14,1.202116768749799992e-14,1.490495630561150426e-14,-6.381746936582835772e-14,2.681068322900827800e-13,-9.175902140448272975e-13,-8.053947733239653647e-13,4.697719657829069113e-12,5.690764616152859589e-12,-1.931613024796715331e-11,5.764746955363470015e-11,6.420379874483709971e-11,-2.130069128400577701e-10,-1.954276276239223263e-10,-1.368389175443892530e-10,5.424524940125105156e-10,4.859649370858992894e-10,-2.552626837228795321e-09,1.010372485704428812e-08,9.832865047437816589e-09,7.764967033524195681e-09,-4.859387939661004462e-08,1.604648921962169622e-07,1.370254469551902677e-07,-5.097754222164556359e-07,2.428207068569745821e-06,-7.097516645669434222e-06,-6.817011423059956964e-06,2.729334952400894608e-05,2.790840675924946302e-05,-9.754640354163800306e-05,-1.206303055841482927e-04,4.100599839092325697e-04,3.489764352774623766e-04,-1.593928130815095183e-03,-1.871577465861955268e-03,-1.351393193262165164e-03,4.271809849604739535e-03,5.189713539313459655e-03,-2.916928221950221972e-02,-2.113420096950362551e-02,5.367048009039838280e-02,-1.476906253968853985e-02,4.098831747437138920e-03,3.710314322267877461e-03,4.272695152469182210e-03,-1.170367845210448570e-03,-1.378990402205724098e-03,3.225582134878865730e-04,2.429601449461525923e-04,-9.899542659790604474e-05,-1.141016302230682010e-04,-1.025903398901881842e-04,-5.905873569992370896e-06,-6.388646815074840664e-06,-7.152944121627645497e-06,-5.571155732389920661e-06,1.648829961413374252e-06,1.250973662102565453e-06,-4.198214116331377982e-07,9.977372471852553752e-08,9.996966831663342386e-08,-2.744941327729296662e-08,-3.673020470651176703e-08,-4.785980188937976306e-08,-1.751437097033765281e-09,-2.039290140044509451e-09,-2.346544837611037144e-09,-2.371806717843384396e-09,5.975163200114677900e-10,5.719559687742276186e-10,-1.991515318823054960e-10,-1.854714666801359850e-10,4.134737114166658912e-11,-9.386001161134467845e-12,-1.438624450480381594e-11,-1.225142265734218783e-11,3.001831165761503491e-12,7.048225815375845016e-12,-1.927176779686352612e-12,-1.503450434477158592e-12,1.974063281970338703e-13,2.164848985264710932e-13,-5.750356403453844774e-14,1.266587194853611683e-14,1.222948597762689319e-14,-2.786411064453752927e-15,8.792635435837035518e-16,1.004949624925759076e-15,1.430756218628743097e-15,-2.895171675342852124e-16,-2.975276389403858662e-16,-2.622701802547012333e-16,7.703218866820310319e-17,8.652186230421206583e-17,-2.306239374669414224e-17,-2.052744582243410298e-17,4.940096415222276944e-18,4.592164677095454209e-18,4.003831607624652542e-18,3.216371356819949033e-19,4.466413779129254383e-19,-1.304811436120256309e-19,4.370907124936070654e-19,-1.236380718903373163e-19,2.614544638895907705e-20,3.014833273654923217e-20,3.382128546927771273e-20,-1.186149727817922802e-20,3.240858823885069820e-21,2.719151991004749672e-21,-8.757538461142620649e-21,2.668693822276036143e-20,2.668044278210937448e-22,-4.805258563100061913e-23,-6.373051664024256823e-23,1.281946982308075776e-23,1.240914854341066503e-23,-2.971457348967892550e-24,-2.334004307402201777e-24,7.069647657230165357e-25,-1.876082371707560267e-25,-2.266393618355588344e-25,7.730263734111311125e-26,7.572509890773938675e-26,3.765962854304660611e-26,-2.038829432620696782e-26,4.347397145232958976e-27,4.044641025548812868e-27,-1.296253886723400143e-27,3.477763300573086451e-28,-8.174547756880563404e-29,-7.737794147170390775e-29,3.241666791544228314e-28,-1.278235514487695671e-27,4.078143897934925433e-27,3.506557241734458545e-27,3.737414748341251607e-27,3.543164869165926368e-27,-1.163985174392757282e-27,4.215112726124823358e-28,-7.210198231767601355e-29,1.999467063284535527e-29,-6.674434716316956469e-30,-7.495053345009447058e-30,-5.172895819735217223e-31,6.009808425041613966e-34,7.087404518846023648e-34,-2.029894133888485670e-34,-1.727021575233098180e-34,4.592930457963311220e-35,-1.057652997295725493e-35,-1.302744665666039747e-35,2.423782865542955505e-36,2.527416439292814015e-36,-9.938424283258956632e-37,2.985437971973444941e-36,-6.969085413029304417e-37,2.731892896311311039e-37,-2.703300429793171274e-52
-1.206126687931407959e-57,2.528361535465118503e-57,-1.127704367173858910e-56,2.999438705354286575e-56,-1.206486938759262592e-55,4.137289458185303580e-55,-1.715242330502841625e-54,5.876276235242965390e-54,-2.526662639732448494e-53,1.283061495291474713e-52,-2.096537361591283523e-52,1.158597212058864536e-51,-3.239739820687798183e-51,1.839874994873243471e-50,-7.361269196466680945e-50,2.169170986991449531e-49,-1.065007225317509403e-48,3.080916506937702150e-48,-1.307613880529599117e-47,5.632250178425113904e-47,-1.112902728786272525e-46,6.895566927921509973e-46,-2.399246047076312548e-45,9.559481018013627523e-45,-1.857703242437224157e-32,-1.151175493001310863e-32,4.444448689393583593e-33,-1.445624816714039746e-31,1.018155599662522484e-29,-6.469633188594382455e-28,-7.481111486227072811e-27,5.211637015419465912e-26,-2.605158435487347090e-25,7.327501132057331040e-25,8.246167137724802809e-25,5.264020013665078510e-25,6.841911499780522270e-25,-2.494316559839953079e-24,-2.032620661898211472e-24,8.781792597350295604e-24,-3.321780749022333826e-23,1.797965598124142362e-22,1.725514754532289497e-22,1.111862082352472424e-22,9.750781322600424235e-23,9.147420739243566914e-23,-3.946962657829379835e-22,-5.778249375435969770e-21,-8.510887561250859196e-21,-1.181018230029878392e-19,-1.095081704491478355e-19,3.591005475530729672e-19,4.491573189030082525e-19,-1.377427778916328202e-18,-1.242612778644927269e-18,-1.348301235158146316e-18,-1.395785434749000706e-18,5.001045328773158291e-18,4.277283304122533033e-18,-2.230641382244778455e-17,-2.151193977874888375e-17,6.960216568969940485e-17,-2.541080442928319114e-16,-2.495351387432028251e-16,-2.541666007913382412e-16,5.717633644257594834e-16,-2.137928103845973369e-15,1.425972988751571323e-14,1.541754585439182590e-14,-5.610184981676857992e-14,-5.155594778998177644e-14,-3.923618249188162539e-14,-3.006308852236586272e-14,-3.727499960786728232e-14,1.595976597858758002e-13,-6.704938856289619094e-13,2.294751770310571649e-12,2.014168256805060499e-12,-1.174827317927279721e-11,-1.423172564120169654e-11,4.830666609518431963e-11,-1.441674407456849953e-10,-1.605638100486334910e-10,5.326974752416363650e-10,4.887343910096259881e-10,3.422130527070214399e-10,-1.356590122574891944e-09,-1.215323444624547103e-09,6.383726487068750790e-09,-2.526785938597710803e-08,-2.459048072817670968e-08,-1.941898635561555199e-08,1.215258064709282794e-07,-4.012979757235888932e-07,-3.426795340285285452e-07,1.274869799924525337e-06,-6.072571812550792408e-06,1.774979575649987071e-05,1.704829540665743517e-05,-6.825646261182229482e-05,-6.979462600742877235e-05,2.439485282083312301e-04,3.016778111354249730e-04,-1.025496849907845797e-03,-8.727363047166354290e-04,3.986168710117771879e-03,4.680526925116358476e-03,3.379626193869271922e-03,-1.068313836042253211e-02,-1.297867408507746671e-02,7.294788129532230048e-02,5.285338089547077234e-02,-1.342216027544111956e-01,3.693515023376454237e-02,-1.025054677422384229e-02,-9.278924545087765749e-03,-1.068535236650536291e-02,2.926909685394751479e-03,3.448642562079763836e-03,-8.066684017549711648e-04,-6.076058944356391546e-04,2.475723116496719917e-04,2.853505998015326843e-04,2.565626359963245622e-04,1.476967999716300766e-05,1.597702151176798644e-05,1.788841133525400384e-05,1.393260224869083491e-05,-4.123469730802524421e-06,-3.128492416094490556e-06,1.049908676894806265e-06,-2.495187153523095083e-07,-2.500087401060140435e-07,6.864675401712303593e-08,9.185658367322122664e-08,1.196899917101799008e-07,4.380074370332718078e-09,5.099950487065041036e-09,5.868347153011377311e-09,5.931523223873133093e-09,-1.494296268801302619e-09,-1.430373767935843507e-09,4.980473018914048422e-10,4.638355662384471261e-10,-1.034034056518309702e-10,2.347294298803206015e-11,3.597778130173749626e-11,3.063892073110707455e-11,-7.507117312683260580e-12,-1.762652698320108611e-11,4.819572243902150860e-12,3.759897929689681275e-12,-4.936828163236303460e-13,-5.413953816587395613e-13,1.438075552111086570e-13,-3.167539456236003806e-14,-3.058406047449047094e-14,6.968384824836240130e-15,-2.198902671721039898e-15,-2.513224199183395918e-15,-3.578100894416005620e-15,7.240378358068949781e-16,7.440707907783121932e-16,6.558973180262646487e-16,-1.926456370301059360e-16,-2.163778489070270974e-16,5.767549399261623503e-17,5.133597974344109963e-17,-1.235442011130953306e-17,-1.148429643323077214e-17,-1.001296605934949899e-17,-8.043649280547181135e-19,-1.116981280937644446e-18,3.263132395189387136e-19,-1.093096538006467883e-18,3.091997713200075414e-19,-6.538573370584465591e-20,-7.539633581546536963e-20,-8.458182478067774909e-20,2.966377742592848584e-20,-8.104888663376243622e-21,-6.800180243418373526e-21,2.190125459019790328e-20,-6.673992136522115934e-20,-6.672367726877767618e-22,1.201721141495837073e-22,1.593802044142767934e-22,-3.205951918480302227e-23,-3.103336887444979430e-23,7.431157075976972961e-24,5.836985218831081894e-24,-1.768009970963831811e-24,4.691793000654270021e-25,5.667901300970054520e-25,-1.933219874983642003e-25,-1.893768068967101218e-25,-9.418092951040659638e-26,5.098798328770182777e-26,-1.087217054254581106e-26,-1.011502412687618198e-26,3.241731282440600636e-27,-8.697350264375596077e-28,2.044328464871091345e-28,1.935103115283501635e-28,-8.106909266024182226e-28,3.196670109214114741e-27,-1.019880964958748620e-26,-8.769359475505914030e-27,-9.346698535869458503e-27,-8.860909512297314234e-27,2.910947608931834935e-27,-1.054134758880615040e-27,1.803159504470312761e-28,-5.000359106843893134e-29,1.669173302707266745e-29,1.874397380091540725e-29,1.293661555918643302e-30,-1.502960505845269356e-33,-1.772450688509084369e-33,5.076452523125883810e-34,4.319014911526940775e-34,-1.148621153321227067e-34,2.645027214512273003e-35,3.257963720669912674e-35,-6.061507562330462551e-36,-6.320679165499335212e-36,2.485446811553717254e-36,-7.466120460395165479e-36,1.742860902853232574e-36,-6.832043284850232451e-37,8.452401994766013307e-52
1.032828999420817212e-57,-1.718263198137837725e-57,1.318836023322897123e-56,-7.904372489737547267e-56,1.804379440924090280e-55,-8.490931085594697595e-55,3.288579481293109834e-54,-7.746433003716344719e-54,2.052441551288951475e-53,-1.681320891988580067e-52,6.955603486064326839e-52,-2.905464149723006923e-51,9.576863286303499692e-51,-1.997616923314248046e-50,1.801304169901711774e-49,-2.734460504445284720e-49,1.039941917339798879e-48,-8.156063243286949588e-48,2.170844545201733656e-47,-6.642576513371976939e-47,2.764099054868599044e-46,-1.517831178979349614e-45,3.614280920878198082e-45,-2.166214001062948535e-44,3.229718020823555521e-32,2.001381140941016640e-32,-7.726915525326285422e-33,2.513297288403759121e-31,-1.770118829054789407e-29,1.124780881036786116e-27,1.300631878704872050e-26,-9.060714113099629785e-26,4.529209485127726509e-25,-1.273925884027462993e-24,-1.433640960464079401e-24,-9.151784801654102587e-25,-1.189503488121382840e-24,4.336504861987369706e-24,3.533821458276787096e-24,-1.526762356812389805e-23,5.775096313162296735e-23,-3.125860880485695705e-22,-2.999901152458510301e-22,-1.933032640528303045e-22,-1.695226311464871399e-22,-1.590328795833317799e-22,6.862009029382407751e-22,1.004580048651137816e-20,1.479664044388987914e-20,2.053264360698829768e-19,1.903859041895396446e-19,-6.243158127876702874e-19,-7.808844027981287750e-19,2.394733032879511954e-18,2.160349830058105515e-18,2.344094954035041664e-18,2.426648814963793653e-18,-8.694589023870960956e-18,-7.436289420142766992e-18,3.878091239580027583e-17,3.739967610498876371e-17,-1.210071467182170890e-16,4.417806413539872352e-16,4.338303965981065372e-16,4.418824450081672221e-16,-9.940416744447446430e-16,3.716904167730168066e-15,-2.479131517765582801e-14,-2.680424114322257260e-14,9.753611406585553390e-14,8.963281640160707056e-14,6.821423506597167544e-14,5.226631280191682685e-14,6.480461206594617332e-14,-2.774692028936633437e-13,1.165690049842493666e-12,-3.989550632516521217e-12,-3.501740949455191428e-12,2.042501123640105212e-11,2.474262827389540952e-11,-8.398376363327705442e-11,2.506429287283620076e-10,2.791489076189241763e-10,-9.261235035467892512e-10,-8.496912929807393888e-10,-5.949559854562963831e-10,2.358505635165862173e-09,2.112905840163183269e-09,-1.109845534223109148e-08,4.392954641103518953e-08,4.275188681070508851e-08,3.376096286326896891e-08,-2.112792173628239311e-07,6.976783343581266711e-07,5.957669885788796537e-07,-2.216430414160542887e-06,1.055749603473893793e-05,-3.085898431523998776e-05,-2.963938784270049972e-05,1.186675688017797999e-04,1.213417494374591558e-04,-4.241177706481533160e-04,-5.244832655989824363e-04,1.782881991475632330e-03,1.517299483783010345e-03,-6.930170881452513663e-03,-8.137350364515171311e-03,-5.875663761922165704e-03,1.857321648228510425e-02,2.256413006202355812e-02,-1.268238550800225295e-01,-9.188847434841478090e-02,2.333515489972886048e-01,-6.421376546416819597e-02,1.782113250585273118e-02,1.613191446973710405e-02,1.857706565215281116e-02,-5.088591514673925821e-03,-5.995652467894875375e-03,1.402436844843171293e-03,1.056355860284790595e-03,-4.304179150505023257e-04,-4.960975215951564203e-04,-4.460480823948611119e-04,-2.567789115019330617e-05,-2.777691997133846473e-05,-3.109997503024892416e-05,-2.422258600386338419e-05,7.168876165834473063e-06,5.439054044509441926e-06,-1.825323279050509182e-06,4.338018436407132395e-07,4.346537782993476219e-07,-1.193461116154423549e-07,-1.596976615229753134e-07,-2.080875536566724270e-07,-7.614997273655142698e-09,-8.866541015335870838e-09,-1.020244036807277957e-08,-1.031227539978616892e-08,2.597915252313530490e-09,2.486782511483217745e-09,-8.658822945433798614e-10,-8.064033332981415419e-10,1.797724389016561181e-10,-4.080898673073182678e-11,-6.254932755949534944e-11,-5.326742838327498562e-11,1.305153132930702987e-11,3.064467485534697231e-11,-8.379088205918055377e-12,-6.536786835798316865e-12,8.582943992499519465e-13,9.412452864328004512e-13,-2.500172481729839635e-13,5.506939445322689475e-14,5.317205084644651977e-14,-1.211491562844784995e-14,3.822911766887815251e-15,4.369376820287160155e-15,6.220722812469308306e-15,-1.258779116408896778e-15,-1.293607497069246632e-15,-1.140313123995726834e-15,3.349249069153080127e-16,3.761846466961269558e-16,-1.002719799657472417e-16,-8.925039000126015552e-17,2.147883061128612534e-17,1.996607332086388508e-17,1.740808552466559972e-17,1.398432130661563353e-18,1.941932645407996965e-18,-5.673132963506138530e-19,1.900407722101944473e-18,-5.375606020675384578e-19,1.136766506245702962e-19,1.310806262941929927e-19,1.470500979317187463e-19,-5.157208876515019301e-20,1.409078930095886810e-20,1.182248282466056064e-20,-3.807652105717906298e-20,1.160309794469337478e-19,1.160027382026822152e-21,-2.089257497125477524e-22,-2.770911449152223973e-22,5.573721597983360077e-23,5.395319791186975824e-23,-1.291947033067589181e-23,-1.014791594152489049e-23,3.073781395100361621e-24,-8.156937048953016023e-25,-9.853954363554505450e-25,3.361007789522551418e-25,3.292418681243572907e-25,1.637386630486763713e-25,-8.864537925540502767e-26,1.890185920151650549e-26,1.758551902014097622e-26,-5.635925966214258490e-27,1.512081598427583026e-27,-3.554176109860536146e-28,-3.364281905105198367e-28,1.409430222844690058e-27,-5.557584668269279284e-27,1.773118470365993404e-26,1.524600791027362167e-26,1.624974323504824532e-26,1.540517262338705507e-26,-5.060840577482030781e-27,1.832670552196865767e-27,-3.134890768866954991e-28,8.693395989762712050e-29,-2.901948477283087313e-29,-3.258741686173507091e-29,-2.249100902961294818e-30,2.612978499165079819e-33,3.081501823828505266e-33,-8.825688528322992163e-34,-7.508842087001625603e-34,1.996940282623455510e-34,-4.598523523637019703e-35,-5.664146942026544663e-35,1.053826023458135200e-35,1.098884414815770546e-35,-4.321084322675276680e-36,1.298025607413858866e-35,-3.030058373775814164e-36,1.187787845339174775e-36,-2.486204629088226180e-51
1.408586577303293172e-59,2.132492833824630616e-57,1.184751926142378368e-56,7.792478301107644596e-56,1.556553955629127566e-55,-4.966306006377702846e-55,1.341469171888288786e-54,1.862184999787936277e-53,3.640636768616901646e-53,2.533721652093507114e-52,3.700112237129068941e-52,-2.299869106341157147e-52,8.840320075851028982e-52,1.941235891607734263e-50,-8.922452651226348851e-50,8.090033496412707092e-50,7.064363646082132189e-49,-1.196076378937951060e-48,1.913087999838285817e-47,-4.248451085698074941e-47,-3.308891836821168736e-46,1.278460091565143297e-45,3.274514987289235192e-45,-1.204757590276169042e-45,4.402098494056552748e-44,4.057541558488994361e-44,-3.402417039714515760e-43,-5.716871321299043089e-43,-6.844717521800962081e-42,5.684463693453063850e-42,1.230049280357201094e-40,-2.342792730276681835e-39,6.280368965635675838e-39,-1.992832218139251215e-38,-2.551176282945935413e-38,-1.367923887699353400e-38,-2.106611029774962595e-38,7.848245339985028996e-38,4.016756282092524908e-38,-3.503032700590882434e-37,7.032020518732152826e-37,-4.751852270929650777e-36,-4.617556883267232737e-36,-3.232156230059745565e-36,-2.124408825979004730e-36,-4.045158810549661100e-36,1.100863194252339138e-35,1.910698020533265796e-34,2.162747277543557835e-34,2.478731600520900053e-33,3.723033959120109558e-33,-9.274403636332595344e-33,-1.256803834203287686e-32,3.471216052860546798e-32,3.612898572497916757e-32,3.371720664724769099e-32,3.126192911829980278e-32,-1.581647814466549272e-31,-1.150924349195998837e-31,6.338581419034648588e-31,6.382891168236071956e-31,-1.747505067916846581e-30,5.943970378061087367e-30,6.802151310354281568e-30,7.583792977140619830e-30,-1.555997910148081781e-29,5.508582131940954516e-29,-3.695923177744863162e-28,-4.885143162296459775e-28,1.752222192088815523e-27,1.373715472998505975e-27,1.180535947512417307e-27,7.379025690065531514e-28,1.016655470131354804e-27,-5.589588279959011758e-27,2.047059298673249680e-26,-6.916351197690266099e-26,-6.525880341036896505e-26,3.556586381920584859e-25,5.801365826378356930e-25,-1.511695974793223547e-24,3.009614858700419820e-24,5.049927700514581890e-24,-1.503405800433435249e-23,-1.404127833047679793e-23,-9.470048557411582217e-24,3.622809310735103329e-23,4.051276419277787434e-23,-2.386553275517846415e-22,7.250329913675734551e-22,6.791738910683450001e-22,6.871460300538228387e-22,-3.620155325817802703e-21,1.263611823581118770e-20,1.334673549421815289e-20,-3.694834034275158430e-20,1.466757840254067361e-19,-5.024387943557488429e-19,-4.737677090440215812e-19,2.006863650200046377e-18,2.164113645115072932e-18,-6.975883315193868076e-18,-8.102908980824280214e-18,3.161868859067447637e-17,2.294427138053389045e-17,-1.120341588118727361e-16,-1.122583691681284226e-16,-8.303610745465032184e-17,3.577192238082301765e-16,3.281471173153900253e-16,-2.006744694096353017e-15,-1.767326795833041899e-15,2.950577247330684828e-15,-1.427554467700220075e-15,2.483083037216404461e-16,3.070895032211996322e-16,2.785652330962514226e-16,-9.903525079597958143e-17,-9.632176568860737863e-17,2.507749602195681360e-17,1.701570070274086882e-17,-7.205913195755259827e-18,-7.501515236187183039e-18,-7.005827579182671194e-18,-4.428991948761085790e-19,-4.895650729062986816e-19,-5.525300262153096017e-19,-4.645571840290125189e-19,1.263435256620702043e-19,9.138750787092492322e-20,-2.308819851330928560e-20,9.116412094800463063e-21,6.979310531679975926e-21,-2.036211220961260293e-21,-2.381621535067686002e-21,-3.066886703707966552e-21,-1.740269420260308153e-22,-1.370713612554446362e-22,-1.512655458096421625e-22,-1.642004534024996133e-22,4.586664903188191279e-23,4.645256439643407417e-23,-1.405250024190413093e-23,-1.223514033217514469e-23,3.093676176911129198e-24,-4.104638848490025651e-25,-1.010965729328093950e-24,-7.294668672955655314e-25,2.670948503340386534e-25,4.818308591825586002e-25,-1.369050233202155093e-25,-1.012759945931231203e-25,1.424466255680539723e-26,1.551142569765430807e-26,-2.967840533198320036e-27,1.236138701973858416e-27,8.926465367437379700e-28,-1.564458397635899134e-28,7.916704092208240278e-29,6.780736604987105204e-29,1.029161095856134014e-28,-1.902519254841251012e-29,-2.084546894241423879e-29,-2.118517703828847876e-29,3.536487019307570928e-30,5.879616287894727795e-30,-2.159441446397826071e-30,-1.519218516851286964e-30,3.062896853295222093e-31,3.466918444197582852e-31,2.729551240471139403e-31,1.575270714663921737e-32,3.316319639895196473e-32,-1.083695407989366780e-32,2.767706502146354997e-32,-8.316275194779682802e-33,2.095613636651263178e-33,2.580874821072324594e-33,1.965787924550150907e-33,-8.750418803509544671e-34,1.236336584729686094e-34,2.022099272623292193e-34,-5.774676371338184472e-34,1.645225462693962479e-33,-6.217542705305713917e-35,-2.462196767382893717e-35,-5.826292807781305488e-36,1.057034539685648177e-36,1.157607402528905098e-36,-1.197497056113676129e-37,-1.645291389920820753e-37,3.412678755403136174e-38,-6.579951260542566744e-39,-1.604030963905097603e-38,6.400015593168710823e-39,5.866407463631030951e-39,2.649144804038281266e-39,-1.401269546425304482e-39,3.562029877243280927e-40,2.814871704109914296e-40,-7.466801551872157107e-41,2.768496880468317009e-41,-6.418287164566527424e-42,-3.174257326645912606e-42,2.852182027185914978e-41,-6.454211258518143718e-41,2.996409565654797414e-40,2.424601172853664461e-40,2.117890309003603938e-40,2.450543933631492860e-40,-7.468389012467042711e-41,2.631391253295763960e-41,-2.938441611805797051e-42,1.445840080036506124e-42,-3.760946643449827610e-43,-5.224362511456377489e-43,-1.931890036383345509e-44,2.038198877955952987e-45,2.108217429292556510e-46,-6.624549431129252045e-47,9.612653577620526814e-49,6.669658866263559988e-49,-9.167562478254486864e-48,-2.253760494605300271e-48,-1.965674955048359285e-50,1.401004186630954809e-49,-1.420524306568567905e-51,2.519588922441798540e-49,-2.567452426329851934e-50,2.031420578597300888e-50,-7.220461318723051285e-52
-1.579843653771651657e-56,2.954908362223937700e-56,-1.431810508762317018e-55,5.839582728076784258e-55,-2.029519428654518599e-54,8.105083582760265995e-54,-3.202214101938617130e-53,1.043227497715879603e-52,-4.844534859805432428e-52,1.186180990925130822e-51,-9.689323795094752450e-51,1.017527591100887895e-50,-9.649451524619949969e-50,4.346036086958176044e-49,-7.224888592653555398e-49,2.198766416196753773e-48,-2.227030294553139675e-47,4.377609612156190062e-47,-1.665186368563882183e-46,6.222984513039908169e-46,-3.680183055674242520e-45,1.094551222666214179e-44,-3.940121661881190738e-44,1.834380640580429081e-43,-2.999869285074506543e-31,-1.858949225201372660e-31,7.177015579213430468e-32,-2.334433932365324714e-30,1.644145114829737339e-28,-1.044733811343919560e-26,-1.208070054091123295e-25,8.415891973689058654e-25,-4.206880084422313465e-24,1.183264639920730511e-23,1.331613303511906316e-23,8.500481451657041415e-24,1.104850316807015639e-23,-4.027889635001216926e-23,-3.282330650314269457e-23,1.418107546937317036e-22,-5.364101118581409646e-22,2.903403326335481404e-21,2.786407750613751427e-21,1.795464869681878484e-21,1.574582458971680012e-21,1.477150165132145850e-21,-6.373661721681386756e-21,-9.330872890193269335e-20,-1.374361071267660940e-19,-1.907140081606188240e-18,-1.768367463063190333e-18,5.798852466044215819e-18,7.253113491779268856e-18,-2.224307516931940043e-17,-2.006604619481462400e-17,-2.177273188733228578e-17,-2.253951954547383897e-17,8.075822839916184396e-17,6.907072407739761255e-17,-3.602099848755780404e-16,-3.473806038041653849e-16,1.123954538365273939e-15,-4.103405214305282768e-15,-4.029560702498924998e-15,-4.104350800431721859e-15,9.232988973106600867e-15,-3.452383946972442152e-14,2.302699630696715389e-13,2.489666874843082612e-13,-9.059477975636595986e-13,-8.325393459251047721e-13,-6.335964541173010075e-13,-4.854668593593878291e-13,-6.019267441131706382e-13,2.577226042484468849e-12,-1.082731605017236184e-11,3.705627032010609957e-11,3.252533209038281036e-11,-1.897142829817558666e-10,-2.298177429494171917e-10,7.800690690148096605e-10,-2.328054704978811159e-09,-2.592827697430237407e-09,8.602142461239079780e-09,7.892214723309277406e-09,5.526148645900746387e-09,-2.190658307626777133e-08,-1.962537067103972127e-08,1.030861365551644298e-07,-4.080322063289985453e-07,-3.970937131214630819e-07,-3.135830276050959869e-07,1.962431489853972508e-06,-6.480267913819762290e-06,-5.533681512057651513e-06,2.058694127188712014e-05,-9.806152697452060190e-05,2.866284877472881224e-04,2.753004709527342997e-04,-1.102223762222256064e-03,-1.127062439468977557e-03,3.939346609265932664e-03,4.871574635499353705e-03,-1.655999963667499630e-02,-1.409318116415405990e-02,6.436972712028084243e-02,7.558241079564484433e-02,5.457511502604994735e-02,-1.725141987350265471e-01,-2.095831285612628769e-01,1.177982056069021288e+00,8.534906455389839053e-01,-2.167446631402842883e+00,5.964387647866912223e-01,-1.655285931615695649e-01,-1.498385754273125203e-01,-1.725499511022141330e-01,4.726452678140669744e-02,5.568960994877251991e-02,-1.302629885326313242e-02,-9.811783811915150699e-03,3.997864441356193191e-03,4.607918424579283967e-03,4.143042622964001123e-03,2.385047749379298309e-04,2.580012512508474370e-04,2.888668894878807392e-04,2.249874177546143817e-04,-6.658690102272516939e-05,-5.051973906942852275e-05,1.695420840101294574e-05,-4.029295493154546420e-06,-4.037208545002569098e-06,1.108526293069189926e-06,1.483324880414255959e-06,1.932786258107304956e-06,7.073062193007952642e-08,8.235537556302315311e-08,9.476365210725341181e-08,9.578383633367123225e-08,-2.413029905519269765e-08,-2.309806127581533740e-08,8.042602119265213656e-09,7.490141787442725082e-09,-1.669786075090488048e-09,3.790474123722914315e-10,5.809789131372624858e-10,4.947655531275823727e-10,-1.212269545066695192e-10,-2.846379103591418735e-10,7.782775209413933070e-11,6.071584554861528581e-11,-7.972123229522052224e-12,-8.742598599275985457e-12,2.322243176330662009e-12,-5.115028120187364841e-13,-4.938796549117842519e-13,1.125273570346605450e-13,-3.550847323232279495e-14,-4.058422200819036989e-14,-5.778013800514373415e-14,1.169195819468255163e-14,1.201545575303973013e-14,1.059160674085650094e-14,-3.110893689739036210e-15,-3.494127846035690981e-15,9.313594280163862938e-16,8.289872425996586621e-16,-1.995025070754739415e-16,-1.854515153107100345e-16,-1.616920757189720362e-16,-1.298910173886661962e-17,-1.803731489585988877e-17,5.269394175478425700e-18,-1.765161762697220637e-17,4.993041276703537734e-18,-1.055866457814879514e-18,-1.217520359836240987e-18,-1.365850112326725643e-18,4.790186761080029869e-19,-1.308799274545436485e-19,-1.098111441009810164e-19,3.536673643502627373e-19,-1.077734245267646819e-18,-1.077471931218395516e-20,1.940571701253338009e-21,2.573714514511452285e-21,-5.177057599933342560e-22,-5.011352081011942166e-22,1.200003281232037108e-22,9.425721113800225782e-23,-2.855030171904467422e-23,7.576433842109913092e-24,9.152679844234383828e-24,-3.121815579464616107e-24,-3.058107739371418331e-24,-1.520859043705694396e-24,8.233677020022149448e-25,-1.755667413806358053e-25,-1.633401369112747501e-25,5.234835081574216234e-26,-1.404471571326988464e-26,3.301236726231965058e-27,3.124856686678573956e-27,-1.309125566909169170e-26,5.162069084065216944e-26,-1.646931281230786716e-25,-1.416099812898504373e-25,-1.509330081043331505e-25,-1.430883559685628284e-25,4.700676686683442881e-26,-1.702245231239682078e-26,2.911790586346413828e-27,-8.074714710242202980e-28,2.695426055074080514e-28,3.026827428683946408e-28,2.089039561449494136e-29,-2.427021149109998581e-32,-2.862201162331419601e-32,8.197592410558668946e-33,6.974461732584184755e-33,-1.854824408615785348e-33,4.271261263771983160e-34,5.261047660501539504e-34,-9.788285847871286561e-35,-1.020680314070340248e-34,4.013566526313901226e-35,-1.205649262819542742e-34,2.814418778626015012e-35,-1.103256770852437240e-35,1.028314058722136677e-50
-1.186778072592835656e-57,-2.970959905686941292e-55,7.562497405193423695e-55,-2.911427159671133344e-54,1.374427960291454476e-53,-5.010809991158749298e-53,1.801628155754368841e-52,-5.530876819661866947e-52,2.366283501050833868e-51,-9.371427756784244904e-51,2.359312971381354787e-50,-1.451382970755443581e-49,4.393584113443072334e-49,-1.526766877578734201e-48,5.838766040416531687e-48,-2.353886669854638986e-47,9.994857277209026321e-47,-3.119380144061560426e-46,9.781149989382006485e-46,-5.264563907732366901e-45,1.377429754252958796e-44,-7.050177861117704481e-44,1.855562075070143393e-43,-9.807993196355594466e-43,1.702345549227015558e-30,1.054903943814512672e-30,-4.072764299742309935e-31,1.324728792181816903e-29,-9.330083588770255485e-28,5.928584831067178820e-26,6.855474303390125654e-25,-4.775793503890645537e-24,2.387291880841972526e-23,-6.714710215368696160e-23,-7.556549186335248425e-23,-4.823795769204891846e-23,-6.269729913685585949e-23,2.285719590195158196e-22,1.862634815941044781e-22,-8.047380873774246131e-22,3.043983852980026016e-21,-1.647603698863708106e-20,-1.581211840191733344e-20,-1.018878270764196531e-20,-8.935334130246456637e-21,-8.382431933494462793e-21,3.616882481567717756e-20,5.295020691084376486e-19,7.799131329965435903e-19,1.082250965342633860e-17,1.003501217576444013e-17,-3.290693609653674185e-17,-4.115947828859437640e-17,1.262234998171232268e-16,1.138694429129635230e-16,1.235544275455979575e-16,1.279057423296571668e-16,-4.582813369993528578e-16,-3.919578772982553321e-16,2.044095279720250484e-15,1.971291975006567829e-15,-6.378141259149695222e-15,2.328572660815645932e-14,2.286667876285933331e-14,2.329109255640555204e-14,-5.239474187300863142e-14,1.959135511533904244e-13,-1.306720425128293929e-12,-1.412819333339820169e-12,5.141011339017958503e-12,4.724438018492788712e-12,3.595490340324754193e-12,2.754894526368861103e-12,3.415773210184922941e-12,-1.462506818081202883e-11,6.144212142770386837e-11,-2.102844186052492699e-10,-1.845725565332398794e-10,1.076577792457555355e-09,1.304154196950238832e-09,-4.426683236945031559e-09,1.321108751336101143e-08,1.471360339796184474e-08,-4.881485671912611943e-08,-4.478620676777620769e-08,-3.135941488690262534e-08,1.243139972271059176e-07,1.113687272308380495e-07,-5.849862413164204555e-07,2.315473590269967843e-06,2.253400568222846153e-06,1.779499773581704737e-06,-1.113627360044025337e-05,3.677378643053727075e-05,3.140216188671003281e-05,-1.168253830950247179e-04,5.564729264237779907e-04,-1.626539972344083484e-03,-1.562256508168770016e-03,6.254824919226622745e-03,6.395777766305682163e-03,-2.235473792311419572e-02,-2.764488252780877495e-02,9.397356683821199430e-02,7.997503207425046834e-02,-3.652809774523481101e-01,-4.289099570369219183e-01,-3.096991746452329441e-01,9.789719167301677016e-01,1.189328174645293945e+00,-6.684732965516130498e+00,-4.843331037684159845e+00,1.229967967108536087e+01,-3.384630395972427763e+00,9.393304742986817724e-01,8.502938219682382170e-01,9.791748018473911408e-01,-2.682135425131444428e-01,-3.160236351168007607e-01,7.392076043471662583e-02,5.567924771019058111e-02,-2.268681096211244350e-02,-2.614870407957168089e-02,-2.351065829617621922e-02,-1.353450779022016999e-03,-1.464088065259879423e-03,-1.639242303273759360e-03,-1.276743393960914994e-03,3.778628460806451829e-04,2.866860012228357696e-04,-9.621059609403860655e-05,2.286517377079432588e-05,2.291007822266929094e-05,-6.290590095361206749e-06,-8.417471790499374027e-06,-1.096804484270465739e-05,-4.013773534592396562e-07,-4.673447197920166420e-07,-5.377583689924569917e-07,-5.435476414980099368e-07,1.369329903889115145e-07,1.310753171955849757e-07,-4.563961499939171462e-08,-4.250455044280790502e-08,9.475589177279578346e-09,-2.150992640273438621e-09,-3.296899874585890246e-09,-2.807662125372793817e-09,6.879305290982948654e-10,1.615243978302073906e-09,-4.416516681008137500e-10,-3.445461772333083325e-10,4.523966615873509818e-11,4.961190771944237934e-11,-1.317810864332287562e-11,2.902641591049417414e-12,2.802634890045464702e-12,-6.385626412699141787e-13,2.015010842893072587e-13,2.303046004310945042e-13,3.278868224563389019e-13,-6.634873423814795977e-14,-6.818449632083261209e-14,-6.010453416808064473e-14,1.765348928099137941e-14,1.982824057275290567e-14,-5.285215542231131686e-15,-4.704280782587365014e-15,1.132123345071051255e-15,1.052387726549363388e-15,9.175592643815389653e-16,7.370967676366467342e-17,1.023569356362801171e-16,-2.990240196923282642e-17,1.001682068396405041e-16,-2.833417321478039215e-17,5.991759620932908034e-18,6.909102259794962059e-18,7.750833915325272005e-18,-2.718302811812480648e-18,7.427085676494249162e-19,6.231488596714755236e-19,-2.006967658903689795e-18,6.115853463377502557e-18,6.114364901337601106e-20,-1.101222514934083651e-20,-1.460514119917465690e-20,2.937841661029720449e-21,2.843808212965319989e-21,-6.809697525909777481e-22,-5.348844520046741142e-22,1.620153228085735878e-22,-4.299423476314536822e-23,-5.193900905565554580e-23,1.771546808272113062e-23,1.735394313704072832e-23,8.630468123843048179e-24,-4.672391393365146637e-24,9.962942794492053612e-25,9.269115706621087290e-25,-2.970628835859710754e-25,7.970000360879575114e-26,-1.873363508138389500e-26,-1.773272555242546749e-26,7.428937298349606494e-26,-2.929336079335031703e-25,9.345894337577314920e-25,8.035987520330440259e-25,8.565044345636725841e-25,8.119881327534531915e-25,-2.667508239689582527e-25,9.659786203053849694e-26,-1.652363244494862760e-26,4.582184536054716410e-27,-1.529582162447553395e-27,-1.717643574382803393e-27,-1.185474052914650948e-28,1.377269560251567398e-31,1.624222573272675172e-31,-4.651914343041352316e-32,-3.957820411638311751e-32,1.052563220775548237e-32,-2.423826477421123645e-33,-2.985503773008737717e-33,5.554590305179150038e-34,5.792087670238326279e-34,-2.277591609270694176e-34,6.841736960675574511e-34,-1.597107349073794404e-34,6.260686966792009168e-35,-6.153423644436082012e-50
-2.170996844611597598e-55,9.432851271039196399e-55,-3.566236612185766132e-54,1.209816673388942241e-53,-3.960618674897309867e-53,1.593771891980000167e-52,-6.187835443406222141e-52,2.811680127732376759e-51,-9.897102866173049557e-51,3.276758427182152978e-50,-1.141572268571210702e-49,4.946895879741058598e-49,-1.869946654459486760e-48,5.317291850766311630e-48,-2.760995393800898235e-47,8.904317140535496635e-47,-3.463526535937845519e-46,9.487797379517133233e-46,-6.065253274569564166e-45,1.648090334674305732e-44,-5.985836011240266263e-44,2.705966848899113736e-43,-9.356478746591041136e-43,3.327907727260901897e-42,-6.921854497952731264e-30,-4.289312244345850824e-30,1.656014074233803001e-30,-5.386438700947891794e-29,3.793676382831139665e-27,-2.410603511023725735e-25,-2.787483167801850360e-24,1.941870600902029030e-23,-9.706893556856119787e-23,2.730247518067645168e-22,3.072545053981163041e-22,1.961388653287354618e-22,2.549315456177823040e-22,-9.293893612631891177e-22,-7.573601719475220498e-22,3.272120605782639718e-21,-1.237704844002765848e-20,6.699270356129151162e-20,6.429316476445446701e-20,4.142829371251212827e-20,3.633168528460608259e-20,3.408354679165800982e-20,-1.470649380496071750e-19,-2.152991958887703569e-18,-3.171180627867575014e-18,-4.400507121349827108e-17,-4.080305211675471742e-17,1.338018733841170507e-16,1.673572795221864749e-16,-5.132334621213280569e-16,-4.630010140799399343e-16,-5.023808300476516746e-16,-5.200735762845888244e-16,1.863403546522969361e-15,1.593727781775708710e-15,-8.311432489486157098e-15,-8.015409227682987685e-15,2.593396257491670595e-14,-9.468137155466214368e-14,-9.297749409327071842e-14,-9.470318987059697022e-14,2.130406367070928653e-13,-7.965980208171825379e-13,5.313215437576295339e-12,5.744620921242880571e-12,-2.090370693374840780e-11,-1.920989106086996836e-11,-1.461951188219493051e-11,-1.120159128526696663e-11,-1.388876962708539966e-11,5.946653663599639290e-11,-2.498279064208108931e-10,8.550309597444844561e-10,7.504847539434846623e-10,-4.377439608840343500e-09,-5.302780976684887152e-09,1.799919956825297882e-08,-5.371719365010273935e-08,-5.982652693957117572e-08,1.984845765900319451e-07,1.821038078330103056e-07,1.275095453368245826e-07,-5.054692927976749198e-07,-4.528329315186268952e-07,2.378594432567300849e-06,-9.414875430538034774e-06,-9.162482238654319497e-06,-7.235568899314914742e-06,4.528085707784300324e-05,-1.495247537296901799e-04,-1.276833575884117524e-04,4.750200708772938773e-04,-2.262657326243131851e-03,6.613623790295474793e-03,6.352242788155226111e-03,-2.543254982557493007e-02,-2.600567383027336740e-02,9.089590730503896432e-02,1.124060003901108384e-01,-3.821030087594091684e-01,-3.251840002392616946e-01,1.485257665779751157e+00,1.743977488401941223e+00,1.259258219345681162e+00,-3.980567381437921437e+00,-4.835890444774671337e+00,2.718058561376534499e+01,1.969331828282193086e+01,-5.001134645862587291e+01,1.376214079504043930e+01,-3.819382540484600685e+00,-3.457353366856444676e+00,-3.981392326327552578e+00,1.090574775784920236e+00,1.284973912133277052e+00,-3.005669138909760063e-01,-2.263956641355584221e-01,9.224613920107382903e-02,1.063224355543030131e-01,9.559595932279103814e-02,5.503224281807207914e-03,5.953083123764794926e-03,6.665272344562258797e-03,5.191326759854290179e-03,-1.536416412014901230e-03,-1.165685067855763831e-03,3.911989241119233135e-04,-9.297137469166068865e-05,-9.315395929226088243e-05,2.557797350022762375e-05,3.422602126866827792e-05,4.459682733784923526e-05,1.632028021972471437e-06,1.900255886506804273e-06,2.186562644060643717e-06,2.210102225640092788e-06,-5.567789899483809940e-07,-5.329612864514735195e-07,1.855738246044471727e-07,1.728264357372347446e-07,-3.852839959389918659e-08,8.746084535482607043e-09,1.340542243997851639e-08,1.141614798480278994e-08,-2.797173011837038001e-09,-6.567693498878407994e-09,1.795786165012441248e-09,1.400948536986539169e-09,-1.839476050141252487e-10,-2.017254409692658807e-10,5.358309928834728674e-11,-1.180234104766565892e-11,-1.139570689898530379e-11,2.596439772586927212e-12,-8.193173161957697202e-13,-9.364344008284652010e-13,-1.333210450645410488e-12,2.697785327593424363e-13,2.772428680906577145e-13,2.443891843037687788e-13,-7.178030584900523832e-14,-8.062299470124520919e-14,2.149005117689467625e-14,1.912793034843904456e-14,-4.603291659485198445e-15,-4.279081131274822790e-15,-3.730859298326565865e-15,-2.997086331156184642e-16,-4.161903649070854951e-16,1.215852302514833746e-16,-4.072908425552927930e-16,1.152087038977382541e-16,-2.436290816611467857e-17,-2.809288665012768191e-17,-3.151542565729231340e-17,1.105280684834407777e-17,-3.019904297330985105e-18,-2.533766272758366196e-18,8.160469020721481196e-18,-2.486748229437177365e-17,-2.486142969837801318e-19,4.477646751392888014e-20,5.938551215331136694e-20,-1.194546696169179868e-20,-1.156312047173375490e-20,2.768870014129966452e-21,2.174877099232414935e-21,-6.587654847332043022e-22,1.748175259814244510e-22,2.111875956173485528e-22,-7.203231593457546855e-23,-7.056233055321934526e-23,-3.509207906091383716e-23,1.899826589087632064e-23,-4.051001303831887615e-24,-3.768886421153536297e-24,1.207878187750028252e-24,-3.240657155164344613e-25,7.617225322437062176e-26,7.210248599749257941e-26,-3.020657179557147437e-25,1.191088267947138313e-24,-3.800105142421521364e-24,-3.267487989636203354e-24,-3.482606146321972637e-24,-3.301599790675056276e-24,1.084627261228365523e-24,-3.927735741385778330e-25,6.718622997166188202e-26,-1.863147858303278258e-26,6.219386643290422726e-27,6.984057324097022023e-27,4.820219319808867137e-28,-5.600073090244125311e-31,-6.604201085726424834e-31,1.891500479094515535e-31,1.609277095994447355e-31,-4.279794702910998548e-32,9.855445748141013024e-33,1.213926439860684055e-32,-2.258534755511443029e-33,-2.355102823336066577e-33,9.260844681205018021e-34,-2.781897469439855995e-33,6.493948712657720356e-34,-2.545638531557054565e-34,2.466280599523351560e-49
9.258529767409548557e-55,-2.133821591438127292e-54,1.234027912831048546e-53,-3.972319478360550816e-53,1.618869655059080752e-52,-6.482815549416176818e-52,2.050161473329448560e-51,-8.857425231975881908e-51,3.133320397340974000e-50,-1.114639568302402101e-49,4.860190793425173481e-49,-1.803211948728814992e-48,4.417560006053085050e-48,-2.356459044054904746e-47,1.095123500224216586e-46,-2.523228291584239221e-46,1.250103582692478297e-45,-4.556507727192080722e-45,1.642854511344896292e-44,-6.965304466657297135e-44,2.099852657567435040e-43,-7.660841229674264641e-43,3.661499141564056985e-42,-1.199955053580422823e-41,2.344135868079300227e-29,1.452606477692167327e-29,-5.608210907524518242e-30,1.824156252318758746e-28,-1.284755824253627474e-26,8.163682370932076234e-25,9.440012466666453483e-24,-6.576284618652582626e-23,3.287309399668456086e-22,-9.246179817461728375e-22,-1.040539507072583153e-21,-6.642383908496120100e-22,-8.633440361457596010e-22,3.147443994659258775e-21,2.564854757698579610e-21,-1.108127204778162356e-20,4.191576577896722534e-20,-2.268756145684602444e-19,-2.177334320466955175e-19,-1.402998997935600338e-19,-1.230398683598668250e-19,-1.154263854713016497e-19,4.980460024419084818e-19,7.291262299732518005e-18,1.073943154416534928e-17,1.490263423472264071e-16,1.381824741076202625e-16,-4.531296789158517809e-16,-5.667674780338364709e-16,1.738102075987186259e-15,1.567986273596235967e-15,1.701348856001847764e-15,1.761266615138652697e-15,-6.310550288803674202e-15,-5.397273892885745812e-15,2.814726460876821314e-14,2.714476051686047839e-14,-8.782723169242772376e-14,3.206452825119360233e-13,3.148749787974599689e-13,3.207191718099263688e-13,-7.214774566719390721e-13,2.697736558303979939e-12,-1.799358666920941014e-11,-1.945457240395458667e-11,7.079190874890144628e-11,6.505567932843145430e-11,4.951002969941850480e-11,3.793499548297170196e-11,4.703531843377414493e-11,-2.013877083376124330e-10,8.460601945063612674e-10,-2.895623913574604997e-09,-2.541570659548186077e-09,1.482451444258189420e-08,1.795824961604419159e-08,-6.095558541015886670e-08,1.819171443216958540e-07,2.026068414225690818e-07,-6.721823109441318177e-07,-6.167076580149068229e-07,-4.318202568906646073e-07,1.711808157496408859e-06,1.533551329827023668e-06,-8.055281321854761367e-06,3.188415358449576308e-05,3.102940586605019735e-05,2.450377509071021085e-05,-1.533468830426195273e-04,5.063763453669933639e-04,4.324088845964023787e-04,-1.608689674899307399e-03,7.662651962979583585e-03,-2.239751319447944033e-02,-2.151232760941293801e-02,8.612916131144514320e-02,8.807008702242105636e-02,-3.078255352498414643e-01,-3.806710143643788902e-01,1.294019353338029754e+00,1.101259032405149219e+00,-5.029932034434254184e+00,-5.906105343438722954e+00,-4.264568635494085491e+00,1.348047806681897320e+01,1.637709121024235159e+01,-9.204901037934445185e+01,-6.669284042582067684e+01,2.211109497041910572e+02,-4.660648077586382243e+01,1.293461399645870813e+01,1.170857613125367358e+01,1.348327180208969089e+01,-3.693310007450227861e+00,-4.351656680834746993e+00,1.017891496878798874e+00,7.667052187167969768e-01,-3.123981927922044877e-01,-3.600685839873422056e-01,-3.237425998456246456e-01,-1.863706530220547025e-02,-2.016054466357811853e-02,-2.257242474257254924e-02,-1.758080188523936799e-02,5.203184812358528123e-03,3.947676420031243950e-03,-1.324823325650869047e-03,3.148542550032672454e-04,3.154725909006079760e-04,-8.662164905721052115e-05,-1.159088855468876116e-04,-1.510303670730526137e-04,-5.526980414205801983e-06,-6.435353391793371136e-06,-7.404951842402289665e-06,-7.484670330440856342e-06,1.885572141565773169e-06,1.804911773626951877e-06,-6.284591196776286188e-07,-5.852891693748167627e-07,1.304791995475720130e-07,-2.961924506061942900e-08,-4.539842838015062811e-08,-3.866160719558052575e-08,9.472827821230344369e-09,2.224196695528308028e-08,-6.081559157378803831e-09,-4.744413098910304018e-09,6.229518099354563402e-10,6.831577315300328425e-10,-1.814630241098490428e-10,3.996947781165335378e-11,3.859238198655390564e-11,-8.793030252267913446e-12,2.774677088056801586e-12,3.171302528440759410e-12,4.515013191884988619e-12,-9.136244271908775461e-13,-9.389029362763929247e-13,-8.276415704297536022e-13,2.430891744577198032e-13,2.730355769932462129e-13,-7.277760574933354869e-14,-6.477811347402131307e-14,1.558937867506833621e-14,1.449141637578600658e-14,1.263482366257822286e-14,1.014984867230642743e-15,1.409458639467787574e-15,-4.117571372607141629e-16,1.379319766193604275e-15,-3.901625716078387391e-16,8.250674280976393789e-17,9.513858353124422398e-17,1.067292583265163881e-16,-3.743112627377901580e-17,1.022712335781560891e-17,8.580781932154186695e-18,-2.763601595133737231e-17,8.421551942808529409e-17,8.419502187592210779e-19,-1.516387314647378434e-19,-2.011133130926511432e-19,4.045418402560186587e-20,3.915934010565200922e-20,-9.376977681475241106e-21,-7.365377903397931349e-21,2.230956749918246444e-21,-5.920321398596309478e-22,-7.152019995891880258e-22,2.439426247590484838e-22,2.389644134155295731e-22,1.188418526227386078e-22,-6.433899545170840968e-23,1.371900761675685600e-23,1.276360525225904004e-23,-4.090566458762318030e-24,1.097471880666723801e-24,-2.579628204963026139e-25,-2.441802607298684914e-25,1.022967304768745531e-24,-4.033706186354430640e-24,1.286932969980631403e-23,1.106558335961991096e-23,1.179409648729606636e-23,1.118110543013383757e-23,-3.673168321140484136e-24,1.330155991352302576e-24,-2.275310056924782769e-25,6.309684382236276132e-26,-2.106240070822695468e-26,-2.365201303058624860e-26,-1.632401981711155271e-27,1.896505076579173408e-30,2.236560252695200148e-30,-6.405702574139743974e-31,-5.449932765150484730e-31,1.449383293751423775e-31,-3.337617668930102863e-32,-4.111049300052841603e-32,7.648690580341896645e-33,7.975725295627782608e-33,-3.136251736055390507e-33,9.421096096952991513e-33,-2.199222492658986231e-33,8.620988191464263033e-34,-9.003084977952272974e-49
-1.708564073722325859e-54,9.043609388721599638e-54,-2.734921329575318333e-53,1.340401281103335212e-52,-4.725958593481890532e-52,2.031711157831960389e-51,-5.848044495237661287e-51,2.060875174840525414e-50,-1.033146095993053200e-49,2.854050026563666567e-49,-1.324291225006026317e-48,4.057582895864824917e-48,-1.947112248329074291e-47,7.027747550229570239e-47,-2.094664123848924344e-46,7.039549918193989828e-46,-4.555034231844402353e-45,1.080527600875264024e-44,-4.856274020746018664e-44,1.510406578335766941e-43,-7.840115408117918322e-43,2.508564027543152532e-42,-1.029841582067578210e-41,2.501270902548362832e-41,-6.724434766600897213e-29,-4.166975828397933776e-29,1.608782533345266096e-29,-5.232810900517891718e-28,3.685476106074740485e-26,-2.341850159202927188e-24,-2.707980748571942662e-23,1.886486083289006886e-22,-9.430041115237326947e-22,2.652377529365978540e-21,2.984912322129727217e-21,1.905447457018396265e-21,2.476605870524560944e-21,-9.028820433068183708e-21,-7.357593362568499156e-21,3.178795735815135589e-20,-1.202403992493630817e-19,6.508198995935994761e-19,6.245944530104632800e-19,4.024670825479297903e-19,3.529546131447057897e-19,3.311144247290464931e-19,-1.428704666734590288e-18,-2.091586002686333852e-17,-3.080734689164643054e-17,-4.274999291911845697e-16,-3.963929931181714933e-16,1.299856807862909510e-15,1.625840458211051338e-15,-4.985954179029085508e-15,-4.497956605372026847e-15,-4.880523161305578304e-15,-5.052404436688403539e-15,1.810257004989957743e-14,1.548272721917897442e-14,-8.074380299247744305e-14,-7.786799981866095358e-14,2.519429433629216480e-13,-9.198094337574093772e-13,-9.032566257739543885e-13,-9.200213940669837981e-13,2.069644579490887006e-12,-7.738780738269172846e-12,5.161676053928616706e-11,5.580777327110019932e-11,-2.030750772031374184e-10,-1.866200154170693115e-10,-1.420254557509025850e-10,-1.088210824167766930e-10,-1.349264498022316351e-10,5.777047849279569070e-10,-2.427025098691758991e-09,8.306444340781227843e-09,7.290800135587336256e-09,-4.252589692989540086e-08,-5.151539196586469889e-08,1.748584044687526912e-07,-5.218511378007717394e-07,-5.812020143391105303e-07,1.928235544174123500e-06,1.769099851613856762e-06,1.238728176082850016e-06,-4.910526921566273256e-06,-4.399175840903279092e-06,2.310754018698543149e-05,-9.146351701992554465e-05,-8.901157071730195496e-05,-7.029201650663946337e-05,4.398939181481481791e-04,-1.452601254106465232e-03,-1.240416725224963461e-03,4.614719191776784323e-03,-2.198123580029895038e-02,6.424995174604296311e-02,6.171069077394395613e-02,-2.470718249002518130e-01,-2.526396029919551478e-01,8.830344518282061683e-01,1.092000441819453549e+00,-3.712049649820355679e+00,-3.159093559965610698e+00,1.442896305907447108e+01,1.694237123684410662e+01,1.223342639287823452e+01,-3.867036745490978689e+01,-4.697964952010705986e+01,2.997500765956376085e+02,2.186171516990766577e+02,5.340246719711327614e+02,1.536670513125871480e+02,-3.710449092763573731e+01,-3.358745432655182128e+01,-3.867838161946349373e+01,1.059470253243755344e+01,1.248324889157304796e+01,-2.919943789710102600e+00,-2.199385837090851670e+00,8.961516681859770239e-01,1.032899900340497501e+00,9.286944598539992324e-01,5.346265614209785161e-02,5.783293933400203424e-02,6.475170649118938693e-02,5.043263789936231617e-02,-1.492595942312823810e-02,-1.132438308189126150e-02,3.800414537363952603e-03,-9.031971770858199721e-04,-9.049709477371437050e-04,2.484845850413531327e-04,3.324985340408565405e-04,4.332487143716728288e-04,1.585480592557814278e-05,1.846058271296707095e-05,2.124199210979312453e-05,2.147067414986030451e-05,-5.408989741733682320e-06,-5.177605806254412571e-06,1.802810328228798535e-06,1.678972150313654099e-06,-3.742952265281017526e-07,8.496635538842224290e-08,1.302308344432548592e-07,1.109054552249478589e-07,-2.717394226438667060e-08,-6.380374871109590438e-08,1.744568153658256442e-08,1.360991776280840891e-08,-1.787011949984186598e-09,-1.959719853923764204e-09,5.205484395304461747e-10,-1.146572388824951397e-10,-1.107068744137234726e-10,2.522386143962443684e-11,-7.959493871955465083e-12,-9.097261497523975806e-12,-1.295185662767505947e-11,2.620841200151124701e-12,2.693355634001598383e-12,2.374189067393331375e-12,-6.973304399143557973e-13,-7.832352857411413961e-13,2.087712871060950566e-13,1.858237844874411773e-13,-4.472000167727597871e-14,-4.157036519150529052e-14,-3.624450641424348475e-14,-2.911605774100234684e-15,-4.043201081634794033e-15,1.181174712137703562e-15,-3.956744110419627190e-15,1.119228111676901339e-15,-2.366804831510095763e-16,-2.729164326411012888e-16,-3.061656728506736629e-16,1.073756731833569311e-16,-2.933772944053642700e-17,-2.461500168778169675e-17,7.927722492709397815e-17,-2.415823137390133868e-16,-2.415235140532657025e-18,4.349938805635755802e-19,5.769176492716477309e-19,-1.160476767666821345e-19,-1.123332617486824687e-19,2.689898464741188662e-20,2.112846952139891765e-20,-6.399766897562825089e-21,1.698315169536933328e-21,2.051642678509730075e-21,-6.997786644204374200e-22,-6.854980683638388426e-22,-3.409121017195488669e-22,1.845641217963451014e-22,-3.935461806525398530e-23,-3.661393184334920801e-23,1.173428028850277226e-23,-3.148229661177562572e-24,7.399972767175710628e-25,7.004603516919559387e-25,-2.934504353160586846e-24,1.157116978035162622e-23,-3.691721509601688456e-23,-3.174295247530579978e-23,-3.383277972055057308e-23,-3.207434138405094236e-23,1.053692369055238580e-23,-3.815711928240329003e-24,6.526999676050483717e-25,-1.810008609310098475e-25,6.042002151796719427e-26,6.784863492284979311e-26,4.682740786639571441e-27,-5.440352176525054506e-30,-6.415841217059956190e-30,1.837552578780983308e-30,1.563378550733018782e-30,-4.157729738853482664e-31,9.574356416870373661e-32,1.179303777435003926e-31,-2.194118590042884061e-32,-2.287932418810169616e-32,8.996714097468141974e-33,-2.702554361138895991e-32,6.308733376122324327e-33,-2.473033816277921414e-33,2.219367823948126961e-48
1.083596558064636066e-54,-2.113623295005406500e-53,7.177696192914176929e-53,-1.994135091929280481e-52,1.454101053471205612e-51,-3.137375006852455302e-51,1.811662658150502917e-50,-5.262435188109144216e-50,2.633760935546846650e-49,-7.516447131215499737e-49,3.209600200842603332e-48,-1.112456079461567353e-47,4.875100204819749738e-47,-1.476581400470048879e-46,5.844747365598512938e-46,-2.006183537196611404e-45,9.498416531703669395e-45,-2.759063944792169765e-44,9.289425624413572660e-44,-4.837659073450217116e-43,1.312828878237251531e-42,-5.832536438490845386e-42,1.973039778194802871e-41,-7.706143417672455770e-41,1.538280686759530083e-28,9.532367643491450027e-29,-3.680248505958809147e-29,1.197057035296661562e-27,-8.430889602279426200e-26,5.357212905213318720e-24,6.194772691288070908e-23,-4.315522729405113424e-22,2.157214788517309531e-21,-6.067574850584625394e-21,-6.828280942827831356e-21,-4.358898739456169211e-21,-5.665479867942135784e-21,2.065431605553690395e-20,1.683121952032988038e-20,-7.271808348635812626e-20,2.750617566437018754e-19,-1.488814624356311564e-18,-1.428821332160375657e-18,-9.206830932698011090e-19,-8.074184426628576268e-19,-7.574568604613368282e-19,3.268302648780115924e-18,4.784708996825207453e-17,7.047484045669496584e-17,9.779481956353236993e-16,9.067880154175109955e-16,-2.973550480438390400e-15,-3.719270189135723354e-15,1.140586128780683345e-14,1.028951877159811962e-14,1.116467745008837794e-14,1.155787279737685259e-14,-4.141141204433771436e-14,-3.541826352148601114e-14,1.847094023959797216e-13,1.781307193768802764e-13,-5.763442986551551837e-13,2.104154678512530734e-12,2.066288499842645464e-12,2.104639558598216068e-12,-4.734515830093558005e-12,1.770322318819180652e-11,-1.180784238477866850e-10,-1.276657782754625332e-10,4.645542414592932500e-10,4.269116668436696773e-10,3.248972191613262896e-10,2.489389446167050548e-10,3.086575438204618708e-10,-1.321556597913553626e-09,5.552058968799926489e-09,-1.900180959229913300e-08,-1.667842343465453472e-08,9.728217791532331503e-08,1.178465332515491279e-07,-4.000058233118757661e-07,1.193785878673846818e-06,1.329556854659401092e-06,-4.411028733391112946e-06,-4.046990162215366659e-06,-2.833712714233216367e-06,1.123331400697560902e-05,1.006354804323225577e-05,-5.286077420922089475e-05,2.092318040972004076e-04,2.036227354197337467e-04,1.607999113363453537e-04,-1.006300666149455595e-03,3.322968446143825371e-03,2.837575436713411260e-03,-1.055662468880444460e-02,5.028424198667733741e-02,-1.469780930691089449e-01,-1.411692834849535283e-01,5.652011353795343140e-01,5.779379761756971989e-01,-2.020028285111186150e+00,-2.498058569812583229e+00,8.491679201020581047e+00,7.226737680767896244e+00,-3.300767421226885290e+01,-3.875734298296386982e+01,-2.798516783379983863e+01,9.352052414272704084e+01,1.133719461927472025e+02,8.615027411860525035e+02,6.845992993867889709e+02,4.830236404197610796e+02,5.158484163856751366e+02,8.983454727194839506e+01,8.132271683615998370e+01,9.356679675270993357e+01,-2.423642559308279942e+01,-2.855666140641844564e+01,6.679659025689613117e+00,5.031311736023647896e+00,-2.050035209540648662e+00,-2.362860259932703322e+00,-2.124480050860012348e+00,-1.223010918550448967e-01,-1.322985451178424754e-01,-1.481259064701443140e-01,-1.153696266760178835e-01,3.414460234786708542e-02,2.590564172155918055e-02,-8.693822584983886340e-03,2.066152505112994753e-03,2.070210180189610907e-03,-5.684329633554343871e-04,-7.606231468432043561e-04,-9.910991079758015368e-04,-3.626943021114097083e-05,-4.223040127440342900e-05,-4.859314923110014746e-05,-4.911628192232892197e-05,1.237359680537581131e-05,1.184428326226233192e-05,-4.124106197864688890e-06,-3.840814168151343054e-06,8.562371977712591725e-07,-1.943689069119284441e-07,-2.979158611811294504e-07,-2.537071527205963976e-07,6.216306949110820496e-08,1.459573596768505483e-07,-3.990871486834674967e-08,-3.113402742326838370e-08,4.087965851531729857e-09,4.483052193064518651e-09,-1.190805828068147163e-09,2.622897273779865242e-10,2.532528795552365518e-10,-5.770206752666947232e-11,1.820812622115814442e-11,2.081088173174305484e-11,2.962864775937237164e-11,-5.995432391260753023e-12,-6.161316301173346135e-12,-5.431191342995663558e-12,1.595212066505047174e-12,1.791727862733551556e-12,-4.775848826738942482e-13,-4.250902101655078740e-13,1.023014086384614962e-13,9.509630494641118557e-14,8.291287841044455261e-14,6.660584993709598428e-15,9.249220718834863401e-15,-2.702053496594965874e-15,9.051441881397540329e-15,-2.560344546464845358e-15,5.414299176085094141e-16,6.243232212121221217e-16,7.003841331535948261e-16,-2.456324286262772410e-16,6.711294578385509682e-17,5.630924087325660806e-17,-1.813544606173610546e-16,5.526433378958950059e-16,5.525088278231183934e-18,-9.950913475340518858e-19,-1.319755947568966030e-18,2.654704909925145399e-19,2.569734007787988507e-19,-6.153407685968136591e-20,-4.833345512847414252e-20,1.464009713826009764e-20,-3.885063229860718667e-21,-4.693334708459612371e-21,1.600812621206337152e-21,1.568144351125988253e-21,7.798700116223404353e-22,-4.222086076861868228e-22,9.002756514988932598e-23,8.375797546694995876e-23,-2.684332195547197507e-23,7.201885442224992308e-24,-1.692816658262788595e-24,-1.602372047984317451e-24,6.712967748759522250e-24,-2.647019060212328881e-23,8.445176578002418317e-23,7.261513038398715436e-23,7.739581604993183834e-23,7.337321515367120721e-23,-2.410425080120760446e-23,8.728816873366071813e-24,-1.493115465114217747e-24,4.140572974849783170e-25,-1.382167504344046827e-25,-1.552104352968136759e-25,-1.071223078699995012e-26,1.244534146407352833e-29,1.467686872738717555e-29,-4.203582518022264481e-30,-3.576382423447284502e-30,9.511216302992040761e-31,-2.190228335233258019e-31,-2.697773549180424147e-31,5.019262389591520265e-32,5.233870763310301849e-32,-2.058086965046285075e-32,6.182359295550173145e-32,-1.443184899140421220e-32,5.657308442015063667e-33,-3.219643907204030413e-49
-3.857869774598709638e-54,3.673957312364906665e-53,-7.002720846664533632e-53,6.506706090048151768e-52,-7.765326626025123835e-52,3.965741760523493007e-51,-1.975985743947200380e-50,7.507890824093891686e-50,-2.057810065645949833e-49,4.696599686819007729e-49,-3.295059999394589838e-48,1.374560816287966294e-47,-3.671454474618757704e-47,1.656347718142724867e-46,-4.071282428723185386e-46,3.477757912966264006e-45,-4.754682967917817464e-45,3.929736198671167025e-44,-1.525551890657067856e-43,7.836361221029215939e-43,-1.012902213507550901e-42,1.006532125775088874e-41,-4.214066284786242807e-41,4.047530032846716064e-41,-2.080136942679172223e-28,-1.289012483695882060e-28,4.976608587204755202e-29,-1.618717951171791815e-27,1.140065338678614145e-25,-7.244280299324219558e-24,-8.376868823454371118e-23,5.835656869170110124e-22,-2.917089328045724228e-21,8.204865801019394418e-21,9.233529073343444341e-21,5.894311990897747349e-21,7.661133675238226211e-21,-2.792975704802265045e-20,-2.275998250248168785e-20,9.833288109423236215e-20,-3.719517032471032211e-19,2.013246559992852804e-18,1.932120752145332065e-18,1.244991847907454517e-18,1.091829953556904503e-18,1.024269505228759856e-18,-4.419555636429181134e-18,-6.470113048889448990e-17,-9.529946025135906582e-17,-1.322428466583116785e-15,-1.226202257028033863e-15,4.020977613848964916e-15,5.029375579380022872e-15,-1.542355282234065110e-14,-1.391398091609834166e-14,-1.509741246633594351e-14,-1.562911007823708643e-14,5.599849805260689996e-14,4.789427510250399776e-14,-2.497729152363869453e-13,-2.408769044498120036e-13,7.793604103940405282e-13,-2.845338901772100613e-12,-2.794134438368751353e-12,-2.845994579885763582e-12,6.402239440849545176e-12,-2.393914769598809256e-11,1.596713094645436004e-10,1.726357900689004460e-10,-6.281925319966366501e-10,-5.772904367227244489e-10,-4.393416064881707858e-10,-3.366271835988421486e-10,-4.173815384041184743e-10,1.787072232539129035e-09,-7.507760494122353891e-09,2.569515853048202118e-08,2.255336430513623128e-08,-1.315496280279452686e-07,-1.593577358755070267e-07,5.409070643082373886e-07,-1.614294536263890601e-06,-1.797890563518102464e-06,5.964804669599997421e-06,5.472534249136371196e-06,3.831882277758104314e-06,-1.519022611135420230e-05,-1.360841245639947121e-05,7.148087484785724331e-05,-2.829332832634608337e-04,-2.753484315062748513e-04,-2.174413543828655759e-04,1.360768037404135175e-03,-4.493477350181365737e-03,-3.837105636407491319e-03,1.427517435158193182e-02,-6.799676436903277776e-02,1.987508286289347004e-01,1.908958776352809306e-01,-7.642920904265498860e-01,-7.815154575929860181e-01,2.731579156704382338e+00,3.377994640877627575e+00,-1.148285599854914807e+01,-9.772341390095547808e+00,4.508865687710832759e+01,5.291494004867469414e+01,3.822493816344259443e+01,5.103397384007329833e+02,5.895694239917083905e+02,4.289063350790403888e+02,4.690960491074025640e+02,4.340528388136511921e+02,4.173432119711898167e+02,5.022480858801289401e+02,4.550741619236071642e+02,5.137923382336813347e+02,3.310912517754761808e+01,3.900862737585327977e+01,-9.032555386946823361e+00,-6.803581103443734790e+00,2.772155959481084508e+00,3.195173000204802882e+00,2.872823845357225014e+00,1.653814037237808232e-01,1.789004396472212155e-01,2.003029569754356531e-01,1.560083439760498736e-01,-4.617196936044851846e-02,-3.503085154263944206e-02,1.175620398004508654e-02,-2.793950539771061954e-03,-2.799437522674048245e-03,7.686623232604601012e-04,1.028551109574899662e-03,1.340211761156595441e-03,4.904526353443831963e-05,5.710597457999123553e-05,6.570998761583803224e-05,6.641739273787707531e-05,-1.673217121569565201e-05,-1.601640804921576847e-05,5.576814252134333647e-06,5.193733178800329881e-06,-1.157845016263321137e-06,2.628349606514607933e-07,4.028561198137961677e-07,3.430749833486864442e-07,-8.405988479974697801e-08,-1.973705439668853408e-07,5.396647884028703307e-08,4.210092551698181482e-08,-5.527943542012695341e-09,-6.062198247050217144e-09,1.610264768868824444e-09,-3.546807525439910691e-10,-3.424606933810202557e-10,7.802750392969048275e-11,-2.462190179956831245e-11,-2.814147266652773866e-11,-4.006527891582608686e-11,8.107311306532895226e-12,8.331627487692172349e-12,7.344317491962080932e-12,-2.157122285616240052e-12,-2.422860372997237664e-12,6.458131901837748494e-13,5.748273756192841183e-13,-1.383368726061861923e-13,-1.285937857335115001e-13,-1.121187718794090420e-13,-9.006762565838891229e-15,-1.250723998151193247e-14,3.653846367400125737e-15,-1.223979394921477034e-14,3.462220726637075655e-15,-7.321475093474607965e-16,-8.442398112339809196e-16,-9.470930253352980511e-16,3.321559540485751223e-16,-9.075334498997850552e-17,-7.614405690896947222e-17,2.452362020121323363e-16,-7.473108342167950858e-16,-7.471289432433990466e-18,1.345610259012372989e-18,1.784637306758131174e-18,-3.589819336986708154e-19,-3.474917606691712398e-19,8.320933078800878211e-20,6.535881679160724212e-20,-1.979704169973917810e-20,5.253568882864452004e-21,6.346552352537905523e-21,-2.164695624366395130e-21,-2.120520022324188392e-21,-1.054577643485391510e-21,5.709307345036944954e-22,-1.217395926110749525e-22,-1.132615526622116637e-22,3.629882773955136234e-23,-9.738735000867423298e-24,2.289107897109508873e-24,2.166804356068102206e-24,-9.077597040246851140e-24,3.579426162281304844e-23,-1.141997292077013384e-22,-9.819366297009677810e-23,-1.046583354779528050e-22,-9.921878156430019580e-23,3.259492431955199959e-23,-1.180352493562433348e-23,2.019062363195808197e-24,-5.599081417956779311e-25,1.869033207984272679e-25,2.098829967306394408e-25,1.448559238266577864e-26,-1.682918778509727980e-29,-1.984676600665236419e-29,5.684285945078029364e-30,4.836155887666405114e-30,-1.286152297948040106e-30,2.961731829719390711e-31,3.648058817178440185e-31,-6.787287399138484573e-32,-7.077491137781757496e-32,2.783043929553687282e-32,-8.360082834212819560e-32,1.951543856498780263e-32,-7.650083881080636052e-33,7.086219885920292445e-48
-4.110312050633620915e-54,4.211384028497596062e-53,-9.126163904768663560e-53,6.987902532624860396e-52,-1.367517018956155545e-51,4.771277822562153946e-51,6.337288119537390783e-51,3.814853350534864884e-49,-5.691250836259176549e-50,1.129091759241134028e-48,-2.406771231251134444e-48,-1.066038427617746437e-47,-1.355878218309100364e-46,1.657710322547301112e-47,-2.120249441578508059e-45,5.311499118357723927e-45,-7.915359317253846104e-45,2.074474429335832748e-44,-3.022206699778519808e-44,2.028330210608730834e-42,-1.267183044961225675e-42,1.164997973404783520e-41,-4.820259514616729972e-41,1.938804018265492767e-40,-3.181233927936864707e-28,-1.971336676214891532e-28,7.610920107589419697e-29,-2.475568007249036608e-27,1.743546043076004824e-25,-1.107895821607948601e-23,-1.281106967731289483e-22,8.924695890486317236e-22,-4.461217601009073310e-21,1.254801879856981862e-20,1.412119335029947153e-20,9.014399438103079372e-21,1.171646821612878844e-20,-4.271405833774067752e-20,-3.480772205448843745e-20,1.503842805490678634e-19,-5.688401343413627257e-19,3.078935877026499941e-18,2.954867039508965123e-18,1.904014214305362545e-18,1.669777801895487020e-18,1.566454993671613101e-18,-6.758997472005926170e-18,-9.894994279644396494e-17,-1.457451526603929366e-16,-2.022441032050415938e-15,-1.875278565814548422e-15,6.149436677067471705e-15,7.691618710849322727e-15,-2.358783622413654855e-14,-2.127918948734690720e-14,-2.308905715603642069e-14,-2.390220289066388683e-14,8.564067021894322702e-14,7.324656842716755195e-14,-3.819873855060952471e-13,-3.683823719337369396e-13,1.191906036936096933e-12,-4.351486897360642257e-12,-4.273177929860387453e-12,-4.352489651274654593e-12,9.791192544153890785e-12,-3.661106501872056196e-11,2.441915128586770194e-10,2.640185947735284753e-10,-9.607191502919661207e-10,-8.828726060737435030e-10,-6.719021213634590293e-10,-5.148169793810757299e-10,-6.383177393858349258e-10,2.733038725083967012e-09,-1.148190867469190014e-08,3.929660034569495365e-08,3.449173284914456997e-08,-2.011839371259965941e-07,-2.437119526336370683e-07,8.272301066003678910e-07,-2.468803107657300875e-06,-2.749583617320522005e-06,9.122206619715677686e-06,8.369358414789506697e-06,5.860245861576595282e-06,-2.323100065525961428e-05,-2.081187181640166810e-05,1.093184682213432205e-04,-4.327008196392303488e-04,-4.211010123124966768e-04,-3.325414782583866152e-04,2.081075221451961308e-03,-6.872048809624416513e-03,-5.868234146103564093e-03,2.183157658645162175e-02,-1.039900832306774880e-01,3.039573338978134309e-01,2.919444533558840926e-01,-1.168861472064421037e+00,-1.195201834017969089e+00,4.177509716715856136e+00,5.166097933001418951e+00,-1.756117606617801385e+01,-1.494521987839527100e+01,6.726635162403467803e+02,7.528413428771552844e+02,5.663853342048129207e+02,4.185463024449605314e+02,3.862857243251738737e+02,3.386995088525746951e+02,3.685852953517543256e+02,3.391387235661087516e+02,3.082679759107624022e+02,4.160760135685526393e+02,3.980372791754124933e+02,4.188625824618708862e+02,4.966296157391830093e+02,5.820593849178762866e+02,-1.381383651399275259e+01,-1.040497988071904345e+01,4.239565391528311800e+00,4.886501722705993700e+00,4.393520685255249525e+00,2.529241809905070637e-01,2.735993658161746112e-01,3.063310638456288038e-01,2.385895979800177480e-01,-7.061257960244973764e-02,-5.357403696137660876e-02,1.797921771287216627e-02,-4.272896686618079219e-03,-4.281288141918348014e-03,1.175545038265745235e-03,1.573003016896658019e-03,2.049637712656792073e-03,7.500681957948369971e-05,8.733437693171690547e-05,1.004928270435432821e-04,1.015746890733221789e-04,-2.558915697674810663e-05,-2.449451266614926145e-05,8.528837859020137137e-06,7.942977148297207472e-06,-1.770737192081481464e-06,4.019636770617417452e-07,6.161034546006051759e-07,5.246778490689619713e-07,-1.285560349496261278e-07,-3.018464111469967153e-07,8.253302459820956409e-08,6.438657470286002116e-08,-8.454097990730098493e-09,-9.271154386850814732e-09,2.462640228427667876e-09,-5.424270010436906220e-10,-5.237383916483311368e-10,1.193304814313463355e-10,-3.765522729197329475e-11,-4.303784322653459347e-11,-6.127338157599945721e-11,1.239882493478357713e-11,1.274188035168756722e-11,1.123194896622873777e-11,-3.298970592226332269e-12,-3.705374133346823845e-12,9.876671047786746157e-13,8.791057514075584270e-13,-2.115639329264974009e-13,-1.966634531137467200e-13,-1.714675768420966547e-13,-1.377439055448773115e-14,-1.912780613507869144e-14,5.587968653859823250e-15,-1.871879056770018934e-14,5.294908145510725339e-15,-1.119701520221896272e-15,-1.291128615479469847e-15,-1.448426016233580529e-15,5.079789549928538212e-16,-1.387926026560788250e-16,-1.164500530129829488e-16,3.750492144010189438e-16,-1.142891379766649292e-15,-1.142613206861921008e-17,2.057893844349978711e-18,2.729314898855214681e-18,-5.490049638396463728e-19,-5.314325975548788940e-19,1.272552497829544122e-19,9.995576791170349311e-20,-3.027638201876909099e-20,8.034486206169797264e-21,9.706028124903492167e-21,-3.310552792265853959e-21,-3.242993334462792860e-21,-1.612806402435256342e-21,8.731464673491147231e-22,-1.861810703136916451e-22,-1.732152757189597481e-22,5.551320203011096091e-23,-1.489382432677835063e-23,3.500821295738436135e-24,3.313777757265369443e-24,-1.388272045750068563e-23,5.474154954102736396e-23,-1.746500654174965185e-22,-1.501713688840733001e-22,-1.600580427337658045e-22,-1.517391224223737464e-22,4.984867918849841306e-23,-1.805158748156485653e-23,3.087830209936920125e-24,-8.562891897453629343e-25,2.858384816729625427e-25,3.209821893916927107e-25,2.215337702458529482e-26,-2.573752817090566343e-29,-3.035242732566573176e-29,8.693198478202207271e-30,7.396120358691522586e-30,-1.966962483465764749e-30,4.529491106487299716e-31,5.579117529327098118e-31,-1.038006128815690969e-31,-1.082388109657590959e-31,4.256216785525738446e-32,-1.278539821434620372e-31,2.984571544672613847e-32,-1.169956933829554538e-32,-3.959205789434735171e-49
3.477742092521104380e-52,-5.340517098522385797e-52,1.684027758668867192e-51,-4.865676969777131177e-51,3.314707720346979079e-50,-6.892180822207369691e-50,4.456702736518319562e-49,-7.408729319116942669e-49,6.281074165804756885e-48,-1.908065854648441255e-47,7.346269884905092077e-47,-2.364533819658373982e-46,8.832984732668363442e-46,-4.654248398416173738e-45,8.975579718367753160e-45,-4.736300281479023024e-44,2.561465486143333245e-43,-5.680440400596963236e-43,2.217816590487225708e-42,-7.137341999570958227e-42,3.852845324127980479e-41,-1.469764709655482660e-40,4.632816529727966310e-40,-1.341790512179637107e-39,3.696920350306866392e-27,2.290895558360378599e-27,-8.844670359900808783e-28,2.876864120037557021e-26,-2.026179461922909780e-24,1.287488660598484998e-22,1.488777791014620431e-21,-1.037141266731653780e-20,5.184392757638209563e-20,-1.458208578915750673e-19,-1.641027609098071834e-19,-1.047565739693777352e-19,-1.361573866091109660e-19,4.963812001580713781e-19,4.045014573787163740e-19,-1.747619696391584224e-18,6.610506226072133149e-18,-3.578039515148996593e-17,-3.433858791364294650e-17,-2.212659947556079030e-17,-1.940453194001113258e-17,-1.820381485655494023e-17,7.854648814896831155e-17,1.149899898822613490e-15,1.693708268663047196e-15,2.350284065260777437e-14,2.179266174544840183e-14,-7.146276605053376039e-14,-8.938450419908301239e-14,2.741148677910493884e-13,2.472860230840555047e-13,2.683185430663036988e-13,2.777681311261952037e-13,-9.952324906589308791e-13,-8.512003063687524429e-13,4.439085496477516033e-12,4.280981274401145197e-12,-1.385117153729307309e-11,5.056874417094416791e-11,4.965871359123301663e-11,5.058039720066525156e-11,-1.137837071723913232e-10,4.254581535981253153e-10,-2.837756020811225109e-09,-3.068167063440483531e-09,1.116454262121497165e-08,1.025988587467825833e-08,7.808192299453358942e-09,5.982701715353973247e-09,7.417907309420270354e-09,-3.176071521251322189e-08,1.334315639826036968e-07,-4.566668305664897201e-07,-4.008293384771245575e-07,2.337963847253811448e-06,2.832183038769297189e-06,-9.613262918601391156e-06,2.869002612308858076e-05,3.195298384219816181e-05,-1.060094040744308648e-04,-9.726053519984986567e-05,-6.810207194525786300e-05,2.699680722199581371e-04,2.418553120866426286e-04,-1.270392806651364807e-03,5.028427654043031783e-03,4.893625986710959004e-03,3.864473302327008693e-03,-2.418423011635999556e-02,7.986026072948053389e-02,6.819490401074208841e-02,-2.537053281530632365e-01,1.208471503935109492e+00,-3.532296205713909565e+00,-3.392694203637460326e+00,1.358337004023853645e+01,1.388947208223409824e+01,-4.854695075937600279e+01,-6.003536053261450434e+01,5.815810655068403321e+02,4.850880778204433454e+02,6.126899063814138344e+02,5.476908211682549563e+02,4.982268664205126356e+02,4.012179835881271970e+02,3.205193010772098319e+02,3.519171561001909936e+02,3.463094173938549716e+02,3.107311810925301643e+02,2.998360638524573574e+02,3.009323896468342241e+02,3.632268260301648297e+02,3.667941976663168475e+02,4.651871497826903692e+02,5.284094108640964578e+02,4.462564861196441370e+02,3.646733064586240403e+02,-4.926810139546093836e+01,-5.678616558773862977e+01,-5.105721993031446004e+01,-2.939238587828980176e+00,-3.179505456785957307e+00,-3.559881384135290538e+00,-2.772656020041798897e+00,8.205906526646195021e-01,6.225852985901871861e-01,-2.089369639300535930e-01,4.965544525608536069e-02,4.975296257977514236e-02,-1.366103993959847523e-02,-1.827990960740743381e-02,-2.381889399628603007e-02,-8.716562315036990817e-04,-1.014915101104296290e-03,-1.167829797410676771e-03,-1.180402144634172795e-03,2.973722691184442837e-04,2.846513786719092817e-04,-9.911385003361707384e-05,-9.230554723984674484e-05,2.057778368002379806e-05,-4.671230508283590419e-06,-7.159754519180581833e-06,-6.097295142454088014e-06,1.493953077726531021e-06,3.507765116670426778e-06,-9.591184588175042072e-07,-7.482380852777415445e-07,9.824529605009886779e-08,1.077403300104963561e-07,-2.861840714077942283e-08,6.303558506364396737e-09,6.086377682954847793e-09,-1.386742676614169900e-09,4.375923909552657382e-10,5.001439129029424216e-10,7.120595857210868738e-10,-1.440870720598272917e-10,-1.480737281208615232e-10,-1.305267756083163709e-10,3.833742438864933045e-11,4.306025067443066831e-11,-1.147770551208681057e-11,-1.021611115710780673e-11,2.458590052620397873e-12,2.285431183146987639e-12,1.992629239490294828e-12,1.600725564595057851e-13,2.222847403224165072e-13,-6.493793132266751012e-14,2.175315596105002485e-13,-6.153226741447557824e-14,1.301208094140452626e-14,1.500423974333194915e-14,1.683219699222398803e-14,-5.903236853324292030e-15,1.612912501423794297e-15,1.353269141883018825e-15,-4.358456826806079693e-15,1.328157091169271645e-14,1.327833825701773792e-16,-2.391483872076379257e-17,-3.171744052955088041e-17,6.380001185761399141e-18,6.175792253023372816e-18,-1.478836618946744805e-18,-1.161588619054111161e-18,3.518426351364065417e-19,-9.336897641843186757e-20,-1.127940092068159005e-19,3.847202144123152906e-20,3.768691119764040269e-20,1.874246580208647283e-20,-1.014685815966080068e-20,2.163615135754219980e-21,2.012939294300643282e-21,-6.451203870735150995e-22,1.730815258951285342e-22,-4.068313674568760509e-23,-3.850949884467287178e-23,1.613314611237586731e-22,-6.361529931160575038e-22,2.029613023284737937e-21,1.745145444308996171e-21,1.860038742255016279e-21,1.763364349586977990e-21,-5.792928175129323826e-22,2.097779749235490214e-22,-3.588375642916944597e-23,9.950959291373099951e-24,-3.321736545431928288e-24,-3.730142501089286674e-24,-2.574449795443998554e-25,2.990964946844475613e-28,3.527263596564461868e-28,-1.010238891304402763e-28,-8.595051004359772204e-29,2.285812297413968018e-29,-5.263733578686463393e-30,-6.483507217068557723e-30,1.206269664003617644e-30,1.257846081167014688e-30,-4.946160768492228140e-31,1.485794503522632033e-30,-3.468378475274116221e-31,1.359610043034574876e-31,-1.388248824688349064e-46
1.473251169561268396e-52,2.388060809710636918e-51,-8.697281589514099438e-51,3.390449569777262504e-50,-1.209069806038689368e-49,4.871421326589939086e-49,-2.041482726839482045e-48,6.117894184005093231e-48,-2.713415989894315187e-47,8.052345690669224874e-47,-3.182234117644683480e-46,9.022576174589336258e-46,-4.560733791365631704e-45,1.917988178242991497e-44,-5.779548407902464450e-44,2.666526946423365213e-43,-8.462646726286426406e-43,3.925553911323328873e-42,-1.135831000570992912e-41,5.370458794499959158e-41,-1.898282103133366167e-40,6.109028978954183365e-40,-2.575207617821305970e-39,1.079860022854319718e-38,-1.810787659506011623e-26,-1.122102997411424627e-26,4.332205842400937661e-27,-1.409116116387458093e-25,9.924424704711450025e-24,-6.306245083619782350e-22,-7.292178884763174917e-21,5.080019121337609472e-20,-2.539366158317248378e-19,7.142447901176052428e-19,8.037913349192872143e-19,5.131079207052214940e-19,6.669121648831345475e-19,-2.431323551729772264e-18,-1.981287606623107805e-18,8.560011793256068333e-18,-3.237890450159533373e-17,1.752558666490842802e-16,1.681937541167894984e-16,1.083782431878787161e-16,9.504529079872025771e-17,8.916406136649833678e-17,-3.847283629626507403e-16,-5.632321903506411422e-15,-8.295948359947105828e-15,-1.151192067569041598e-13,-1.067425836025141029e-13,3.500316009451760171e-13,4.378140230728190998e-13,-1.342641368624432332e-12,-1.211231069481268345e-12,-1.314250404558387588e-12,-1.360535408899491562e-12,4.874745846972419227e-12,4.169262154680531195e-12,-2.174307389621299388e-11,-2.096866398979478271e-11,6.784438968870189473e-11,-2.476906430885406270e-10,-2.432332245147881993e-10,-2.477477207651344407e-10,5.573236999371886972e-10,-2.083935549511491915e-09,1.389960587803116372e-08,1.502818164670398616e-08,-5.468501911556413854e-08,-5.025392210104082932e-08,-3.824528775072566330e-08,-2.930385675138808720e-08,-3.633363378830353912e-08,1.555670820961286432e-07,-6.535608196920697950e-07,2.236798694423804934e-06,1.963301209943803447e-06,-1.145157504577283601e-05,-1.387230886821776087e-05,4.708669976929629006e-05,-1.405265473200728111e-04,-1.565088326045339288e-04,5.192444048020438590e-04,4.763915914017969461e-04,3.335705933048491991e-04,-1.322329959302338863e-03,-1.184630917125693416e-03,6.222507922894646507e-03,-2.462972928779505119e-02,-2.396945756821234480e-02,-1.892856730268298662e-02,1.184567188355117873e-01,-3.911633492506053078e-01,-3.340252938194852583e-01,1.242673452059510630e+00,-5.919211340349058048e+00,1.730153147198781483e+01,1.661774724444451223e+01,-6.653267182595878637e+01,-6.803198949491854819e+01,4.438025650400839481e+02,5.420283169793605111e+02,6.504081150143451850e+02,4.938919389246213996e+02,4.372505218208942210e+02,3.567209571584455716e+02,3.345675829114197199e+02,3.358668618108004580e+02,2.872940071110681970e+02,3.382449592178048192e+02,3.350141641603180460e+02,3.278438120563919256e+02,3.235376528542291794e+02,3.151189850848171545e+02,3.478338570944592902e+02,3.496165255915824446e+02,3.532424949799104752e+02,3.700912352019615241e+02,4.467103785071926723e+02,5.229311088626985793e+02,4.365034888700104716e+02,5.076355861144273831e+02,4.548098177218840306e+02,1.439667739323298612e+01,1.557352796092056302e+01,1.743664636746169805e+01,1.358073972226634929e+01,-4.019333084164859571e+00,-3.049483539950750277e+00,1.023393635915874622e+00,-2.432172158903333214e-01,-2.436948652568151907e-01,6.691310657150142949e-02,8.953678088095975984e-02,1.166672668724830081e-01,4.269457271935504436e-03,4.971153193423280721e-03,5.720144296263025320e-03,5.781724879684158221e-03,-1.456558389618214586e-03,-1.394250226996856298e-03,4.854693082909007119e-04,4.521215769011342756e-04,-1.007919922988827156e-04,2.288014281510225095e-05,3.506917623299190330e-05,2.986514653853801732e-05,-7.317527944045829954e-06,-1.718137580428322097e-05,4.697855795262120487e-06,3.664943149453771202e-06,-4.812150461322933044e-07,-5.277226489283637144e-07,1.401757505566503499e-07,-3.087544462068624821e-08,-2.981167175666248616e-08,6.792400938567235792e-09,-2.143370228059549885e-09,-2.449753685892964135e-09,-3.487737328583985999e-09,7.057525379431837786e-10,7.252795683197423857e-10,6.393328828061718797e-10,-1.877804453494608174e-10,-2.109133093170968338e-10,5.621892151126739081e-11,5.003950926315443546e-11,-1.204241396950761893e-11,-1.119426493121298066e-11,-9.760092441646363242e-12,-7.840510002829568064e-13,-1.088772347066982699e-12,3.180723238010095336e-13,-1.065490804158366584e-12,3.013910496781655427e-13,-6.373444207753309187e-14,-7.349223027009452626e-14,-8.244574323426614981e-14,2.891463010354930868e-14,-7.900202808531522362e-15,-6.628444299344037801e-15,2.134814680498881098e-14,-6.505443024692379613e-14,-6.503859638890752316e-16,1.171372134945831338e-16,1.553551184765425164e-16,-3.124986832310670844e-17,-3.024963304529744753e-17,7.243486053985662838e-18,5.689574395702671594e-18,-1.723359557206024774e-18,4.573303567797186395e-19,5.524760627340956124e-19,-1.884397148460341815e-19,-1.845941682674376981e-19,-9.180242625544923650e-20,4.970030132444288506e-20,-1.059759804513762372e-20,-9.859573071818493107e-21,3.159862602156125735e-21,-8.477702019015721693e-22,1.992699733522025909e-22,1.886232828248678738e-22,-7.902172381634511818e-22,3.115939431577825128e-21,-9.941242623286752901e-21,-8.547892665135595017e-21,-9.110651248948022060e-21,-8.637130640858661018e-21,2.837432743461224274e-21,-1.027512989821899775e-21,1.757621402724187142e-22,-4.874076955314778368e-23,1.627018971100902856e-23,1.827060193117412652e-23,1.260990629462927164e-24,-1.465003814677892410e-27,-1.727688126132732145e-27,4.948248661551437397e-28,4.209939846344567364e-28,-1.119613166607888004e-28,2.578228066618156157e-29,3.175685096383343759e-29,-5.908426513524746986e-30,-6.161052837251866351e-30,2.422677805534823149e-30,-7.277566451539357650e-30,1.698845619165508273e-30,-6.659502651884507864e-31,8.423531944463841532e-46
3.296017508121053458e-51,-8.782075003705265676e-51,2.807370713313285853e-50,-1.158742903130025769e-49,4.982334248060440276e-49,-1.871713879490988971e-48,5.620166561590708826e-48,-2.385903425434395199e-47,9.802670364518832657e-47,-3.470367195871177140e-46,1.249066508756266443e-45,-4.079951814305990851e-45,1.962496075752335229e-44,-6.075723118862044936e-44,3.060805733921226673e-43,-8.244508340132643591e-43,3.484979822103270299e-42,-1.286883992467865062e-41,3.991890072210038141e-41,-1.647433833070805233e-40,7.008456212719325990e-40,-2.231119087579563749e-39,8.820561454073265435e-39,-3.774804230656747930e-38,6.880352416738754300e-26,4.263594369875682383e-26,-1.646084938834181268e-26,5.354142671540205194e-25,-3.770930243717533972e-23,2.396150005432406144e-21,2.770769965747970177e-20,-1.930227525854891084e-19,9.648692927985906472e-19,-2.713877489737558711e-18,-3.054122676798768814e-18,-1.949628551828368667e-18,-2.534030260984424363e-18,9.238169250379467392e-18,7.528191889821270882e-18,-3.252501612756678997e-17,1.230283808647353912e-16,-6.659102845749599253e-16,-6.390767556552284751e-16,-4.117989779336818960e-16,-3.611384762942903149e-16,-3.387918853370625496e-16,1.461831655413254675e-15,2.140083041608883811e-14,3.152166851140562270e-14,4.374122544212943969e-13,4.055840502352049902e-13,-1.329996236088047766e-12,-1.663538381166380918e-12,5.101562150002244811e-12,4.602249508595947247e-12,4.993686531787236558e-12,5.169553171812776705e-12,-1.852230944535384095e-11,-1.584172102751933149e-11,8.261598771328338522e-11,7.967350406910835647e-11,-2.577846762464087279e-10,9.411368063124786414e-10,9.242001928474334894e-10,9.413536812884226387e-10,-2.117632868568410530e-09,7.918217754100637962e-09,-5.281358440486695090e-08,-5.710177301532931226e-08,2.077837240915137913e-07,1.909471232384950621e-07,1.453185615790626939e-07,1.113442874213915225e-07,1.380549528995634282e-07,-5.910998695213749248e-07,2.483299873205495141e-06,-8.499043619025334128e-06,-7.459849946351982684e-06,4.351193339981662342e-05,5.270986542575120323e-05,-1.789127989983417023e-04,5.339511589852684835e-04,5.946781882449725214e-04,-1.972945020197367037e-03,-1.810119491375933656e-03,-1.267450231256672059e-03,5.024385981121828014e-03,4.501178341259191688e-03,-2.364332847128897824e-02,9.358425685047115639e-02,9.107545793211882512e-02,7.192185848114528157e-02,-4.500936194479388530e-01,1.486282326493098438e+00,1.269177932331031045e+00,-4.721719437510314421e+00,2.249090876942558381e+01,-6.573969799917236401e+01,-6.314155986971990586e+01,3.674636798700787494e+02,3.715143637513392605e+02,6.625856182766468692e+02,7.519780364046573595e+02,4.467240801945605426e+02,3.529136955455122688e+02,3.578844856509268766e+02,3.032326804983767374e+02,2.734675038396265450e+02,2.924101014898641893e+02,2.955130848839926330e+02,3.333307695402879745e+02,3.383652492281175910e+02,2.997054922862369608e+02,2.906870729280780097e+02,3.058214164594934346e+02,2.932637294566751507e+02,3.220408074424493634e+02,3.203676704265569697e+02,3.453558851407541965e+02,3.465172191174309546e+02,4.674052947940396621e+02,5.415617748549793760e+02,6.639369961239693794e+02,5.861835927094749650e+02,-5.470228028975238033e+01,-5.917389605597488611e+01,-6.625308679588232508e+01,-5.160200583356677129e+01,1.527204360717333387e+01,1.158695848944848628e+01,-3.888533721324662462e+00,9.241393657386456351e-01,9.259542643303018128e-01,-2.542461299058370039e-01,-3.402080876171186263e-01,-4.432943351288600176e-01,-1.622242702224584165e-02,-1.888862325120639965e-02,-2.173452443541494181e-02,-2.196850886409238909e-02,5.534406523878721181e-03,5.297657551671068957e-03,-1.844611603694304523e-03,-1.717902023442973141e-03,3.829739087081049050e-04,-8.693644728953811313e-05,-1.332504615773047658e-04,-1.134769900180950333e-04,2.780401711379882219e-05,6.528314897514074088e-05,-1.785018983575048249e-05,-1.392548724483205805e-05,1.828446912726398369e-06,2.005159348121454579e-06,-5.326182554024960114e-07,1.173157652685459702e-07,1.132738047673118766e-07,-2.580872029240091823e-08,8.144048503520327404e-09,9.308197239285200851e-09,1.325216782414745418e-08,-2.681609936186986423e-09,-2.755805742601811279e-09,-2.429238747140175847e-09,7.134992522141948260e-10,8.013959504660519566e-10,-2.136120104728087963e-10,-1.901324303176620809e-10,4.575691226052425614e-11,4.253424600545593726e-11,3.708489798123743021e-11,2.979116389667707036e-12,4.136949691529823085e-12,-1.208562290709802231e-12,4.048488065907538162e-12,-1.145179351179122337e-12,2.421683294976773088e-13,2.792444721476765106e-13,3.132646534968996564e-13,-1.098653638750234724e-13,3.001797543795157391e-14,2.518574307417355929e-14,-8.111540449897057105e-14,2.471838175057020990e-13,2.471236544475421431e-15,-4.450799660172320281e-16,-5.902944827635023748e-16,1.187384428598750584e-16,1.149379027055092685e-16,-2.752268412892835491e-17,-2.161836962946864134e-17,6.548156561639639779e-18,-1.737693544021171503e-18,-2.099213562378267354e-18,7.160042430397151127e-19,7.013925266648964196e-19,3.488167384139170536e-19,-1.888435601684548602e-19,4.026712294989244192e-20,3.746288917784750060e-20,-1.200635987172275706e-20,3.221226810813847963e-21,-7.571553934220521653e-22,-7.167017364096183935e-22,3.002545911887241778e-21,-1.183946736433640953e-20,3.777320457726423687e-20,3.247896772867545172e-20,3.461725123300964635e-20,3.281804046241521954e-20,-1.078124049019071195e-20,3.904185808665732012e-21,-6.678339452148779307e-22,1.851976789372082070e-22,-6.182096421479878921e-23,-6.942182286944598568e-23,-4.791318230695035489e-24,5.566496150963509893e-27,6.564603592035389589e-27,-1.880159413413233148e-27,-1.599628186334065493e-27,4.254133893746270232e-28,-9.796354429484124885e-29,-1.206647975150195905e-28,2.244993024335962417e-29,2.340982088976581482e-29,-9.205318473859862066e-30,2.765217758137215611e-29,-6.455012270559760909e-30,2.530375382482117894e-30,-1.333539897141011141e-45
-7.049442966857709821e-51,2.933368942808015752e-50,-1.056079765028015613e-49,4.712765843533228292e-49,-1.373238124976475903e-48,5.406554033805857262e-48,-1.954736812678261532e-47,9.989544369249982205e-47,-2.014509597736965772e-46,1.172551731666703109e-45,-4.313593658852513414e-45,1.853409521631178058e-44,-5.677319525736975490e-44,2.050554396523551814e-43,-6.975875355287846580e-43,2.834725829112600491e-42,-1.042831841434424575e-41,4.807106575423517611e-41,-1.745019302618198429e-40,5.344248202818208544e-40,-1.572896492194001068e-39,8.248198981779694054e-39,-2.976686050408093399e-38,1.295762859612052389e-37,-2.208125308022506566e-25,-1.368323896949744899e-25,5.282813426432941792e-26,-1.718315751824634829e-24,1.210212210305049973e-22,-7.690012296378773820e-21,-8.892287652581072125e-20,6.194717932925924725e-19,-3.096574383572603981e-18,8.709701487649956513e-18,9.801657194242795531e-18,6.256982034906250951e-18,8.132514167387991577e-18,-2.964824195913615174e-17,-2.416037730149392061e-17,1.043831869431595052e-16,-3.948374515403684460e-16,2.137119239219895100e-15,2.051001856384871804e-15,1.321594723521790805e-15,1.159008958997700414e-15,1.087291596205873361e-15,-4.691485666539028210e-15,-6.868211450841077037e-14,-1.011631233042683030e-13,-1.403795925739405972e-12,-1.301649031343071610e-12,4.268383609735132343e-12,5.338827109181250136e-12,-1.637254578190635159e-11,-1.477009170205052166e-11,-1.602633839561079028e-11,-1.659075073259013557e-11,5.944401939326733530e-11,5.084115319209324138e-11,-2.651411472371359293e-10,-2.556977754305721382e-10,8.273135344859754295e-10,-3.020409238448937339e-09,-2.966054224985699507e-09,-3.021105259661299837e-09,6.796161659990889621e-09,-2.541209513444022237e-08,1.694956962496044169e-07,1.832578660089622464e-07,-6.668444753577699762e-07,-6.128104343772817416e-07,-4.663737758076581927e-07,-3.573394559859806328e-07,-4.430625307124870748e-07,1.897028672955269822e-06,-7.969704115873863464e-06,2.727615123827317086e-05,2.394104613088869027e-05,-1.396437210213040815e-04,-1.691628288485820986e-04,5.741884360985527761e-04,-1.713620169418973759e-03,-1.908512643041633842e-03,6.331812044738366688e-03,5.809252807644510290e-03,4.067653461308617241e-03,-1.612486275441129061e-02,-1.444572197650458370e-02,7.587900851754948717e-02,-3.003418334812109625e-01,-2.922902947680538488e-01,-2.308202636915482331e-01,1.444494484998495309e+00,-4.769955695891272107e+00,-4.073198207036629270e+00,1.515350894233852230e+01,-7.218052484255976253e+01,2.610701274218914136e+02,2.495627192595065083e+02,6.948277622527333506e+02,6.478688038860582310e+02,4.834320724995530441e+02,4.654022979013124086e+02,4.013127551374695372e+02,3.496394059371825165e+02,3.058647682813714823e+02,2.722680819577774400e+02,2.777452219029886464e+02,3.057134547358454029e+02,3.077295607010939307e+02,2.982502060738483465e+02,3.114606385259884860e+02,2.642959512601675556e+02,2.541689551609478883e+02,3.050572456950407627e+02,3.119883532618630397e+02,3.046184431552990191e+02,2.929912841858400725e+02,3.285781253505826385e+02,3.339111849574475173e+02,3.528784269496050001e+02,3.237357484025096710e+02,3.846850371132214832e+02,3.913104815177822502e+02,2.163110712420785546e+02,2.338494866997414192e+02,2.616953971998586326e+02,2.069301426469424143e+02,-4.901287601516445847e+01,-3.718625839762832896e+01,1.247954930370626947e+01,-2.965859011324839756e+00,-2.971683601794913976e+00,8.159572067065766765e-01,1.091836642602429519e+00,1.422673405390896040e+00,5.206296058065992133e-02,6.061963764127063087e-02,6.975304542092794491e-02,7.050397634328731122e-02,-1.776168191694884463e-02,-1.700187868956145806e-02,5.919949035866868374e-03,5.513297437263852199e-03,-1.229085850418642177e-03,2.790068848545982760e-04,4.276433802994275947e-04,3.641839812268824264e-04,-8.923199007119374411e-05,-2.095145200538297528e-04,5.728697244263022503e-05,4.469134565992995568e-05,-5.868071368764008566e-06,-6.435198133795459364e-06,1.709342455203179319e-06,-3.765038396715030170e-07,-3.635318947241913208e-07,8.282844394232539578e-08,-2.613685829033641340e-08,-2.987298418919470226e-08,-4.253044813151301037e-08,8.606144580521700694e-09,8.844262670948492774e-09,7.796204659138745025e-09,-2.289847468040294986e-09,-2.571936105577780727e-09,6.855493117984623979e-10,6.101958240378729716e-10,-1.468485767293408052e-10,-1.365060092471652042e-10,-1.190173072800591565e-10,-9.560938011789331003e-12,-1.327679566189065511e-11,3.878663211997361551e-12,-1.299289399160676662e-11,3.675247072245458716e-12,-7.771956794894204753e-13,-8.961848881092420667e-13,-1.005366538801995418e-12,3.525931169708146740e-13,-9.633729094877065159e-14,-8.082911065447984204e-14,2.603252954149862065e-13,-7.932919858002150095e-13,-7.930989032903580150e-15,1.428404066433530615e-15,1.894443929071402006e-15,-3.810696674144643626e-16,-3.688725176309818798e-16,8.832910247729282269e-17,6.938026747130652214e-17,-2.101513025622713957e-17,5.576814761415242138e-18,6.737048211011562406e-18,-2.297886785364710875e-18,-2.250993110787239718e-18,-1.119464558355835136e-18,6.060594272040480036e-19,-1.292300857302064199e-19,-1.202304020125525938e-19,3.853225166995908783e-20,-1.033794784484411393e-20,2.429953998073784954e-21,2.300125264833456333e-21,-9.636130847612606853e-21,3.799664019694414726e-20,-1.212263034510519937e-19,-1.042354028925362633e-19,-1.110978390522901669e-19,-1.053235958211568647e-19,3.460045145413202078e-20,-1.252978186170300704e-20,2.143292881914001064e-21,-5.943586274060985897e-22,1.984032610262214929e-22,2.227968492342875152e-22,1.537687374595691074e-23,-1.786466780109348783e-26,-2.106791404091975910e-26,6.034033334941587017e-27,5.133718838409284711e-27,-1.365287727361893278e-27,3.143963685563224026e-28,3.872519560657021032e-28,-7.204901163653353612e-29,-7.512960795033161974e-29,2.954281330282964159e-29,-8.874468841278758664e-29,2.071620041372242038e-29,-8.120784492467485416e-30,8.556568358266250620e-45
-1.261957818634211519e-50,-8.375865622791392346e-50,2.970387214006268279e-49,-1.035572538089719398e-48,4.299621431673923719e-48,-1.491205930428282883e-47,6.347382050413766270e-47,-2.252986673965957900e-46,7.918775887747442646e-46,-2.750627913282972295e-45,1.370840640304291909e-44,-3.270566737189709238e-44,1.543362535431733989e-43,-5.485559113444325084e-43,2.590597688314209505e-42,-7.818385828713867196e-42,2.771885228308578386e-41,-9.516491035255189595e-41,5.070163578765640712e-40,-1.442154588559438913e-39,5.809745114054201708e-39,-2.596386150582621963e-38,6.989812133682636591e-38,-3.287789919996776486e-37,5.943389417462808724e-25,3.682980191037733298e-25,-1.421921903563819918e-25,4.625018162762170226e-24,-3.257406822646757681e-22,2.069843479281084957e-20,2.393447878133279769e-19,-1.667370093216920689e-18,8.334738683011994973e-18,-2.344302991451170913e-17,-2.638213756719943995e-17,-1.684129097040354396e-17,-2.188947269623452975e-17,7.980119917384743680e-17,6.503006430564054566e-17,-2.809577547003641459e-16,1.062744366262766719e-15,-5.752269503949279852e-15,-5.520475982113475173e-15,-3.557203961848036414e-15,-3.119588166769800969e-15,-2.926553734567666668e-15,1.262760141436866128e-14,1.848647588319394214e-13,2.722906323747371334e-13,3.778456693107407434e-12,3.503518142756030148e-12,-1.148878004504736339e-11,-1.436998544742458694e-11,4.406833932095021382e-11,3.975517439974601662e-11,4.313648762372955715e-11,4.465565970083092494e-11,-1.599995047879863795e-10,-1.368440326985424634e-10,7.136538324604792471e-10,6.882360557354050241e-10,-2.226796861538384997e-09,8.129732601218135751e-09,7.983430663266622317e-09,8.131606011704779140e-09,-1.829254668772949676e-08,6.839918764975267994e-08,-4.562145652402365660e-07,-4.932568172410295304e-07,1.794878390069499396e-06,1.649440381556381093e-06,1.255291515226510059e-06,9.618147726639235422e-07,1.192546974912983941e-06,-5.106041807728613127e-06,2.145125321036110732e-05,-7.341648050031113302e-05,-6.443971259255688584e-05,3.758649976601502441e-04,4.553186194433807787e-04,-1.545485422561481336e-03,4.612379534564150542e-03,5.136952058172185136e-03,-1.704270340244668988e-02,-1.563618311645685252e-02,-1.094849483768637818e-02,4.340167575835658653e-02,3.888210094365593394e-02,-2.042359165905657248e-01,8.083999890080159068e-01,7.867284698201258974e-01,6.212757525925812763e-01,-3.888000923014863108e+00,1.283881132186155227e+01,1.096341907362652890e+01,-4.078718012882357868e+01,2.158374708890176237e+02,6.627673628242304176e+02,6.057345151261986302e+02,5.210978480059987987e+02,4.214105565835483276e+02,4.115237151041424113e+02,3.277444610193126664e+02,3.420127395134129529e+02,3.135922734660497895e+02,2.982091926704398475e+02,2.949293077350024532e+02,2.899634888574635170e+02,3.121481613598153899e+02,2.862947622870121904e+02,2.517466702900019015e+02,2.618473230077016751e+02,2.489109372109385845e+02,2.262047363279382637e+02,3.365255672656991806e+02,3.652966102290181425e+02,3.014010607176500685e+02,2.957361921859296672e+02,2.947147754698086715e+02,2.713056127016117784e+02,2.496657768234088906e+02,2.788759943132801027e+02,2.868677671257272550e+02,3.434865737475624314e+02,5.271990085525370660e+02,5.664627479368916738e+02,6.306099914960082060e+02,5.713054145945656046e+02,1.462372640830340913e+02,1.123649454440560049e+02,-3.358995116666705627e+01,7.982905226235547325e+00,7.998582692199603272e+00,-2.196230173089999127e+00,-2.938787180086817497e+00,-3.829267311681190833e+00,-1.401326490995241647e-01,-1.631637985120669154e-01,-1.877472761551925717e-01,-1.897684816008170794e-01,4.780733772581022278e-02,4.576225158663061593e-02,-1.593413305117275663e-02,-1.483958973021599209e-02,3.308207106721600815e-03,-7.509748476771148720e-04,-1.151044794281163783e-03,-9.802374947515417238e-04,2.401767977394638279e-04,5.639292194010377167e-04,-1.541935978619571855e-04,-1.202912125876095888e-04,1.579449913794255442e-05,1.732097736877569150e-05,-4.600865640262637968e-06,1.013397622049738369e-06,9.784823389162805593e-07,-2.229410148976655151e-07,7.034995994300544770e-08,8.040611529293463763e-08,1.144749414475821839e-07,-2.316429617431354054e-08,-2.380521475516011334e-08,-2.098426212459768492e-08,6.163352758881025752e-09,6.922622451156033484e-09,-1.845224322228822625e-09,-1.642402897150232849e-09,3.952575851251449649e-10,3.674195335890160998e-10,3.203469486144108436e-10,2.573421788783324248e-11,3.573581922548103486e-11,-1.043980873926646661e-11,3.497166957480902621e-11,-9.892293918458857152e-12,2.091899658046237650e-12,2.412170976315171904e-12,2.706044274606199518e-12,-9.490395279928247709e-13,2.593014234526216225e-13,2.175596100191515899e-13,-7.006914871389332055e-13,2.135224471289508517e-12,2.134704770463851165e-14,-3.844691957226441778e-15,-5.099084711865248948e-15,1.025687002634660781e-15,9.928571579320096603e-16,-2.377465857622472936e-16,-1.867439071376853467e-16,5.656431830099626091e-17,-1.501055294087047393e-17,-1.813343694616862927e-17,6.184991382982640652e-18,6.058772382540448564e-18,3.013150469850663511e-18,-1.631269372671678640e-18,3.478356600308199056e-19,3.236121140329163554e-19,-1.037133970496243938e-19,2.782561732167167551e-20,-6.540463453139709429e-21,-6.191016473650003061e-21,2.593660690220555094e-20,-1.022717453693402265e-19,3.262926820463840491e-19,2.805599791939869420e-19,2.990309103054209959e-19,2.834889589546119846e-19,-9.313056476677105003e-20,3.372515710472016418e-20,-5.768886478774979031e-21,1.599775503441362266e-21,-5.340221579315436828e-22,-5.996799326434356938e-22,-4.138838876731721926e-23,4.808453450072460243e-26,5.670639112006316932e-26,-1.624120231637913153e-26,-1.381791608727031840e-26,3.674808037892513739e-27,-8.462291714051019946e-28,-1.042327248915958537e-27,1.939270981331863740e-28,2.022188302483810124e-28,-7.951742743412195785e-29,2.388651767417052935e-28,-5.575971882647746859e-29,2.185790110673295994e-29,-2.212060651020853298e-44
-2.042399332492269570e-50,1.790006276802349304e-49,-5.998601312158402314e-49,2.645409486087785103e-48,-7.522834279850480034e-48,2.426533762830442222e-47,-1.397651106654197385e-46,3.904230464530345500e-46,-1.587510194466350127e-45,6.583633453807011217e-45,-2.201011255762728515e-44,9.349922545449353356e-44,-3.138014061074955690e-43,1.028232720248549896e-42,-5.401514268842131860e-42,1.559200441905227904e-41,-5.031874349261005722e-41,2.498960703806083520e-40,-1.015989765707113922e-39,3.451743261512022389e-39,-1.144788914903035368e-38,3.735773766803836779e-38,-1.637888359435186557e-37,5.376453652379489238e-37,-1.212285453102966214e-24,-7.512251000328183276e-25,2.900323566404276945e-25,-9.433745368519086104e-24,6.644200183701029080e-22,-4.221902628084422803e-20,-4.881965224918240820e-19,3.400969324012335129e-18,-1.700053917237615884e-17,4.781723381360020195e-17,5.381219258575588489e-17,3.435153011327089970e-17,4.464841096859833746e-17,-1.627721592906998693e-16,-1.326431694689517000e-16,5.730753531963519602e-16,-2.167701701997829479e-15,1.173302328377436584e-14,1.126022923494539317e-14,7.255702619782090849e-15,6.363088615957136843e-15,5.969352285271849594e-15,-2.575678022583756554e-14,-3.770724786513063315e-13,-5.553968442217490519e-13,-7.706996399686283391e-12,-7.146198542307530854e-12,2.343390268452406232e-11,2.931075703709204295e-11,-8.988710472883591524e-11,-8.108945287811802785e-11,-8.798638751574148943e-11,-9.108507427588942574e-11,3.263543048149857142e-10,2.791236086548521401e-10,-1.455654507679937326e-09,-1.403809341883668813e-09,4.542043693663482286e-09,-1.658238401998783268e-08,-1.628396892603788919e-08,-1.658620525417112822e-08,3.731168646728147754e-08,-1.395152401560488130e-07,9.305503006571039746e-07,1.006106149511256336e-06,-3.661050638842694724e-06,-3.364397719667299135e-06,-2.560444110966139971e-06,-1.961833518856537757e-06,-2.432462772135809089e-06,1.041489926312978026e-05,-4.375456560415108152e-05,1.497491163325215160e-04,1.314390168487599765e-04,-7.666596229670020329e-04,-9.287228214528879056e-04,3.152358636047590968e-03,-9.407966096771165979e-03,-1.047794754136371909e-02,3.476235522380882736e-02,3.189344665593148859e-02,2.233187175334238467e-02,-8.852729724815638912e-02,-7.930862686123589522e-02,4.165842304667571883e-01,-1.648910206158103797e+00,-1.604706359476076649e+00,-1.267229024267479520e+00,7.930436034985856253e+00,-2.618758945003627048e+01,-2.236231302659236064e+01,8.643681354795812410e+01,8.117700682402845587e+02,5.277698975371131382e+02,4.313796299450591505e+02,3.920018259167150063e+02,3.390601558391129515e+02,3.885524559501430986e+02,3.345775228152645013e+02,2.555556818322687320e+02,2.592943451850635483e+02,2.852471448247048329e+02,2.731387413391260566e+02,2.599090092640012699e+02,3.288369962131847046e+02,3.150009785012605903e+02,2.955381481416346787e+02,2.788009964990276330e+02,2.293472833669787292e+02,2.356035935913464812e+02,3.219185851702977175e+02,3.389939199531354461e+02,2.914193377779593561e+02,3.034402278616706212e+02,2.706411507626068556e+02,2.702757416079026598e+02,2.554734669019701983e+02,2.651748051731860301e+02,2.867724828556115426e+02,2.980766554713374603e+02,3.649216014833741042e+02,3.798144457318448985e+02,4.032344566538913568e+02,4.905499338632880040e+02,5.330494917180091079e+02,4.844652788342386884e+02,7.112932073310945214e+01,-1.628289718123949115e+01,-1.631487483337497935e+01,4.479696185949065601e+00,5.994305097552025785e+00,7.810635871094894433e+00,2.858314676620909989e-01,3.328085802824080619e-01,3.829520089560657925e-01,3.870747035792092006e-01,-9.751361724048011881e-02,-9.334221267192756299e-02,3.250118131075264982e-02,3.026861862204887482e-02,-6.747818575618433172e-03,1.531778955640911589e-03,2.347809914451331678e-03,1.999410726783969021e-03,-4.898935903758964245e-04,-1.150258112400745318e-03,3.145118761701252335e-04,2.453604785302354249e-04,-3.221636712497610822e-05,-3.532995639826090747e-05,9.384480968017404085e-06,-2.067048125451669571e-06,-1.995830699063148099e-06,4.547374070193878147e-07,-1.434942708190527501e-07,-1.640060192315645496e-07,-2.334969097833548140e-07,4.724869482886149335e-08,4.855598973688235548e-08,4.280203421131291517e-08,-1.257151831575652705e-08,-1.412021643777784932e-08,3.763742279744277832e-09,3.350043216920186980e-09,-8.062150853985169643e-10,-7.494332349264442083e-10,-6.534183080953385979e-10,-5.249061739203461144e-11,-7.289109085543588954e-11,2.129429417934387408e-11,-7.133243898116833505e-11,2.017751685583071338e-11,-4.266891072875659249e-12,-4.920155116188415633e-12,-5.519574571233231831e-12,1.935775587621047800e-12,-5.289024856705090490e-13,-4.437608439957537260e-13,1.429214943371345506e-12,-4.355261592059351955e-12,-4.354201547517904371e-14,7.842097840184262685e-15,1.040070873055881050e-14,-2.092115029644386504e-15,-2.025151315229664962e-15,4.849366366563945749e-16,3.809054163830734370e-16,-1.153754119484080689e-16,3.061733582486779358e-17,3.698714703095505251e-17,-1.261565506564953939e-17,-1.235820355541932601e-17,-6.145985440355549329e-18,3.327333936374887809e-18,-7.094876022875260127e-19,-6.600783336477568113e-19,2.115463647152004352e-19,-5.675648814722987802e-20,1.334071881188410123e-20,1.262794456791269121e-20,-5.290343445778221558e-20,2.086057979145218455e-19,-6.655459437613242569e-19,-5.722640022548085599e-19,-6.099395431269210148e-19,-5.782383029556926731e-19,1.899603424508145843e-19,-6.878990167045543326e-20,1.176691727159982653e-20,-3.263095238810107782e-21,1.089256059501458498e-21,1.223179582891063530e-21,8.442075406088621257e-23,-9.807902124530695038e-26,-1.156652008209512120e-25,3.312751685291128256e-26,2.818468972531182083e-26,-7.495582090232743382e-27,1.726071173245351148e-27,2.126056484739986994e-27,-3.955571198792610965e-28,-4.124699376642407349e-28,1.621933441939472339e-28,-4.872182498523660645e-28,1.137342537303933897e-28,-4.458401374338617250e-29,-3.103121456979895934e-44
2.295012176935658873e-49,-1.437626565932860843e-49,6.021139398741316366e-49,2.866597520987823406e-48,1.700908792454790521e-47,-5.174757863753744018e-47,5.861484112457042978e-47,-7.528095702461408725e-48,5.849077337102744796e-46,8.233845597138903483e-46,1.855019807593774729e-44,1.468218859736005101e-44,3.151119866562021726e-43,-2.082299945961768400e-42,3.170937561022242607e-42,-1.562598110427187424e-41,7.655914887801023697e-41,-1.873040890208148917e-40,3.050461732681341391e-40,4.352766126029610376e-40,1.558303404699253118e-38,-1.574333397879917518e-38,7.094036691421904346e-38,-7.102416608439971702e-37,9.932877267341516153e-25,6.155173024436495778e-25,-2.376384039243192180e-25,7.729552035689390455e-24,-5.443934412921995160e-22,3.459221632338142587e-20,4.000044814397252634e-19,-2.786588818577141013e-18,1.392941477979472570e-17,-3.917911524208240073e-17,-4.409109282575890837e-17,-2.814597269043437196e-17,-3.658273595527483727e-17,1.333675890143003038e-16,1.086813604266064369e-16,-4.695500662543753140e-16,1.776109323347680056e-15,-9.613468507295514897e-15,-9.226084063497523968e-15,-5.944969761547967641e-15,-5.213605269430319356e-15,-4.890996873991881289e-15,2.110385273783935756e-14,3.089548457212364578e-13,4.550651559995470675e-13,6.314737930903518788e-12,5.855247447463906508e-12,-1.920059988053053636e-11,-2.401580844817270345e-11,7.364912091478127046e-11,6.644075296395740832e-11,7.209176569375907882e-11,7.463067888451796359e-11,-2.673988413453430705e-10,-2.287003065234609377e-10,1.192692490982786181e-09,1.150213084219204463e-09,-3.721529647706240530e-09,1.358679878974488597e-08,1.334229197863533601e-08,1.358992972314458337e-08,-3.057138080543425092e-08,1.143120008448920167e-07,-7.624476482708988641e-07,-8.243544352885188911e-07,2.999686795883224028e-06,2.756623825060196860e-06,2.097903347682184060e-06,1.607430948864275877e-06,1.993041664498743335e-06,-8.533461807001953853e-06,3.585036254616493439e-05,-1.226971411408401798e-04,-1.076947363475238515e-04,6.281635996922190022e-04,7.609503007115680975e-04,-2.582889314917987192e-03,7.708429754340275289e-03,8.585120499103910882e-03,-2.848258280077348853e-02,-2.613193868283839039e-02,-1.829764934555364736e-02,7.253496081509253068e-02,6.498163075681596956e-02,-3.413288530473114202e-01,1.351036809087438284e+00,1.314818327482044413e+00,1.038305816129540649e+00,-6.497813498494432238e+00,2.151350703180208157e+01,1.837192177103344548e+01,6.318266428711963272e+02,5.960217551515114565e+02,4.529826761762953993e+02,3.836456130297037248e+02,3.255334149831180071e+02,3.229902410655322456e+02,2.989825174870744604e+02,3.600606541906777238e+02,2.997195352637879182e+02,2.297198357314418331e+02,2.360667183922345487e+02,2.487406816876813309e+02,2.790824647194767749e+02,3.429654917830155227e+02,3.346210167772041473e+02,3.659226283070617001e+02,3.396736677334611159e+02,2.636818776078519022e+02,3.432599314122029455e+02,3.011607517429243899e+02,3.190308143594568833e+02,2.875598024341001064e+02,2.843243214475658078e+02,2.805639670802706860e+02,2.975858405912203466e+02,3.173095118129354546e+02,3.060304956830311767e+02,2.974586951481067558e+02,3.166320705911482492e+02,3.013048242179770568e+02,3.063321645314546799e+02,2.830005815958445510e+02,3.340407669080951223e+02,3.893051810905027423e+02,4.829928931887293402e+02,5.084551513116349497e+02,1.337864282052234977e+01,1.340478817495121078e+01,-3.670445132877957928e+00,-4.911441994505257647e+00,-6.399655072070123296e+00,-2.341963998796011692e-01,-2.726871606849332053e-01,-3.137722468339295134e-01,-3.171501822531483938e-01,7.989791426308867628e-02,7.648006828417305836e-02,-2.662988689478779092e-02,-2.480063363419828665e-02,5.528834282580889943e-03,-1.255065160448139453e-03,-1.923681230983917976e-03,-1.638219885037448713e-03,4.013949763073862941e-04,9.424655411804954601e-04,-2.576957314073679986e-04,-2.010364401600839767e-04,2.639652400619785469e-05,2.894764759126488668e-05,-7.689187182310606441e-06,1.693638679177796440e-06,1.635286584479106687e-06,-3.725897098930693796e-07,1.175722250039329439e-07,1.343785538267814035e-07,1.913160090509094034e-07,-3.871328205546352667e-08,-3.978441590767237083e-08,-3.506990466026553565e-08,1.030049054658792757e-08,1.156941844890866533e-08,-3.083827330841087573e-09,-2.744862443806653832e-09,6.605734213707230189e-10,6.140491353366114697e-10,5.353791750888046750e-10,4.300825840213409189e-11,5.972341394482713852e-11,-1.744750875601742546e-11,5.844633042213171211e-11,-1.653247574452554364e-11,3.496082975466072537e-12,4.031335753496480369e-12,4.522470895255101295e-12,-1.586080347639090866e-12,4.333569674625381084e-13,3.635960481237298318e-13,-1.171029198182642645e-12,3.568489479961859842e-12,3.567620931032415407e-14,-6.425433479024169722e-15,-8.521834774934521192e-15,1.714177281054160030e-15,1.659310471018301150e-15,-3.973334895684611876e-16,-3.120953684393451246e-16,9.453299993157989424e-17,-2.508635554628951224e-17,-3.030546897904141480e-17,1.033665405234845758e-17,1.012571080900071644e-17,5.035721488668880153e-18,-2.726255564056611804e-18,5.813196271706048904e-19,5.408360760390063823e-19,-1.733308002409604860e-19,4.650350537892760864e-20,-1.093073601414326953e-20,-1.034672347266079700e-20,4.334650062367028286e-20,-1.709214428529963232e-19,5.453159697855433082e-19,4.688852847623225581e-19,4.997547901668035427e-19,4.737803361273428536e-19,-1.556442636836324493e-19,5.636309903547212976e-20,-9.641239592093315797e-21,2.673621500264834586e-21,-8.924834265759314618e-22,-1.002213846720280439e-21,-6.917025909671554320e-23,8.036117879952513266e-26,9.477043883648983074e-26,-2.714307576895456280e-26,-2.309316367222100615e-26,6.141515330319993455e-27,-1.414258751901729593e-27,-1.741987258223843559e-27,3.241002615288936364e-28,3.379578016711953362e-28,-1.328933360813939030e-28,3.992029324285654612e-28,-9.318831472446887125e-29,3.652997200164052906e-29,-1.739185406187725139e-43
5.803934362016477366e-49,-8.361649290234592602e-49,3.448494045675787743e-48,-8.510330776086283627e-48,6.685690064520023298e-47,-2.643910939309834261e-46,6.841734360076795427e-46,-5.017266846429616721e-46,9.730524088513068327e-45,-2.440738502616112350e-44,8.229382215883220220e-44,-4.392925561843499449e-43,1.809401055153749459e-42,-7.336410274731375414e-42,2.359018356823306669e-41,-6.980516846857747290e-41,1.752744311678344740e-40,-1.365976525466689545e-39,2.166224801327224796e-39,-1.868652420343310813e-38,9.021228727473951772e-38,5.162798262994137331e-38,1.513537082471817835e-36,-3.859707483066655908e-36,5.922946632206227458e-24,3.670312272469286596e-24,-1.417031084167681924e-24,4.609110025786035280e-23,-3.246202699297205198e-21,2.062724079426135235e-19,2.385215413868788643e-18,-1.661635034253052963e-17,8.306070651847206678e-17,-2.336239565136962478e-16,-2.629139399733661301e-16,-1.678336394080405694e-16,-2.181418202314895054e-16,7.952671627139415636e-16,6.480638795763984718e-16,-2.799913769920678345e-15,1.059088968082823420e-14,-5.732484091631125632e-14,-5.501487843010532021e-14,-3.544968661148617706e-14,-3.108858082217960044e-14,-2.916487608098837155e-14,1.258416772260551648e-13,1.842289010241510620e-12,2.713540659589584145e-12,3.765460375124028994e-11,3.491467498923889354e-11,-1.144926342468251038e-10,-1.432055867997429157e-10,4.391676258014510170e-10,3.961843315062007446e-10,4.298811606481593574e-10,4.450206282243131380e-10,-1.594491731022477537e-09,-1.363733461967431624e-09,7.111991603840114916e-09,6.858688102289814849e-09,-2.219137607391115934e-08,8.101769705626938200e-08,7.955970985433782120e-08,8.103636672361418794e-08,-1.822962794264686874e-07,6.816392292007549250e-07,-4.546453770663119457e-06,-4.915602191415907581e-06,1.788704755648495447e-05,1.643766993336152749e-05,1.250973835015041213e-05,9.585065302671121626e-06,1.188445109798490391e-05,-5.088479149649013721e-05,2.137746982986807776e-04,-7.316395837201910722e-04,-6.421806680867418607e-04,3.745721785477002918e-03,4.537525129499984239e-03,-1.540169596121833927e-02,4.596514869183553759e-02,5.119283081699556315e-02,-1.698408359793267541e-01,-1.558240115616642274e-01,-1.091083657350421371e-01,4.325239206266243697e-01,3.874836270374246161e-01,-2.035334300646568728e+00,8.056194295975894093e+00,7.840224514134517264e+00,6.191388226521767457e+00,-3.874627818485874542e+01,6.527689841575723904e+02,5.661052535030611352e+02,6.027225790484526442e+02,3.952178343575122881e+02,3.627037713306735895e+02,3.780808931633841325e+02,3.325686871994311673e+02,3.290151959380295921e+02,3.715307032821335724e+02,3.424900771980196055e+02,2.888269650217858953e+02,2.467971551144828197e+02,2.309708244688983712e+02,2.605833942928934448e+02,2.982722341490935491e+02,3.161028763192276756e+02,2.806558544986818902e+02,2.885747714905430144e+02,3.076118526199932148e+02,3.538962662035216908e+02,3.173260854036097953e+02,3.064802359757293289e+02,3.350218429088671996e+02,3.780246458057920336e+02,3.531132926921624744e+02,3.685688048553791987e+02,3.169183319461287738e+02,3.308540477171267185e+02,3.358632465096160331e+02,3.143454400472945736e+02,3.139474833080068379e+02,3.117987784743918382e+02,3.437682311096787657e+02,3.046502048989602258e+02,2.692401861099553457e+02,3.728953602438135135e+02,3.232004149266114723e+02,4.491181667199575145e+02,4.243320336113845883e+02,4.239735599913634587e+02,-2.188676055625521499e+01,-2.928678975658391082e+01,-3.816096226323312379e+01,-1.396506511264178796e+00,-1.626025829732711925e+00,-1.871015036878575177e+00,-1.891157570282140821e+00,4.764290038710626285e-01,4.560484849283836239e-01,-1.587932626714895767e-01,-1.478854771953776737e-01,3.296828251541849414e-02,-7.483918068457294515e-03,-1.147085679389922390e-02,-9.768658858604667775e-03,2.393506895452510424e-03,5.619895376603879777e-03,-1.536632360789384711e-03,-1.198774608957490877e-03,1.574017263644809526e-04,1.726140041766807817e-04,-4.585040577884989615e-05,1.009911956125932647e-05,9.751167670305765928e-06,-2.221741906208562825e-06,7.010798536878174591e-07,8.012955173086939568e-07,1.140811953070228984e-06,-2.308462063919582304e-07,-2.372333472695041842e-07,-2.091208499902274323e-07,6.142153391307406042e-08,6.898811511938908448e-08,-1.838877518761126094e-08,-1.636753714946522302e-08,3.938980635853058559e-09,3.661557633569689981e-09,3.192450884774943373e-09,2.564570289192667292e-10,3.561290288482324335e-10,-1.040390014348753261e-10,3.485138159081995985e-10,-9.858268545722977308e-11,2.084704394118793735e-11,2.403874112387720699e-11,2.696736608877482607e-11,-9.457752271191126776e-12,2.584095345078903018e-12,2.168112955347466816e-12,-6.982814001339092822e-12,2.127880188041428852e-11,2.127362274770269301e-13,-3.831467817509421597e-14,-5.081545983299145838e-14,1.022159066357926110e-14,9.894421426533948802e-15,-2.369288364854950358e-15,-1.861015858420498491e-15,5.636976059480523519e-16,-1.495892288792275912e-16,-1.807106547235662890e-16,6.163717587550675428e-17,6.037932727922719776e-17,3.002786486664252205e-17,-1.625658485157084701e-17,3.466392501706875543e-18,3.224990230863091404e-18,-1.033566661415656291e-18,2.772990878240051575e-19,-6.517966981775938489e-20,-6.169721954414527138e-20,2.584739577234765236e-19,-1.019199731428756230e-18,3.251703710617798620e-18,2.795949696678312466e-18,2.980023684660295862e-18,2.825138749574676522e-18,-9.281023439593767588e-19,3.360915660468207180e-19,-5.749043910981361012e-20,1.594272941725454603e-20,-5.321853440314867700e-21,-5.976172833329097228e-21,-4.124602994070378999e-22,4.791914372055452371e-25,5.651134474252423392e-25,-1.618533934192146633e-25,-1.377038820858274911e-25,3.662168228132177666e-26,-8.433184953561976163e-27,-1.038742077119655552e-26,1.932600696510191181e-27,2.015232816597389421e-27,-7.924392058831392698e-28,2.380435799776734872e-27,-5.556792860750926065e-28,2.178271902677146516e-28,-3.045972698482971290e-43
-1.055854417538136712e-48,4.752592980736023825e-48,-2.359939657312067306e-47,6.843393257245499282e-47,-3.212960213581939005e-46,7.678967385062776024e-46,-5.180667956730271039e-45,1.084633507030349497e-44,-6.517966776273644803e-44,1.447749511562810143e-43,-8.278109928711465138e-43,2.493845757452393086e-42,-9.506304443805578521e-42,4.736954144438596414e-41,-1.225746762349937351e-40,6.323398743214457891e-40,-1.247361682056150334e-39,8.627457425249747050e-39,-2.536461534935558910e-38,1.229530467119937294e-37,-4.341214768510063801e-37,1.307904329478236684e-36,-4.985574937193506107e-36,1.884804559195525286e-35,-4.253695108472465960e-23,-2.635915926564959104e-23,1.017672210444616658e-23,-3.310134294358419998e-22,2.331332257496344640e-20,-1.481390914290171776e-18,-1.712995197938965230e-17,1.193339946510653044e-16,-5.965188325392287621e-16,1.677822109082986404e-15,1.888174602708474670e-15,1.205334397417257367e-15,1.566633723534862542e-15,-5.711387000463371818e-15,-4.654214068956665590e-15,2.010819993292672726e-14,-7.606081639281973550e-14,4.116910222921132656e-13,3.951015158547401954e-13,2.545897640138954587e-13,2.232695183398631038e-13,2.094540073182891163e-13,-9.037598345852100838e-13,-1.323080594486297487e-11,-1.948789233987706567e-11,-2.704248640651979090e-10,-2.507474597321847613e-10,8.222541726161241176e-10,1.028462591175766663e-09,-3.153979425564428473e-09,-2.845285391930240997e-09,-3.087286622386477934e-09,-3.196014056841715958e-09,1.145119498437512937e-08,9.793953443516385415e-09,-5.107634050293100324e-08,-4.925718538908351729e-08,1.593722748445987009e-07,-5.818465082797566894e-07,-5.713756507586993965e-07,-5.819805886245472396e-07,1.309201045087885574e-06,-4.895342867392372896e-06,3.265136319140743941e-05,3.530248421133507181e-05,-1.284597877047331848e-04,-1.180507617778729965e-04,-8.984145246035654436e-05,-6.883726618542638067e-05,-8.535081377814770652e-05,3.654403831821231006e-04,-1.535270271595817054e-03,5.254431470832663167e-03,4.611962484585567686e-03,-2.690072935982773181e-02,-3.258724018034670628e-02,1.106106855937578209e-01,-3.301088804132430998e-01,-3.676526356844929122e-01,1.219749523480676334e+00,1.119084599137997404e+00,7.835858575806350368e-01,-3.106266187611887997e+00,-2.782799358647719767e+00,1.461720338941165842e+01,-5.785734094467382960e+01,-5.630630619517884838e+01,-4.446482375948087906e+01,6.347829022301460782e+02,5.859116509555566381e+02,5.491845764253778270e+02,5.056559407061989191e+02,3.405526105488962685e+02,3.549308400001846735e+02,3.865130448356692341e+02,3.103420502196760822e+02,3.687196651433217198e+02,3.637881049850573163e+02,3.281892809275744867e+02,3.283527782862168465e+02,3.134936037979045977e+02,3.052461437713093915e+02,2.583937980250524333e+02,2.694589494266236329e+02,3.099205892407648548e+02,3.077662724875532376e+02,3.000984593551900730e+02,3.188789958364919812e+02,3.386896800317213092e+02,2.912044138141058056e+02,3.049883021372650092e+02,3.117698658954034272e+02,3.632239283466242910e+02,3.804772545143138700e+02,3.267482339353880434e+02,3.437569502428896158e+02,3.249332780066453665e+02,3.205081149130327844e+02,3.171215292070312444e+02,2.880931289188032451e+02,2.893046524842562803e+02,3.393072840494112938e+02,3.356366822006748976e+02,2.744901770912305778e+02,3.494877019089304326e+02,3.519156055698617820e+02,3.711840295580500424e+02,4.666503119971083606e+02,4.558247351408364239e+02,3.688025923233719254e+02,4.841611117052656255e+02,6.369053131397228071e+02,1.002932034472249256e+01,1.167766408795326605e+01,1.343710825784918761e+01,1.358176631596003503e+01,-3.421580252436078773e+00,-3.275213048546164352e+00,1.140408932625995853e+00,1.062072258998599583e+00,-2.367690117413976947e-01,5.374741265922813871e-02,8.238049481796427820e-02,7.015578390863949632e-02,-1.718949908802427234e-02,-4.036052147351782554e-02,1.103566512158465907e-02,8.609264960369218331e-03,-1.130415306902283600e-03,-1.239665644169494693e-03,3.292848288085155795e-04,-7.252906052534852327e-05,-7.003016707173626606e-05,1.595593083235178212e-05,-5.034960011393878753e-06,-5.754680962141803810e-06,-8.192993328811961224e-06,1.657873082290915813e-06,1.703743747003961859e-06,1.501847630781220126e-06,-4.411123290222361917e-07,-4.954534052867446041e-07,1.320630556435337023e-07,1.175470876806244424e-07,-2.828866053253643342e-08,-2.629628589020422560e-08,-2.292729203189797489e-08,-1.841802868042997122e-09,-2.557619377757541311e-09,7.471790967811804203e-10,-2.502929041942549734e-09,7.079933569364799689e-10,-1.497176563376071158e-10,-1.726395354912971596e-10,-1.936721033351237151e-10,6.792293949488019496e-11,-1.855825218719638560e-11,-1.557078266182843591e-11,5.014862298325165666e-11,-1.528184214603979578e-10,-1.527812263734771459e-12,2.751653345139896785e-13,3.649424625081674147e-13,-7.340861383085115410e-14,-7.105897560231474235e-14,1.701556835466767185e-14,1.336529694645805735e-14,-4.048319017494867729e-15,1.074308128496778054e-15,1.297813530626879003e-15,-4.426610094641502006e-16,-4.336274915997563876e-16,-2.156517521303742369e-16,1.167502592164604314e-16,-2.489466433542870089e-17,-2.316098054182859429e-17,7.422787549754590734e-18,-1.991484723238926750e-18,4.681022131245105523e-19,4.430922263489886416e-19,-1.856287888289430687e-18,7.319608264841408894e-18,-2.335282930430927639e-17,-2.007973106429141326e-17,-2.140169911650675425e-17,-2.028935870275599608e-17,6.665372230760465271e-18,-2.413715907412192503e-18,4.128803023403956167e-19,-1.144962370065374542e-19,3.822006739679625122e-20,4.291920681889847897e-20,2.962174854801530070e-21,-3.441419278330943889e-24,-4.058487196173188673e-24,1.162385938331402045e-24,9.889508820838896166e-25,-2.630067101008647279e-25,6.056478272271360018e-26,7.459955942163711024e-26,-1.387939929201528226e-26,-1.447284013631731913e-26,5.691077403087089011e-27,-1.709562612378706042e-26,3.990733680094918609e-27,-1.564374138870344438e-27,1.235801413545889800e-42
9.684449986835224638e-48,-2.893304293161378574e-47,6.499405579260378346e-47,-3.405196227641776720e-46,1.242346214001418689e-45,-5.176247445868378014e-45,2.007571164761420130e-44,-6.917108067120794780e-44,3.098579526815606710e-43,-6.966218491132464864e-43,4.191818764105000812e-42,-1.589128700387318241e-41,3.695255382219065058e-41,-1.785541411776193218e-40,6.514352775938515627e-40,-2.530501902375527368e-39,6.485918706773542229e-39,-4.361698207947670842e-38,1.154521058087623093e-37,-4.828436304507983208e-37,2.103918531945891497e-36,-4.947074846244157062e-36,2.238635825631988411e-35,-9.969991304363841457e-35,1.876306306340621580e-22,1.162703379031111523e-22,-4.488955455237595417e-23,1.460101322022768221e-21,-1.028351422790905939e-19,6.534420177653289244e-18,7.556027431826771367e-17,-5.263826414795666131e-16,2.631246525203813796e-15,-7.400878821616104513e-15,-8.328744360351844317e-15,-5.316733977052139593e-15,-6.910426488583884628e-15,2.519294677603528672e-14,2.052975351065985741e-14,-8.869733580144382698e-14,3.355045103703592066e-13,-1.815970448497938602e-12,-1.742794081236618316e-12,-1.122996283390545551e-12,-9.848425770816898222e-13,-9.239023126902186771e-13,3.986487592099166343e-12,5.836112838193959501e-11,8.596115697566920153e-11,1.192844961610616561e-09,1.106047866612167386e-09,-3.626965850048388265e-09,-4.536551860087979372e-09,1.391221358218387562e-08,1.255056318819117528e-08,1.361803140880455511e-08,1.409762847850117613e-08,-5.051125860320076001e-08,-4.320116073546713641e-08,2.252979053425373541e-07,2.172736061737376715e-07,-7.029916266241269024e-07,2.566526854812081102e-06,2.520339867972274943e-06,2.567118283652354170e-06,-5.774890100312408253e-06,2.159337343077157690e-05,-1.440252700402524383e-04,-1.557193735472371329e-04,5.666365445457584478e-04,5.207222970705864930e-04,3.962909412252814054e-04,3.036414067329917441e-04,3.764827192816259374e-04,-1.611958727814140260e-03,6.772082199298460996e-03,-2.317731443732885463e-02,-2.034338163353472187e-02,1.186592053635459054e-01,1.437424232283238679e-01,-4.879040966403134227e-01,1.456111353314475387e+00,1.621716980851946266e+00,-5.380319145358205546e+00,-4.936285834190010213e+00,-3.456399785705519534e+00,1.370175033321245728e+01,1.227493709060675187e+01,-6.447653205325670456e+01,4.236743533353295561e+02,4.088372650305948355e+02,3.284958461134027061e+02,5.971884908762808664e+02,3.725150878449979928e+02,3.882535675268667887e+02,3.920810015842394591e+02,3.300648262483786084e+02,3.069119076526226877e+02,2.997251563985345797e+02,2.627105421646577383e+02,3.091794070633016531e+02,3.010622469425840677e+02,3.204736213832412091e+02,3.285282867450624167e+02,3.289051471468910108e+02,3.368113828733557966e+02,2.616340204577250574e+02,2.837132599714909134e+02,3.380785548239113609e+02,3.657187044634478070e+02,3.454313213049447313e+02,3.175206787132034378e+02,3.405937919772936766e+02,2.985937662507598702e+02,2.794299788904426691e+02,2.587917077929137690e+02,3.037558732883618404e+02,3.489345364956910771e+02,3.038618884109410487e+02,3.540772298763498611e+02,3.317618577510934870e+02,3.200285594193226757e+02,2.729725012816828098e+02,2.956721456838832864e+02,2.917971507811385550e+02,3.349393357696609996e+02,3.077443786607717584e+02,2.854421729760784956e+02,3.030069444142367843e+02,3.612188747004217362e+02,3.242902149820095019e+02,3.716620582715869432e+02,3.338723671191947915e+02,4.119260985636676651e+02,4.801271884889840749e+02,6.676440950329730413e+02,-4.423936490801653321e+01,-5.151021456125393883e+01,-5.927112856060256263e+01,-5.990921572899360825e+01,1.509260170647900878e+01,1.444697549045536533e+01,-5.030347539088311670e+00,-4.684804214997946303e+00,1.044388886715530651e+00,-2.370800133774307317e-01,-3.633806326141169052e-01,-3.094573927310460548e-01,7.582293680959950599e-02,1.780303924866006304e-01,-4.867835501668425768e-02,-3.797549595391983696e-02,4.986265623270553365e-03,5.468169218984420162e-03,-1.452476458985493130e-03,3.199259236649000288e-04,3.089032964518029591e-04,-7.038166319125737931e-05,2.220922511050657031e-05,2.538391658287901732e-05,3.613932042294206614e-05,-7.312883599060607126e-06,-7.515219251434260359e-06,-6.624654821134741537e-06,1.945747928902128275e-06,2.185446594387966611e-06,-5.825305712322071697e-07,-5.185005889770145003e-07,1.247813743148029887e-07,1.159930032381931518e-07,1.011323602885535038e-07,8.124198486775957085e-09,1.128166745695476956e-08,-3.295809444509230770e-09,1.104042820644718708e-08,-3.122961017637250948e-09,6.604050727502912238e-10,7.615135568153300612e-10,8.542882825010324293e-10,-2.996083087046194250e-10,8.186051121563786241e-11,6.868277334889607788e-11,-2.212057403229754628e-10,6.740825578685494753e-10,6.739184902182396865e-12,-1.213755192295392515e-12,-1.609762398089578484e-12,3.238056361778896373e-13,3.134413742517302786e-13,-7.505572777476898774e-14,-5.895436863072082460e-14,1.785714845306142063e-14,-4.738776675453026122e-15,-5.724659736706467330e-15,1.952579163406650087e-15,1.912732286502741966e-15,9.512405853671786063e-16,-5.149857760102709726e-16,1.098104459667742309e-16,1.021631610716865493e-16,-3.274194020745100352e-17,8.784445640572978921e-18,-2.064800396126782800e-18,-1.954481262498832539e-18,8.188091958552337108e-18,-3.228681604356643176e-17,1.030094065917034136e-16,8.857175952859678346e-17,9.440296493918752558e-17,8.949642772884228912e-17,-2.940097875321503050e-17,1.064690877767018055e-17,-1.821216366688341449e-18,5.050432766555672157e-19,-1.685888425396220680e-19,-1.893167619302341977e-19,-1.306616299197910985e-20,1.518011171471082707e-23,1.790200032253344368e-23,-5.127288183276485443e-24,-4.362265581798555021e-24,1.160123460163648682e-24,-2.671514550689047169e-25,-3.290589010817369464e-25,6.122207576175664073e-26,6.383974527075960871e-26,-2.510336107545111281e-26,7.540886285671470270e-26,-1.760313934107528055e-26,6.900459453223751080e-27,-6.127961865108054207e-42
-4.672658466807684366e-48,9.750798401136477581e-47,-3.100942233424552065e-46,1.443929126303240909e-45,-4.130009683060916849e-45,1.971791076901638459e-44,-6.072864874975644707e-44,2.259992811586590328e-43,-7.675983588113396222e-43,3.505807029248013273e-42,-1.359194138961866765e-41,4.108650044209672963e-41,-2.085099778843799087e-40,4.815736819347340250e-40,-2.808331266730701706e-39,9.052794706065233917e-39,-3.257632809210831665e-38,1.126199810235168588e-37,-5.082697242214224863e-37,1.556055667107263750e-36,-6.562308876799680523e-36,2.981833520967663154e-35,-7.622368731238302536e-35,3.970571969703539510e-34,-6.715973298749868307e-22,-4.161732453567982153e-22,1.606758175603829775e-22,-5.226226367737946242e-21,3.680838610337218958e-19,-2.338903370289323673e-17,-2.704573251462547618e-16,1.884112286547972825e-15,-9.418175138029508703e-15,2.649039998709923370e-14,2.981156357426190836e-14,1.903049800866173126e-14,2.473489516263400473e-14,-9.017459318502186846e-14,-7.348335180755954882e-14,3.174795804395051581e-13,-1.200890987598406331e-12,6.500009621148971875e-12,6.238085154463549542e-12,4.019606515398300796e-12,3.525104844984155659e-12,3.306977779542341608e-12,-1.426906903945961890e-11,-2.088954125313500243e-10,-3.076858149586683378e-10,-4.269619989367843082e-09,-3.958942052375883382e-09,1.298221176473072902e-08,1.623794636184940346e-08,-4.979680270153761043e-08,-4.492296751940969303e-08,-4.874381918029269143e-08,-5.046046912351254821e-08,1.807979128563013675e-07,1.546324504661444877e-07,-8.064220172539142743e-07,-7.777001722242665552e-07,2.516259193768030229e-06,-9.186520222845290527e-06,-9.021200429740215199e-06,-9.188637158809309386e-06,2.067040311374931762e-05,-7.729042902056748512e-05,5.155181031302353287e-04,5.573754942397572297e-04,-2.028195444638713867e-03,-1.863851883550873010e-03,-1.418467427633051878e-03,-1.086841510431051658e-03,-1.347566696116130796e-03,5.769778494112348839e-03,-2.423971132738486980e-02,8.295992204038526996e-02,7.281626000800602017e-02,-4.247238588815699933e-01,-5.145056929336000451e-01,1.746383772369870968e+00,-5.211944838550099490e+00,-5.804706782005920829e+00,1.925809213393708674e+01,1.766873763915926077e+01,1.237169463864690044e+01,-4.904347924060574826e+01,-4.393640284947199603e+01,3.128746744216617799e+02,6.033704949520902119e+02,5.487521431608475950e+02,4.954071976683833896e+02,3.522053890791968342e+02,3.149193612103227338e+02,3.165433316065776239e+02,2.927986110756602329e+02,2.871424502810662034e+02,2.985085163773554200e+02,2.675153214102724064e+02,2.677663701980888504e+02,2.955958601968047219e+02,2.897875326427529785e+02,3.464883242039508104e+02,3.034188860101368164e+02,2.867462329077905565e+02,2.935785577454589657e+02,3.034980542561725088e+02,3.560804421788943159e+02,3.298688269625133103e+02,3.541405220092863146e+02,3.164217474665647387e+02,3.044815391841768246e+02,3.308965001076995236e+02,2.824304056825188241e+02,2.782268385692136690e+02,2.584724086491181083e+02,2.797967068034270142e+02,3.124439684496387599e+02,2.990876999008635266e+02,3.147219689245918062e+02,3.718979215713290500e+02,3.371713530413420017e+02,2.919196847710198881e+02,3.089957882211491551e+02,3.350196839504989157e+02,3.522722885576076806e+02,2.869051433897727748e+02,2.841927937009263587e+02,2.892541022865113405e+02,3.194141618221179328e+02,3.040445949623305637e+02,3.013230932509655986e+02,3.383332829647239350e+02,2.880426208347776083e+02,2.721349429718151214e+02,3.773396997987680948e+02,2.149819680069453796e+02,2.509972446440788190e+02,2.891057634257177256e+02,2.924711672762928174e+02,-5.402183520190380506e+01,-5.171090738956475263e+01,1.800541822078787035e+01,1.676859471797756740e+01,-3.738242446338866376e+00,8.485944081359180213e-01,1.300669628233568353e+00,1.107659010503859509e+00,-2.713974884193863235e-01,-6.372346339539818327e-01,1.742372934602918477e-01,1.359279217745833213e-01,-1.784763323195662568e-02,-1.957253905913973469e-02,5.198934247915328564e-03,-1.145129637763038066e-03,-1.105675701166913783e-03,2.519212183623585795e-04,-7.949478308744625517e-05,-9.085814262430929797e-05,-1.293555909157052537e-04,2.617543352181398689e-05,2.689966539916529984e-05,2.371201585894949161e-05,-6.964529774510195674e-06,-7.822497277848829752e-06,2.085085867313909809e-06,1.855899593360496370e-06,-4.466372975712727121e-07,-4.151805651120844561e-07,-3.619889935041796602e-07,-2.907942052242460690e-08,-4.038113454625005788e-08,1.179688420398208138e-08,-3.951765273651298013e-08,1.117819768372644507e-08,-2.363826641718253916e-09,-2.725730173654111703e-09,-3.057804195043236835e-09,1.072405605921074904e-09,-2.930081328878093186e-10,-2.458402822272165322e-10,7.917746907952258527e-10,-2.412783267050644000e-09,-2.412196010079313413e-11,4.344465205458238131e-12,5.761917042207833889e-12,-1.159016520494291523e-12,-1.121919109414801928e-12,2.686513720869564043e-13,2.110188321761578673e-13,-6.391713964684404163e-14,1.696178151378984931e-14,2.049061062484488092e-14,-6.988981213155818331e-15,-6.846354947699584182e-15,-3.404831263652063036e-15,1.843318816994192209e-15,-3.930509749633192685e-16,-3.656785992537634323e-16,1.171951484890904157e-16,-3.144268191556380404e-17,7.390661258655147210e-18,6.995789508086932746e-18,-2.930811817640828591e-17,1.155660958541678749e-16,-3.687076155169482577e-16,-3.170300979149584164e-16,-3.379020737244146273e-16,-3.203398170807836641e-16,1.052366490463356209e-16,-3.810910554606983094e-17,6.518786644055710267e-18,-1.807731045443563407e-18,6.034399400234275180e-19,6.776325985971512926e-19,4.676848416207101208e-20,-5.433506491108862458e-23,-6.407768057598362681e-23,1.835240355880651090e-23,1.561411325561513091e-23,-4.152497998533978172e-24,9.562308845323840510e-25,1.177819839923691583e-24,-2.191357694214057803e-25,-2.285053475483956024e-25,8.985393382836981551e-26,-2.699153692142834390e-25,6.300794992234446657e-26,-2.469921956791887715e-26,2.264974776528840348e-41
1.302850908110788937e-46,-2.700460013647899929e-46,9.608465589006185947e-46,-3.406388659386485633e-45,1.764588621354994758e-44,-5.228836001136212021e-44,1.890552815193301084e-43,-6.527853721181024404e-43,3.047065322041948147e-42,-1.105342924432195260e-41,3.461978522992031816e-41,-1.430305713740804855e-40,5.037816540208892410e-40,-1.786000267061359453e-39,9.343626832375415350e-39,-2.190501813489961142e-38,1.108780468433099118e-37,-3.481387723119470376e-37,1.409512053056402131e-36,-5.889411558833027947e-36,1.777529519721680013e-35,-7.423956584434934062e-35,2.701551715658653863e-34,-1.117137779450220930e-33,2.040987521407209753e-21,1.264752497864969124e-21,-4.882945837387183570e-22,1.588252711279748240e-20,-1.118608627197337183e-18,7.107938611703192346e-17,8.219211142473257702e-16,-5.725826316921395443e-15,2.862187962348451343e-14,-8.050445319785615755e-14,-9.059748534140140993e-14,-5.783377514179865660e-14,-7.516946557786560260e-14,2.740410231719661848e-13,2.233162602034788258e-13,-9.648219746479543260e-13,3.649513497490591170e-12,-1.975356055726746831e-11,-1.895757084099596461e-11,-1.221560356771777514e-11,-1.071281060870226136e-11,-1.004992140583636189e-11,4.336376956269368675e-11,6.348341651906645241e-10,9.350586741629923439e-10,1.297539571973571956e-08,1.203124397229680347e-08,-3.945300410440753491e-08,-4.934719723195652991e-08,1.513327233428381970e-07,1.365211147410518394e-07,1.481327013482491997e-07,1.533496087969230480e-07,-5.494457282977404997e-07,-4.699287620226193091e-07,2.450720395968150262e-06,2.363434570534356177e-06,-7.646923813797638526e-06,2.791787922007106054e-05,2.741547157227453707e-05,2.792431259866554576e-05,-6.281745465761371403e-05,2.348859861972149273e-04,-1.566661999301889726e-03,-1.693866812562613150e-03,6.163695728586157836e-03,5.664254854593760852e-03,4.310729347091029652e-03,3.302916586861432639e-03,4.095261682394477076e-03,-1.753438464377557460e-02,7.366459951662986116e-02,-2.521156028014102657e-01,-2.212889650104278294e-01,1.290737853561884529e+00,1.563585279836281927e+00,-5.307268698725334133e+00,1.583912547674635540e+01,1.764053187897692254e+01,-5.852543478511324082e+01,-5.369537881759458031e+01,-3.759763961662174125e+01,1.757527826128829247e+02,1.581188361366864399e+02,6.059056365509875377e+02,4.052268459577239810e+02,3.294649328810056659e+02,3.609103751365554444e+02,3.496417041163953172e+02,3.199723829173351533e+02,3.032506238906021849e+02,2.620395853992056345e+02,2.590705378557615290e+02,3.023100565305505256e+02,2.998529366261064411e+02,2.822757543608218498e+02,3.126811974047584499e+02,2.760625974858634208e+02,3.364154749242923685e+02,3.368851691748001826e+02,2.844654657823360822e+02,2.695050864968880546e+02,3.305357656277117826e+02,3.404907773858597011e+02,2.940732490087513611e+02,3.242507333517851862e+02,2.972857326433990011e+02,2.968236060986582174e+02,3.333264349221769294e+02,3.146807695047469338e+02,2.945706059158324024e+02,2.748135554805127185e+02,3.033961083827729226e+02,3.062347508709049180e+02,2.872987831932725840e+02,2.908529186540947649e+02,3.495442779209356559e+02,3.664629868506250432e+02,3.225696274394130683e+02,3.105210751039318779e+02,3.379121739897530574e+02,3.356730727105507412e+02,2.824239855322919084e+02,2.992843269702530051e+02,2.964980273000228976e+02,2.927910094801587206e+02,3.083575791869153591e+02,2.683861854073255699e+02,3.321685684922676387e+02,3.659530556602371689e+02,3.010122183667864988e+02,3.186460976082387333e+02,4.217949805243557648e+02,5.025748197689081280e+02,5.831813805571780449e+02,5.948502539444920103e+02,1.950919638908438287e+02,1.883156279741966443e+02,-5.471855272737127507e+01,-5.095984014302033671e+01,1.136053680616698891e+01,-2.578882495055191626e+00,-3.952741267138121461e+00,-3.366181069886373223e+00,8.247782749643068900e-01,1.936559122934513821e+00,-5.295079743426396313e-01,-4.130856092060867790e-01,5.423904338606738013e-02,5.948104050588429864e-02,-1.579958622911917243e-02,3.480054486669417226e-03,3.360153783255334561e-03,-7.655897964196877988e-04,2.415850288275632734e-04,2.761183332114648778e-04,3.931122640588993527e-04,-7.954726859227082296e-05,-8.174821275706321898e-05,-7.206093044549213551e-05,2.116523954150104328e-05,2.377260691803911592e-05,-6.336585997207702169e-06,-5.640087806389180753e-06,1.357332899324060538e-06,1.261735737814553113e-06,1.100086295408458563e-06,8.837249907922807613e-08,1.227184624519858159e-07,-3.585078793610168714e-08,1.200943370717335475e-07,-3.397059662006564874e-08,7.183680553661999628e-09,8.283507130952550901e-09,9.292681681965893002e-09,-3.259045803499984119e-09,8.904531276290801752e-10,7.471098022055911347e-10,-2.406207100285882318e-09,7.332459973931818374e-09,7.330675297166536406e-11,-1.320285069205633056e-11,-1.751049365355932438e-11,3.522256790200038832e-12,3.409517579185281070e-12,-8.164328141986076064e-13,-6.412872477223770803e-13,1.942444953547739409e-13,-5.154693574631375058e-14,-6.227106441754988972e-14,2.123954758135796312e-14,2.080610567342913178e-14,1.034729861552725193e-14,-5.601854766394801564e-15,1.194483806726814491e-15,1.111299025058844991e-15,-3.561566209325064316e-16,9.555446183973491482e-17,-2.246025517502053789e-17,-2.126023802245762531e-17,8.906751235160413580e-17,-3.512059221258129863e-16,1.120504220077185695e-15,9.634559950901405836e-16,1.026886030141232463e-15,9.735142475820994570e-16,-3.198146835070740894e-16,1.158137553732605240e-16,-1.981062402035321127e-17,5.493703357182058034e-18,-1.833856885248677103e-18,-2.059328732132128432e-18,-1.421296487102384800e-19,1.651245240641040169e-22,1.947323800119531471e-22,-5.577304284147092013e-23,-4.745136541633431702e-23,1.261946142526975549e-23,-2.905990265442251980e-24,-3.579400168544840812e-24,6.659546591200218725e-25,6.944288521928079536e-25,-2.730665378420874547e-25,8.202741075587958142e-25,-1.914814634013264425e-25,7.506104727363280712e-26,-7.431288216249103663e-41
-1.563810604085834826e-46,7.771195606166632899e-46,-2.399241147304919289e-45,1.104769063399442272e-44,-3.859480926693178204e-44,1.137291163748709560e-43,-4.686951863366920701e-43,1.985259383263867777e-42,-6.945454124132648058e-42,2.952961622222803904e-41,-8.130853789308900033e-41,3.615319320102505996e-40,-1.269396369921250522e-39,4.299923955708854301e-39,-2.317382421237572268e-38,7.138284723052615990e-38,-1.531651597778773794e-37,1.223064515357910081e-36,-3.617965164557006339e-36,9.369664785156565663e-36,-5.429078579336061320e-35,1.429061902228956114e-34,-8.581332972886194158e-34,2.230549257556870421e-33,-5.104195376368872693e-21,-3.162951161687225018e-21,1.221149532064349577e-21,-3.971975360144780499e-20,2.797467854664787138e-18,-1.777585948804350986e-16,-2.055498089567182314e-15,1.431940955355952005e-14,-7.157891173019690111e-14,2.013292357154976529e-13,2.265703542722289941e-13,1.446333623212578342e-13,1.879872535341575333e-13,-6.853343828608751465e-13,-5.584795648398607118e-13,2.412871127513749617e-12,-9.126871048702937244e-12,4.940061191248945119e-11,4.740996425452101834e-11,3.054934270589667242e-11,2.679108902105232227e-11,2.513330524294197293e-11,-1.084461074761091139e-10,-1.587622450770539523e-09,-2.338437698045198229e-09,-3.244946583191129910e-08,-3.008828775839333160e-08,9.866588551938990742e-08,1.234097383283177728e-07,-3.784598282343195684e-07,-3.414182768534803394e-07,-3.704570661900887462e-07,-3.835037480532477765e-07,1.374079124212658400e-06,1.175219441168297077e-06,-6.128874176190154042e-06,-5.910585773184754569e-06,1.912377844766872492e-05,-6.981831517270846248e-05,-6.856187104160066013e-05,-6.983440406150979215e-05,1.570967770531613331e-04,-5.874136672308401946e-04,3.917980315558028219e-03,4.236099957587926602e-03,-1.541445349823424016e-02,-1.416542881137819281e-02,-1.078047002807684500e-02,-8.260085568565308026e-03,-1.024161859152161042e-02,4.385079481748355157e-02,-1.842238153400219125e-01,6.305022841309306791e-01,5.534096118674016740e-01,-3.227936533250019391e+00,-3.910285914143990293e+00,1.327266142936315241e+01,-3.961121279586718202e+01,-4.411625270071238702e+01,1.585964454692762331e+02,1.455464279228195608e+02,1.019483000293621586e+02,4.634963222654377546e+02,4.367310326877859552e+02,4.097467772874310299e+02,3.693710659545062640e+02,3.081917195569021715e+02,3.139615215295427788e+02,2.870950669674827509e+02,3.114245499791450698e+02,3.058837735968103857e+02,2.480698020496092226e+02,2.467588255239063812e+02,2.755896581573401818e+02,3.006885497335255764e+02,2.672612602477090604e+02,2.786266942785094329e+02,2.547745466392132414e+02,2.918139048701807496e+02,3.745976489589824041e+02,3.209589468182932706e+02,2.926096199003112588e+02,2.985646726125092414e+02,2.735173003673202174e+02,3.048740854689968387e+02,3.083353587830236506e+02,2.977827887093960726e+02,2.976446021410998242e+02,3.739161842190095513e+02,3.544614022199191936e+02,2.771370055805723496e+02,2.758812485950488735e+02,3.220081213315160085e+02,2.937101197852318819e+02,2.649145085236390287e+02,2.870068691167593329e+02,3.054804182589018069e+02,3.607224794370499694e+02,3.065465514036796435e+02,3.206944175200179643e+02,3.150393982144198048e+02,3.075181071639892707e+02,2.839145200558519946e+02,3.208155888224217165e+02,2.917575967987676222e+02,2.758169136903616163e+02,3.150086691666693923e+02,2.720345309744589031e+02,3.083874493585566370e+02,4.277626905642429165e+02,3.155315116270344333e+02,3.007356037091773260e+02,3.129762018979940308e+02,3.710215306424473738e+02,4.294694501997389011e+02,4.734280447644417791e+02,5.587030725428105598e+02,5.855068695961344929e+02,1.476459727479557387e+02,1.375571995469716740e+02,-2.841095245851930429e+01,6.449387842601526977e+00,9.885196988273168728e+00,8.418300294700305386e+00,-2.062643408373992404e+00,-4.843036039013338900e+00,1.324217872987228706e+00,1.033063472676899242e+00,-1.356434919695530261e-01,-1.487529192351703944e-01,3.951233122858319180e-02,-8.703080167844691462e-03,-8.403226979341187758e-03,1.914622141534697746e-03,-6.041669408600494314e-04,-6.905294152594993688e-04,-9.831132133628949291e-04,1.989354644714706895e-04,2.044396867715850209e-04,1.802132860387519603e-04,-5.293100358253616922e-05,-5.945162772562280110e-05,1.584682542626504525e-05,1.410499074675872272e-05,-3.394480483716781195e-06,-3.155406709549557077e-06,-2.751146356231338493e-06,-2.210060063902569134e-07,-3.068999697807678875e-07,8.965729780481197998e-08,-3.003374364519671106e-07,8.495522896737598896e-08,-1.796527841681643475e-08,-2.071577525804452701e-08,-2.323956534652197475e-08,8.150371497684120429e-09,-2.226886097660140912e-09,-1.868406522853247823e-09,6.017553280973799926e-09,-1.833735282740215177e-08,-1.833288962574185656e-10,3.301829567818667969e-11,4.379104713136618964e-11,-8.808621627698742797e-12,-8.526678228456142716e-12,2.041772696619421925e-12,1.603760616083280755e-12,-4.857755594663244326e-13,1.289109454824244946e-13,1.557303392343233489e-13,-5.311683654304506320e-14,-5.203286510315578941e-14,-2.587699983334096936e-14,1.400937580354271638e-14,-2.987219990076921882e-15,-2.779187665762979690e-15,8.906928429303999111e-16,-2.389669888710185260e-16,5.616963818446714504e-17,5.316858014886737094e-17,-2.227441275174904197e-16,8.783119078713221719e-16,-2.802208440441120483e-15,-2.409455023069182093e-15,-2.568083769318259131e-15,-2.434609163075109267e-15,7.998072559144804717e-16,-2.896323610488313022e-16,4.954331884302524528e-17,-1.373890578985488922e-17,4.586193563867964995e-18,5.150063918925757909e-18,3.554443563142733138e-19,-4.129509972075706772e-22,-4.869956838352258054e-22,1.394797882944761765e-22,1.186685550108416822e-22,-3.155932899322466815e-23,7.267433985300770808e-24,8.951528413986483733e-24,-1.665450011967536176e-24,-1.736659582385577593e-24,6.828973451705726377e-25,-2.051379179560989976e-24,4.788656421965575018e-25,-1.877161160571398328e-25,1.835559175964952000e-40
1.066895828411193427e-46,-8.226472383167392763e-46,5.010103277302271631e-45,-2.170561802728152474e-44,7.201970104792891802e-44,-2.330485570597095964e-43,3.644651954360053589e-43,-2.835604809425689222e-42,1.138152799999229805e-41,-4.621617412678473953e-41,7.165856373362789409e-42,-6.149821677751742709e-40,2.626748032057903506e-39,-1.139151142116114033e-38,1.420339693290021898e-38,-1.218177296768686669e-37,5.672448230845944594e-37,-1.868716338310479901e-36,4.450837336938744169e-36,-2.418366461633989569e-35,7.579163538638415954e-35,-2.246280181471741628e-34,9.965055220278794766e-34,-4.395682492416682689e-33,8.873920986030253270e-21,5.498962445957452989e-21,-2.123034809666179788e-21,6.905494971393497461e-20,-4.863549859038914597e-18,3.090429752863903758e-16,3.573595109269456053e-15,-2.489507151962442074e-14,1.244438271113753426e-13,-3.500218150323617901e-13,-3.939048710588545069e-13,-2.514529587022261448e-13,-3.268260541055116712e-13,1.191491060602986688e-12,9.709470671212792957e-13,-4.194907552746119822e-12,1.586756120481013945e-11,-8.588564787358314549e-11,-8.242479876314083438e-11,-5.311169211943954153e-11,-4.657776389264081387e-11,-4.369561672269244124e-11,1.885394500062676589e-10,2.760167890321225150e-09,4.065500991453218753e-09,5.641515941264698321e-08,5.231012304289062441e-08,-1.715360027496178475e-07,-2.145545352558128557e-07,6.579729740920851836e-07,5.935742244526761226e-07,6.440597374673147047e-07,6.667421027465718239e-07,-2.388911214736063510e-06,-2.043182851199690904e-06,1.065538075297981143e-05,1.027587450417832330e-05,-3.324772787588985276e-05,1.213829343383920672e-04,1.191985379505837569e-04,1.214109057457239921e-04,-2.731212823833759898e-04,1.021250576193030593e-03,-6.811621652657578498e-03,-7.364689934594024351e-03,2.679886491402682508e-02,2.462736763316804300e-02,1.874243287478474795e-02,1.436060755288154009e-02,1.780561037513347586e-02,-7.623698931791950129e-02,3.202831123276227432e-01,-1.096162477790453726e+00,-9.621326784149297762e-01,5.611943045241829076e+00,6.798244517742450199e+00,-2.307524303316119330e+01,7.044770797550725661e+01,7.840290181784270374e+01,7.301170417056285942e+02,6.729739678598957653e+02,4.741958998811375068e+02,3.238002722535199496e+02,3.295428968212414702e+02,3.302297110594585661e+02,3.310726569375241866e+02,2.888229355927288111e+02,2.722559067780252917e+02,2.594674786892602469e+02,2.646316711935983221e+02,2.937209615780478771e+02,2.447850804930945401e+02,2.620522864449402505e+02,2.822260663601332453e+02,2.884456434717378102e+02,2.850127326371149366e+02,2.922063244848799286e+02,2.928202818665079690e+02,3.261854837975871533e+02,3.598515796232708794e+02,3.165280306664440104e+02,2.981607133251084178e+02,2.636521929351044378e+02,2.976418565431250727e+02,3.351505011222803887e+02,2.709293322271778948e+02,2.545582918617181747e+02,2.923806847923179362e+02,3.422158521000401379e+02,2.997320924965846984e+02,2.496397350565767681e+02,2.795108052346786849e+02,3.030060261423973884e+02,2.654748517500505613e+02,2.296779550942663377e+02,2.638999518452448001e+02,3.190788592733472342e+02,2.939077327355205398e+02,3.071273425383067206e+02,3.319684837194790816e+02,3.252724637840887567e+02,3.186412084450298607e+02,3.029473714737990235e+02,3.050702700605871769e+02,2.725475377681385680e+02,2.706250869938314736e+02,3.231192737058853481e+02,2.598195936269215736e+02,3.443028950808485433e+02,3.243501244316095153e+02,2.690138652477674555e+02,2.909913851474381659e+02,3.084033684686001493e+02,3.272780984058967420e+02,3.586108595555519969e+02,4.251018318526564599e+02,4.377657704079265955e+02,5.264682391414334006e+02,6.312944845581416757e+02,5.922324524452028527e+02,5.044655092242883399e+01,-1.121261117637701687e+01,-1.718595205257348013e+01,-1.463567245048479748e+01,3.586017634238830354e+00,8.419881288567870214e+00,-2.302224720389203672e+00,-1.796036976273924779e+00,2.358235806527524681e-01,2.586150322233041199e-01,-6.869433464860627558e-02,1.513077773277745480e-02,1.460946667276053282e-02,-3.328674619458338573e-03,1.050377052646336851e-03,1.200522906687615920e-03,1.709195736529033885e-03,-3.458601136648041573e-04,-3.554295031922644283e-04,-3.133105892348770575e-04,9.202342560732014877e-05,1.033598849625441338e-04,-2.755056700279967752e-05,-2.452229277406983964e-05,5.901488751894255579e-06,5.485846006004631870e-06,4.783017417244559334e-06,3.842309499405537441e-07,5.335622721373709606e-07,-1.558740835478246665e-07,5.221529513857477623e-07,-1.476992813983145086e-07,3.123361262793373631e-08,3.601550082805528240e-08,4.040324702095236302e-08,-1.416986367960380237e-08,3.871562473295256632e-09,3.248326255365875277e-09,-1.046184332829241516e-08,3.188048420650730126e-08,3.187272468792395547e-10,-5.740410100640144646e-11,-7.613311471935753004e-11,1.531426729507558822e-11,1.482409337677434000e-11,-3.549732767893463608e-12,-2.788224967545913258e-12,8.445472035816979799e-13,-2.241186827881193313e-13,-2.707456559932061603e-13,9.234650630595299062e-14,9.046196306271809623e-14,4.498857017496194421e-14,-2.435606100028030025e-14,5.193444256179591857e-15,4.831768757422595239e-15,-1.548517901093063172e-15,4.154570938502470938e-16,-9.765396782621813800e-17,-9.243646537603987365e-17,3.872527679568904634e-16,-1.526992972804454009e-15,4.871791624979098273e-15,4.188968469563389339e-15,4.464753163629739975e-15,4.232700308653544866e-15,-1.390508370015578904e-15,5.035415961628086855e-16,-8.613375162595837117e-17,2.388583418614473602e-17,-7.973346690608054193e-18,-8.953665939418805873e-18,-6.179593256686381816e-19,7.179377453473024339e-22,8.466684560894045417e-22,-2.424931902496509795e-22,-2.063117304575578270e-22,5.486760815513975018e-23,-1.263482884203420091e-23,-1.556271850753427502e-23,2.895475334035976081e-24,3.019277041208942681e-24,-1.187254138167796648e-24,3.566434160432582787e-24,-8.325339369744319936e-25,3.263546668701113638e-25,-4.954295876534320387e-40
5.088857916423451807e-48,-2.220941916199995475e-45,-2.331708907714982238e-45,-1.063908631863412097e-45,4.302110350761375374e-44,-3.167555456883727285e-43,-1.780382828266529634e-42,-6.331922957564588874e-43,-1.426566498582140341e-42,2.355861381970823980e-41,-8.132845176050230324e-41,-6.558679140966354170e-41,1.721208059769024266e-39,-5.744317089230123360e-40,-2.440273617905056391e-38,-7.226130444410614441e-38,-1.802596733898857110e-37,-3.351745787857487002e-37,-7.359911650459115035e-37,1.230693585328458679e-35,1.019715246571603181e-34,1.575859488342448353e-34,1.343531549801166457e-34,-3.429924090153710932e-33,-1.611413053101752808e-34,6.021641657350016368e-32,1.045885135908607974e-31,6.283548838263148762e-31,4.442592411649301857e-30,1.413972210255583827e-29,5.913897347224423420e-29,-4.420169874144518512e-28,1.422397990900011659e-27,-5.980300636906171340e-27,-6.328411972950441051e-27,-3.556361527124039036e-27,-6.215167116483634221e-27,1.832621513945823498e-26,1.105323464929454533e-26,-7.044994585048493537e-26,2.190038520942414581e-25,-1.150481157763915763e-24,-1.255808837357788881e-24,-7.845520398572460111e-25,-5.841487346831923751e-25,-6.956928937489527422e-25,1.366755856377223237e-24,3.928615955442324797e-23,4.621717893838244984e-23,8.661911147549287397e-22,7.846146914535985789e-22,-2.441926662863467228e-21,-3.452989746270852909e-21,1.017236354321589382e-20,1.151557271815840456e-20,1.138019530403943386e-20,9.434296261701114047e-21,-4.006895323636627033e-20,-2.822053747266552582e-20,1.470176265898706319e-19,1.212351412736894014e-19,-6.427456145606282065e-19,1.700929216045778918e-18,1.976935930052184633e-18,1.651015490337114177e-18,-3.409214616858824799e-18,1.165702483788704923e-17,-1.258105429399216384e-16,-1.203738980700131998e-16,4.434080342894875269e-16,4.464197677119551977e-16,2.911861060767554615e-16,1.693698975503850368e-16,3.001008532230145668e-16,-1.168695994662709671e-15,3.688836826100245587e-15,-2.095543548290589655e-14,-1.128695015626042706e-14,7.577429570473374118e-14,1.863466653545022738e-13,1.109573413749414802e-13,7.126537929116658461e+02,7.680529365661817565e+02,6.211717272851203688e+02,5.668345962960623865e+02,4.232320396863805740e+02,3.402072549154312355e+02,3.269640342692055128e+02,2.981419245937577784e+02,2.966301358047368240e+02,2.701921666513904938e+02,2.753487629263660779e+02,2.666293906516070251e+02,2.984638345561301662e+02,3.120939378981555592e+02,3.031027473216213934e+02,3.756933537551768723e+02,3.259610408581412457e+02,3.287822003786599794e+02,3.383084399738714865e+02,3.472704763025781176e+02,3.200376453203700748e+02,3.839405448461318997e+02,3.643958688708503928e+02,2.981573446217270202e+02,2.839418888782017234e+02,2.702431330232399205e+02,3.018786378856144097e+02,3.135381562857589870e+02,2.775312773106027748e+02,2.650075779285093063e+02,2.498986674548776250e+02,2.555545891059743724e+02,2.790189418176635741e+02,2.630220467890849818e+02,2.462473279567057602e+02,2.983598988503914029e+02,2.884225560346256430e+02,2.612440332696189103e+02,2.824153959669652636e+02,2.491892702719173371e+02,2.643316025219561993e+02,2.832988895777191942e+02,3.162712492540491098e+02,2.920433857664143602e+02,3.046337126397192492e+02,3.016517095481796673e+02,2.741266729391747390e+02,2.691167016007319148e+02,2.736144854793364516e+02,3.037896201186777034e+02,2.804387537622703803e+02,2.718245627315355932e+02,2.777949543626058357e+02,3.213822208935065419e+02,3.289596801085191942e+02,3.307948674948260646e+02,3.195885668599874521e+02,3.283032087738504288e+02,3.274308758318370565e+02,3.684484181012587669e+02,3.889088151589861013e+02,4.224821385663008755e+02,4.025214758790923497e+02,4.743176215741234500e+02,5.436318456167415447e-14,6.786299316174967904e-14,2.928088997263716043e-14,5.211649228121310096e-14,1.217154648834413081e-13,-4.360792442194501033e-14,-3.049108795893260591e-14,4.524653357665542912e-15,4.150862758511178930e-15,-1.065091093669644378e-15,2.373251301355422209e-16,1.966954920328203947e-16,-7.247049806672121815e-17,1.286435256291326108e-17,2.123195184878354379e-17,2.632569414263968869e-17,-5.552581519198115539e-18,-6.377893930503758211e-18,-4.791095881978906983e-18,1.378007789514673269e-18,1.615438493658087925e-18,-4.578582949707645999e-19,-3.767678073840030367e-19,1.002463380869510878e-19,8.340023890119578521e-20,5.763179628108763713e-20,4.327083387657564018e-21,7.418352770621194417e-21,-3.189670522617537466e-21,9.192370112950014109e-21,-3.131953227104163721e-21,2.449684005180632417e-22,7.091572750131367219e-22,5.930102300186372336e-22,-2.900573669463680353e-22,3.394636438256523509e-23,4.234412485582831148e-23,-2.116036329978696438e-22,5.181865998182793785e-22,-8.821484709933448111e-24,-3.252002253038725395e-24,1.294129516679774412e-24,8.849876454961574840e-25,3.439426414958934842e-25,-3.773705424442384366e-26,-4.601390488478078764e-26,1.300976010891498785e-26,-3.094472562341445808e-27,-4.179995633681301953e-27,1.809076748130026413e-27,1.586644981929800239e-27,7.278802290708179727e-28,-3.471397419513436306e-28,7.657531449306011285e-29,6.550804599469460809e-29,-3.037453786240437575e-29,3.563979489685968582e-30,-2.354609348751449419e-30,-2.056645732253513165e-30,5.473113652566307556e-30,-1.615164840424409543e-29,9.022021769301843779e-29,6.898590438287628574e-29,6.133870871687668666e-29,6.496416597393235730e-29,-2.091376924723335405e-29,1.018785341445338432e-29,-1.004340864422601142e-30,8.911324998735142815e-32,-1.603319685680355702e-31,-1.489353381119338904e-31,-8.387507845460814340e-33,-6.915910027870623206e-34,-3.633564321364815353e-34,-1.445958915045909371e-34,-2.079943453853409144e-35,-1.509702743436425885e-36,5.834181740259361586e-37,-2.197248496848069997e-37,-5.244618764574437747e-38,8.110351783717044392e-38,-1.213821631963741293e-38,5.086614924340108951e-38,-1.439857475431807817e-38,3.561756326099194312e-39,5.350178968636516156e-40
-1.543030529806470932e-45,1.093607912105907044e-44,-3.939868902578014929e-44,2.055132124837038736e-43,-3.790802031834878294e-43,1.871326985980174472e-42,-1.168006592829341027e-41,2.296625990829713087e-41,-8.735962184223817661e-41,4.183077236186467158e-40,-1.562912398592851087e-39,2.802770497539048142e-39,-2.066842913052227839e-38,9.603399334835652124e-38,-3.399576572464579729e-37,1.169757087571692203e-36,-3.868872952711395334e-36,1.505805110780015548e-35,-8.194208855238221076e-35,2.194230714204719295e-34,-4.346383325568987422e-34,2.241353987952336057e-33,-1.392338146353670108e-32,3.813951014280388986e-32,-8.242392318007117085e-20,-5.107618818451521491e-20,1.971945190135371261e-20,-6.414052907825298746e-19,4.517426519741623657e-17,-2.870493719118163898e-15,-3.319273737357448607e-14,2.312336864083548654e-13,-1.155875566416582244e-12,3.251118782666474792e-12,3.658719170874691062e-12,2.335578532207434286e-12,3.035668857008119993e-12,-1.106696440091146665e-11,-9.018478595687121240e-12,3.896369354870486940e-11,-1.473831745695583606e-10,7.977344010328876626e-10,7.655888859143699328e-10,4.933190230235918313e-10,4.326297291840754243e-10,4.058593897474803752e-10,-1.751216983810884637e-09,-2.563735540513830436e-08,-3.776172246018648369e-08,-5.240027235920206668e-07,-4.858737834172207497e-07,1.593283322615905096e-06,1.992853729450998651e-06,-6.111471350321185892e-06,-5.513314391122629632e-06,-5.982240591048958132e-06,-6.192921927547601776e-06,2.218900019026791030e-05,1.897776040999958662e-05,-9.897071272335599670e-05,-9.544573273459792343e-05,3.088159307107632770e-04,-1.127444978497215344e-03,-1.107155579893487037e-03,-1.127704786211619885e-03,2.536841113804442615e-03,-9.485714282588788432e-03,6.326860253931666789e-02,6.840568429330516620e-02,-2.489167512832845541e-01,-2.287471638658361839e-01,-1.740859367478126418e-01,-1.333860889252249382e-01,-1.653844184599911060e-01,7.081144581874558863e-01,-2.974895842314682071e+00,1.018152088626039742e+01,8.936607628078196086e+00,-5.212558948633908074e+01,-6.314435127064382414e+01,7.592059414402564244e+02,7.264830574061210200e+02,6.854104611248484389e+02,4.978838217639828372e+02,4.139872604171396802e+02,3.698471724501192739e+02,2.764597534569004438e+02,3.286271779320208566e+02,3.482547366506724416e+02,3.120071150951992536e+02,3.065037929052239178e+02,3.457675236711412481e+02,3.199797395060883218e+02,3.223209301798515867e+02,2.755286179269597824e+02,4.036861472089761378e+02,3.347800018093227550e+02,5.415755608689639757e+02,5.677035492538947210e+02,3.725330624732176261e+02,3.471654645650632460e+02,3.254463269190000574e+02,3.570296977043543620e+02,3.180063026386632146e+02,2.899906199637440523e+02,2.781708321543212037e+02,2.690006756996178865e+02,2.996335395332332610e+02,3.231835495305903692e+02,3.173677763310732303e+02,2.666603483504186443e+02,2.723048632721807394e+02,2.538976610810270245e+02,2.352780621034587796e+02,2.526313717696374113e+02,2.645716832775483454e+02,2.771505483008813258e+02,2.893495015753145481e+02,2.888802850804286777e+02,2.621429815361899500e+02,2.408265228663589426e+02,2.568008988789438831e+02,2.693631005352586953e+02,2.851492212014781558e+02,2.471267599298047060e+02,2.669326956528931873e+02,3.196412937552985909e+02,2.890022914599803698e+02,3.043841521566957908e+02,2.765649177892199191e+02,3.326910181919525940e+02,3.339879966106198594e+02,2.844901132254534559e+02,3.285622550306791823e+02,4.014446859841544324e+02,3.885619405683274863e+02,3.660752080838707911e+02,3.272862466272018764e+02,3.175596925077431365e+02,2.789879535794885328e+02,3.298900970825838499e+02,3.132300295934369387e+02,3.539834384878725473e+02,3.160548570051182651e+02,3.726589714163848726e+02,3.736903648432869431e+02,5.576382243339171509e+02,4.922041965109067974e+02,-3.330812190825636776e+01,-7.820665178412974683e+01,2.138382726140766010e+01,1.668218750133558359e+01,-2.190407681832455378e+00,-2.402102248008008978e+00,6.380557783754474688e-01,-1.405396851588702478e-01,-1.356975750216033172e-01,3.091783458041216098e-02,-9.756250662332641155e-03,-1.115085518481926177e-02,-1.587557724586179803e-02,3.212463519186209687e-03,3.301347184990020747e-03,2.910132733800131072e-03,-8.547441176190952910e-04,-9.600409144353042826e-04,2.558988097574202512e-04,2.277711937024660797e-04,-5.481498610366457910e-05,-5.095435833703265433e-05,-4.442625315106997610e-05,-3.568864580963405626e-06,-4.955903461353192426e-06,1.447810219218487536e-06,-4.849929903706109202e-06,1.371879943814370223e-06,-2.901081598465970832e-07,-3.345239244542645643e-07,-3.752787672916524856e-07,1.316143965264680447e-07,-3.596035713954890674e-08,-3.017153230884272809e-08,9.717307289198738372e-08,-2.961165177510291730e-07,-2.960444447672029554e-09,5.331883413230929100e-10,7.071496364422888776e-10,-1.422439971096969625e-10,-1.376910990784288061e-10,3.297109602748082337e-11,2.589795884993640906e-11,-7.844434713759323738e-12,2.081688705864112619e-12,2.514775507473688856e-12,-8.577449983714684759e-13,-8.402407352892915381e-13,-4.178687705153598481e-13,2.262271778187897664e-13,-4.823843384286128300e-14,-4.487907177815558665e-14,1.438314818484512901e-14,-3.858903368876270633e-15,9.070424624030095451e-16,8.585805680699020462e-16,-3.596932229574962778e-15,1.418321750724392728e-14,-4.525081745474168435e-14,-3.890852937305074571e-14,-4.147010913849518299e-14,-3.931472520816857247e-14,1.291550322026247961e-14,-4.677061459690465229e-15,8.000388710251977022e-16,-2.218595551110225594e-16,7.405909024313454159e-17,8.316462077277727465e-17,5.739811304102496355e-18,-6.668444046742359967e-21,-7.864137611050212317e-21,2.252357229266547730e-21,1.916291822876733898e-21,-5.096285539136376365e-22,1.173564835103631212e-22,1.445516944265829180e-22,-2.689413584796600908e-23,-2.804404719128852028e-23,1.102761045919080881e-23,-3.312622410421385771e-23,7.732851506568484996e-24,-3.031290455922543016e-24,7.237635885184125055e-39
3.611438541433237072e-44,-5.926977073073715202e-44,1.855504144010432346e-43,-9.800071613102971450e-43,2.703122561097079702e-42,-1.090868030367948133e-41,4.954117641843251535e-41,-1.406208124773206348e-40,6.506953177278368616e-40,-2.760625820947498066e-39,9.427535256403246863e-39,-3.109242436602986013e-38,1.443295209782733670e-37,-3.258204687678847733e-37,1.981798399668866501e-36,-5.720582168591922138e-36,2.447403310119857808e-35,-6.772526773909879866e-35,3.412189023055058384e-34,-1.351317121168815510e-33,5.328864949723001260e-33,-1.322338787236786541e-32,5.719433626168463007e-32,-2.450453179731018784e-31,4.677337091767973390e-19,2.898437010565395009e-19,-1.119026130356275492e-19,3.639803398927417139e-18,-2.563518673331943493e-16,1.628928377358204738e-14,1.883599029320441296e-13,-1.312189297203674626e-12,6.559284551959958516e-12,-1.844922916213406836e-11,-2.076225230011385611e-11,-1.325378321966903253e-11,-1.722660848379159480e-11,6.280206169340129920e-11,5.117745287951918682e-11,-2.211085350420936579e-10,8.363600791129694988e-10,-4.526929269284515297e-09,-4.344512072435753918e-09,-2.799453454093013902e-09,-2.455057950704178201e-09,-2.303143437568866539e-09,9.937687795107169559e-09,1.454851319189700600e-07,2.142876707363772911e-07,2.973575244520172444e-06,2.757203711512931026e-06,-9.041456527478330642e-06,-1.130891166981602744e-05,3.468096461471536108e-05,3.128658392520748118e-05,3.394761463521867582e-05,3.514317484605168477e-05,-1.259166387803080866e-04,-1.076937122860198258e-04,5.616323122698561919e-04,5.416289940425241282e-04,-1.752447774279024002e-03,6.397948572931713880e-03,6.282811664862467289e-03,6.399422912191993912e-03,-1.439589451669168359e-02,5.382889038046013291e-02,-3.590323900926440381e-01,-3.881839544738807102e-01,1.412535958760865906e+00,1.298078947114860826e+00,9.878911093894228168e-01,7.569303634006058212e-01,9.385123214452758544e-01,-4.018360074006867677e+00,1.688173788695859301e+01,-5.777740667340691516e+01,-5.071285704524952109e+01,6.035779701768690302e+02,7.207236024497165090e+02,7.019857264986784458e+02,5.537091402942417062e+02,4.286041154248597422e+02,4.137342477780368881e+02,3.610497601551841740e+02,3.277252340784968965e+02,3.013155112766245907e+02,3.019939574836682823e+02,3.804152865733132103e+02,3.146435760478976817e+02,3.341080082983736474e+02,3.229825992140347353e+02,2.875099090191090454e+02,5.169281272930007844e+02,1.091066838038053220e+03,6.259730827735726280e+02,4.678493570395959864e+02,4.842088472859140893e+02,6.039378101527286162e+02,3.406861418139056923e+02,2.483951665317689219e+02,2.858354340658520982e+02,3.305148439676659677e+02,2.933278783129406406e+02,2.922170179365343756e+02,2.686390483180693423e+02,2.858271540928978425e+02,2.849068355303926410e+02,2.774817955103243321e+02,2.594145032541435967e+02,2.800990676830791131e+02,2.646896102222328295e+02,2.336352022026055977e+02,2.124206079824204494e+02,2.455923983511351025e+02,2.728107012499707480e+02,2.854460765292226370e+02,2.871701212300667407e+02,3.367489713445176562e+02,2.902905182481497945e+02,2.280773635673683088e+02,2.468926175262888307e+02,2.940006466400570844e+02,3.141958737664846808e+02,2.778467128782497184e+02,2.316244080974192627e+02,2.947539811242749579e+02,3.438274951929476515e+02,3.352384507549837735e+02,3.091449185970572557e+02,3.420316133043949094e+02,3.381649520619858436e+02,3.129028195585983099e+02,2.970948942482867210e+02,3.727998600764289563e+02,3.399069381592769901e+02,3.499021638238554601e+02,3.850624541846908073e+02,3.697583930559468399e+02,3.146203228368378291e+02,2.748753699269948925e+02,2.997441446094055095e+02,3.595669446104947156e+02,2.982821391628550032e+02,3.072310308138882533e+02,3.764774436575314098e+02,4.871195359804881946e+02,5.182242569377264090e+02,4.009464784837380762e+02,9.223084858228276062e+02,-1.213474978559932822e+02,-9.466695027531481799e+01,1.242997748838989303e+01,1.363128750652098020e+01,-3.620795812270416469e+00,7.975251078779691527e-01,7.700474284935624469e-01,-1.754504382959342634e-01,5.536411194578699096e-02,6.327811944470754235e-02,9.008965290706598406e-02,-1.822987088520111251e-02,-1.873426190527948537e-02,-1.651422457535420274e-02,4.850444156336598811e-03,5.447975303109283199e-03,-1.452157272352828585e-03,-1.292540577586372185e-03,3.110603788263517373e-04,2.891523492717160268e-04,2.521070991219932778e-04,2.025235154552394848e-05,2.812342604994831681e-05,-8.215935591173305922e-06,2.752205446654705802e-05,-7.785051595564379821e-06,1.646286180422200045e-06,1.898333759866902708e-06,2.129606587849228222e-06,-7.468764831044623786e-07,2.040654045483960276e-07,1.712153725992225143e-07,-5.514311872366158742e-07,1.680382003822444510e-06,1.679973008924481888e-08,-3.025701167269973981e-09,-4.012884968768585646e-09,8.071966221616938444e-10,7.813601440918686008e-10,-1.871021475994232138e-10,-1.469639867363193873e-10,4.451506799848362418e-11,-1.181302639063038923e-11,-1.427067810504655465e-11,4.867473351635144194e-12,4.768141342408297784e-12,2.371293459974441961e-12,-1.283778700591969165e-12,2.737402044903039284e-13,2.546767236661734927e-13,-8.162051732773105001e-14,2.189824405878471944e-14,-5.147223269072497038e-15,-4.872214986093247847e-15,2.041162794109524057e-14,-8.048596422949540240e-14,2.567862809096481797e-13,2.207954931060047057e-13,2.353317728512218385e-13,2.231005457810248029e-13,-7.329202486396765562e-14,2.654107230263781751e-14,-4.540006519864281237e-15,1.258993610407333962e-15,-4.202655205092577772e-16,-4.719369698207503770e-16,-3.257189330066319786e-17,3.784163563300686842e-20,4.462687666853206785e-20,-1.278152459371324817e-20,-1.087444333632751755e-20,2.892005677814024553e-21,-6.659666418491114175e-22,-8.202921869448081531e-22,1.526170246445856434e-22,1.591424638263861839e-22,-6.257873860440548548e-23,1.879824579259454545e-22,-4.388186315494325784e-23,1.720176222919691208e-23,-2.279857531210811853e-38
-3.726939805692378040e-44,2.593412317046011258e-43,-9.804773502609331644e-43,3.684988944768329083e-42,-1.447694324254668919e-41,3.951475534386514196e-41,-1.758679947509576767e-40,7.500530013080822493e-40,-2.078180604197692523e-39,9.009078479971049913e-39,-3.726421117737418977e-38,1.124971173821283522e-37,-5.141106461095615218e-37,2.120269619679460903e-36,-7.966967832608281756e-36,2.071980509643849739e-35,-8.619699832103966656e-35,4.655036684786577510e-34,-1.282298127344362193e-33,4.723874151660892227e-33,-1.645764051266686520e-32,7.131411660425891039e-32,-2.572432462380453886e-31,9.642746332912600671e-31,-1.901837544194151069e-18,-1.178524493327062299e-18,4.550037480507945997e-19,-1.479969183690293154e-17,1.042344385817677887e-15,-6.623335209929055348e-14,-7.658843658012406239e-13,5.335452248892825552e-12,-2.667050370587700518e-11,7.501583912718703107e-11,8.442075084958455158e-11,5.389079733878134742e-11,7.004457906455239774e-11,-2.553575174033401609e-10,-2.080910556430602350e-10,8.990425642502600159e-10,-3.400697806708935806e-09,1.840680685466210520e-08,1.766508594195724991e-08,1.138277096082197321e-08,9.982435074086464001e-09,9.364740178636109907e-09,-4.040732446773604354e-08,-5.915525876729163655e-07,-8.713084592115434146e-07,-1.209076217847296980e-05,-1.121098059144124520e-05,3.676318627625060274e-05,4.598281538329360705e-05,-1.410151957813404711e-04,-1.272134096198258683e-04,-1.380333441493622449e-04,-1.428945744834074505e-04,5.119857439662858865e-04,4.378900671058245562e-04,-2.283635745190783217e-03,-2.202300872662270922e-03,7.125573603038580506e-03,-2.601450047984250197e-02,-2.554634586495748219e-02,-2.602049524503275563e-02,5.853470070026385585e-02,-2.188719835223992272e-01,1.459850478301707000e+00,1.578382751098069470e+00,-5.743468700646515046e+00,-5.278078591544410614e+00,-4.016833434387403479e+00,-3.077731100434489608e+00,-3.816055874514272084e+00,1.633892940554393647e+01,-6.864231141508233236e+01,3.669137100935797662e+02,3.181922408021052888e+02,7.246148972121299039e+02,7.865500273811541092e+02,4.470450664189922918e+02,4.207151500936407729e+02,3.103337864086632294e+02,3.388401184043160015e+02,3.354344586977151721e+02,3.070322831123116885e+02,2.973654090020947933e+02,2.902314172801403060e+02,3.465895733778650083e+02,3.088702084829635055e+02,2.966234263599279757e+02,3.755883923155835760e+02,6.299069000404391545e+02,5.569125614597369633e+01,3.227083448000252019e+02,8.594762315492995413e+02,4.748765142547315463e+02,3.687978749300850723e+02,4.519886528484714745e+02,3.666429734380116088e+02,2.995785972233705934e+02,3.000637444287348217e+02,3.061526876417470362e+02,2.885047847449620235e+02,3.031618022844239704e+02,2.766242027079647983e+02,2.750068172828919728e+02,2.835438654851154183e+02,2.617936602077710972e+02,2.269851400868229234e+02,2.711484714663575346e+02,2.562442600799755041e+02,2.214971021941154277e+02,2.197210480953862088e+02,2.524260402284112104e+02,2.643192214204175343e+02,2.721965030448821494e+02,2.721431209358405567e+02,3.254936932504306242e+02,2.999644054665003523e+02,2.324800510861692544e+02,2.675431735478504720e+02,3.030751644547961519e+02,3.615950199976727504e+02,3.025250217669689050e+02,2.613418467489113937e+02,2.315743450133829242e+02,3.140517416866747453e+02,3.304290094027051623e+02,2.929444430373452519e+02,3.279513436710392966e+02,3.248252238567297923e+02,3.387166979501740798e+02,3.052236755368062973e+02,3.249829542437311716e+02,3.006414312610987736e+02,3.426141561814243346e+02,3.816198109237441827e+02,3.916760373677977327e+02,3.423188797339919915e+02,3.102261669312271124e+02,2.829018574827005637e+02,3.507817114259129880e+02,3.394583204458877503e+02,3.405300230224624443e+02,3.115069083886445469e+02,3.668004966104442133e+02,4.372853794003087273e+02,5.865037054474635170e+02,1.214288816973735948e+03,7.393585499348155281e+02,5.771548185765734615e+02,-5.054114637685782441e+01,-5.542575582422483649e+01,1.472240567769343400e+01,-3.242792133302641489e+00,-3.131065992433864409e+00,7.133935915878572009e-01,-2.251143003670250664e-01,-2.572932010773518186e-01,-3.663107466501241416e-01,7.412391323321021463e-02,7.617480193359314755e-02,6.714797692456599132e-02,-1.972224071420562719e-02,-2.215184359819943882e-02,5.904571696349056494e-03,5.255559198786867968e-03,-1.264792969495551157e-03,-1.175713409248268409e-03,-1.025084865300118775e-03,-8.234745918839932980e-05,-1.143517913798967168e-04,3.340656117230933031e-05,-1.119065730155067572e-04,3.165455710682679496e-05,-6.693913235211700877e-06,-7.718756089395941277e-06,-8.659127370274154705e-06,3.036851329238009948e-06,-8.297440193569633855e-07,-6.961735221635124947e-07,2.242157266730527049e-06,-6.832549206428936001e-06,-6.830886204945159211e-08,1.230270977807136373e-08,1.631666724975674316e-08,-3.282117177901952004e-09,-3.177064274852937943e-09,7.607702458093369885e-10,5.975657134298686888e-10,-1.810013388832427579e-10,4.803258063179906320e-11,5.802556212815839066e-11,-1.979148259763366233e-11,-1.938759179228580693e-11,-9.641842873408002139e-12,5.219932802188492864e-12,-1.113046564830715291e-12,-1.035533136050591679e-12,3.318746568502490242e-13,-8.903977174576182600e-14,2.092896507009356902e-14,1.981076241060485401e-14,-8.299508800594649720e-14,3.272614856466970023e-13,-1.044110741402846240e-12,-8.977697141321687691e-13,-9.568752308609154563e-13,-9.071422174020561586e-13,2.980104316653850277e-13,-1.079178318302927525e-13,1.845997985810280360e-14,-5.119154914846758513e-15,1.708828612847000048e-15,1.918928292077781247e-15,1.324395662516567239e-16,-1.538667022891371221e-19,-1.814559606526234442e-19,5.197056117065395513e-20,4.421623715260415774e-20,-1.175909469036657321e-20,2.707866330348448789e-21,3.335364648157582135e-21,-6.205513557339315901e-22,-6.470842418287495762e-22,2.544494703098665059e-22,-7.643496483554304230e-22,1.784266842860162185e-22,-6.994355247849773165e-23,2.078679948250191575e-38
2.769431301431395263e-43,-9.229479706511606783e-43,2.316230756430846683e-42,-1.379022348436711483e-41,4.378666990764199125e-41,-2.097853310732665129e-40,3.684630902135118386e-40,-2.802311590427133391e-39,7.144404551135875867e-39,-3.578537569533741409e-38,1.130382241907159750e-37,-4.839584462398079811e-37,1.590635426481114229e-36,-7.230401763130279236e-36,2.709587275587554521e-35,-9.193721354992516354e-35,2.533842808387785111e-34,-1.252619118996745043e-33,3.745978974344902924e-33,-1.953316073584941192e-32,5.772736995010315738e-32,-3.092135602394347798e-31,8.340002249734433625e-31,-2.904347490268846896e-30,6.440709789442022395e-18,3.991158058915430833e-18,-1.540902956350800682e-18,5.012022209033385596e-17,-3.529974318890381998e-15,2.243040161636117181e-13,2.593722553987689338e-12,-1.806889323194384076e-11,9.032158126870228673e-11,-2.540465408860307493e-10,-2.858969516554497171e-10,-1.825050657141251978e-10,-2.372110107173159851e-10,8.647866202705984959e-10,7.047153439930366106e-10,-3.044672381386583263e-09,1.151670799720498754e-08,-6.233597683625000816e-08,-5.982408555611623650e-08,-3.854857350048303839e-08,-3.380623518576308409e-08,-3.171436694383013820e-08,1.368423139289722933e-07,2.003335434209921391e-06,2.950748837617248571e-06,4.094623673953543642e-05,3.796679304442884790e-05,-1.245011775392570650e-04,-1.557241153900925973e-04,4.775581146253225231e-04,4.308173719611415264e-04,4.674598593587903301e-04,4.839227659287024803e-04,-1.733876588610429792e-03,-1.482946243498990029e-03,7.733696889343404449e-03,7.458250486827772141e-03,-2.413126809941536222e-02,8.809997910676971300e-02,8.651453979295059549e-02,8.812028081075280739e-02,-1.982319788423430873e-01,7.412257325610345227e-01,-4.943888764539013714e+00,-5.345306841542994292e+00,1.945067032593689405e+01,1.787459321001601609e+01,1.360329566654999844e+01,1.042295799047285421e+01,1.292334800260622707e+01,-5.533296095271074932e+01,2.986672795456999552e+02,6.438918364193216348e+02,5.176840044764181812e+02,4.571079508246271530e+02,3.908634149140898444e+02,3.906782426832840542e+02,3.507710404496730803e+02,2.771421798160572507e+02,3.165020341697294839e+02,3.012893894419495950e+02,2.920013180872805947e+02,2.790778790805180734e+02,2.898365584414175373e+02,2.987922098682959131e+02,2.893102472094411155e+02,2.754124790746878375e+02,4.285671996075162724e+02,8.405143885999575559e+02,4.861513906824945934e+02,5.235451037005636863e+02,6.532281098259821874e+02,3.452896542251963865e+02,3.375400211407157371e+02,3.312541895564440324e+02,3.404929145092504541e+02,3.554526311142182067e+02,2.998813766169355972e+02,2.734999641436733668e+02,3.080500395174800587e+02,3.036731859683267771e+02,2.456563472366505039e+02,2.304140204143622555e+02,2.558569994636728211e+02,2.500341462464314759e+02,2.520880502048603660e+02,2.808374135074228661e+02,2.727754449249188156e+02,2.434887778312682656e+02,2.434051440253979877e+02,2.725724458642763466e+02,2.462128703957134235e+02,2.469922010192128994e+02,2.561337257111943018e+02,2.696339686221064653e+02,2.874282453706377396e+02,2.447618457727421344e+02,2.818138178072774735e+02,2.940910388970436316e+02,3.374023048741921116e+02,3.476207650655242105e+02,3.270233273510813206e+02,2.473869922775967893e+02,2.464578103623817924e+02,2.896897988057198745e+02,2.787151857029310804e+02,3.242736666495782174e+02,3.143362173254722620e+02,3.361506528810846248e+02,3.639160207899711850e+02,3.171260239843907129e+02,3.263233734297230626e+02,3.558455842870503147e+02,3.506099206187033701e+02,3.527644900304999851e+02,3.208390324677958461e+02,3.287298711491312133e+02,3.441724064825068581e+02,3.382494412118263085e+02,3.390400312649387615e+02,3.419134581178906274e+02,3.183523660280212084e+02,3.718761269625574641e+02,3.839491651827987084e+02,4.087307655306412357e+02,7.057282083822486811e+02,9.551450186084769030e+02,7.528332573567410009e+02,2.203556966012515090e+02,2.428696218329384351e+02,-4.985848694697024541e+01,1.098194906386646785e+01,1.060358044272586575e+01,-2.415958767399485119e+00,7.623657880472236581e-01,8.713419524158330098e-01,1.240537720548094747e+00,-2.510259696209768965e-01,-2.579714518836114245e-01,-2.274014589939930830e-01,6.679078832232568375e-02,7.501881343791287626e-02,-1.999625722146194592e-02,-1.779832966488379201e-02,4.283312465418591744e-03,3.981638120269935521e-03,3.471523709847264966e-03,2.788756001528830538e-04,3.872605756622847701e-04,-1.131337249235276758e-04,3.789796675979085865e-04,-1.072004369988339192e-04,2.266941918110779275e-05,2.614012330288460973e-05,2.932475835909763520e-05,-1.028451570167739475e-05,2.809987869110074185e-06,2.357641762324664942e-06,-7.593227035287952574e-06,2.313891988042543393e-05,2.313328800615256533e-07,-4.166401254733286357e-08,-5.525756855910204879e-08,1.111512615908900460e-08,1.075935693834634474e-08,-2.576403218381557633e-09,-2.023699317574292669e-09,6.129740675308012879e-10,-1.626657930020477505e-10,-1.965077444062563339e-10,6.702528094646990806e-11,6.565747565110655214e-11,3.265279517306894727e-11,-1.767767830744573510e-11,3.769412339184817392e-12,3.506907531094640332e-12,-1.123917422793824739e-12,3.015395985231947462e-13,-7.087744724640284526e-14,-6.709057342138258490e-14,2.810688417774563326e-13,-1.108294586331374274e-12,3.535956209269540271e-12,3.040361782807275546e-12,3.240526871232948748e-12,3.072102440018626832e-12,-1.009233785736669137e-12,3.654715083560291206e-13,-6.251605104124188091e-14,1.733638673522776610e-14,-5.787071145399225320e-15,-6.498588837807478621e-15,-4.485161277158307128e-16,5.210806668153996874e-19,6.145136768888902591e-19,-1.760020476598993201e-19,-1.497414710054815108e-19,3.982302090860998965e-20,-9.170384313643499354e-21,-1.129545255131180110e-20,2.101541850369136217e-21,2.191397379688521692e-21,-8.617114534026064523e-22,2.588525122846711142e-21,-6.042548143435813883e-22,2.368688769089992411e-22,-3.062749198519686284e-37
-4.360524301118656974e-43,2.127293726919463483e-42,-1.020870133719700874e-41,3.684658726124521502e-41,-1.069544424292261904e-40,3.690885056367632236e-40,-1.997898756949079099e-39,7.134630448820224942e-39,-2.289016206605166871e-38,9.021165407333989490e-38,-3.669764710132331181e-37,1.303491149083935773e-36,-5.399470470208985101e-36,1.330019934435939429e-35,-5.682912352154375679e-35,3.409696846306226623e-34,-8.428704057482420549e-34,3.018474876209925419e-33,-1.489029599342720791e-32,4.152045553127846144e-32,-1.677545236534168881e-31,7.758683148558189938e-31,-2.436517694184687291e-30,1.180634807031167504e-29,-1.847594818177936629e-17,-1.144911537585383428e-17,4.420264862919567729e-18,-1.437758657778259701e-16,1.012615452814579649e-14,-6.434429612707128021e-13,-7.440404097067720284e-12,5.183278644269078783e-11,-2.590982841599943925e-10,7.287629591485141603e-10,8.201296808581023416e-10,5.235376607984878389e-10,6.804682225156279444e-10,-2.480744096032278390e-09,-2.021560449729267854e-09,8.734007739520644675e-09,-3.303705758173525498e-08,1.788182227640666175e-07,1.716125614864707534e-07,1.105812045194069046e-07,9.697723852378595607e-08,9.097646368614012967e-08,-3.925485829793133903e-07,-5.746807864850457840e-06,-8.464576794102801551e-06,-1.174591889668208302e-04,-1.089122975338987945e-04,3.571465537162625916e-04,4.467132941336923410e-04,-1.369932704322337569e-03,-1.235851280430685234e-03,-1.340964648451124655e-03,-1.388190469618501288e-03,4.973832861912227433e-03,4.254009083931290305e-03,-2.218503668886391902e-02,-2.139488566108765574e-02,6.922343554374717212e-02,-2.527253520195525405e-01,-2.481773292759264227e-01,-2.527835898913179391e-01,5.686521965430747505e-01,-2.126294876420050439e+00,1.418213762399886591e+01,1.533365350228182677e+01,-5.579657969250236249e+01,-5.127541353594352103e+01,-3.902268446384599798e+01,-2.989950456213957963e+01,-3.707217307363544023e+01,1.817592975180838266e+02,6.306686136879568494e+02,5.017027344576817427e+02,3.880749444143878009e+02,3.836801469964984790e+02,3.317550313428679374e+02,3.244451441131862452e+02,2.990457116642406277e+02,3.102756788008989588e+02,3.407244294631514094e+02,3.123152047422335613e+02,3.024466510001566348e+02,2.953595054552580450e+02,2.808322403072871793e+02,2.969153344070292064e+02,2.844188244410498214e+02,2.919167814122801019e+02,3.901344279431752966e+02,5.909207971761652516e+02,9.011849927260501545e+02,1.153795744521319193e+03,3.202879886093176651e+02,2.820942019909155647e+02,3.122971028063556105e+02,3.432188681329456585e+02,3.619801957576270866e+02,3.437380265438257538e+02,2.974707456850605354e+02,2.853586143355725540e+02,3.240221156796765172e+02,2.836771146200204043e+02,2.156249273424490980e+02,2.162613947666684169e+02,2.346042145299939818e+02,2.304549296215588186e+02,2.555845313588807528e+02,2.757722582372776401e+02,2.706073955877577077e+02,2.591159017310815784e+02,2.944844559888870776e+02,2.940437418337063491e+02,2.799708264050702837e+02,2.776590030656821568e+02,2.550595423723979422e+02,2.686933207214791537e+02,2.773868253213443040e+02,2.673545667803577430e+02,2.486409145167497172e+02,2.619322672146893751e+02,2.899922564880262144e+02,3.582150076249367316e+02,3.449323662849283210e+02,2.942660624977297630e+02,2.234692874586585845e+02,2.548961256701979323e+02,2.821867672408138219e+02,3.289865452913034574e+02,3.152728569187496532e+02,3.224086026337084832e+02,3.744892488909558210e+02,3.171321824021276825e+02,3.101788519760744407e+02,3.571855116019858656e+02,3.198334044846836264e+02,3.114098226057515149e+02,3.031437069190480997e+02,2.938167579743042097e+02,3.760427572313646465e+02,3.486360494922668636e+02,3.037921810116525307e+02,3.169844091103493042e+02,3.002782818466529875e+02,3.277959307033306686e+02,3.487587875586925179e+02,3.041661245262959028e+02,3.920269217797779788e+02,3.689856070979989795e+02,3.610838983478119530e+02,4.740786985974660865e+02,5.458543285555672355e+02,1.634146010991382809e+02,-3.150303747135826882e+01,-3.041764172052587512e+01,6.930467363854827312e+00,-2.186937659978323900e+00,-2.499548852183262504e+00,-3.558631174464828018e+00,7.200980883505796459e-01,7.400220368868510867e-01,6.523283473696155355e-01,-1.915973835812873061e-01,-2.152004600501525311e-01,5.736166111053213335e-02,5.105664241380233198e-02,-1.228719531613906013e-02,-1.142180629055752385e-02,-9.958481948697268243e-03,-7.999880923114271233e-04,-1.110903388398476032e-03,3.245376530899166871e-04,-1.087148610851085880e-03,3.075173053599329132e-04,-6.502994666640092634e-05,-7.498607752846093587e-05,-8.412158498028276372e-05,2.950236625944119862e-05,-8.060787080674176083e-06,-6.763178043406760438e-06,2.178208207214060024e-05,-6.637676570894204212e-05,-6.636061000240586858e-07,1.195182149227412623e-07,1.585129600191982650e-07,-3.188507193507012737e-08,-3.086450527363011890e-08,7.390721506536131759e-09,5.805224105625144150e-09,-1.758389599705080169e-09,4.666263285733655878e-10,5.637060233516360255e-10,-1.922700537860219635e-10,-1.883463403156023178e-10,-9.366845756609365943e-11,5.071053953058582693e-11,-1.081301119462045115e-11,-1.005998468196923454e-11,3.224091869218746366e-12,-8.650024887321817224e-13,2.033204546380872129e-13,1.924573530779611271e-13,-8.062796688504225579e-13,3.179275889867244509e-12,-1.014331429784301062e-11,-8.721642270715586194e-12,-9.295839823851173357e-12,-8.812694151185948450e-12,2.895108107360792579e-12,-1.048398836626928828e-12,1.793347872094571429e-13,-4.973150373960602761e-14,1.660090736923719584e-14,1.864198117090165681e-14,1.286622283145578889e-15,-1.494782363022918690e-18,-1.762806153726242238e-18,5.048829738892896398e-19,4.295513614812837930e-19,-1.142371096979901987e-19,2.630634680413970279e-20,3.240235980976627675e-20,-6.028524743174976719e-21,-6.286286101445298899e-21,2.471922611202064854e-21,-7.425494642740758248e-21,1.733377376621376819e-21,-6.794867706694253368e-22,1.869135181689730485e-37
1.340456593647132791e-42,-5.765167400384762549e-42,1.973036918855067589e-41,-7.777498909223254190e-41,3.064363482687998917e-40,-1.235501111258552409e-39,3.510583268830017646e-39,-1.740434649047095190e-38,4.870397617111446450e-38,-2.051458780337002311e-37,8.822658023455918545e-37,-3.034451847458678971e-36,1.330677922967401623e-35,-3.475842424494075232e-35,1.606626098565273698e-34,-5.484590208035938276e-34,2.610952456674018910e-33,-4.502746961608220826e-33,3.160192104691648738e-32,-1.322086624285294480e-31,3.654991204711143505e-31,-1.597106895736876137e-30,5.423579063783082838e-30,-1.812612926851866434e-29,4.226555129776536198e-17,2.619097912979800061e-17,-1.011179125833952051e-17,3.289014545078138687e-16,-2.316457588252767025e-14,1.471939151333821872e-12,1.702065723213489515e-11,-1.185726043798045162e-10,5.927128455105748245e-10,-1.667117050273065781e-09,-1.876127425563788334e-09,-1.197643966149175136e-09,-1.556638083321721223e-09,5.674946466395316797e-09,4.624518647104473761e-09,-1.997990298077773515e-08,7.557552328086951256e-08,-4.090642976940197356e-07,-3.925806377829727124e-07,-2.529653972938369469e-07,-2.218449851242432534e-07,-2.081176216227039336e-07,8.979935485606663699e-07,1.314638903619568967e-05,1.936355315490005265e-05,2.686994641805432967e-04,2.491476081815703907e-04,-8.170079196153402779e-04,-1.021900660406861640e-03,3.133855995879502622e-03,2.827131532062299689e-03,3.067588714797339373e-03,3.175622432335990699e-03,-1.137813258098445586e-02,-9.731464788117889092e-03,5.075045659311749890e-02,4.894290828929636489e-02,-1.583554271313361017e-01,5.781341355223806877e-01,5.677300855281447456e-01,5.782673603903195625e-01,-1.300847910327171730e+00,4.864108964223222920e+00,-3.244303671788208732e+01,-3.507724271071779754e+01,1.349209565795617038e+02,1.242882915760114741e+02,9.446130798455972410e+01,7.257375154419578678e+01,8.961194388888111462e+01,5.838796443541059489e+02,4.169948832367300042e+02,3.935350624028850461e+02,3.318887231499651875e+02,3.376687636593438242e+02,3.410463587233876979e+02,3.094867044307809465e+02,2.427226271979602075e+02,3.317441530030395143e+02,3.379158979002874048e+02,3.489368264833402691e+02,3.361461506715252767e+02,3.104333953659541976e+02,2.671773867052067430e+02,3.159106941795130297e+02,3.041682681201779701e+02,3.256825436964120399e+02,3.480159253969365523e+02,3.376920633957984137e+02,2.110183981604656367e+02,2.994153732782834254e+02,3.073265475070553521e+02,2.867319284543156073e+02,2.860598629095336491e+02,3.820091883359602321e+02,4.481140320107386401e+02,3.340984543486767393e+02,3.031680192387007082e+02,3.182083920728429689e+02,3.080458073375219783e+02,2.656557440582440677e+02,2.490263293075904016e+02,2.404373212620023992e+02,2.318255453468710243e+02,2.122686538807518843e+02,2.392617179836304047e+02,2.401885229447935046e+02,2.487444154283257092e+02,2.615569256460888710e+02,3.079292865240341825e+02,2.812791472960546457e+02,3.313488436439192242e+02,3.564572627809753271e+02,2.838307490447274404e+02,3.050653904908572258e+02,2.837151184107583504e+02,2.889843668912678822e+02,2.263719981182812262e+02,2.200878452551090163e+02,2.824732962381124821e+02,2.911099652414805519e+02,2.922211953362502186e+02,2.604090807402787391e+02,2.291555541862328766e+02,2.493936704959429562e+02,2.636990581146558839e+02,2.913646167718229663e+02,3.044309602876253962e+02,3.246373025798145591e+02,3.248884338533220557e+02,2.942805154559360972e+02,2.992123125739678926e+02,3.451906956228903027e+02,3.078497000099456500e+02,3.155285340128162375e+02,3.207805085959963094e+02,3.077349537481340462e+02,3.182578560522059661e+02,3.343660301367870602e+02,3.145758461044366641e+02,3.165887190098915767e+02,2.958925194509965877e+02,3.290733285533604544e+02,3.950712969027635495e+02,3.089959667860610466e+02,3.189440824926891764e+02,3.314734602669384458e+02,3.671698800082741627e+02,3.386659062038579577e+02,4.374736575719603593e+02,5.111825397189285241e+02,7.617448774740103090e+01,7.368016141777664529e+01,-1.585412672749308172e+01,5.002835304766279023e+00,5.717964198309351431e+00,8.140719327331462196e+00,-1.647295304855969533e+00,-1.692873299588840696e+00,-1.492265347222067051e+00,4.382978867768981823e-01,4.922922490399306295e-01,-1.312204497619994525e-01,-1.167970984655915256e-01,2.810816954185556271e-02,2.612850690731134684e-02,2.278100834173498596e-02,1.830051557870161381e-03,2.541300922002269480e-03,-7.424118475422493858e-04,2.486959528579958840e-03,-7.034761256507486744e-04,1.487624082768615474e-04,1.715380382763380689e-04,1.924364113956625571e-04,-6.748956872339070519e-05,1.843984441321501773e-05,1.547143592941322842e-05,-4.982865821740071419e-05,1.518433894947821331e-04,1.518064317247920369e-06,-2.734096888633046529e-07,-3.626140091505429804e-07,7.294024264658831218e-08,7.060559588543213078e-08,-1.690700341269032194e-08,-1.328002194081274483e-08,4.022489406042628043e-09,-1.067453688068753473e-09,-1.289533051966799060e-09,4.398366861264616627e-10,4.308608050874947369e-10,2.142758227773632345e-10,-1.160053540300167060e-10,2.473582816065112065e-11,2.301320584184492395e-11,-7.375427715345744957e-12,1.978778393428440259e-12,-4.651155665107705930e-13,-4.402651517052546719e-13,1.844444158906732008e-12,-7.272906748323945174e-12,2.320383054590258750e-11,1.995161575292023527e-11,2.126514921265569784e-11,2.015990589786518127e-11,-6.622844956066669143e-12,2.398315603292099783e-12,-4.102459897430792580e-13,1.137657132257185626e-13,-3.797621075252683046e-14,-4.264536811419657211e-14,-2.943275201581892173e-15,3.419461887516708180e-18,4.032592708384667248e-18,-1.154969532407184332e-18,-9.826410490595534856e-19,2.613286404868177171e-19,-6.017835941994042827e-20,-7.412358961144155105e-20,1.379084414372928666e-20,1.438049863958347820e-20,-5.654766450953337810e-21,1.698655038682015945e-20,-3.965271482100947982e-21,1.554392915553126255e-21,-1.534392025991249426e-36
-1.776514753130699724e-42,1.008771654493996473e-41,-4.211823524290661965e-41,1.328479612128310578e-40,-2.130944978715680543e-40,3.511118484208748741e-40,-1.129756226207337002e-38,8.848232283704863669e-39,-1.034469752717603711e-37,2.224051407523093232e-37,-1.658794472230709435e-36,3.769563497751224990e-36,-1.606358712415507349e-35,2.131437449359339748e-35,-3.043162909016924531e-34,5.685189244182722587e-34,-4.379428786409020105e-33,1.551536779118763281e-33,-4.186198704901569831e-32,1.658121519818770911e-31,-4.737159423926013080e-31,1.185939373271327827e-30,-1.157124196986472016e-29,2.364904724724647263e-29,-5.715350612787961013e-17,-3.541669847497213865e-17,1.367364924575007083e-17,-4.447563256257603870e-16,3.132425081420102746e-14,-1.990426735781789324e-12,-2.301614926453926336e-11,1.603395640879405365e-10,-8.014947447226274531e-10,2.254355654263465395e-09,2.536989510871909198e-09,1.619511627237379447e-09,2.104960694993417744e-09,-7.673934863820903926e-09,-6.253495972966780463e-09,2.701778333379415576e-08,-1.021968482682374174e-07,5.531563679423577851e-07,5.308663722174991713e-07,3.420719460753857306e-07,2.999894317576041373e-07,2.814266322692558502e-07,-1.214309957035279745e-06,-1.777717794442845156e-05,-2.618432553025002574e-05,-3.633483061514800809e-04,-3.369093484817655619e-04,1.104797304341161674e-03,1.381863098038880067e-03,-4.237750422384092309e-03,-3.822982887498663478e-03,-4.148140625773974119e-03,-4.294229001478890029e-03,1.538605673470871960e-02,1.315935354735049689e-02,-6.862720212621382931e-02,-6.618294859380177697e-02,2.141358055682775763e-01,-7.817807136722164651e-01,-7.677118581423045818e-01,-7.819608667300275151e-01,1.759068951698702366e+00,-6.577481493968384996e+00,4.429877674080061212e+01,4.790267525628947709e+01,7.341441971500656791e+02,7.120462375690093495e+02,5.260542153883080800e+02,4.276062422570523154e+02,4.838185129800246500e+02,4.234895205809283425e+02,3.725651327165101065e+02,3.207291671511854929e+02,2.368957436310041089e+02,2.938530130071109738e+02,3.304324147664119664e+02,3.581175204591919510e+02,2.526566377752227481e+02,2.776775501232941679e+02,2.804297581159128754e+02,3.142141627495440730e+02,3.160212793238594600e+02,2.876533645668478130e+02,2.498177984711250303e+02,2.955344958219524187e+02,3.288072978991808668e+02,3.734726234083155987e+02,3.340820569384183045e+02,2.814570336348474484e+02,2.705370558921881639e+02,3.046341748014740460e+02,3.135870191349377478e+02,3.058908790432935803e+02,2.952718624397455756e+02,3.612640722032016924e+02,3.579918326822198651e+02,2.601862820401732392e+02,2.440590550330520614e+02,2.951734405107935117e+02,3.138635664664479350e+02,2.702822781630234203e+02,2.599804101377062580e+02,2.495747654490631930e+02,1.956797711170221135e+02,1.757308499191511544e+02,2.521700667485911538e+02,2.577847759950259388e+02,2.519179261679537660e+02,2.724303373999658788e+02,2.409161646977277940e+02,2.358235065775202486e+02,2.877485201419412419e+02,3.745670960684467445e+02,3.328297767780024969e+02,2.971052224083899773e+02,3.106272133565598210e+02,2.699009232756553160e+02,2.393556990379454987e+02,2.414367197319618867e+02,2.875933029250313098e+02,2.664940860972969290e+02,2.410336560546724058e+02,2.245453982452060586e+02,2.298604430070797946e+02,2.544009480017453200e+02,2.560797101117004786e+02,2.326055794653109103e+02,2.709289626975710235e+02,3.018424819391246956e+02,2.688239807980832552e+02,2.653178094222591312e+02,3.703022869598764828e+02,3.365582941295588171e+02,3.250552952682517116e+02,3.314559349278043214e+02,3.270447499797005548e+02,3.380041198309946253e+02,3.397313553974843217e+02,2.659060576012187767e+02,3.063496481017412520e+02,3.438429425738284522e+02,3.264876003443886816e+02,3.586705537298090576e+02,3.788558221883420742e+02,2.974574604164596394e+02,2.839066557960639443e+02,3.289815321246324515e+02,2.876946427567336855e+02,3.319557801630793961e+02,4.216140141231207394e+02,3.770999176686569285e+02,4.141831968123653382e+02,4.161453527332291742e+02,2.166768021308187642e+01,-6.765073906959017336e+00,-7.732105504663507212e+00,-1.100827122026947436e+01,2.227551739174792544e+00,2.289184490227997415e+00,2.017912792998229676e+00,-5.926874295631403555e-01,-6.657011965605321713e-01,1.774425873861132374e-01,1.579386398119706769e-01,-3.800921532612183684e-02,-3.533222053863058210e-02,-3.080557238413547325e-02,-2.474683512116016785e-03,-3.436469024033075165e-03,1.003924916984636232e-03,-3.362985984853495824e-03,9.512741659263588070e-04,-2.011636652542550833e-04,-2.319619647859664060e-04,-2.602217475041265098e-04,9.126263259706797156e-05,-2.493524225540197833e-05,-2.092121789608886246e-05,6.738070213987645504e-05,-2.053299158652496868e-04,-2.052799397956518621e-06,3.697176979375523557e-07,4.903440593507169984e-07,-9.863329536864401692e-08,-9.547627401500971707e-08,2.286246111741649914e-08,1.795788276900552269e-08,-5.439403151231499284e-09,1.443462087420924781e-09,1.743768457400643068e-09,-5.947682678665441923e-10,-5.826306509134463310e-10,-2.897540473063863268e-10,1.568680050027487233e-10,-3.344897352451615045e-11,-3.111956098331211269e-11,9.973407188162206550e-12,-2.675799074233642042e-12,6.289515826604770027e-13,5.953476595775506468e-13,-2.494145877713593335e-12,9.834773418176882845e-12,-3.137733285323827233e-11,-2.697953198722338905e-11,-2.875575494741320888e-11,-2.726119191380575223e-11,8.955728676383964739e-12,-3.243117416443095803e-12,5.547543086220283508e-13,-1.538394552618284448e-13,5.135325406421634917e-14,5.766711264853241847e-14,3.980037929342012953e-15,-4.623960410820120759e-18,-5.453065321359236892e-18,1.561805210652386282e-18,1.328774368120114283e-18,-3.533811247422326235e-19,8.137606462630457855e-20,1.002334739048385235e-19,-1.864864105816103702e-20,-1.944600015575573385e-20,7.646646478816802082e-21,-2.297002835205059020e-20,5.362030329483923699e-21,-2.101924671426225086e-21,1.944914454908464704e-36
-4.010433009415252802e-42,2.309549190622015138e-41,-4.819350504634415180e-41,3.763083946346367532e-40,-3.779729936358049016e-40,2.788622510752425966e-39,-1.004183308010997580e-38,3.443997393263171408e-38,-2.981647435196486214e-37,-6.429512470921686328e-38,-6.671688824986620986e-37,1.514619099938722067e-35,-1.327397927442184693e-35,1.011443023985061778e-34,-6.117241442156035680e-36,6.936966411250114509e-34,-2.190890339741715933e-33,3.041065207273377723e-32,-5.782195973080176905e-32,1.638993319182387209e-31,-3.512563350605867503e-31,4.791000081818660354e-30,-6.979830413898870576e-30,5.344589131788242466e-29,-8.740706876731571589e-17,-5.416412760730319400e-17,2.091164096566500371e-17,-6.801830608811139301e-16,4.790538902159101391e-14,-3.044036636731253660e-12,-3.519948779738212223e-11,2.452135005157629867e-10,-1.225756931025638289e-09,3.447673345839064569e-09,3.879916240706957126e-09,2.476781806785048605e-09,3.219197853028527369e-09,-1.173604556923579940e-08,-9.563713402335087960e-09,4.131934164310453125e-08,-1.562935950841690251e-07,8.459634406972473177e-07,8.118744876103066153e-07,5.231438653492840968e-07,4.587854476058728687e-07,4.303966399662674723e-07,-1.857091211202582925e-06,-2.718732620885783423e-05,-4.004470236924972064e-05,-5.556826262107743665e-04,-5.152485050563534530e-04,1.689609273287591461e-03,2.113336714061553323e-03,-6.480955722288302134e-03,-5.846635679645776490e-03,-6.343911992424991833e-03,-6.567330599024289069e-03,2.353049200621979559e-02,2.012510864817189729e-02,-1.049542360907379929e-01,-1.012161445707817908e-01,3.274861745311998251e-01,-1.195607500405410306e+00,-1.174091455177488141e+00,-1.195883015448668152e+00,2.690212223965263050e+00,-1.005919699787265031e+01,6.364236665713415277e+02,6.975055231461508356e+02,5.812445042987567376e+02,6.211493851545858433e+02,4.503956058790623729e+02,4.218474039237082707e+02,3.805103415501132531e+02,3.169264514321338311e+02,3.641418127379297971e+02,3.210364683539440875e+02,2.594150085015928653e+02,2.768493396935330679e+02,3.722854879966926092e+02,3.156096023081707358e+02,2.837655513550901105e+02,2.872476153634921161e+02,2.623423766487716762e+02,2.687325688935158041e+02,2.727252458578824417e+02,2.339312027441689565e+02,3.329047319750383167e+02,3.894529196472508943e+02,4.014939990587741931e+02,3.532228972589387013e+02,3.294441679930650935e+02,2.581599632781913556e+02,2.945829340872253397e+02,2.838520030684126709e+02,3.106955241267866086e+02,3.136845065294725714e+02,3.256293879825408908e+02,3.925796013899826562e+02,3.043704418105612035e+02,2.294680082995095631e+02,2.510303581694005572e+02,2.748537671827184568e+02,3.464267920477072948e+02,2.601670375440062912e+02,2.161956075257400300e+02,2.580608566706446254e+02,2.278055515346007098e+02,2.259510275703850084e+02,2.793115349315564799e+02,2.793854708367766193e+02,2.614808211244737208e+02,2.634568268568645522e+02,2.400588524437250442e+02,2.403902552093013298e+02,2.540872087938249422e+02,3.066188598227842022e+02,3.426213315801049362e+02,2.978682649508207305e+02,2.972399036525006295e+02,2.735031769510895856e+02,2.201887007450552289e+02,3.108012610214895517e+02,3.151971435517894520e+02,2.750244377709112769e+02,2.683239225421862102e+02,2.611570744244329489e+02,2.212533407545063255e+02,2.656471107784026344e+02,2.540087416703578356e+02,2.604847881349528507e+02,2.870708324223392083e+02,2.615932312506093922e+02,2.570098104586411978e+02,2.749239177004686212e+02,3.172990673244310642e+02,3.241611862328269353e+02,2.411519456806776986e+02,2.865408247228053824e+02,2.965497333448842028e+02,3.174767008264724950e+02,3.460309226413343140e+02,3.013869242722447552e+02,2.880367556506313349e+02,3.248572197416671088e+02,3.878828731687793834e+02,4.021622341910002092e+02,3.875933831208632796e+02,3.793858460348465087e+02,3.105627733587256785e+02,2.988769769499572817e+02,2.915597212179938538e+02,3.598032337105349825e+02,3.808698110074693091e+02,3.647532540541801609e+02,3.320862250951229271e+02,3.644284138829905260e+02,3.375454019341726166e+02,-1.034608933490317995e+01,-1.182500818148560739e+01,-1.683537519828039564e+01,3.406681081179951498e+00,3.500938432558820868e+00,3.086072127745365101e+00,-9.064198230896796105e-01,-1.018082602598376463e+00,2.713698159342541882e-01,2.415416741045287030e-01,-5.812896395841395808e-02,-5.403493222995599948e-02,-4.711215402558106141e-02,-3.784629265561614223e-03,-5.255525070125300138e-03,1.535341227532479799e-03,-5.143144614507520057e-03,1.454820396350068549e-03,-3.076473783259266073e-04,-3.547484096968357551e-04,-3.979671890639428257e-04,1.395714759030842024e-04,-3.813443097738576881e-05,-3.199562818157141814e-05,1.030479154219662077e-04,-3.140189866196086582e-04,-3.139425562823010818e-06,5.654235835652105975e-07,7.499021463258440067e-07,-1.508437157249929654e-07,-1.460155607918580622e-07,3.496444656624115252e-08,2.746368509037714737e-08,-8.318689744587258739e-09,2.207542432410159334e-09,2.666812585904640755e-09,-9.096021296357088505e-10,-8.910396023024294550e-10,-4.431320780542941933e-10,2.399043108571185925e-10,-5.115480968943585025e-11,-4.759234894168978274e-11,1.525271758464420688e-11,-4.092203077899066936e-12,9.618799958475405386e-13,9.104882158018702089e-13,-3.814393814465337157e-12,1.504069959506586168e-11,-4.798656943816338396e-11,-4.126084237846336713e-11,-4.397728889147565346e-11,-4.169159580445105623e-11,1.369634245232852673e-11,-4.959824973912735515e-12,8.484072332191194363e-13,-2.352726325331718219e-13,7.853651881612477864e-14,8.819254709603527325e-14,6.086826033181572539e-15,-7.071601603969363819e-18,-8.339583830089301908e-18,2.388529150658399936e-18,2.032146064858063656e-18,-5.404394299507440761e-19,1.244515648943010106e-19,1.532909306874521156e-19,-2.852008847439250169e-20,-2.973952060021564188e-20,1.169431238598596969e-20,-3.512895330102925116e-20,8.200360493953295713e-21,-3.214554744692840265e-21,2.910951148858316944e-36
3.822408041758664206e-41,-1.698537885989976907e-40,4.632598001722962603e-40,-1.706144286129684705e-39,5.442962382766532238e-39,-3.365735867631913638e-38,9.906442958268886718e-38,-3.919877184249934783e-37,5.990206245087927286e-37,-6.753091956932217966e-36,1.418820595466829072e-35,-4.097193524742577285e-35,2.911350153259723642e-34,-8.948639451604794262e-34,4.010544494461158871e-33,-1.456953504936798257e-32,6.428243141382440741e-32,-8.232281923291158303e-32,9.059583310098940166e-31,-1.569358241754134182e-30,1.217539994353787339e-29,-4.673781107978685206e-29,7.695709212820403734e-29,-6.216305574924035075e-28,1.015759854846838306e-15,6.294427575735739258e-16,-2.430147319799843846e-16,7.904425316401913698e-15,-5.567097911546706841e-13,3.537483015821655417e-11,4.090541774246414130e-10,-2.849632566367989191e-09,1.424455367161734986e-08,-4.006550301609651779e-08,-4.508860911427617826e-08,-2.878274679639320706e-08,-3.741038327937540310e-08,1.363848955466598205e-07,1.111401660568525549e-07,-4.801731606107371379e-07,1.816291996687804790e-06,-9.830963488947976498e-06,-9.434814864726184631e-06,-6.079468677129891412e-06,-5.331557804621684648e-06,-5.001650721202494421e-06,2.158130601711472009e-05,3.159446359775415405e-04,4.653605439419626014e-04,6.457602476554193463e-03,5.987716486623965648e-03,-1.963499399287021302e-02,-2.455914177410392293e-02,7.531535763152100160e-02,6.794390766154696781e-02,7.372276882701504774e-02,7.631912235550659951e-02,-2.734484691199750572e-01,-2.338744191690146912e-01,1.219675949788152636e+00,1.176235489499758868e+00,-3.805725484186360141e+00,1.389418634203655856e+01,1.364414781213525174e+01,1.389738810963131144e+01,-3.126302731182498107e+01,3.395784172641721739e+02,5.151508030201671318e+02,5.845234138540254207e+02,4.974328321591954705e+02,3.727725413620295285e+02,3.956452233071267415e+02,3.399941597768317365e+02,3.652907455291595511e+02,3.082621841101963014e+02,2.936101628306617499e+02,2.783112921692367081e+02,3.387104905531593317e+02,2.688983847499894182e+02,2.509276951463312457e+02,3.388383408361331703e+02,3.225232732122257175e+02,3.215176170781526253e+02,3.135862421211874107e+02,2.671177348161480154e+02,2.595159199623813606e+02,4.363626852216410157e+02,7.309029758207258283e+02,8.461097121323847432e+02,4.116057418405696353e+02,3.557583849670085669e+02,3.453978484066628312e+02,2.593389577081356379e+02,2.413617086559760878e+02,3.193187169981213174e+02,3.543284364709407441e+02,2.607442806194281388e+02,3.347869170811818549e+02,3.216038811998076881e+02,2.471810749421114508e+02,2.384069858393390859e+02,2.175330413550798312e+02,2.428160006838849085e+02,2.878398310868414569e+02,2.054377249096110916e+02,2.238234362735632885e+02,2.732107715930861787e+02,2.935655431377391551e+02,2.830562316703016563e+02,3.170628214759819912e+02,3.046825252815220324e+02,2.651961177977792659e+02,2.575298262451314031e+02,2.427332812954007579e+02,3.029702316962902273e+02,2.884843800905762805e+02,3.441779802746784185e+02,3.519285639638751491e+02,3.053188105465494573e+02,3.069238564296992990e+02,2.903347905027197271e+02,3.086792890019913784e+02,3.174650472003823438e+02,2.854426292750690095e+02,2.938332309538562868e+02,3.114530633387379908e+02,2.776948629520320537e+02,2.440177369485075189e+02,2.524025827908766360e+02,2.474809972521747738e+02,2.448357191090435379e+02,2.518855250338926055e+02,2.624529280747786402e+02,2.902237555218958960e+02,2.964824037545728856e+02,3.241149912252692502e+02,2.666335470501927603e+02,2.413041133427676073e+02,2.581714668467383831e+02,2.845009095873125489e+02,3.139337328775208107e+02,3.437925869517296746e+02,3.521583233883193316e+02,3.082327988261109226e+02,3.312943356885349431e+02,3.448932880263393486e+02,3.424263762344126576e+02,3.616682841326504558e+02,3.732187844573663256e+02,3.286616389442465902e+02,3.091284011270254837e+02,3.033724555267403389e+02,3.547664301568912606e+02,3.241704487339849265e+02,3.200974785018881335e+02,3.183252974037077934e+02,2.925406443573734236e+02,3.685651373703498734e+02,3.417866601440986187e+02,3.828366649501253960e+02,5.396041775873923143e+02,-3.958913082575575260e+01,-4.068449799576843162e+01,-3.586332570958285970e+01,1.053352870557722376e+01,1.183116481561962807e+01,-3.153595798718387577e+00,-2.806962174658339748e+00,6.755182255329366114e-01,6.279413746800270868e-01,5.474915863142308936e-01,4.398127665927790281e-02,6.107459565518418704e-02,-1.784224095843642971e-02,5.976861941212197743e-02,-1.690650625245263688e-02,3.575178309478705286e-03,4.122540639129194939e-03,4.624787215700806170e-03,-1.621963807999659722e-03,4.431612296407175418e-04,3.718220402051059599e-04,-1.197522546944325026e-03,3.649222937754147914e-03,3.648334738785208911e-05,-6.570802399261101045e-06,-8.714632649771295202e-06,1.752958804706017047e-06,1.696850688701023590e-06,-4.063227570693646366e-07,-3.191562098392009826e-07,9.667171324510134287e-08,-2.565390891530785905e-08,-3.099109949986374647e-08,1.057051037400356649e-08,1.035479475356770343e-08,5.149649583607109748e-09,-2.787934333112175199e-09,5.944713945633754286e-10,5.530719441178184047e-10,-1.772522339242977929e-10,4.755560005646156000e-11,-1.117803283807719052e-11,-1.058080760474486617e-11,4.432717126826519881e-11,-1.747883672673330051e-10,5.576531909199632657e-10,4.794933391111865274e-10,5.110612357889602277e-10,4.844991360521683679e-10,-1.591655574028026486e-10,5.763825702671078915e-11,-9.859362866392998470e-12,2.734109476972125857e-12,-9.126749595633145760e-13,-1.024887919250797174e-12,-7.073516610418313956e-14,8.217926902333063493e-17,9.691452396459637612e-17,-2.775716034850568241e-17,-2.361562309520303631e-17,6.280460890195001250e-18,-1.446254922801263862e-18,-1.781397954423582219e-18,3.314327014678384138e-19,3.456037544111437944e-19,-1.358999131218065213e-19,4.082344941794841160e-19,-9.529660589802901149e-20,3.735642559476675226e-20,-3.818517256064589809e-35
-1.891498623020368573e-40,6.107211352495742000e-40,-2.575158915249229102e-39,9.322572541115377279e-39,-3.618449918774013614e-38,1.280685845172058586e-37,-5.613131793156991948e-37,1.588211674875561291e-36,-5.956102729301665888e-36,2.364679246331785061e-35,-9.352112362339044657e-35,3.444191709540338450e-34,-1.061469910372970735e-33,6.044057533668648723e-33,-1.897401084386906673e-32,5.482973227558717650e-32,-2.573524446123418123e-31,1.030046828572132498e-30,-3.123277771031489394e-30,1.476641929616681306e-29,-4.903986649295190570e-29,2.058477347374921757e-28,-7.080867564184518055e-28,2.161319871930444432e-27,-4.975290879676826044e-15,-3.083072043138375679e-15,1.190309868942825051e-15,-3.871664645743582889e-14,2.726818876867533549e-12,-1.732693697398737191e-10,-2.003587273630153404e-09,1.395777835699716676e-08,-6.977121376605910049e-08,1.962447430803465167e-07,2.208484068682828966e-07,1.409807022249428220e-07,1.832397075421415462e-07,-6.680265258579495883e-07,-5.443753776152911587e-07,2.351934992561405147e-06,-8.896375420662697668e-06,4.815301840453037292e-05,4.621264378972010574e-05,2.977783077199979754e-05,2.611449034261835388e-05,2.449857325803882178e-05,-1.057073426225420824e-04,-1.547527654653841917e-03,-2.279381350807715804e-03,-3.162996701719322790e-02,-2.932841959037404966e-02,9.617411642047518638e-02,1.202930727163598196e-01,-3.689019704173991387e-01,-3.327958892106811506e-01,-3.611013150594133414e-01,-3.738185079757206375e-01,1.339377282911045297e+00,1.145539724896237566e+00,-5.974091809387536145e+00,-5.761316196283100766e+00,1.864081475723460457e+01,-6.805508039941433651e+01,-6.683036728297209095e+01,-6.807076296949895777e+01,2.851146531634983603e+02,4.252866970553010901e+02,5.082506720906940814e+02,4.775129558116786939e+02,3.838564945504813863e+02,2.676888563129287490e+02,3.619224748895205153e+02,3.077007403834630850e+02,3.397455365647082886e+02,2.884939267038831190e+02,2.875570130864590510e+02,2.653888541981023650e+02,3.030455300522719995e+02,2.643328855535131652e+02,2.227877831333333916e+02,3.271821836077828038e+02,3.703273668520672004e+02,3.382833824680474208e+02,3.188144988429639284e+02,3.197881490136199432e+02,3.248766659287554717e+02,4.425990723084469778e+02,6.777622400561505174e+02,7.548450313406713121e+02,3.545313603699961504e+02,3.318381945992064743e+02,3.586414113742969221e+02,2.732653527140903407e+02,2.670457582388059450e+02,3.330491945010672339e+02,3.122136365370620865e+02,2.711928613343782217e+02,3.012639181952802687e+02,2.765369618193655583e+02,2.364787624020349881e+02,2.385975685766223364e+02,2.174057463927808840e+02,2.233988346453208464e+02,2.767853374250627780e+02,2.997652906056958955e+02,2.581548527248185678e+02,2.926545382766753391e+02,2.664211381403671339e+02,2.462202560249939154e+02,2.624561733295703334e+02,2.863221919093834913e+02,2.549223479604681586e+02,2.902084212796750649e+02,2.812242120077239633e+02,3.042179336366199891e+02,3.863025760032422227e+02,3.078588556150129989e+02,3.026548855922054031e+02,3.000967115616306842e+02,2.855992370154630748e+02,2.819098542478394620e+02,3.031454540958643520e+02,2.736711140709070946e+02,2.743770347885325123e+02,2.802212158699375095e+02,2.949808424494734140e+02,3.129551317496571414e+02,2.595449410395136738e+02,2.557941813786516150e+02,2.618687119590117618e+02,2.270127106053424484e+02,2.447621893890865863e+02,2.414577251162460527e+02,2.773562082467774985e+02,2.943077305305695859e+02,3.256490674827430212e+02,2.790474915657916881e+02,2.309221536800683054e+02,2.424951643635541245e+02,2.853578615745455522e+02,2.708320440361301280e+02,3.391901981810979123e+02,3.313045459918446909e+02,3.111364498912341219e+02,3.071975491728200041e+02,2.963924494326414560e+02,3.257130556966507697e+02,3.543393762756722367e+02,3.439466158429068514e+02,3.200324549518093704e+02,3.116445370070212562e+02,3.151099067970189367e+02,3.302687250020126726e+02,2.918665784702766928e+02,3.750030789924400096e+02,3.382740894799159719e+02,2.801608074265535606e+02,3.203551080326815850e+02,3.833233980201588906e+02,3.879280254286279614e+02,5.112474017547914968e+02,3.528981193121480828e+02,3.646806397098872594e+02,3.243136790812963000e+02,-5.159425138690931334e+01,-5.795019966802147593e+01,1.544661992762484459e+01,1.374877461492918052e+01,-3.308754180935743694e+00,-3.075718123246656610e+00,-2.681667210111454924e+00,-2.154245844580570113e-01,-2.991493287447907212e-01,8.739303713369746263e-02,-2.927525296783766717e-01,8.280971724143573742e-02,-1.751157220035899284e-02,-2.019260629871950929e-02,-2.265265903642461193e-02,7.944536991302333928e-03,-2.170646943308636532e-03,-1.821220632681088423e-03,5.865582280686599224e-03,-1.787425001440161310e-02,-1.786989952918740122e-04,3.218443128385563604e-05,4.268512103060033891e-05,-8.586163266732377297e-06,-8.311340239908089950e-06,1.990208510217383144e-06,1.563258256790840898e-06,-4.735074840143656671e-07,1.256553489935868402e-07,1.517974292419294582e-07,-5.177539120727029988e-08,-5.071879505037579221e-08,-2.522348612677548376e-08,1.365557439043430305e-08,-2.911778894872125103e-09,-2.709000347125147182e-09,8.681987367765315731e-10,-2.329319692145789063e-10,5.475109551403453500e-11,5.182582804817213521e-11,-2.171188100028189736e-10,8.561304774840918971e-10,-2.731439740967611799e-09,-2.348605160524453774e-09,-2.503227798623562331e-09,-2.373124042371527205e-09,7.796084304046857021e-10,-2.823178068489868003e-10,4.829212132626580401e-11,-1.339193499321276732e-11,4.470371004287929243e-12,5.020001029781634461e-12,3.464677454139072721e-13,-4.025220781462390954e-16,-4.746967946102409723e-16,1.359572797337437078e-16,1.156716261652508410e-16,-3.076231024298609750e-17,7.083897727174219240e-18,8.725460996939465511e-18,-1.623389710640865737e-18,-1.692800910667963450e-18,6.656510346198718701e-19,-1.999572385116494709e-18,4.667720740551868305e-19,-1.829754175381207935e-19,-9.140620410990684564e-36
6.765288403295578040e-40,-2.506261728641357999e-39,7.351096032799565504e-39,-3.920407888772772343e-38,1.369755920406245156e-37,-5.145757610288817504e-37,1.874307678042011216e-36,-6.747556080974704441e-36,2.469273867956078371e-35,-8.337176021521639168e-35,4.637714773937151360e-34,-1.266157538957994869e-33,5.587897774936723057e-33,-1.670394293730793579e-32,5.949453702434649827e-32,-2.698076397586364117e-31,9.334543605016510482e-31,-3.439357898959810899e-30,1.610268037266242199e-29,-4.529275310042227303e-29,2.116111254370663134e-28,-7.143770490735318165e-28,2.425016017395177557e-27,-8.762150815307547554e-27,1.890434499498380441e-14,1.171458291737965473e-14,-4.522756348724272308e-15,1.471095578895927519e-13,-1.036094693431852729e-11,6.583622991784514517e-10,7.612922734423035416e-09,-5.303461924246348464e-08,2.651059259951992964e-07,-7.456605887701164100e-07,-8.391458059435689444e-07,-5.356767869355641734e-07,-6.962460551414426312e-07,2.538264438407676823e-06,2.068433825095539551e-06,-8.936520814646025485e-06,3.380307890018420519e-05,-1.829644325294350166e-04,-1.755916955327469365e-04,-1.131452209991450791e-04,-9.922582352351661840e-05,-9.308591034277000520e-05,4.016505007982709404e-04,5.880057544444789765e-03,8.660842646771107350e-03,1.201826834116182657e-01,1.114376175187617585e-01,-3.654276142580610842e-01,-4.570711144599842179e-01,1.401696963404887919e+00,1.264506629803134219e+00,1.372057233057323078e+00,1.420378066566704289e+00,-5.089159779183854759e+00,-4.352645641957225919e+00,2.269943513407041280e+01,2.189096308812921876e+01,-7.082850062049001849e+01,3.778932174210756330e+02,3.639193563673986205e+02,3.665228899398664453e+02,4.233749349188916540e+02,4.047640257544640008e+02,4.928393409115761870e+02,3.842851155604924998e+02,3.385847323515112635e+02,2.758499817756878656e+02,3.788930467556679105e+02,3.116472076420612325e+02,3.057068672892148697e+02,2.745281120160694286e+02,3.001898116148139479e+02,3.215028148827887549e+02,3.237252417693117650e+02,2.461243673143537478e+02,2.706013320250297625e+02,2.906554981871395853e+02,3.445444404908544698e+02,3.238653865187500855e+02,3.514443024080849796e+02,3.288184417615682378e+02,3.854777381496095359e+02,3.736127725592827460e+02,4.147401962424170847e+02,4.362713835250930856e+02,3.613325282777453822e+02,3.213646148394630586e+02,3.511069490928582582e+02,2.920918913315487657e+02,2.538806573489734433e+02,2.873950180032982757e+02,3.305225173682017612e+02,2.961999540887230751e+02,2.594621321851356583e+02,2.688631443190092227e+02,2.524190565682343674e+02,2.369546380501842577e+02,2.509845495447365238e+02,2.488056299175344748e+02,2.748421883374624031e+02,3.070856711017971179e+02,2.482567973459253210e+02,2.775081471722062361e+02,2.419521033146504294e+02,2.232827486600711779e+02,2.475886041942339091e+02,2.831152006186994754e+02,2.955671727135823517e+02,2.709664790264708927e+02,2.919766895887573810e+02,4.610736739125844110e+02,1.547345183745017323e+02,3.160869231161930202e+02,3.001667593447095328e+02,3.185013611784686987e+02,3.117406148310386129e+02,2.883128564617707070e+02,2.826184423666163070e+02,2.674886183955742354e+02,2.377709074678056709e+02,2.482493545775653843e+02,2.915488552366803106e+02,3.126713412899534887e+02,2.656418405814119978e+02,2.468386151255155596e+02,2.442692668603579307e+02,2.529020843169744239e+02,2.546079240272437687e+02,2.317021148028460402e+02,2.346589401960243890e+02,2.680162871742966786e+02,2.946248113608550625e+02,2.755488467682607165e+02,2.189944320320685449e+02,2.155353908678408175e+02,2.588318401815772063e+02,2.521495193899557989e+02,3.055093416431926698e+02,2.700295058231843655e+02,3.146292813196984071e+02,3.016823094442159459e+02,2.784234443773796670e+02,3.221248154373544139e+02,3.723079840380452765e+02,3.231452112540173971e+02,3.138037276100093891e+02,2.841334548091517718e+02,2.662241381153520479e+02,3.103797427777735152e+02,2.926112937919227193e+02,3.760696162958330433e+02,3.399863818747660957e+02,3.384949422201177640e+02,2.942568276835222605e+02,3.116702329186057341e+02,3.051199698803795286e+02,3.435552335032484166e+02,4.600730777602893795e+02,4.902320124741984273e+02,4.604217916397695376e+02,2.829199276190613546e+02,3.202100580659894149e+02,-5.869169043180576040e+01,-5.224047897190493472e+01,1.257209519055500202e+01,1.168664062370342194e+01,1.018938657612113374e+01,8.185371998310607689e-01,1.136661604793658187e+00,-3.320626198727850698e-01,1.112356031644350152e+00,-3.146476259435644351e-01,6.653777845077878117e-02,7.672475942625268941e-02,8.607208941843334793e-02,-3.018642964624583883e-02,8.247690370472243390e-03,6.919994023428528707e-03,-2.228713731763828226e-02,6.791582582217836617e-02,6.789929551764633218e-04,-1.222894514454638643e-04,-1.621883571493674394e-04,3.262438247391323618e-05,3.158015220933213963e-05,-7.562088167102655253e-06,-5.939828266794176517e-06,1.799160903752984144e-06,-4.774458670432317343e-07,-5.767765224466937206e-07,1.967281675189120605e-07,1.927134759655204049e-07,9.584032275670092668e-08,-5.188635109474746593e-08,1.106372956054071257e-08,1.029324282581552066e-08,-3.298848015354015503e-09,8.850590674768507039e-10,-2.080347910266770507e-10,-1.969198096688737172e-10,8.249746574535498916e-10,-3.252992900010893190e-09,1.037850458295397883e-08,8.923868631060321484e-09,9.511379947554367182e-09,9.017031706855883805e-09,-2.962236195991748201e-09,1.072707776886105205e-09,-1.834929744149030440e-10,5.088461466568695956e-11,-1.698582811827695291e-11,-1.907422774612115736e-11,-1.316454846025691681e-12,1.529441477372989834e-15,1.803679863217665991e-15,-5.165895588466049511e-16,-4.395112527170383522e-16,1.168858946622729548e-16,-2.691630495227798404e-17,-3.315366456264649732e-17,6.168306515829658531e-18,6.432044516996158405e-18,-2.529238412194703028e-18,7.597667578611179143e-18,-1.773568729017822741e-18,6.952418466367408633e-19,-7.518594245355982262e-34
-2.305273781932017314e-39,6.778212978963664000e-39,-3.637885064982952873e-38,1.045743850495817333e-37,-3.775105857329137270e-37,1.697872177649117234e-36,-4.621349239859566927e-36,2.257095698783480568e-35,-7.795123577008544507e-35,3.283544380878727136e-34,-8.487758949349056251e-34,4.324622136579663588e-33,-1.560711830071433236e-32,5.560014213857426334e-32,-2.195045878865384721e-31,8.778849918059320397e-31,-2.817486241040174510e-30,1.163698108840667455e-29,-4.087081733116035661e-29,1.753149001665598447e-28,-5.333821775944961439e-28,1.863550501584903180e-27,-9.798584410991368180e-27,2.915808728644376506e-26,-6.067009374907571914e-14,-3.759584603530946032e-14,1.451497270914643867e-14,-4.721216562069076045e-13,3.325159491116383118e-11,-2.112895338220165750e-09,-2.443230570138217563e-08,1.702050677894454661e-07,-8.508097682215115420e-07,2.393063490836137480e-06,2.693087474294446207e-06,1.719158261828310013e-06,2.234476436451896336e-06,-8.146102997960320632e-06,-6.638266182487885020e-06,2.868015558110674731e-05,-1.084848994464198644e-04,5.871914248946963951e-04,5.635299521012741278e-04,3.631192282566991498e-04,3.184474266152791501e-04,2.987424800336397441e-04,-1.289025012199911720e-03,-1.887098667348844835e-02,-2.779541610486574790e-02,-3.857046975989887327e-01,-3.576389821403392899e-01,1.172774175535673091e+00,1.466887499759206293e+00,-4.498494192743562436e+00,-4.058206502094003021e+00,-4.403370811353681802e+00,-4.558447831997616717e+00,1.633274260435830527e+01,1.396903300400408021e+01,-7.284975268914746493e+01,-7.025510712836378957e+01,2.824634457059457304e+02,7.418560195916243174e+02,6.226054487315038841e+02,5.733966726578403268e+02,3.500833585888823336e+02,4.116750457381195361e+02,3.681413891404331480e+02,2.796341011608070062e+02,3.273414834063334524e+02,2.925176505460712519e+02,4.066537809037271245e+02,3.197872812633860917e+02,3.292024375248495858e+02,2.763572862985669758e+02,3.029697765248405403e+02,3.267939500932185410e+02,3.448752292655739211e+02,2.497385570980467264e+02,3.186296040690001519e+02,3.062070941032852716e+02,3.076992715836527168e+02,3.019973582657539168e+02,3.707098586482636620e+02,2.836103945569682310e+02,3.522026893176538351e+02,3.324343484933991135e+02,3.387000255975812593e+02,3.118082409638848276e+02,3.496704322880472091e+02,2.803066640465967225e+02,3.128827689374445526e+02,2.699203472194092228e+02,2.344846366164925087e+02,2.987265962024364399e+02,3.138123439636523813e+02,2.698281816877268966e+02,2.487544256136403646e+02,2.373477462182501938e+02,2.518503563902735323e+02,2.596982688043711960e+02,2.780372539369013225e+02,2.940504310344690566e+02,3.076197020960824489e+02,2.522996007369309268e+02,2.304822020907875810e+02,2.600223150868051789e+02,2.495896225625935756e+02,2.457153689580032676e+02,2.736573476415399000e+02,2.962658348699874296e+02,3.239183295706613990e+02,4.568439329792410604e+02,5.204589858294253872e+02,2.829802744457262520e+02,-3.903217792669936159e+01,3.976695360219283657e+02,2.752420551584591522e+02,3.129236885707411489e+02,2.957859852964656966e+02,2.779639314391519633e+02,2.939609899358109715e+02,2.798272655681627157e+02,3.932316904401226907e+02,3.918092476725875031e+02,3.134805589027913584e+02,2.858064626270214035e+02,2.657877504548360434e+02,2.430126097557282492e+02,2.199526213647888824e+02,2.580268968966348666e+02,2.544265203563520004e+02,2.338196962124378047e+02,2.216539812654540640e+02,2.383134838451234430e+02,3.178241340262725316e+02,2.743660096227479812e+02,2.348859529821571925e+02,2.027052929982496607e+02,2.233480768551464166e+02,2.340046816258828244e+02,2.844111552109345098e+02,2.552529284515434824e+02,2.953610091036069321e+02,2.981825545975230511e+02,3.368739607812152599e+02,3.355124845738938575e+02,3.565760943190846888e+02,3.320495526808961699e+02,3.187912189545469914e+02,3.105866560578630811e+02,2.453516081643874713e+02,3.141890528555272795e+02,2.910655794238657563e+02,3.317628842462415832e+02,3.105022450941597754e+02,3.783367607453931782e+02,2.957921163717014679e+02,3.181784860582909573e+02,3.123943747842323546e+02,3.609258064796051144e+02,3.551546896057416802e+02,3.655109390014301312e+02,3.768959656073568567e+02,5.114269167435040231e+02,6.093783312061793822e+02,2.327297114200275701e+02,2.079967255434711433e+02,-4.034787738139278446e+01,-3.750617027143055537e+01,-3.270100281087640326e+01,-2.626947861141213370e+00,-3.647910897843514633e+00,1.065695229514063147e+00,-3.569906534191423564e+00,1.009804940027408282e+00,-2.135410276068538116e-01,-2.462343100752993619e-01,-2.762328837936449677e-01,9.687791441984749952e-02,-2.646947821374375301e-02,-2.220847568407086775e-02,7.152655703322235992e-02,-2.179636226893945095e-01,-2.179105716513426039e-03,3.924659905268699893e-04,5.205143492604545662e-04,-1.047020853524894412e-04,-1.013508162096253833e-04,2.426916130437521940e-05,1.906281005215347928e-05,-5.774083192478319007e-06,1.532276602088205315e-06,1.851060467759469652e-06,-6.313636557956061697e-07,-6.184792256298162294e-07,-3.075822710669250638e-07,1.665199077804902424e-07,-3.550704929636158229e-08,-3.303431075712138864e-08,1.058705913421252407e-08,-2.840437825882331117e-09,6.676502295109869065e-10,6.319786967931924284e-10,-2.647607723070612201e-09,1.043989539235953874e-08,-3.330794302526783446e-08,-2.863955067443171267e-08,-3.052506253214425724e-08,-2.893854080310150159e-08,9.506764067487313253e-09,-3.442662594567604425e-09,5.888876849740689699e-10,-1.633050149566930373e-10,5.451295903745049542e-11,6.121530187135668881e-11,4.224924954870636311e-12,-4.908467224891749716e-15,-5.788585979771076104e-15,1.657901237695989489e-15,1.410532283090889013e-15,-3.751242473084984873e-16,8.638303761735477507e-17,1.064007209810531774e-16,-1.979606988169434031e-17,-2.064248954131281418e-17,8.117135590908204506e-18,-2.438334702370754941e-17,5.691949712538296483e-18,-2.231253609946135696e-18,2.159610186085185471e-33
6.082298831319127499e-39,-1.714686267267585174e-38,1.044280558555072793e-37,-2.846689645979683433e-37,9.820852407186270442e-37,-4.146195833253067701e-36,1.434491913691379496e-35,-4.989507675806681828e-35,2.658272805877294937e-34,-5.575103165699352442e-34,2.636784833458491504e-33,-1.207204076963272979e-32,4.935879338801785497e-32,-1.739038496133346368e-31,6.135157960107377155e-31,-2.173848001499440521e-30,7.521045410181461114e-30,-2.596283327946203279e-29,1.149178227869367607e-28,-4.469218780307369578e-28,1.584417267951257793e-27,-5.521560290130860959e-27,1.901245450351491414e-26,-1.049179208092890484e-25,1.632996061566013889e-13,1.011929679236931608e-13,-3.906849619403311015e-14,1.270762508385450320e-12,-8.949998289987362326e-11,5.687068459276509013e-09,6.576198670530290030e-08,-4.581239094643243182e-07,2.290039317220873047e-06,-6.441168974912145802e-06,-7.248713438893742989e-06,-4.627285862433742176e-06,-6.014316106848211952e-06,2.192604838853131030e-05,1.786755526779181262e-05,-7.719549816880644049e-05,2.919979228451607522e-04,-1.580484263309147762e-03,-1.516797050227950121e-03,-9.773716059760172940e-04,-8.571329980627731939e-04,-8.040951697477335611e-04,3.469539336612749610e-03,5.079314207613611770e-02,7.481413365964635631e-02,1.038162648490546403e+00,9.626209771712433971e-01,-3.156638619478983721e+00,-3.948273954835250343e+00,1.210814562132582317e+01,1.092306740509480711e+01,1.185211155647819403e+01,1.226951681877839917e+01,-4.396120510018764094e+01,-3.759904504810146619e+01,2.168769984967820790e+02,2.088657917357630822e+02,7.441270870127137869e+02,6.172183460806124913e+02,4.244742617549909482e+02,3.403629785501191805e+02,3.606293367076233380e+02,3.590397929950697744e+02,3.195745972451189232e+02,2.664018693513431799e+02,2.932759518333419919e+02,3.084650524533070097e+02,3.574685026380248019e+02,3.153856525785982399e+02,3.162328481026544864e+02,2.938467085507907655e+02,3.055329224925203562e+02,3.167438037245440228e+02,3.095407873941911134e+02,2.893194266387033622e+02,3.536143419446837584e+02,3.703969918620959447e+02,3.102056985585621760e+02,2.945388100839358572e+02,3.066683458053552727e+02,2.815156914105756414e+02,2.816524916466337913e+02,2.942572623107669187e+02,3.528582656437062042e+02,3.215146773763565875e+02,3.191370282249000638e+02,2.511603168680174463e+02,2.855229997567304849e+02,2.804289997908180680e+02,3.118156072062731710e+02,3.381792142594840698e+02,2.256683242630966788e+02,2.290925635767108304e+02,2.663849976118111158e+02,2.203097439132215527e+02,2.272532562774517544e+02,2.642523915044761225e+02,2.907643656196661937e+02,3.076543796007215974e+02,3.367563405314786564e+02,2.542246018146596782e+02,2.438376759679056818e+02,2.685872487473290562e+02,2.671405105180695045e+02,2.787185809751316015e+02,2.909122625764825898e+02,3.180167048333552202e+02,3.758458207642078150e+02,4.055395648232636177e+02,4.550087864268092517e+02,-5.230115227793963584e+01,1.027258225075138931e+01,2.521656137874309991e+02,3.680979014151407114e+02,3.126987819393241921e+02,2.797369577923384441e+02,2.654472942862097398e+02,2.999493566577421007e+02,3.011624853118836427e+02,6.051164117523132546e+01,1.808056996412295803e+02,3.060237507666396937e+02,2.587443547820334970e+02,2.673712867784740297e+02,2.576126262770826543e+02,2.341598294804322506e+02,2.337602002815789319e+02,2.465310613233006336e+02,2.334886424092837558e+02,2.462990188572648833e+02,2.251279378262790942e+02,3.233659017010027128e+02,2.811073228174859651e+02,2.343034778804890266e+02,2.099467146881962094e+02,2.409445884466884706e+02,2.186143487211836032e+02,2.920338804602977802e+02,2.645931013901787878e+02,2.678665574573233243e+02,2.971755176676925885e+02,3.678668768064721348e+02,3.496558488443396300e+02,3.267722717664260017e+02,3.232544324751867180e+02,3.581138383655469966e+02,3.518660217933859258e+02,2.884046125615046208e+02,3.173673610573684982e+02,3.074818169183055261e+02,3.591923324901072760e+02,2.886684083510261303e+02,3.534026190974170163e+02,3.170574048293353826e+02,3.065093963828887240e+02,3.032932800331455496e+02,3.398646368448671069e+02,3.715095054186749621e+02,3.539094237309844289e+02,3.530007876954062453e+02,4.219252346744585793e+02,5.088953697821219180e+02,5.822360968184606236e+02,5.405443780545807613e+02,1.205397937128149977e+02,1.121889968626148999e+02,9.877508396968337934e+01,7.070692075947591526e+00,9.818715879629136722e+00,-2.868424960450783434e+00,9.608759357795259248e+00,-2.717990674014650221e+00,5.747669659243095364e-01,6.627641952206428932e-01,7.435083472526096138e-01,-2.607565654253857779e-01,7.124523962918678788e-02,5.977632649702355888e-02,-1.925208594794537709e-01,5.866708215233547019e-01,5.865280293652294814e-03,-1.056361342509399767e-03,-1.401016266510171073e-03,2.818161015633629174e-04,2.727958265425571007e-04,-6.532286729520116078e-05,-5.130945382467576202e-05,1.554152059081313270e-05,-4.124275243071743405e-06,-4.982313800396808477e-06,1.699378226766916956e-06,1.664698498393179964e-06,8.278883486443005082e-07,-4.482049338883874292e-07,9.557076324727589316e-08,8.891514093595212752e-08,-2.849612519349546797e-08,7.645321601077804670e-09,-1.797047157706861449e-09,-1.701033670931735290e-09,7.126300154126561026e-09,-2.810001931001799898e-08,8.965164946690794489e-08,7.708620601416592362e-08,8.216124916543792935e-08,7.789096775490847116e-08,-2.558840331558168896e-08,9.266269608029293283e-09,-1.585049916430541408e-09,4.395517293271178336e-10,-1.467270642117388806e-10,-1.647670881752893842e-10,-1.137180674263532619e-11,1.321162891181686014e-14,1.558055628874540584e-14,-4.462406474632934849e-15,-3.796588270536171348e-15,1.009684311658832177e-15,-2.325085581683286967e-16,-2.863881487122544290e-16,5.328309576216472796e-17,5.556131866438512936e-17,-2.184807972438925666e-17,6.563020954314313103e-17,-1.532045014081585086e-17,6.005641547990949822e-18,-6.273304252058306327e-33
5.911075800765687921e-39,6.086707377507009187e-38,-1.641560304664302006e-37,7.271736430927361448e-37,-2.085527021474769528e-36,1.113700939145762050e-35,-2.647578737317260101e-35,1.306422276883290103e-34,-5.326745075777330115e-34,2.574073204016142450e-33,-4.485366554650568700e-33,2.579750736965825617e-32,-6.141384437578459427e-32,3.797100555176207350e-31,-1.087262642383471582e-30,5.062498350450460751e-30,-1.067631305247045466e-29,6.869182605086462221e-29,-2.784877026712714688e-28,7.437169036134895800e-28,-3.954613055610200546e-27,1.029423823318798169e-26,-4.502259650796708952e-26,1.473854119493863834e-25,-3.330855899488889787e-13,-2.064053932087498532e-13,7.968882111409656577e-14,-2.592000616251599526e-12,1.825549693978507118e-10,-1.160003136210827035e-08,-1.341360867516465009e-07,9.344448296291283109e-07,-4.671040640787848931e-06,1.313818580744241688e-05,1.478535098147922995e-05,9.438370842558916411e-06,1.226752516883680640e-05,-4.472301516595859574e-05,-3.644482266298523131e-05,1.574572569653309381e-04,-5.955942128935201585e-04,3.223746496633020722e-03,3.093842368627999079e-03,1.993565114072553147e-03,1.748311934386491363e-03,1.640129577124901841e-03,-7.076891267438065701e-03,-1.036038242342805643e-01,-1.525999384384525703e-01,-2.117561862969347342e+00,-1.963477950893236068e+00,6.438661191966181363e+00,8.053376186737677855e+00,-2.469723548258859935e+01,-2.228000689227548392e+01,-2.417499749595840797e+01,-2.502638765735055060e+01,9.309305274624300353e+01,7.959666195013032564e+01,7.648824727361366058e+02,7.214644611487142356e+02,6.071829109841551144e+02,4.833480923712028812e+02,3.862341739312005870e+02,3.601935729493516760e+02,3.667289226023606261e+02,3.201988298067879555e+02,2.977060874579522078e+02,2.637608810425362549e+02,3.130924891791273126e+02,3.342084951173388276e+02,2.972664287377554615e+02,2.911217251064605307e+02,2.548181566485687597e+02,3.177751678674963500e+02,3.044297904394732655e+02,3.316890140304420811e+02,3.157580336147330513e+02,3.288790840325474392e+02,3.626315016119032180e+02,3.664567933266940827e+02,3.025523236260390263e+02,3.086368512945691123e+02,2.932298037586065220e+02,3.166533766614761021e+02,2.550625295217184885e+02,3.098546188772086794e+02,3.296147414032668053e+02,3.337600262331488352e+02,3.417887749356382869e+02,3.113556724440024936e+02,3.057315648618906039e+02,3.351812066495446629e+02,3.606992777641668795e+02,3.091971975427744610e+02,2.212681836600455370e+02,2.310687215011078592e+02,2.766330226184315393e+02,2.440852701769166799e+02,2.315803095625646222e+02,2.269706844905600462e+02,2.709179915628793083e+02,2.805964369822098661e+02,2.748166648638664924e+02,2.468136974648332966e+02,2.682972320168292413e+02,2.734463219605162863e+02,2.842909446545543233e+02,3.026968545954729848e+02,3.113521471582927802e+02,3.537676526875322907e+02,3.218903737903723936e+02,-4.644615628660716311e+01,-5.197988531664383771e+01,1.067785022653198723e+01,-2.097259619767498418e+00,-2.730302442117730521e+01,4.072210518748515824e+02,3.714802518692052331e+02,3.267385475382364461e+02,2.938867841883861729e+02,3.031613654747959004e+02,3.251435066516511370e+02,8.157783618586886405e+02,6.960294437229474624e+02,2.891206985246615204e+02,2.417042361873654102e+02,2.701773893370900055e+02,2.662158473570246997e+02,2.396161069742034329e+02,2.166736597591176974e+02,2.365442913310201050e+02,2.392224617915248928e+02,2.566690339092123168e+02,2.208526773831356707e+02,2.519329415861784867e+02,2.395152108318533237e+02,2.042481514844344304e+02,2.111646781101103443e+02,2.780354759497040504e+02,2.508232353906869605e+02,2.713946147004122622e+02,2.424563229773819728e+02,2.608581460267564012e+02,3.118416825648772033e+02,2.924201128632334417e+02,3.118377614756838057e+02,3.336688939512957859e+02,2.863856460203549545e+02,3.873483529152899791e+02,3.390975797830941474e+02,2.982015790754492741e+02,3.233743066780691038e+02,3.411139493905264430e+02,3.790035796005480506e+02,3.363994435736204309e+02,3.352430724890488705e+02,2.947747682140854408e+02,2.865833208799152203e+02,3.249035863534934379e+02,2.870025856148045023e+02,3.237380918747958276e+02,3.316449668470060033e+02,2.900682876938038248e+02,4.259819854817978353e+02,4.403239224505833249e+02,4.275067665076120988e+02,4.526225850905871084e+02,4.477606964149754276e+02,4.240639495196748499e+02,4.241546888106005326e+02,-1.442223711919888984e+01,-2.002743820562674060e+01,5.850785820383193503e+00,-1.959918553812462960e+01,5.543941889614409035e+00,-1.172364088522688474e+00,-1.351853860261073459e+00,-1.516549380032750527e+00,5.318705689002618531e-01,-1.453203913435268113e-01,-1.219270116128184644e-01,3.926887857625376288e-01,-1.196644629414314265e+00,-1.196353373290998806e-02,2.154682116203465031e-03,2.857681905311413879e-03,-5.748261410762130642e-04,-5.564272992325646882e-04,1.332404057931054896e-04,1.046569560048177038e-04,-3.170036154114096313e-05,8.412369660780461000e-06,1.016252868315579019e-05,-3.466256977164662632e-06,-3.395520016699808575e-06,-1.688661017071648153e-06,9.142128896437464457e-07,-1.949376658479807216e-07,-1.813620551271756119e-07,5.812413694509403945e-08,-1.559432086688633741e-08,3.665474319125597684e-09,3.469633620925448157e-09,-1.453566206835883122e-08,5.731619156797106050e-08,-1.828643268368841759e-07,-1.572343314931760926e-07,-1.675860021544955372e-07,-1.588758206889693547e-07,5.219319638800079823e-08,-1.890060209976186349e-08,3.233059153896760741e-09,-8.965627690214599017e-10,2.992822327907720724e-10,3.360788434257351032e-10,2.319530981612032350e-11,-2.694803321237054951e-14,-3.177998346295995552e-14,9.102062939260592487e-15,7.743979753821289664e-15,-2.059474009314299997e-15,4.742525232506795488e-16,5.841518403703075793e-16,-1.086826343549882795e-16,-1.133295728092841223e-16,4.456398086633911481e-17,-1.338672981438057659e-16,3.124943956410354694e-17,-1.224983149141456497e-17,3.796327108198984030e-33
1.014740067304966044e-38,-6.288934953496467920e-38,7.094035772353788817e-38,7.900760192220199021e-37,4.669179628868050828e-36,-2.159293257766882330e-36,-8.067966724266849695e-36,-1.942627351655802620e-34,1.592739600652938753e-34,-1.309525089956867819e-33,8.160220271233689558e-33,-8.217939713177478820e-33,1.356563881239489035e-31,-3.742003340649811954e-31,1.657015935842464986e-30,-1.125160115650279047e-30,2.098896609079743111e-29,-7.768441529101449366e-31,2.851087908597541063e-28,1.226054107290211339e-28,5.888372063078658270e-27,-1.721591449496248450e-26,-6.500877297401062215e-27,-2.980721034294624161e-25,2.729141289297103758e-13,1.691185382800916287e-13,-6.529314343036608428e-14,2.123759212979433337e-12,-1.495766612501129930e-10,9.504501396284236486e-09,1.099045842227281905e-07,-7.656386358550679983e-07,3.827223470919949119e-06,-1.076479032284119698e-05,-1.211439733749828278e-05,-7.733341923951932753e-06,-1.005141335022817327e-05,3.664386300535284375e-05,2.986111477415147054e-05,-1.290128166007022776e-04,4.880009244247768968e-04,-2.641381055106561612e-03,-2.534943932010507404e-03,-1.633430274350766882e-03,-1.432481749643877778e-03,-1.343842388805176463e-03,5.798460437997601802e-03,8.488793360608049010e-02,1.250329660917018360e-01,1.735027178379318524e+00,1.608778316479154702e+00,-5.275525761864935603e+00,-6.598544678222198812e+00,2.029057130037496748e+01,1.830875779621455024e+01,1.986200270211473295e+01,2.055848006988597731e+01,6.658341754174741709e+02,5.643421501427308158e+02,4.765269485591257421e+02,4.340751656300499803e+02,4.676666064441719186e+02,3.257919398299267186e+02,3.425333193798457501e+02,3.373596217762384413e+02,3.033138356793459138e+02,3.431058035196428477e+02,3.034654535379892195e+02,3.125131415714959644e+02,3.179737016265349325e+02,3.230069862720404217e+02,2.971913497699536038e+02,2.654214175998571932e+02,2.560683893588748674e+02,2.966210283229908669e+02,3.031421255248578177e+02,2.672191628240336172e+02,3.144351174551317740e+02,3.440152263269055197e+02,3.404891624697795010e+02,2.712259097174787712e+02,2.977143688989827979e+02,3.450315494362686763e+02,3.806919292944593280e+02,2.965900821209892797e+02,2.631017083838910366e+02,3.369901787711430075e+02,3.301446292491947929e+02,2.868178781573175797e+02,3.101346578636877780e+02,3.417962644959789031e+02,3.307155817603054402e+02,2.893786778314602657e+02,2.670129170173083253e+02,2.721487014482662516e+02,2.347211759130364044e+02,2.497632824199519632e+02,2.591848803938933088e+02,2.502461777167509922e+02,2.863479784630049494e+02,2.131096521219282067e+02,2.217833299610635152e+02,2.619417450530701785e+02,2.361663818233349446e+02,2.540255089919338616e+02,2.912797390882506647e+02,2.608830952759028037e+02,2.632268880358008118e+02,2.871595357081011457e+02,3.038822426184136134e+02,3.765558506271622150e+02,-9.671181978505760668e+00,3.996734422161956068e+00,4.472916889504944038e+00,-9.188388226465441511e-01,1.804711176267733419e-01,2.349450337257741772e+00,-1.282990054687893000e+01,3.034976866813667584e+02,2.989689045285419411e+02,2.942779452978751920e+02,2.899504806966881461e+02,2.923864963370445480e+02,3.871971903017232762e+03,3.011095741483385154e+03,3.264508344767382937e+02,2.757571088954603056e+02,2.638329357230299479e+02,2.754759482689831884e+02,2.227216828973839995e+02,2.046312425629575102e+02,2.247432189656983326e+02,2.346554431312772806e+02,2.340048062665813973e+02,2.308229431967864116e+02,2.693374127791693695e+02,2.351271112679409043e+02,2.042111639276959068e+02,2.146218319275012618e+02,2.552765689121752075e+02,2.737958690771791908e+02,2.442920309662664238e+02,2.350469339510031261e+02,2.296404932725665446e+02,2.829911427911903843e+02,2.774367404675792841e+02,2.768819547372592069e+02,3.388740233434243123e+02,2.989386071033322878e+02,3.229511753651730714e+02,3.472861730573240493e+02,3.044932293076015526e+02,3.582472497846904389e+02,3.198201458296761643e+02,3.357196443294324126e+02,3.717801980916696039e+02,3.427429483557191361e+02,2.365836502306713385e+02,2.863848281530395639e+02,3.093428799324445890e+02,2.682984323720363022e+02,3.072043866451186886e+02,3.288530318901485430e+02,2.811182175870599735e+02,3.399862623077191870e+02,3.213592498665228732e+02,3.456817906605055555e+02,3.993517959388282179e+02,3.688610778909832675e+02,3.572328243252029552e+02,4.651297359958689412e+02,1.184827521393961902e+01,1.645356879462209676e+01,-4.793849280514810296e+00,1.610141464191842786e+01,-4.542436290549963118e+00,9.605781026347458562e-01,1.107643290034036498e+00,1.242586787061540576e+00,-4.357888704739015795e-01,1.190684593271720965e-01,9.990106198369583246e-02,-3.217500880882824266e-01,9.804723966761041964e-01,9.802337555771397162e-03,-1.765441708106084591e-03,-2.341445536767331696e-03,4.709845766732679239e-04,4.559094607072967497e-04,-1.091707068171138576e-04,-8.575081854760239065e-05,2.597373413270926448e-05,-6.892686467048871495e-06,-8.326681630736327332e-06,2.840082345549249979e-06,2.782123921255400196e-06,1.383606689809083323e-06,-7.490615684456857434e-07,1.597224403455214553e-07,1.485992453278956734e-07,-4.762409027246435929e-08,1.277722790798442279e-08,-3.003311344310141024e-09,-2.842849003184648307e-09,1.190981438859851219e-08,-4.696209913422716946e-08,1.498301336864535975e-07,1.288301623133793486e-07,1.373118176799134561e-07,1.301751187075808745e-07,-4.276456609994291968e-08,1.548623391093572205e-08,-2.649011393439543881e-09,7.345999182257431657e-10,-2.452173024923564224e-10,-2.753666552174675305e-10,-1.900510849088707512e-11,2.207990748463696537e-14,2.603897246211632204e-14,-7.457787588216112233e-15,-6.345040292167880685e-15,1.687432816869719833e-15,-3.885794467893761463e-16,-4.786256010115228641e-16,8.904926355225813199e-17,9.285673886405545932e-17,-3.651355803671910708e-17,1.096843519131099022e-16,-2.560427060053568622e-17,1.003691601168525870e-17,-3.545033008303647239e-32
-2.844795930232548996e-38,-3.242312280349420763e-37,3.849773907842635800e-37,-3.848785680944035092e-36,6.358526910939831376e-36,-7.274283611060128820e-35,-5.242492273630100633e-35,-5.240406371563499138e-34,2.678218206068189153e-33,-9.803646198238958841e-33,3.499562263137784385e-32,-1.209343805942135859e-31,4.980457063217897377e-31,-2.019159864421883502e-30,9.649353627570903412e-30,-1.291242748923137879e-29,7.355479253819503350e-29,-3.759700512900701494e-28,1.001185080181854290e-27,-5.143383207461691471e-27,1.189830886367490875e-26,-6.345248498784212740e-26,2.095998884098410262e-25,-8.554847113344593632e-25,1.627379234961890239e-12,1.008449062428319098e-12,-3.893411683367309968e-13,1.266391614395275580e-11,-8.919214021923042696e-10,5.667507311407696437e-08,6.553579284896023693e-07,-4.565481539411712018e-06,2.282162535355089850e-05,-6.419014035215461528e-05,-7.223780882436569846e-05,-4.611369925491113931e-05,-5.993629363310978055e-05,2.185063191029167637e-04,1.780609831626220199e-04,-7.692997779301034541e-04,2.909935715546760945e-03,-1.575048055428010865e-02,-1.511579899845654114e-02,-9.740098545492223425e-03,-8.541848173896591026e-03,-8.013294171233925275e-03,3.457605565727772667e-02,5.061843481351274709e-01,7.455680418635569628e-01,1.034591801185927729e+01,9.593099617665782120e+00,-3.145781096794639353e+01,-3.934693536169623229e+01,6.287047570430194128e+02,6.052815615830875231e+02,6.199280054984775461e+02,6.138050900563370078e+02,5.851017025268720317e+02,4.872511489472527728e+02,3.962324621163858751e+02,4.138854409542189501e+02,3.883258258241835392e+02,2.943638051156092956e+02,3.524282373568553908e+02,3.235046084856249990e+02,2.675717299237330735e+02,3.645620280407433711e+02,3.364866184184517124e+02,3.067318385732637012e+02,3.167343581188636108e+02,3.153937876103875055e+02,2.734349667889575812e+02,3.095683056304452521e+02,2.492042621790577357e+02,2.592423155029183022e+02,2.643942798963081486e+02,3.181801750298639035e+02,3.104778971579381732e+02,3.258405252760430244e+02,2.738847414226268597e+02,3.004000587947512031e+02,3.032845729672862944e+02,3.650336407510596928e+02,3.206354461216400864e+02,2.943492703698447031e+02,3.268539820787470376e+02,3.439424324242737612e+02,3.378226213874837640e+02,2.900895750739578602e+02,2.948653460118187013e+02,3.152464175229857233e+02,3.216490496833570205e+02,2.685663799671885954e+02,2.272902828815172143e+02,2.309885120907275962e+02,2.077987506187481870e+02,2.124388726686662778e+02,2.373000606960248433e+02,2.646501125039121689e+02,2.686571169884067558e+02,2.217582787307058538e+02,2.248788282255922866e+02,2.770617902023480497e+02,2.622209031036865099e+02,2.808697208224687643e+02,2.938755299968500481e+02,2.450557639400022936e+02,2.645361101868236915e+02,2.790742891379455273e+02,3.096887448637946818e+02,3.582447892092823736e+02,-6.323767245216173727e+00,2.613374278598656009e+00,2.924739228478314690e+00,-6.008079330699362952e-01,1.180059861916527425e-01,1.536252460435114653e+00,-8.389181914291027553e+00,1.871134301719158444e+01,3.203754559406394264e+02,2.654940511949852180e+02,2.771918372333041134e+02,2.809413278427912246e+02,2.415512472434275423e+03,2.399432386209032302e+03,3.709122910847420940e+02,3.118016633210805821e+02,2.889035036359986179e+02,2.717791276675648646e+02,2.736301722849178759e+02,2.641392281880847577e+02,1.918208104805972596e+02,2.350910765063006522e+02,2.508159750595323203e+02,2.946403906198674463e+02,3.249432078707954474e+02,2.959169888720886092e+02,2.472973766815859733e+02,2.338726886525820419e+02,2.488596116461596353e+02,2.965056997796929181e+02,2.946514349115185496e+02,2.453065595748174701e+02,2.214100856305591947e+02,2.733250242708023166e+02,2.909707546131047025e+02,2.459476563562371325e+02,3.112348782246293695e+02,2.522498216060800473e+02,2.805119587135683332e+02,3.340059206757773609e+02,3.639809424405204368e+02,3.398531741500655698e+02,2.893994040325294463e+02,3.484140097860823175e+02,3.119218068348268389e+02,3.435891080697219877e+02,2.282545934769582914e+02,3.187579946855627213e+02,2.974921223000649206e+02,3.519154911215147763e+02,3.432038293732309171e+02,2.995094274369806726e+02,3.012284939503186934e+02,2.967456267462737287e+02,3.233712299317742236e+02,3.580431726804592927e+02,3.493614452238510353e+02,4.102901310188344155e+02,3.871705480790586194e+02,4.425593457110205691e+02,3.612193974697543126e+02,5.058909041591666664e+02,-2.858558772764867228e+01,4.920857110144301032e+02,-2.708641917645504904e+01,5.727900068475838324e+00,6.604845623099996565e+00,7.409509880742492172e+00,-2.598596713980728001e+00,7.100018566556495214e-01,5.957072081985705925e-01,-1.918586678728163797e+00,5.846529181391582064e+00,5.845106171266097050e-02,-1.052727899273680177e-02,-1.396197353822170931e-02,2.808467714992099636e-03,2.718575224691669335e-03,-6.509818382681560817e-04,-5.113297066458741226e-04,1.548806423020136942e-04,-4.110089453247157699e-05,-4.965176715152246550e-05,1.693533073149224480e-05,1.658972628603289158e-05,8.250407573900983939e-06,-4.466632955117617242e-06,9.524203960957059963e-07,8.860930986813970610e-07,-2.839811038629045547e-07,7.619024877657981285e-08,-1.790866063628106754e-08,-1.695182823275313289e-08,7.101788648406092404e-08,-2.800336694214596345e-07,8.934328511637104444e-07,7.682106155788147522e-07,8.187864867354693906e-07,7.762305525327293553e-07,-2.550038986109866748e-07,9.234397498295999820e-08,-1.579598004603437278e-08,4.380398543716945182e-09,-1.462223841960232232e-09,-1.642003579875332239e-09,-1.133269246173278180e-10,1.316618640860646077e-13,1.552696566158224760e-13,-4.447057654142078813e-14,-3.783529587474975286e-14,1.006211417976929266e-14,-2.317088255258034694e-15,-2.854030927093342384e-15,5.309982409547533952e-16,5.537021085937787385e-16,-2.177293142589442530e-16,6.540446894537717230e-16,-1.526775417051638399e-16,5.984984641324807561e-17,-8.381928522623405992e-32
-5.725729856775997189e-37,1.683370363063821619e-36,-6.490046884807925755e-36,2.484105446456258341e-35,-5.826761728523427436e-35,2.353128045193199166e-34,-1.424651397650955519e-33,2.983657982685935826e-33,-1.946555477449343365e-32,5.215258777151841706e-32,-2.276633951993248969e-31,1.080368122619190719e-30,-2.220264445377535335e-30,8.293727724654078447e-30,-4.002654686328041772e-29,1.360352416240473451e-28,-6.965964805068357423e-28,2.170723250028920222e-27,-8.592141694818583110e-27,3.058225639535277071e-26,-1.193914388552167296e-25,5.148381586490046761e-25,-1.784864830887109355e-24,6.011261573104471430e-24,-1.168738386690705557e-11,-7.242399957906975743e-12,2.796139702291749191e-12,-9.094871438252862818e-11,6.405530796130065027e-09,-4.070245711257656643e-07,-4.706597894288359822e-06,3.278801532062097747e-05,-1.638985494244536278e-04,4.609956884351923303e-04,5.187917992910336422e-04,3.311757291335728137e-04,4.304457474943317887e-04,-1.569251452788070298e-03,-1.278784328343423454e-03,5.524896484013122611e-03,-2.089834686653088344e-02,1.131155592817103539e-01,1.085574533302536004e-01,6.995067170397735457e-02,6.134517167015604566e-02,5.754924421157994741e-02,-2.483155901148524913e-01,-3.635274837591777608e+00,-5.354461773234517885e+00,-7.430149817722019634e+01,-6.889496639533007283e+01,5.256820338506015560e+02,6.669961317671185270e+02,6.427563467210949284e+02,7.648499846807362701e+02,6.425242254621256279e+02,5.156674319069911689e+02,4.766510602557802372e+02,4.146951833291414573e+02,3.733047171869500289e+02,3.449837590609540712e+02,3.000675705442607750e+02,3.069970415468197871e+02,3.314041054056178268e+02,2.558470688361607017e+02,2.927016492113265258e+02,3.407226460606590308e+02,3.323854730696060074e+02,2.827024596244189070e+02,3.073181501689124389e+02,2.818003389329829247e+02,2.741253630377829040e+02,3.858417117121576894e+02,3.100301545397099972e+02,3.063453247024003190e+02,2.880591672979408600e+02,3.592365081165178253e+02,3.246324354195445494e+02,3.506965173756993863e+02,3.545345191706096557e+02,2.844868039216097486e+02,2.847814964230314558e+02,3.377453505773437428e+02,2.876741099594558477e+02,3.005913291115826382e+02,3.599416438286308448e+02,3.079390863710652866e+02,3.262179885143602291e+02,2.713607163511990734e+02,2.978629083747378559e+02,2.917878942162368503e+02,2.576135265152012721e+02,2.248086892092822495e+02,2.458001011639630917e+02,2.186576330174693510e+02,2.070557273521418153e+02,2.221640165402921241e+02,2.344278948708613939e+02,2.598817284607402485e+02,2.590267940999088410e+02,2.447852393700134996e+02,2.225619538277290985e+02,2.338771707991732285e+02,2.299251807419386182e+02,2.612373412928178027e+02,2.937598612234392590e+02,2.594242154777280689e+02,2.635083754874351030e+02,2.777996326509477285e+02,2.961372561747353416e+02,6.012918115548285414e+01,4.676484908823607789e+00,-1.932614673986231768e+00,-2.162871962655361191e+00,4.443030783307317932e-01,-8.726654679612699805e-02,-1.136073052118429239e+00,6.203878416227624371e+00,-1.368431194841286569e+01,5.709110826287928830e+01,2.665744455862142672e+02,2.565684624698307630e+02,2.687604281787628793e+02,4.874515506319878000e+02,5.421230361465065926e+02,3.102807470360426692e+02,3.457984133842091978e+02,3.309848010560098714e+02,2.593879123219629150e+02,2.874935807078616676e+02,2.885209693589193876e+02,2.092699755294058264e+02,2.449493484956059604e+02,2.490153952702489164e+02,2.760146052841320738e+02,2.511553857202662812e+02,3.197071991110922227e+02,2.468187900554937926e+02,2.432122384756784186e+02,2.210671006713994586e+02,2.833511702062909876e+02,2.762682377792408488e+02,2.565961238260318282e+02,2.184695704385939621e+02,2.626724018447022218e+02,2.652590246585618843e+02,2.265896614610900883e+02,2.456506885667340043e+02,2.345446066964646263e+02,2.554841816361069675e+02,3.407649809680399358e+02,3.136596394637538765e+02,3.609370195101510603e+02,2.550272006610995277e+02,3.419142082919342442e+02,3.215230155567558086e+02,3.152309373433834025e+02,2.591592998794403115e+02,3.342759677953085315e+02,3.098121823587731569e+02,3.619861343156797489e+02,3.246703349936409495e+02,3.157106287601017129e+02,2.973507409734423845e+02,2.951170323846565680e+02,3.132703417741489602e+02,3.879146477471254002e+02,3.495567447935829932e+02,3.554639713813925255e+02,4.093599215156207265e+02,3.882582115210727238e+02,3.516643548651845208e+02,4.875418938687989794e+02,4.705624525957804281e+02,4.781634629358234179e+02,4.549445032123722967e+02,-4.113618105317566886e+01,-4.743415948812364746e+01,-5.321303380396164329e+01,1.866239697490807004e+01,-5.099035348787016808e+00,-4.278203054904037295e+00,1.377875452414696333e+01,-4.198814226212529377e+01,-4.197792260021470656e-01,7.560398216894896606e-02,1.002710006218353045e-01,-2.016963198114138725e-02,-1.952404918253971416e-02,4.675170034601169346e-03,3.672227367620449837e-03,-1.112309584175957952e-03,2.951751634495842222e-04,3.565851461683499680e-04,-1.216248228561458375e-04,-1.191427881014815954e-04,-5.925212654989534032e-05,3.207811235238482178e-05,-6.840017700056649552e-06,-6.363673545552421986e-06,2.039473099134163722e-06,-5.471771208805119661e-07,1.286150068169699604e-07,1.217433033098338732e-07,-5.100306572212216290e-07,2.011123725727230392e-06,-6.416385601172883510e-06,-5.517074423721697641e-06,-5.880296227166290592e-06,-5.574671374546137930e-06,1.831366891377790901e-06,-6.631886779895921556e-07,1.134423239438473950e-07,-3.145880085637694466e-08,1.050128388834695287e-08,1.179241183404378565e-08,8.138823711179903255e-10,-9.455587936409040176e-13,-1.115103376500313067e-12,3.193752799939731934e-13,2.717225445098188399e-13,-7.226329819451983275e-14,1.664068172366960673e-14,2.049685426504219003e-14,-3.813481296409015581e-15,-3.976534142764773663e-15,1.563671220668323356e-15,-4.697166577732866204e-15,1.096487530029248641e-15,-4.298249076672991111e-16,4.408841540654263850e-32
1.345937621522951132e-36,-8.330883725701558989e-36,2.238556337857342110e-35,-8.760605905706535742e-35,3.656544920760011687e-34,-1.471308406466301142e-33,5.134393144911756486e-33,-1.978848790232593602e-32,5.437507303164218738e-32,-3.024823931989084384e-31,9.059539789714057122e-31,-3.185748054601853707e-30,1.331615243672540520e-29,-5.540367280254158837e-29,1.286235873461187756e-28,-8.976973398848160328e-28,1.884443961751121678e-27,-1.037612375424638295e-26,3.497523804529309009e-26,-1.715300939081343968e-25,3.716485634238191649e-25,-1.670493329243521365e-24,8.223179920079141920e-24,-2.575732892191640950e-23,5.155308853804500415e-11,3.194624994865432445e-11,-1.233378138971484715e-11,4.011750771958524578e-10,-2.825481733351341133e-08,1.795386717110601315e-06,2.076081873586693930e-05,-1.446280430300409545e-04,7.229570386290842896e-04,-2.033453492433150416e-03,-2.288392326823974338e-03,-1.460817226516056885e-03,-1.898697602826708011e-03,6.921973300898447319e-03,5.640721863072878373e-03,-2.437033649681845382e-02,9.218267651499049975e-02,-4.989531026866840802e-01,-4.788472823972756420e-01,-3.085526421241010508e-01,-2.705937532735233075e-01,-2.538499048139706837e-01,1.095320881760529774e+00,1.603520922190699949e+01,2.361854842903624530e+01,5.473100775067158565e+02,5.068129362782518683e+02,5.678807929630838771e+02,7.672103254369545766e+02,5.763490239491731018e+02,6.168805378510105584e+02,5.125084083852739241e+02,3.659354455865333193e+02,4.820709270059170990e+02,3.635792212332012241e+02,3.426124858027296227e+02,3.123678824874943984e+02,2.778105903706388062e+02,2.892255336013685110e+02,2.985247938035737434e+02,2.535620394284524650e+02,2.952897765465545490e+02,3.089092688482099334e+02,3.223464678371329342e+02,2.651659331906147372e+02,3.129529814317158412e+02,2.752928595697051719e+02,3.124809376166472248e+02,3.852444218286980799e+02,3.106139486828956819e+02,3.751388940676266657e+02,2.893451908768518024e+02,3.665200935816919809e+02,3.189626548835773860e+02,3.913627264397077283e+02,3.479141872589369200e+02,2.759852399902169964e+02,2.732779339738759177e+02,3.194884410354973170e+02,2.914293643889316172e+02,3.110319604576270649e+02,3.494627325014863573e+02,3.059251816740708705e+02,3.548160394451195998e+02,3.092973086118759625e+02,2.842425151947748532e+02,2.629624939024145647e+02,2.260518511004188156e+02,2.283104094725943582e+02,2.523408905067318244e+02,2.364145544681886122e+02,2.390284226820933213e+02,2.261903451332052839e+02,2.481443865236103363e+02,2.682642395691556771e+02,2.577367885108702694e+02,2.724079029343307070e+02,2.280302472158470835e+02,2.206268506029855700e+02,2.116142991447458996e+02,2.324682752306441955e+02,2.591649781466750255e+02,2.575012327227998412e+02,2.566279520221219173e+02,2.549020514850109294e+02,3.221850937195058009e+02,-2.475879525060896569e+01,-2.044276962700065869e+00,8.448224951634659696e-01,9.454770926462251479e-01,-1.942225059928895381e-01,3.814774919189806851e-02,4.966226485917668021e-01,-2.711961573375040846e+00,5.981956477146412432e+00,-2.357638203275708477e+01,3.258840689572964493e+02,2.960021063677484108e+02,2.755710165817687312e+02,1.991287148968294787e+02,1.550793177547520258e+02,2.764506829137966974e+02,3.307064549800737723e+02,3.386772788011139141e+02,2.953211934287871827e+02,2.561485679056572167e+02,2.643469102994450850e+02,2.624947164373623423e+02,2.462486689792521872e+02,2.614814002064226770e+02,2.441578304820909011e+02,2.268663786678597205e+02,2.774142898989511536e+02,2.387797018201031278e+02,2.639574749053917913e+02,2.677175274182881708e+02,2.812005331585127692e+02,2.827205065567378597e+02,2.585086751089443169e+02,2.222548992293256163e+02,3.020084892689613412e+02,2.642520291065516744e+02,2.751106571157517919e+02,2.515127373852863855e+02,2.984925579152694581e+02,3.035889110959505501e+02,3.344031369883205116e+02,2.843502449131551089e+02,3.505222212653083034e+02,4.957699374860893045e+02,2.752819384262683116e+02,3.101494591584162777e+02,3.292782868575625912e+02,3.094150051200061853e+02,3.339010158786500142e+02,3.365483879299164869e+02,3.074253860521617412e+02,3.073695573601100364e+02,3.172428029695840337e+02,3.246169174701680049e+02,3.093639456427203527e+02,2.681268763658188732e+02,3.275393751860486873e+02,3.122537043858494030e+02,3.010644620281976813e+02,3.252708407572461056e+02,3.426921682215935334e+02,3.612027124326065177e+02,3.598318180397247374e+02,4.658900187185665800e+02,4.606155260697656217e+02,5.095075733683772796e+02,3.034295789526863132e+02,3.590141889242401589e+02,3.869955392770101525e+02,-8.231989421553045361e+01,2.249186163373127201e+01,1.887116769543449735e+01,-6.077813136086327717e+01,3.451690682971117212e+02,1.851647541568985700e+00,-3.334894131117533411e-01,-4.422957123446063510e-01,8.896831276744093797e-02,8.612064492714498198e-02,-2.062219034379325980e-02,-1.619820695296191049e-02,4.906401220989827471e-03,-1.302018613305235646e-03,-1.572898248326572938e-03,5.364874921995315543e-04,5.255392287627429042e-04,2.613613243888588127e-04,-1.414966587107027252e-04,3.017134049061733243e-05,2.807018486405470851e-05,-8.996122523911279342e-06,2.413600073377722709e-06,-5.673212165585096408e-07,-5.370101098690240806e-07,2.249746900442588813e-06,-8.871073344908553314e-06,2.830269791414113934e-05,2.433583336323903270e-05,2.593800592856034109e-05,2.458989370207867502e-05,-8.078165359505610297e-06,2.925327431971517834e-06,-5.003944626822230292e-07,1.387648736722435442e-07,-4.632119764563280662e-08,-5.201636724530317863e-08,-3.590037806204589403e-09,4.170862937473778557e-12,4.918724648087929732e-12,-1.408765406689736401e-12,-1.198569034304517749e-12,3.187536451526807831e-13,-7.340210161687721386e-14,-9.041169133407783012e-14,1.682127849575660807e-14,1.754050513537814364e-14,-6.897358878731045377e-15,2.071921716763288359e-14,-4.836610088297657394e-15,1.895959076315089027e-15,-1.684909455548972449e-30
-1.285279896328934852e-36,2.454907029391212444e-35,-9.728715947158270359e-35,3.608379856697873271e-34,-1.087267946930531809e-33,4.746568717654814067e-33,-1.592492873069180874e-32,7.445688225742966607e-32,-2.541692090998506483e-31,8.651827563664833618e-31,-3.539362510756197504e-30,1.208432402553863233e-29,-5.258793503045582059e-29,1.891955156862430101e-28,-6.710619696952338135e-28,2.438254377918778901e-27,-1.036937653930057377e-26,3.176910967676667570e-26,-1.332668302901655873e-25,5.053371793186272310e-25,-1.597276202883669729e-24,5.715746570291217753e-24,-2.674578163644501330e-23,9.591970087154679671e-23,-1.845269958960300719e-10,-1.143470876400142258e-10,4.414702770328692883e-11,-1.435949502198467227e-09,1.011341261987951301e-07,-6.426333063158989745e-06,-7.431041713133791919e-05,5.176756438744884413e-04,-2.587722564898198730e-03,7.278459446246583232e-03,8.190976980722717432e-03,5.228788846728477102e-03,6.796119780602310860e-03,-2.477622534573269836e-02,-2.019016686671628799e-02,8.723017592658678654e-02,-3.299548650399649619e-01,1.785932128272327502e+00,1.713966185527860953e+00,1.104420583548869184e+00,9.685521045540828045e-01,9.086198649231321811e-01,-3.920546325838007995e+00,-5.739576561157351620e+01,-8.453925676670090184e+01,8.084938725747082344e+02,7.412415513594454524e+02,4.535513184615610385e+02,5.113130862498810529e+02,4.818062674981394480e+02,4.380203954808459343e+02,3.959784183011649930e+02,3.690780670200912823e+02,4.299046460715221656e+02,2.731146853783133679e+02,3.019736401673921478e+02,3.328355620224357381e+02,2.973428043689500555e+02,2.880879119631012486e+02,3.069457122340691626e+02,2.939184376418150464e+02,2.812534141308045150e+02,2.917353391579006825e+02,2.769245543091647050e+02,2.712116095468880417e+02,3.381872148117247434e+02,3.097820200979854235e+02,3.573856410192167345e+02,3.284693914931446557e+02,3.031574800766664453e+02,3.198756829159501649e+02,2.596632265442888183e+02,3.258766767833725453e+02,3.146811389223240667e+02,3.328916297262451280e+02,3.155299717976996021e+02,3.014417091741642025e+02,2.969260514782484393e+02,3.282985923967616486e+02,2.857956943089372430e+02,3.303022348283802785e+02,3.353107344159153627e+02,3.271398566844455331e+02,3.277781358711603161e+02,3.075542787603886836e+02,2.419033174292595731e+02,2.436204649346211397e+02,2.345918241655140548e+02,2.204589827444652315e+02,2.300844689024438594e+02,2.616703898662676124e+02,2.354765443382695480e+02,2.306109617676793277e+02,2.658319703932049265e+02,2.612208240628976341e+02,2.475111387082285432e+02,2.562665997044044275e+02,2.267915077688311385e+02,2.071703494236081156e+02,2.302214722130748044e+02,2.397404819884298490e+02,2.353094719899848997e+02,2.636221987800130933e+02,2.744094732746115142e+02,3.169481724241693996e+02,1.359175893962121791e+02,8.630908322129499766e+00,7.126343121229227195e-01,-2.945048535204305429e-01,-3.295930419905727660e-01,6.770595930994849354e-02,-1.329858654779192927e-02,-1.731227713292431136e-01,9.453902211860706339e-01,-2.085312399854370113e+00,8.218735241557725502e+00,1.423462025134822682e+02,3.808080056148602921e+02,3.057226781439917431e+02,2.908812956116832993e+02,3.647489551596814863e+02,2.977232001794341159e+02,3.106298781272199108e+02,3.435141879021297200e+02,2.969646885819313979e+02,2.807827434397244133e+02,2.619000599928129986e+02,2.684956118459196546e+02,2.570078691337012060e+02,2.570218919207877661e+02,2.025594869824510056e+02,2.025460521604630060e+02,2.377246144126193315e+02,2.397625819019552011e+02,2.480471826575402190e+02,2.769026707211183975e+02,2.633820394514582972e+02,2.932121229689663551e+02,2.731067089086820943e+02,3.150669772144450462e+02,3.378171618908111213e+02,2.844456968513731567e+02,2.778328798044737482e+02,2.727537852308024640e+02,2.830579037849626616e+02,3.070669871986769977e+02,2.740681669079025937e+02,2.831203425102333995e+02,3.301150188764688664e+02,5.140692704214842479e+02,3.011948412309984064e+02,2.634706851746567509e+02,2.980712534599597916e+02,3.105658852835840094e+02,3.146576463218903541e+02,3.145449002207586773e+02,3.173727411645253937e+02,3.043393026105061949e+02,3.003179731086086690e+02,3.359709571236777492e+02,2.818572590390131154e+02,2.659189853123637590e+02,2.996987602963233712e+02,3.094321801182405238e+02,3.157291249888990023e+02,2.859789385954932186e+02,3.307376084943509227e+02,3.534114521249015866e+02,3.691126746253634110e+02,3.768379408371512795e+02,5.160580798637840871e+02,4.531789475676491179e+02,4.554795273764640910e+02,6.197880644070352218e+02,5.286625407267076753e+02,4.008940021394118958e+02,-8.050644058537982062e+01,-6.754667824253347419e+01,3.068915091315039945e+02,8.554714103713359918e+02,-6.627710734572008100e+00,1.193678231697381298e+00,1.583135005314017851e+00,-3.184495041998529619e-01,-3.082566795450977226e-01,7.381421639030254223e-02,5.797919295806985840e-02,-1.756176988894823238e-02,4.660391649213942861e-03,5.629967027088820380e-03,-1.920281171870070937e-03,-1.881093409903534857e-03,-9.355059299169809790e-04,5.064672961725483202e-04,-1.079940500321402246e-04,-1.004732603631865211e-04,3.220034940922370545e-05,-8.639140417476277710e-06,2.030646131363212634e-06,1.922151807971391552e-06,-8.052651137645136810e-06,3.175275354261320582e-05,-1.013055079715408004e-04,-8.710667683528187455e-05,-9.284142714355000990e-05,-8.801604991906526569e-05,2.891465144790786692e-05,-1.047079618974726287e-05,1.791091272710106883e-06,-4.966892576325593750e-07,1.658001817203570893e-07,1.861852365666802139e-07,1.285003304977783156e-08,-1.492901453572640260e-11,-1.760587985492792448e-11,5.042476712657074508e-12,4.290108498755849400e-12,-1.140933632473214275e-12,2.627324509145487203e-13,3.236158738276547298e-13,-6.020938950459355841e-14,-6.278375963335542784e-14,2.468812149963793557e-14,-7.416151019620606728e-14,1.731196239106457346e-14,-6.786317611911720622e-15,5.437948849532568925e-30
2.076747497440198934e-35,-6.294979808242640373e-35,3.634394010319260878e-34,-7.438157153526910208e-34,4.802568772119318521e-33,-1.129237033028213003e-32,5.813361628598145233e-32,-2.318347095077734559e-31,6.527306959959871601e-31,-2.594792228247545337e-30,1.109461884948688654e-29,-3.892406238827383407e-29,1.400656804985876333e-28,-4.972784019968358446e-28,2.114105191643015465e-27,-7.536312919376764316e-27,2.401742220009953266e-26,-1.102428279927036169e-25,3.874694245771743605e-25,-1.386320494897537009e-24,6.644152718194195831e-24,-2.020135730841879429e-23,8.667238328034552492e-23,-3.104038051123525945e-22,5.607784296230383236e-10,3.475013502894489586e-10,-1.341630299034997233e-10,4.363857455927987665e-09,-3.073470968064908369e-07,1.952965714254455170e-05,2.258297157074399370e-04,-1.573218776019217561e-03,7.864101342989779017e-03,-2.211927332649592931e-02,-2.489241851049589505e-02,-1.589031449875888402e-02,-2.065344075857551004e-02,7.529506820344121498e-02,6.135801438898743493e-02,-2.650929249366777984e-01,1.002734424657642176e+00,-5.427456342866310735e+00,-5.208751496116808433e+00,-3.356339474766643516e+00,-2.943434512454778496e+00,-2.761300147448467079e+00,1.191455917434834078e+01,2.078041727353304111e+02,3.029651018641022802e+02,5.461119440972698840e+02,4.762493731697974226e+02,4.402885217888348279e+02,4.159244495732066298e+02,3.582900483580547188e+02,3.135589861588026110e+02,2.990768404954598623e+02,3.037837779259132276e+02,3.323548467999450509e+02,2.776919112678985471e+02,2.801085528311434700e+02,3.024799954732536094e+02,2.873775177798424352e+02,2.907527993137621820e+02,3.326969089462390343e+02,3.087437592970546802e+02,2.433472435640918832e+02,2.755916921031595734e+02,2.348089012335700545e+02,3.214101051253727519e+02,3.477766061000048694e+02,2.940663421710044076e+02,3.127218265663882448e+02,2.876960597041833694e+02,2.825744132049248378e+02,2.430544802537875171e+02,2.959468340883511814e+02,3.089163384569721416e+02,3.186627501452080651e+02,2.529048404676233304e+02,2.987911394798179572e+02,3.076172638718078360e+02,2.871219359491745422e+02,3.236779878708113074e+02,2.524747547587010104e+02,2.963383292076201769e+02,3.510639917943453270e+02,3.537890109483550418e+02,2.840063161858941498e+02,2.716644007939957532e+02,2.183533798376736570e+02,2.517780691661728270e+02,2.314235905381438556e+02,2.205806544731776455e+02,2.336712263105232807e+02,2.301075327844122000e+02,2.238754608153298307e+02,2.386530218970242743e+02,2.687748349566326738e+02,2.591820227086499244e+02,2.603771216643189632e+02,2.768403011109907084e+02,2.395142406274646873e+02,2.029115942943431037e+02,2.473793164649958101e+02,2.486130874227231686e+02,3.032550145788974874e+02,3.260891194969759113e+02,2.944171082464688993e+02,1.955921185684115073e+02,-3.081971451285948760e+01,-2.548567781917544739e+00,-2.104293952654872346e-01,8.696250841638977769e-02,9.732356594680267869e-02,-1.999264046839080433e-02,3.927748543380053629e-03,5.112117964189090424e-02,-2.791622893274965933e-01,6.157719271405779349e-01,-2.426907756841542696e+00,-3.241175454933147648e+01,2.145062076396248472e+02,3.784805335978128369e+02,2.840737851594465155e+02,2.797766488034703798e+02,2.802655464058787516e+02,2.720533133376683850e+02,2.923742271312813727e+02,2.639634797876137782e+02,2.910361686861173780e+02,2.616696803305120511e+02,2.589076756849200365e+02,2.705777861259813335e+02,3.064678855494866525e+02,2.171562964147941273e+02,1.866397412198109294e+02,2.389659745008757454e+02,2.553802799814598359e+02,2.284407377840825575e+02,2.575740804752684312e+02,2.446554824556938854e+02,3.637459794521396361e+02,3.051609913118657573e+02,3.447377866453807655e+02,3.989795440819717669e+02,3.054790504844351062e+02,2.457232382625720675e+02,2.745902280083298592e+02,2.542798157801969126e+02,2.598945259146690319e+02,2.297857210916945974e+02,2.569066418068541111e+02,2.867495560267842620e+02,2.888191094456861947e+02,3.113513611410543831e+02,2.405829493741050271e+02,2.859470326414630108e+02,3.178997348314948681e+02,2.889000837848667516e+02,2.941052897768504408e+02,2.965179164724838188e+02,2.976317221418925669e+02,3.161534262846054730e+02,3.546626238126232238e+02,2.611712137956040465e+02,2.755302625407215942e+02,3.139886507150470152e+02,3.283836366687702366e+02,3.109195801405386987e+02,2.764399148959010972e+02,3.347965734672766303e+02,3.010009866769086102e+02,3.822436741115711811e+02,4.361234249696549341e+02,5.019972386589989810e+02,5.164117266199058349e+02,3.682203266341915651e+02,4.848094449009038840e+02,3.793289667240640028e+02,7.974114566489281515e+02,2.884858075834231386e+02,2.432911476562217103e+02,7.802626494178217627e+02,1.014638147346900041e+03,2.014164485625444456e+01,-3.627593897554586722e+00,-4.811154909071119867e+00,9.677695776289730878e-01,9.367935343917128677e-01,-2.243217592646191694e-01,-1.761990467571462882e-01,5.337030330930722655e-02,-1.416295267683900620e-02,-1.710949692184607004e-02,5.835743733685567168e-03,5.716651936253286381e-03,2.843007028508268922e-03,-1.539156553348531567e-03,3.281944383887501287e-04,3.053387223478419110e-04,-9.785701700358984242e-05,2.625438935414823317e-05,-6.171143377349892578e-06,-5.841428605810652874e-06,2.447204560689631006e-05,-9.649677100833687921e-05,3.078679268395978800e-04,2.647176106031541728e-04,2.821455444213751993e-04,2.674811997863481327e-04,-8.787176506787503243e-05,3.182080007143393271e-05,-5.443135007670698543e-06,1.509441047112586595e-06,-5.038675511129628367e-07,-5.658178310109915632e-07,-3.905131235279706779e-08,4.536934710562140502e-11,5.350435370845284763e-11,-1.532411102561988059e-11,-1.303766039848451407e-11,3.467302806376243375e-12,-7.984451842369091463e-13,-9.834701998206645403e-13,1.829766248076516435e-13,1.908001480328867437e-13,-7.502732019065389755e-14,2.253771868141038828e-13,-5.261113711960661058e-14,2.062365192069563984e-14,-1.332862970846710058e-29
-6.706128603434371940e-35,1.669748170164101282e-34,-6.535001289481352632e-34,3.048878806397142343e-33,-9.116547072927758869e-33,3.742565118206982809e-32,-1.534897882827460187e-31,4.440295217750724144e-31,-1.896880722898286046e-30,8.067939743123945594e-30,-2.235068372930251687e-29,9.937998838101676553e-29,-3.426287574543977915e-28,1.188304646388368194e-27,-5.562326749721751998e-27,1.962212006137551462e-26,-5.462458049465283117e-26,2.845023200135453241e-25,-9.880650586598631093e-25,3.402801624667515390e-24,-1.492373751867330704e-23,3.928324710440408414e-23,-2.061089532186644115e-22,6.197669240782209479e-22,-1.402420464422243609e-09,-8.690473443992019439e-10,3.355210699278294793e-10,-1.091333524391742995e-08,7.686277422113096098e-07,-4.884066396464814785e-05,-5.647653298567774762e-04,3.934377804054886227e-03,-1.966690599192235864e-02,5.531689510965103612e-02,6.225210401108476066e-02,3.973922865423815814e-02,5.165107366917746218e-02,-1.883013663516043545e-01,-1.534469417684873882e-01,6.629565676313224909e-01,-2.507684324565024880e+00,1.357323221242129563e+01,1.302628508224036707e+01,8.393687981406211307e+00,7.361076278783017734e+00,6.905586289749559903e+00,-2.979647705404819291e+01,6.109065155912911678e+02,7.984272171665743372e+02,4.442201783401162629e+02,3.635062189551799179e+02,3.607451159850762110e+02,3.883745830491132551e+02,3.239065147499071031e+02,2.675440565368533044e+02,2.915917374111174922e+02,2.646223174734484473e+02,2.707865855036993139e+02,3.316489708721013585e+02,2.974100672789749638e+02,2.463965597957581508e+02,2.693119854636448167e+02,2.582453962733746948e+02,3.293341408070803595e+02,3.056582467532014107e+02,2.206726346151798737e+02,3.029790521225571638e+02,2.715322268043868803e+02,3.578347741650094349e+02,3.222599372399235449e+02,2.439658439644841508e+02,2.579728679239115650e+02,3.059887286229747474e+02,2.433703502597242618e+02,2.794627005526108405e+02,3.451144912868003871e+02,3.161059179433355553e+02,2.933432948369964492e+02,2.469077078790739677e+02,2.522444573038782210e+02,2.991667638443329338e+02,2.655576106612016360e+02,2.969850279381731184e+02,2.340576478309289143e+02,3.057182928245011908e+02,3.620585979231930764e+02,3.449188434381945285e+02,2.753022731474866305e+02,2.968990893172276628e+02,2.287294488134309347e+02,2.505247141236299910e+02,2.224881193230391148e+02,2.406720983026538079e+02,2.502319015702459808e+02,2.051800933670856750e+02,2.463649828087724245e+02,2.484552553058161095e+02,2.465667963781328922e+02,2.438792868065445134e+02,2.806173214577369208e+02,3.149699930496867637e+02,2.775741835702212938e+02,2.878054415943933577e+02,2.928431535021935019e+02,3.047669229688532937e+02,2.349081412182026156e+02,2.347005707423452350e+02,1.782903155246721951e+02,-3.120475746923758464e+01,7.579732250694112494e+00,6.267891001418800512e-01,5.175252963397657807e-02,-2.138732460154421991e-02,-2.393570582782055672e-02,4.917356642831056945e-03,-9.682065898268070719e-04,-1.257468323267150155e-02,6.866612230387215965e-02,-1.514737163516621798e-01,5.969882536109969440e-01,7.970972228986524577e+00,-3.370907095424875877e+01,2.697099869137465475e+02,2.431941806939701678e+02,3.039842214797228621e+02,3.271907609500380545e+02,3.489354108990967802e+02,3.802442432420464797e+02,3.188492190872964898e+02,2.770662858884220441e+02,2.420001273498019998e+02,2.641637924031135185e+02,2.734762504482897043e+02,3.847213008866683595e+02,2.880672039606852763e+02,2.455120872035157902e+02,2.442323650165647280e+02,2.832615966826786007e+02,2.551036091856526298e+02,2.693133785609928168e+02,2.516733261596324382e+02,4.348644570065986272e+02,3.897964116413420470e+02,3.260291223176978406e+02,2.530359854060781686e+02,3.146762515665546971e+02,2.548891927091045773e+02,2.846416063384133395e+02,2.864242151018237337e+02,2.473088325960033842e+02,2.389595650985820896e+02,2.314270274141950665e+02,2.219225750889548010e+02,1.917609748566313783e+02,2.230055070545313640e+02,2.442828514333992587e+02,3.094234038386045427e+02,3.216150286612950140e+02,2.689436478559628654e+02,2.770042316307455508e+02,2.199227725696826496e+02,2.829188999832388731e+02,3.364852407488730250e+02,3.751479490982975449e+02,2.973479665630346744e+02,3.068652088003019003e+02,3.070415868798492625e+02,3.010095313199928455e+02,2.815639164324102808e+02,2.622043646277385847e+02,3.230365635851707111e+02,3.072682818174074555e+02,3.617717971887926183e+02,3.512461669407263685e+02,4.361273880230145892e+02,4.567573025863230214e+02,3.972443587787981869e+02,3.894255177845853950e+02,4.069260046112643749e+02,5.301904061595801068e+02,7.596323875238193750e+02,6.778282380406748189e+02,7.724576827611410863e+02,8.359973573360103956e+02,-5.037115095976687229e+01,9.072053505983166843e+00,1.203195726789867237e+01,-2.420242628490271830e+00,-2.342776316221545585e+00,5.609941630943755531e-01,4.406466724297956605e-01,-1.334709068672146615e-01,3.541936283816279896e-02,4.278821607900393925e-02,-1.459429608007955376e-02,-1.429646584082435584e-02,-7.109922612313338344e-03,3.849193432449919509e-03,-8.207637319700909458e-04,-7.636051070808916709e-04,2.447253246265866785e-04,-6.565818327909010666e-05,1.543307892048010534e-05,1.460851306950831109e-05,-6.120081613773922834e-05,2.413235589387151291e-04,-7.699302578901514498e-04,-6.620179643004524099e-04,-7.056025420020012751e-04,-6.689292751159746711e-04,2.197537477660696536e-04,-7.957891897597600770e-05,1.361244213779463227e-05,-3.774879529035425693e-06,1.260095124403798084e-06,1.415023230971739906e-06,9.766131632933317122e-08,-1.134617479511684808e-10,-1.338061462649728459e-10,3.832324099171493956e-11,3.260518020157202518e-11,-8.671190179831269972e-12,1.996788405084337834e-12,2.459507465906677555e-12,-4.575963510464150821e-13,-4.771617774169023713e-13,1.876317698182759835e-13,-5.636336248067434316e-13,1.315723491765264352e-13,-5.157657637461828428e-14,5.045702377683413167e-29
7.766362902385941940e-35,-3.224266188758063145e-34,1.375671660113828345e-33,-4.419668156823454115e-33,1.360970831057596127e-32,-6.396410158905922876e-32,1.987929036754239312e-31,-7.809928021750465646e-31,3.122393531330015235e-30,-1.267925001511618081e-29,3.983541996918741394e-29,-1.682574971420586731e-28,9.231995588809217042e-28,-2.317189122940869621e-27,7.122822529789988838e-27,-3.343477676787327588e-26,1.557220965007375820e-25,-4.094671050998509471e-25,1.637040740360622385e-24,-6.647605803518818326e-24,2.739938139442809622e-23,-1.144787495616513854e-22,2.730928065256793541e-22,-1.631802300386699629e-21,2.438184174549323090e-09,1.510886025841568298e-09,-5.833216097949939808e-10,1.897342627135224967e-08,-1.336301091378505840e-06,8.491214794283394394e-05,9.818752111251558782e-04,-6.840129577327547228e-03,3.419198462110682735e-02,-9.617142765890097922e-02,-1.082286651419795132e-01,-6.908880815103463080e-02,-8.979819791102526538e-02,3.273721563052090500e-01,2.667758454359278608e-01,-1.152586012981506647e+00,4.359745447267327378e+00,-2.359780167030018205e+01,-2.264690436742057145e+01,-1.459288260657198144e+01,-1.279763105708232729e+01,-1.200573696319174566e+01,5.293757506405900415e+01,5.220629269758778719e+02,4.917940190357803090e+02,3.795982336435129696e+02,3.183294295199193584e+02,3.723315987000219707e+02,3.961544293768833427e+02,2.641768127961068444e+02,2.679990556728509432e+02,2.994220584642547465e+02,3.059744108154616811e+02,2.675710664107112962e+02,2.856327007280303292e+02,3.018407987467762155e+02,2.458536401054310261e+02,2.879454837215752718e+02,2.403570738550155568e+02,3.006767339493320037e+02,3.134654826411041881e+02,2.760666423567790275e+02,3.600498312343561906e+02,3.395305478009038325e+02,3.138989364258013666e+02,3.099088182418323640e+02,2.574511977422249629e+02,2.996123928867805262e+02,3.460615780597734101e+02,2.648684818991960697e+02,3.230628327766734742e+02,3.082072617056088006e+02,2.732107597238435801e+02,2.687881018834276006e+02,2.763617968415179007e+02,2.806981902807748952e+02,3.101614045330411500e+02,2.957801792989794762e+02,2.799542382932489204e+02,2.725868770389818678e+02,3.938125622439220024e+02,3.212584965995920925e+02,2.896115394144384254e+02,2.720589370125059077e+02,3.106902307723001968e+02,2.214750077664153594e+02,2.304822115997113485e+02,2.406209998733602617e+02,2.266478463955978384e+02,2.386317463284200073e+02,2.450631892045656173e+02,2.530852138732750802e+02,2.634667680198504058e+02,2.132206910988179231e+02,1.951040438855112029e+02,2.659212726426603126e+02,2.719593952413054581e+02,3.225669976258264455e+02,2.778975520171642870e+02,2.561186994516680784e+02,2.932427430824865269e+02,-2.005756694666605711e+01,-1.975731997072072943e+01,-1.445332903186299767e+01,5.498894965281138525e+00,-1.335698603424986919e+00,-1.104526092986415492e-01,-9.119802356352103845e-03,3.768796628249545741e-03,4.218228200472339331e-03,-8.672475229209284818e-04,1.744721604289282588e-04,2.219466123091268749e-03,-1.211690619485810382e-02,2.674834165272572950e-02,-1.054089532899716020e-01,-1.404118115035526415e+00,5.937991775268280925e+00,-2.264844798000221715e+01,-2.122192596736345038e+01,3.180139232526802857e+02,3.397495410142758487e+02,3.970332823415100165e+02,4.686436971146869155e+02,4.296148073885484564e+02,3.262046345040627102e+02,2.567426513620279707e+02,2.464091248196977233e+02,2.795559135233910979e+02,3.404636802530114323e+02,3.225057512943626534e+02,2.856654275229508357e+02,2.391470885826625761e+02,2.754911313824033527e+02,2.766546284887436400e+02,2.698771742943522440e+02,2.595637682838384990e+02,3.619851321481891091e+02,4.744437231853415824e+02,3.793350353206227510e+02,9.589124922355297898e+00,3.078623158194009193e+02,3.010744381822026980e+02,2.787552761902675798e+02,2.684260375119425817e+02,2.454846532777283130e+02,2.520599475655905337e+02,2.372036168048643674e+02,2.017439991608115406e+02,1.888367563610926538e+02,1.892563831197024342e+02,2.249417343197858941e+02,2.460978077187399435e+02,2.389269537917771231e+02,2.385360734538759004e+02,2.151937725298526516e+02,2.488221144795026021e+02,2.779089766485876680e+02,3.047090628009959801e+02,3.266413480898654029e+02,3.328220769644848360e+02,3.709494157112415564e+02,2.949536945806489712e+02,2.912657368962522355e+02,2.791475524729376616e+02,2.964800382335717472e+02,2.960640135270502924e+02,2.904162415634827425e+02,3.370897835234013087e+02,2.925670817710042684e+02,3.410657693935164616e+02,3.882905081379129797e+02,3.873506516783538132e+02,3.887614043083339652e+02,3.706916297632004671e+02,4.215999831232859378e+02,4.793882484227612508e+02,5.074179905309335936e+02,5.670207242202543512e+02,6.158130427532545355e+02,8.939591761439652373e+01,-1.577225792841221441e+01,-2.091821143777144698e+01,4.207723307706612736e+00,4.073043914881225191e+00,-9.753188328114166250e-01,-7.660881814988922400e-01,2.320464234101377310e-01,-6.157848672024355402e-02,-7.438963844840629225e-02,2.537297668127939942e-02,2.485518262844278736e-02,1.236098676209288101e-02,-6.692031919003885339e-03,1.426942342258099954e-03,1.327568967311488829e-03,-4.254682734266597042e-04,1.141503190105513157e-04,-2.683124622256886482e-05,-2.539769368984726782e-05,1.064009440549644898e-04,-4.195541189515167562e-04,1.338565585655280459e-03,1.150954200094032095e-03,1.226728356491631850e-03,1.162969889456307677e-03,-3.820538302839375055e-04,1.383522743693610586e-04,-2.366597025593890073e-05,6.562833160250125533e-06,-2.190743838021202122e-06,-2.460094768936526252e-06,-1.697895046318467559e-07,1.972594134851101414e-10,2.326292553175659513e-10,-6.662703666545134660e-11,-5.668587730466871890e-11,1.507533525594992140e-11,-3.471525132946252660e-12,-4.275987360915772554e-12,7.955561186939994847e-13,8.295716754795960535e-13,-3.262080263510968917e-13,9.799076804071898807e-13,-2.287456777112988633e-13,8.966868031680206735e-14,-8.707678325161903604e-29
1.710692653868213298e-36,-6.116462695217837888e-34,9.041304299234757561e-34,2.772914382989581652e-33,1.188574334851987911e-32,6.061767701963571169e-32,3.003113725564614324e-31,6.116814826544213555e-31,2.774989033372932981e-30,-6.189611279599025449e-30,7.878144126093590705e-29,-1.863534064281262060e-29,8.792841351578486158e-28,3.064821531450239871e-27,6.248475345752791305e-27,3.171800103956603283e-26,5.428762802752813015e-26,-9.377214829598657612e-26,-1.961869176892268546e-25,9.977506557136184195e-24,1.488008111764432119e-23,-1.158199453306829232e-22,-1.736401204347895662e-22,7.468287102170288634e-22,-2.778863760985976211e-23,1.649048649587384849e-20,8.318935911745640263e-20,-4.498125672623653222e-20,3.571950605057324446e-19,-3.063583458402838670e-18,1.627587806649613922e-17,-6.597296883620717387e-17,4.739289886444247497e-16,-1.615262900624637826e-15,-2.072509555561322169e-15,-1.113512241997445919e-15,-1.153811138291654557e-15,5.953835065557745002e-15,4.696670204229110743e-15,-8.256725539426501649e-15,7.268228896030283794e-14,2.715309197504301427e-14,8.374698889102685775e-14,2.541590139319317802e-14,8.151456898687292753e-14,8.910420127350196456e-14,5.113658450837046985e+02,4.641304772048877112e+02,3.981559549365032922e+02,3.303845825475273159e+02,3.219773180133632877e+02,3.154453325986321488e+02,3.083658119197395422e+02,2.705720729300039693e+02,2.814072698994023654e+02,3.315026672574799136e+02,2.809447484809153934e+02,3.238451168032536316e+02,2.395649204062120248e+02,3.020880548107989512e+02,2.900185663477402613e+02,3.124425180352446887e+02,2.779480677449610653e+02,2.971214004463663514e+02,3.311947538963619877e+02,3.130397645360551451e+02,3.280122565029476505e+02,3.472646791005784621e+02,2.806493031447897692e+02,3.393741802045151985e+02,2.818160177219955926e+02,2.795632628256418570e+02,3.207367062978186141e+02,2.871149698305706011e+02,2.896569515454143584e+02,2.924033950044184280e+02,2.616129493564398558e+02,2.991085430196696962e+02,3.268215489933851927e+02,3.721009909586350659e+02,3.181361701423991803e+02,2.812494497907637196e+02,2.781852669410224053e+02,3.112331652874930228e+02,3.117566068435061766e+02,2.754709343486059652e+02,2.884279645327624735e+02,3.173876569696160459e+02,2.462004752504427643e+02,2.066781235158438221e+02,2.427490189935238334e+02,2.570100835008647095e+02,2.384944669361461536e+02,2.510529506000089839e+02,2.280062631284445729e+02,2.255909003163896784e+02,2.348844344447624053e+02,2.053034236602788951e+02,2.294701275445904969e+02,2.569967650675499158e+02,2.623923638405221368e+02,3.006928855479681033e+02,6.928801847232011487e-15,9.014961275508777248e-15,-8.104045384986440721e-15,-1.020116084234936280e-15,3.097366159675663369e-15,4.813331402860541584e-15,3.733703233966679103e-15,6.758048547281021975e-16,2.653320146688046340e-16,6.066316214556334692e-17,7.033188455620673701e-18,-6.913595603215233974e-18,-1.132523439397564039e-18,-3.492339188598719467e-19,-1.517275763544788063e-18,-1.902784141230870908e-17,-8.705218081084088135e-17,-1.413342099333682003e-16,6.040282539219792647e-16,-3.100984562796800356e-15,9.928016630189538984e-16,1.092004310339498841e-14,-1.109774606936764204e-15,-1.492400318716830938e-14,5.281750675639181652e-14,8.205300219171464788e-14,4.285634462080367939e+02,3.290524328386202910e+02,2.944310304130797249e+02,2.386884731151570804e+02,2.766406946739315913e+02,2.843250291198667128e+02,3.692843196657562430e+02,2.874486847230939475e+02,2.813392091301794835e+02,2.368036261380356109e+02,2.546308619971338487e+02,2.869498649883105372e+02,2.646299722949460715e+02,2.995641454229416354e+02,4.065780545479290140e+02,3.064288496473016039e+02,3.184017503234297806e+02,2.981852059506229580e+02,3.740328943130601260e+02,2.615261933558112446e+02,2.389197258953081757e+02,2.237005291110984615e+02,2.382769482740468163e+02,2.482425583904759208e+02,1.885642036424522985e+02,2.094794686544261708e+02,1.972179493579880614e+02,1.716660820024673058e+02,1.865660947884063603e+02,1.809183651521408080e+02,1.934961300334095995e+02,2.058631962256222891e+02,3.056006787453345055e+02,3.055320612636460851e+02,2.535969677383639294e+02,2.964880489346007835e+02,3.350650986781258780e+02,3.283195849739485652e+02,2.629714821988125664e+02,3.235837482489872059e+02,2.738432844434197477e+02,2.982078535918325883e+02,2.886555623577601182e+02,2.848607040708318436e+02,3.228463539630428158e+02,2.780250814611380292e+02,3.225837734224744509e+02,3.575822705038710296e+02,3.389129650308383930e+02,3.201321457381073969e+02,3.567445894131066098e+02,4.966587579773819243e+02,4.258958109750932977e+02,4.557161967691366158e+02,4.562503638305792037e+02,5.750045972084890309e+02,8.214684676552481051e+02,5.972582397517143836e-14,7.028257314437554512e-14,5.299979643161139843e-14,5.961621793896062074e-14,-1.272341118500387684e-14,-9.838577729967471552e-15,4.318130134118065928e-15,-1.314026714049688234e-15,-1.389734457157071110e-15,2.989187418828238865e-16,4.117805483185102006e-16,2.103706001619371892e-16,-8.842646824303058554e-17,1.800053195331520434e-17,2.233486477757529349e-17,-7.370693878146737748e-18,1.900422837292540518e-18,-6.739942606471164419e-19,-5.655490770074760098e-19,1.938029643274270240e-18,-5.737523140085919584e-18,2.587466036625701357e-17,1.895511552188579594e-17,1.815266979052915981e-17,1.958388976085330495e-17,-4.553469583677841145e-18,2.094726003897776882e-18,-2.352522385652370193e-19,1.938558437350584624e-19,1.989456791042754848e-20,-3.838050203471546260e-20,-1.245562746059387487e-21,4.848783861025664437e-22,6.555485779176895106e-23,-9.966976526865298838e-24,-3.235435237755967770e-24,-9.837599155811657382e-25,-7.225559326933195007e-26,-2.204487390697817881e-27,4.696963635929921986e-26,1.380660517419131420e-26,-7.777414420938775121e-27,1.962975334443781302e-26,-2.441691794271663954e-27,1.735863015641844513e-27,4.576301717219260764e-29
1.112803675552600846e-33,3.790555261997824367e-33,-1.088242087925963998e-32,5.052433594360924674e-32,-1.049332613866291698e-31,8.129429687897262884e-31,-2.431933418415733948e-30,6.350992762904922536e-30,-2.415532899103545569e-29,9.027032320123684136e-29,-3.306150765721438826e-28,1.989496452099509932e-27,-5.708861010328394060e-27,2.003815402226775094e-26,-6.798140654317206663e-26,3.746720943262606529e-25,-1.068815452769920317e-24,1.677541820517157546e-24,-2.590727683684789084e-23,2.088786549667768927e-23,-2.263890301106805472e-22,8.317286957426505637e-22,-3.841679581707435163e-21,7.149492346327290507e-21,-2.264666379366239652e-08,-1.403361083825730035e-08,5.418084703960473583e-09,-1.762314800778938437e-07,1.241200802606006567e-05,-7.886922105925679239e-04,-9.119982824009010766e-03,6.353339360481305431e-02,-3.175865007386641237e-01,8.932721373060577008e-01,1.005263760584400812e+00,6.417197791831991127e-01,8.340754642711140088e-01,-3.040741235478382265e+00,-2.477902589523707455e+00,1.070560140686210104e+01,-4.049476261913837760e+01,7.654705503582550818e+02,7.460348557751068483e+02,4.773339904831503304e+02,4.199924994268068303e+02,4.015145043733285775e+02,4.449052928322752791e+02,3.891834616015213442e+02,3.585973972245128039e+02,2.936607423579351916e+02,3.421696042774414650e+02,3.024880927774816541e+02,2.804210976132453084e+02,3.295891941261177180e+02,2.699095649868153828e+02,3.173170188699473897e+02,2.923604655970979707e+02,3.338272661270918888e+02,2.550808467934213581e+02,3.656611407908544606e+02,3.064609080992623831e+02,3.333113724865876293e+02,3.155354531665712443e+02,3.585734015565883510e+02,3.139297180062015968e+02,2.861054701290445905e+02,3.269158439912268932e+02,3.355253687477115250e+02,3.402963516959181902e+02,3.093187515150607965e+02,2.883752073740842548e+02,2.752471469799078818e+02,3.005439354295062913e+02,2.888937008955089709e+02,3.011079874649068415e+02,3.041741553796822473e+02,3.026087416443536426e+02,2.761875673391954820e+02,3.242702594430629688e+02,3.224158256313509128e+02,3.300146070483409630e+02,2.708945755648555291e+02,2.911773560494329445e+02,3.154683691225048960e+02,2.790127151374994696e+02,2.716981701019243474e+02,2.829047291651809815e+02,2.733237547962946223e+02,2.609754669965836911e+02,2.554201563794623269e+02,2.396336715426973853e+02,2.471403553421125423e+02,2.363095792575675773e+02,2.472991437976655789e+02,2.694415162524943526e+02,2.237416736074110872e+02,2.037332501834124230e+02,2.385515224139851398e+02,2.715581468725153513e+02,2.548334331619750230e+02,2.734300167628753684e+02,2.926384093042445045e+01,-8.256048791099171780e+00,-7.464528048633483515e+00,-8.735984872551071589e+00,2.159436984096086753e+00,2.127111803147752056e+00,1.556073567495325882e+00,-5.920219316153702005e-01,1.438037825289401050e-01,1.189136938684937257e-02,9.816910102621394761e-04,-4.050139715513882970e-04,-4.570420857104169057e-04,1.006445383178000387e-04,-5.816764985628488749e-05,-2.753056293733539914e-04,1.473898052860235681e-03,-3.448608889086372375e-03,1.347171202571809459e-02,1.458094850164195211e-01,-6.166904279604997763e-01,2.349243710992595435e+00,2.168578712798438168e+00,-9.851973470654519005e+00,-1.049121940342334547e+01,-1.219355084125764854e+01,-1.464765640233573940e+01,4.185483687461796194e+02,3.310641803876063136e+02,2.910789343769201309e+02,2.369035562834959876e+02,2.426508388552809663e+02,3.239092076419836985e+02,3.572229728565103528e+02,3.587363499884732505e+02,3.492506437818852874e+02,2.835550211637190046e+02,2.246054776779769782e+02,2.597478860790421322e+02,2.518876173424540923e+02,2.639532923665551039e+02,3.603077761438283346e+02,3.332039601802287621e+02,3.156251902746688529e+02,2.345364162997156825e+02,3.385379712174275824e+02,2.922205535095019400e+02,2.305620190421716984e+02,2.012318068063621581e+02,1.474509758430191653e+02,2.093150718641064998e+02,1.540477709291778865e+02,1.934015980744278522e+02,2.186226316719766487e+02,1.767950919101075726e+02,1.652920184628202946e+02,1.754614824584324140e+02,1.666072318183675236e+02,2.036182782768840127e+02,2.459232913555945572e+02,2.905871912562697617e+02,2.148034588137554692e+02,3.191244627483996510e+02,3.198544846601429867e+02,2.923461119446732255e+02,2.867176833623787502e+02,2.939490449159693526e+02,3.176224206190473751e+02,3.269434337661059544e+02,2.916333805506549197e+02,2.867485414075896983e+02,3.720078339872565039e+02,2.497645198319865472e+02,2.967139952189823475e+02,3.408453203542029541e+02,3.165809204163716117e+02,3.189223913837039959e+02,3.360995414433435258e+02,4.014777185295558297e+02,4.133518955680590352e+02,4.390963521616986895e+02,4.597023435672502387e+02,5.592051091405810439e+02,5.703349307591188335e+02,5.281250116495929205e+02,6.904125585949293509e+02,-3.908273053404884934e+01,-3.783178363631832042e+01,9.059085006311329735e+00,7.115681277807144767e+00,-2.155324191806520240e+00,5.719614212212799087e-01,6.909556502157483404e-01,-2.356726281561599967e-01,-2.308631851488019138e-01,-1.148129473896256220e-01,6.215781340390328508e-02,-1.325391404609596417e-02,-1.233090115972475947e-02,3.951890527275272492e-03,-1.060266046984130158e-03,2.492175196236763178e-04,2.359022079347770006e-04,-9.882872805472328170e-04,3.896957897730606371e-03,-1.243304140044092579e-02,-1.069044458719984984e-02,-1.139426009961917383e-02,-1.080205029774325594e-02,3.548642771053961854e-03,-1.285061840460628496e-03,2.198173859592016100e-04,-6.095777245433380682e-05,2.034835582788778352e-05,2.285017666595898502e-05,1.577061268473222070e-06,-1.832210898567768927e-09,-2.160737727992240071e-09,6.188540286164474200e-10,5.265172412184979090e-10,-1.400247170339475964e-10,3.224467755867325094e-11,3.971678971561376216e-11,-7.389389258244211344e-12,-7.705337038694148576e-12,3.029928410115113578e-12,-9.101707745719799068e-12,2.124665770309831863e-12,-8.328724618718918040e-13,3.746824383064041153e-28
1.225267345523249017e-32,-1.480510400606131369e-32,6.353074009074299840e-32,-2.701327354671064262e-31,8.444368787605863520e-31,-2.811791940117359248e-30,1.050133849486147379e-29,-6.088723693290636301e-29,1.415397442311266004e-28,-5.084271836124840859e-28,2.397039969560257164e-27,-8.574861715287097373e-27,3.008487136595892113e-26,-1.287282886544212221e-25,4.945218060550817605e-25,-1.991530603348457061e-24,7.574998183907874943e-24,-1.869248751135409489e-23,8.084343196863347888e-23,-3.460402709908311280e-22,1.468753774505296474e-21,-4.496653422564175948e-21,1.747077198141249633e-20,-6.078743785973344261e-20,1.285137572684423968e-07,7.963698641482288730e-08,-3.074618093103028697e-08,1.000066493680248843e-06,-7.043482436138382623e-05,4.475617258031553032e-03,5.175346221489640630e-02,-3.605350085369385393e-01,1.802218412371356049e+00,-5.069080358790268193e+00,-5.704602854343922225e+00,-3.641588036446552490e+00,-4.733155079074146343e+00,1.725539287435090685e+01,1.406143416208055719e+01,-6.075142339513955392e+01,4.723855178128401917e+02,6.620006275167648937e+02,7.010549390819263635e+02,4.397152667487784470e+02,3.899388088974760080e+02,4.103488007569956721e+02,3.377845002979390188e+02,3.511170984558748387e+02,2.600248543121133480e+02,2.719713203593819344e+02,3.081426125774598859e+02,3.204997135797749479e+02,3.515436666835210531e+02,3.033853095199962695e+02,2.715273883746002070e+02,3.356569016965298147e+02,2.644897309536201533e+02,3.269917096959111973e+02,3.244377937977628790e+02,3.269371323805142424e+02,2.977466550972031314e+02,3.329998882200916910e+02,3.230260077772687737e+02,3.232062966319119255e+02,2.973540432707918058e+02,2.938250623045423708e+02,3.177268842720726525e+02,3.420781480770945109e+02,3.234404296018071250e+02,2.606987791896743829e+02,2.632274880878212571e+02,3.054538521950385643e+02,3.198755600260626011e+02,3.051059450185777564e+02,3.088206833455261062e+02,3.051157837857877553e+02,3.672435218324067705e+02,2.833470831349509353e+02,3.065774902885759730e+02,4.250574017578919097e+02,3.333512341361592348e+02,3.051376178701680715e+02,3.085014223600696255e+02,3.054025572361190939e+02,3.070791194686244694e+02,2.689830310893471506e+02,2.422273726563258833e+02,2.934681967048168190e+02,2.953517818115411160e+02,2.596220398806214575e+02,2.583311832870435296e+02,2.259108125454975493e+02,2.537274058971970589e+02,2.387760016120408864e+02,2.643773568934716423e+02,2.481784541272983802e+02,2.210436944484434321e+02,2.366611005498092766e+02,2.420152456738566400e+02,2.467864314796647704e+02,3.088434794681891731e+02,-1.573984769287152474e+01,4.748777487052648461e+00,4.293525642193773528e+00,5.024855892835229376e+00,-1.242087958191060215e+00,-1.223494801826143785e+00,-8.950380631345862259e-01,3.405260874799177495e-01,-8.271382725797778168e-02,-6.838901096702710604e-03,-5.638092670702321086e-04,2.291316909130414181e-04,2.778451659679323569e-04,-9.542386967740734368e-05,2.366512183248132737e-04,3.459137271859016025e-04,-1.721601090705956105e-03,4.918397268372358758e-03,-1.870300605885539050e-02,-5.621094616628392188e-02,2.380854796827175379e-01,-8.913972202966745639e-01,-6.477507015099462917e-01,6.614781557312054971e+00,7.013671337326367272e+00,6.836643113411433603e+00,8.481952126711499673e+00,4.364357003804045121e+02,3.932804151691649395e+02,3.132012743273452315e+02,2.363967364936494846e+02,2.627620464395270687e+02,1.293582722166873396e+02,1.775305702168648168e+02,3.350351222851809325e+02,3.038131394729162480e+02,2.830978536326636004e+02,2.477646206878133057e+02,2.467555369478239697e+02,2.763184043246773172e+02,2.704846647069029473e+02,3.370952482395169909e+02,3.108635592242714552e+02,3.077489664720974929e+02,2.325590799236800592e+02,3.008716705182600322e+02,2.664798492859684416e+02,2.597848149061738923e+02,1.901054533293603299e+02,1.790645002081776056e+02,1.462051475592882355e+02,1.529416929055212222e+02,1.750110881607326121e+02,1.866957993453928850e+02,1.925107544736133036e+02,1.571630041928067669e+02,2.016420180170659933e+02,1.705023851065790268e+02,2.108640899045565504e+02,2.121538745384287097e+02,2.218054328307574679e+02,2.358359087282065616e+02,2.604860765726841123e+02,2.876093469576817370e+02,2.866689320281396931e+02,2.966124573301911482e+02,2.540965402081617128e+02,3.323166661089930471e+02,3.070783205008551136e+02,2.902461171047776247e+02,2.915205536097462300e+02,3.662500530358027504e+02,3.030240886943714713e+02,2.969694933391407972e+02,2.980289710701136983e+02,3.024164024089827763e+02,3.433747652013489073e+02,3.391658795367364974e+02,3.535008850481506784e+02,3.520473024804994111e+02,4.684691547937837299e+02,4.819765910341902782e+02,5.321772548493688646e+02,4.140220708617460446e+02,5.392412310260954200e+02,6.475224513028208548e+02,4.543007137030145373e+02,4.379897902382551251e+02,-5.140788339440879895e+01,-4.037958724820872902e+01,1.223088807008046430e+01,-3.245728020849679485e+00,-3.920988430095585731e+00,1.337379103857077034e+00,1.310086801693884473e+00,6.515327549594946976e-01,-3.527289589724671437e-01,7.521241574910997318e-02,6.997456459736040024e-02,-2.242592130133439290e-02,6.016726112232922627e-03,-1.414242738613451233e-03,-1.338681907670120907e-03,5.608265872674097346e-03,-2.211419332745924796e-02,7.055418313289192611e-02,6.066541249919602669e-02,6.465937720627418228e-02,6.129874504324089868e-02,-2.013759818520952441e-02,7.292382089690041015e-03,-1.247404846911318987e-03,3.459190476888228134e-04,-1.154714745406639452e-04,-1.296686383632430367e-04,-8.949400710891570424e-06,1.039730658912291957e-08,1.226160843938694780e-08,-3.511831020363920442e-09,-2.987844459219663358e-09,7.946028015633965758e-10,-1.829799171629082020e-10,-2.253821542769556473e-10,4.193280679881776089e-11,4.372572591203665262e-11,-1.719403298369391713e-11,5.164975603562307465e-11,-1.205690973162125487e-11,4.726328362356144870e-12,-1.421904538893956675e-27
-4.123284320798505671e-33,7.452364519612776070e-32,-2.577638135092324703e-31,1.162991298879113935e-30,-3.395799298836879766e-30,1.286394015565522339e-29,-4.372122634506844678e-29,1.876589446443014698e-28,-4.718340024762759033e-28,3.189046454318072163e-27,-1.228435181479601382e-26,2.938859268246649291e-26,-1.416207294276541847e-25,5.063981694841902574e-25,-1.883971948509106753e-24,7.985917207816674453e-24,-2.375244471204075871e-23,7.854526036167782085e-23,-3.532943232887005986e-22,1.672121722714759794e-21,-4.747005791468525161e-21,2.303337383712586889e-20,-7.425747887459330117e-20,2.520980926391146596e-19,-5.225458069905785724e-07,-3.238094832561712610e-07,1.250160937455025282e-07,-4.066339387262333914e-06,2.863928572196664034e-04,-1.819816867538532473e-02,-2.104331493564977340e-01,1.465960228605969418e+00,-7.327944452659500563e+00,2.061123060351256342e+01,2.319530893378825809e+01,1.480694829625955400e+01,1.924533523083974629e+01,-7.016161838324669020e+01,-5.717476181417571723e+01,3.785791403481234170e+02,5.975087101617347116e+02,4.514978741953739245e+02,5.005952765222325525e+02,3.658830867138188978e+02,3.011889266320451952e+02,3.358726470815610696e+02,2.743896372084516884e+02,2.875363919008461266e+02,2.410898270085967567e+02,2.701233012563773173e+02,2.534583853531675288e+02,3.384456186596393081e+02,3.949706433288542939e+02,3.481333955045057564e+02,2.674365565412547880e+02,2.937454781410729083e+02,3.154736364518836353e+02,3.277575158951925118e+02,2.924513252250870892e+02,3.061020008479747503e+02,3.076947815548198264e+02,2.954322938305929256e+02,3.076633273139219114e+02,2.657808891370360698e+02,2.881172210112760581e+02,2.969641569033196902e+02,3.351516273635888865e+02,3.207604149122773265e+02,3.005133434859426984e+02,2.695338105744799577e+02,2.537319003178922117e+02,2.593001292384265639e+02,3.282903709118829738e+02,3.148244168377511301e+02,3.009005171047961085e+02,3.195176650256997277e+02,3.176720936211462458e+02,2.891590799042413664e+02,2.757575005572606983e+02,3.911751676363466572e+02,3.151090438686875359e+02,3.453945686400356863e+02,3.661250471248756639e+02,3.867741542221294253e+02,3.398014784802370514e+02,2.587648165017976680e+02,2.126535139228025173e+02,2.732615211179346488e+02,2.838837461011755181e+02,2.557016185390849046e+02,2.130500933054659072e+02,2.457597470958124291e+02,2.724431141881836425e+02,2.148319928571609410e+02,2.386398428751784024e+02,2.572057235507629116e+02,2.126663342494204016e+02,3.159221174214478651e+02,3.402277023370425013e+02,3.044681046710202281e+02,1.050045388727468776e+02,3.402803249532484031e+00,-1.898771971315887708e+00,-1.716828280873538670e+00,-2.009262722725151384e+00,4.966680998555928483e-01,4.892332789097703083e-01,3.578911526288350853e-01,-1.361671126147726563e-01,3.307128911462211412e-02,2.730954995946638375e-03,2.219791959806451749e-04,-7.600239387719348334e-05,-1.721286025018127258e-04,1.912853760921000583e-04,-9.236030352886123642e-04,-9.035140891567229214e-04,4.253389019691033307e-03,-1.393982985577133654e-02,5.216881498588020472e-02,-9.035736406212128979e-02,3.806123465817744522e-01,-1.519686630595830090e+00,-2.187171110135367691e+00,-6.512677063759142904e+00,-6.799472823728761384e+00,-2.011735349290298291e+00,-3.623193389280886745e+00,1.421760910171599335e+02,1.361763308913429853e+02,3.985237499468087776e+02,4.491709261275498761e+02,3.898512594006521681e+02,1.272252649179103656e+02,1.231517086261872151e+02,3.307816364808868457e+02,3.491384614867610594e+02,3.027398115468537867e+02,2.675862739960492149e+02,2.661546449556603307e+02,2.530985620626750290e+02,2.833516059791670614e+02,3.109084125701160133e+02,2.678883626213153661e+02,2.852976822474848291e+02,2.617657520665582069e+02,2.951756131980963005e+02,2.411244463080412572e+02,2.635394653753147622e+02,2.139343811933835298e+02,2.115928346554755706e+02,1.702231483366111036e+02,1.996633605850024082e+02,1.935859940824198020e+02,1.671013383860874342e+02,1.620267568296267200e+02,1.339722933236965901e+02,1.934407255106848424e+02,1.835572305192032445e+02,1.601891335656399633e+02,2.177663612924049232e+02,1.771340790833093877e+02,2.079215767235679380e+02,2.141270233277748787e+02,2.473834071533426595e+02,2.816486481277242433e+02,2.928077614907965085e+02,2.625132786995091578e+02,3.501504583952389567e+02,3.313069992634282812e+02,3.118137993395220633e+02,2.840264291990718561e+02,3.411892849324796089e+02,3.043118974040150988e+02,3.402998077339370866e+02,3.159366699146191877e+02,3.036683266545014135e+02,3.541613101158853283e+02,3.325104008839418839e+02,3.443029405624687911e+02,3.210733287628593189e+02,4.078720495490114217e+02,3.906629813590658955e+02,4.810148089266539273e+02,4.293634069624579297e+02,4.109581331372417026e+02,4.089846098178287548e+02,5.633914835204079736e+02,5.319227298100760208e+02,3.188769079161745594e+02,2.591396339883883684e+02,-4.973163506098793363e+01,1.319735415083859209e+01,1.594300958087229425e+01,-5.437875741329849077e+00,-5.326903357037129361e+00,-2.649177150037679507e+00,1.434220292308300282e+00,-3.058188735485205534e-01,-2.845214092523827842e-01,9.118534383391337095e-02,-2.446442364291175758e-02,5.750408585327963437e-03,5.443173031552357884e-03,-2.280359611720216007e-02,8.991783637687228437e-02,-2.868781782227530774e-01,-2.466697543095462408e-01,-2.629094904694055379e-01,-2.492449281458382071e-01,8.188086410515765801e-02,-2.965132889220884957e-02,5.072034202622954444e-03,-1.406530723013293569e-03,4.695149852493652517e-04,5.272416332311013597e-04,3.638888097237545822e-05,-4.227616620680781312e-08,-4.985654620289259630e-08,1.427934731312039961e-08,1.214878179029292142e-08,-3.230909834131895611e-09,7.440089723407764396e-10,9.164193950216662579e-10,-1.705016866193919476e-10,-1.777918194798648803e-10,6.991212483281515269e-11,-2.100114728738389793e-10,4.902422712893957587e-11,-1.921757732948870111e-11,5.717669928244246290e-27
6.995678469508145190e-32,-2.105356794339893259e-31,9.077714011257371574e-31,-3.297290408628176121e-30,1.400702346355793118e-29,-4.898371414580373691e-29,1.328212417696490456e-28,-6.566395129866360208e-28,1.913135183934230349e-27,-8.422161739389874808e-27,3.026089883560092514e-26,-1.459429182395493644e-25,3.854897121977627689e-25,-1.780525668417948307e-24,6.413495534695503519e-24,-2.237419161011170164e-23,8.122211452750699003e-23,-3.906090017368137205e-22,1.241331514779369878e-21,-5.368810445431572078e-21,1.925452842168413329e-20,-5.449688605940538072e-20,2.021211476049546060e-19,-9.066788452603021611e-19,1.769639002443290235e-06,1.096604131667320153e-06,-4.233760035366353180e-07,1.377095114072495110e-05,-9.698900333271295209e-04,6.162940861867451103e-02,7.126470130012447779e-01,-4.964579873890516915e+00,2.481661155381827299e+01,-6.980141659615145500e+01,-7.855258393391940785e+01,-5.014479661242308595e+01,-6.517571356227034585e+01,3.097321731505456341e+02,2.509110831682948515e+02,5.873999855949151652e+02,4.612716767605369341e+02,3.974329399892770311e+02,4.604590607762751233e+02,3.664802053697385986e+02,3.230080830025818841e+02,3.477877060193509351e+02,2.485303024607245277e+02,2.647253465573901963e+02,3.206551454442669069e+02,2.689730090576845214e+02,2.681846702826001092e+02,3.285504112743890346e+02,3.690624658065895005e+02,3.397838140519822900e+02,2.775369205823824927e+02,2.615391436178817912e+02,3.291086972379611097e+02,3.477741001632202824e+02,2.917700289545608712e+02,3.134654205360711785e+02,3.364068609847262223e+02,2.825861269238834552e+02,3.185029265951860680e+02,3.131813200679044371e+02,2.541599799142034044e+02,2.976471611010061338e+02,3.583739520523818101e+02,2.964946754575937007e+02,2.790074907864299121e+02,3.023287037786279825e+02,2.510741952314170362e+02,2.527913627973648829e+02,3.010321378300761239e+02,2.876111943867017544e+02,2.956338028521109891e+02,3.167588327689050516e+02,2.847861088523125090e+02,2.943325663450343086e+02,3.154077105679619422e+02,2.886398782490738313e+02,3.454562656720644327e+02,3.573558254229789668e+02,3.773366920237332920e+02,3.731263120869203931e+02,3.077477471731426704e+02,2.396526258945574455e+02,2.388040033518244059e+02,2.430514982113392932e+02,2.450981496307524026e+02,2.431017821390115898e+02,2.041355891167084735e+02,2.514744002714633098e+02,2.618047245930347913e+02,2.583083980463550802e+02,2.955591273599301303e+02,3.082573638315365656e+02,3.626494244477742654e+02,1.656943921435043876e+02,1.875370493525308575e+02,1.507389874937183833e+02,-3.188396376821198785e+01,8.683673094377724055e+00,6.244734007869067183e-01,5.649275709192460582e-01,6.611590037685458610e-01,-1.634344845729263362e-01,-1.609877674016762794e-01,-1.177558389749996798e-01,4.481581639916742965e-02,-1.087193311326206148e-02,-8.861554529347767228e-04,-6.128265927800219989e-05,-2.795590005773516612e-05,2.635857820165134939e-04,-5.822019780989866420e-04,3.114963602051509881e-03,2.892078499299214570e-03,-1.348842827272777288e-02,4.518779907007402369e-02,-1.687103964595980110e-01,4.123523683110134064e-01,-1.738725681001267676e+00,6.861987872356535512e+00,9.014692820261384298e+00,1.525823739236996168e+01,1.578426150593407584e+01,-1.786314849013816763e+00,1.977449338151753944e+00,-3.821028804816693736e+01,-3.767564680726177073e+01,1.936690335111277079e+02,2.627092501274438519e+02,2.024890439717008235e+02,9.620841804925620977e+01,6.813099699715544944e+01,1.481071872364539672e+02,3.891757781373860325e+02,3.181070845032243710e+02,2.786632772408376013e+02,2.532132278828046310e+02,2.233230343180404134e+02,2.407546087203994034e+02,2.786612366665458467e+02,3.003585182727592269e+02,2.799097218731307635e+02,2.849202097110472778e+02,3.091994925540877830e+02,2.339376726657240511e+02,2.306943447017388564e+02,2.433669340297155088e+02,2.198235923183839589e+02,1.815829155347659594e+02,2.042224673530054133e+02,1.869325467028004084e+02,1.810686869302482762e+02,1.505244729482075741e+02,1.427405320134997169e+02,1.816379667572388428e+02,1.938597042518676972e+02,1.511779114969185684e+02,1.987728293596629499e+02,1.895650636978921568e+02,1.901253579717410389e+02,2.187531690087946856e+02,1.923782287562018212e+02,2.468113469738118511e+02,2.523721998119685850e+02,2.505153718465833208e+02,3.024014350778180642e+02,3.348508255063926526e+02,3.356319011907792174e+02,3.053969985831483882e+02,2.749409621959674723e+02,2.859819380757562612e+02,3.779441598876145463e+02,3.763668969601422987e+02,3.444412315169310546e+02,3.330972288894474218e+02,3.701458955556027490e+02,3.108352297028988005e+02,3.215406465003492826e+02,3.346037150634994646e+02,3.203903988193993086e+02,3.896855557985578002e+02,3.713331993506434969e+02,3.711663495916645843e+02,3.867933282115362204e+02,4.312872253901608701e+02,4.154461341314180345e+02,4.824493750267230325e+02,4.869087428860482873e+02,2.178896745565673996e+02,-4.469379013656003963e+01,-5.399214995737569467e+01,1.841575776431245259e+01,1.803994179409259502e+01,8.971629178476707267e+00,-4.857090294113974416e+00,1.035677636438076643e+00,9.635522400280722710e-01,-3.088057328963949577e-01,8.285053228178443363e-02,-1.947417274513244326e-02,-1.843369741909409859e-02,7.722602027440075845e-02,-3.045132276234407409e-01,9.715336078506058293e-01,8.353648849718224856e-01,8.903619208553924524e-01,8.440858965995263752e-01,-2.772954423052723105e-01,1.004163604031412388e-01,-1.717680905025046473e-02,4.763317573847613076e-03,-1.590046306014439390e-03,-1.785541756139858490e-03,-1.232335656750006467e-04,1.431712810483919640e-07,1.688427837472266900e-07,-4.835803789194541727e-08,-4.114272433279455114e-08,1.094170880211368581e-08,-2.519639958847554625e-09,-3.103520270051179127e-09,5.774162390885334657e-10,6.021047989627012419e-10,-2.367624449238779297e-10,7.112189752289698333e-10,-1.660240752703185067e-10,6.508170943057585996e-11,-6.480811109212963963e-26
-2.277958345638567284e-31,6.079438198283834067e-31,-2.473609636963889962e-30,1.035268954523995021e-29,-3.099923568520947607e-29,1.327741301472074904e-28,-4.681484182421695241e-28,1.619912685227876879e-27,-7.333633199819752701e-27,2.910301530724011865e-26,-9.039820179350715230e-26,4.221548777978296280e-25,-1.322763703069117356e-24,4.652411258537027082e-24,-1.935483286246156218e-23,6.919970379967428318e-23,-2.967350614325043822e-22,8.493204331568858590e-22,-3.818539442891066841e-21,1.187050360684363204e-20,-6.094824106439152612e-20,1.959235603924147141e-19,-6.867471002469595657e-19,2.846155622750974717e-18,-5.076421633404272122e-06,-3.145740419132153645e-06,1.214504823001895238e-06,-3.950362429088156107e-05,2.782245836810034924e-03,-1.767913471243295620e-01,-2.044313393175135385e+00,1.424149255174718576e+01,-7.118942540576800582e+01,2.311393227774743764e+02,2.583918951153984267e+02,1.654614599180252412e+02,2.128260528548728985e+02,7.375079443237157193e+02,5.702427397050513491e+02,4.147646330643731858e+02,4.184914236478861085e+02,3.127804128523152940e+02,3.809459521762394729e+02,3.332745645664720655e+02,3.098500561034509246e+02,3.023292456250167106e+02,2.627221088667440654e+02,3.151214062091177652e+02,3.366356287517426153e+02,2.719511055497179086e+02,2.972504180259466011e+02,2.956899705175461577e+02,3.117068676663206475e+02,2.779797293906293021e+02,2.942441805057808324e+02,2.817759026756678509e+02,3.401934674594099874e+02,3.558176415609452761e+02,3.359353398292347492e+02,3.465826437447797161e+02,3.377936288692555991e+02,2.727565094218859372e+02,3.354404214346785125e+02,3.461032903918912780e+02,2.487793798804080438e+02,2.947214410575949728e+02,3.436088789612797427e+02,2.853055224465333026e+02,2.545738455648398713e+02,3.004317215370639929e+02,2.834446877669589071e+02,3.054919218065909376e+02,3.268643398746460775e+02,2.765088691357092330e+02,2.734655348203808103e+02,2.866057173223138079e+02,2.807907445217708187e+02,3.182063084395232977e+02,3.318698268648950602e+02,2.755094740720193158e+02,3.609660821752660809e+02,3.130087977341441956e+02,3.327084956685543489e+02,3.175143624573719876e+02,2.505985992122724326e+02,2.382572818750487329e+02,2.876129289088586916e+02,2.604488975183107300e+02,2.141805772042744138e+02,2.315030649675407233e+02,2.474447322834804481e+02,2.221247785869258280e+02,2.640763603158416117e+02,2.888401407379702164e+02,3.278623877118847076e+02,4.581034936857320758e+02,2.851455945275300223e+02,-3.626667810209187337e+01,-4.163367381646663290e+01,-3.019606426700062229e+01,1.711272508600388420e+01,-3.054114944276418342e+01,-1.735268483985835108e-01,-1.578192000411060281e-01,-1.847168994006555820e-01,4.566978833083464723e-02,4.498550403818724064e-02,3.286971746852065945e-02,-1.254739941032572900e-02,3.007734655198779101e-03,2.117847666176803242e-04,-1.660743776926444084e-05,1.597081991036952784e-04,-6.671406180225931569e-04,1.651836260584601482e-03,-8.932056136051655035e-03,-8.249532569810770141e-03,3.843792810512594582e-02,-1.290636069200244151e-01,4.817470271764539569e-01,-1.212517701887848576e+00,5.113070937010251171e+00,-2.016246205927185642e+01,-2.630772067605334996e+01,-4.187592735257191379e+01,-4.326082341460399050e+01,7.520497743216438380e+00,-2.804387917121160978e+00,8.147914579792892908e+00,1.051636424018402138e+01,-3.961359574830396468e+01,-5.494222068517703406e+01,-4.172143399769847605e+01,-2.211687200930763098e+01,-1.578356207035432135e+01,-2.394741892747114065e+01,3.481822078806362697e+02,2.863955887346669442e+02,2.960867107377233083e+02,2.510215723832868093e+02,2.489132653311260697e+02,2.370739086247960756e+02,2.483219097236668631e+02,2.861854062193469304e+02,3.170191032319862074e+02,3.076825104577063144e+02,3.189942995358549638e+02,2.187632699330224284e+02,2.046411735589734064e+02,2.218904148823322657e+02,2.265203411888179232e+02,1.719172232911621450e+02,1.848937897828287475e+02,1.851454775352301283e+02,1.907067438136112116e+02,1.815667977061523288e+02,1.677525568901357360e+02,1.917340554156678536e+02,2.221832306363980649e+02,1.878620353698665326e+02,1.926857816685469800e+02,1.887292764660061266e+02,2.044578423883187668e+02,2.000266390782508950e+02,1.696532729058490929e+02,2.028454938005750137e+02,1.997056841901869859e+02,2.296007916850322772e+02,2.269134399652933496e+02,2.719481773521970354e+02,2.809395186302729712e+02,3.134161472027855098e+02,2.348051382214239879e+02,2.951546235622428185e+02,3.576767623581660587e+02,3.487136169902760798e+02,3.451628382474034993e+02,3.422620144338630439e+02,3.521025194813624353e+02,3.168174173951248918e+02,3.268178884689346546e+02,3.361635862616688541e+02,3.243523380536489640e+02,3.215806187715313058e+02,2.985407223541496933e+02,3.619655601786630541e+02,3.932948836962303290e+02,4.203282894655861810e+02,4.255017334892166900e+02,4.053844850653576373e+02,4.625913291032554184e+02,4.898404136140265450e+02,1.481419359161631633e+02,1.787677822793477560e+02,-5.282780893798145883e+01,-5.174973577234226241e+01,-2.573619387096025690e+01,1.393314580566525329e+01,-2.970965463344513058e+00,-2.764065116919040221e+00,8.858462662892836459e-01,-2.376666844670339840e-01,5.586399919957399374e-02,5.287927098843559631e-02,-2.215320974737547965e-01,8.735327003026409631e-01,-2.786960627372029542e+00,-2.396344321074308947e+00,-2.554109911879529182e+00,-2.421361588455349878e+00,7.954552200867789358e-01,-2.880563683295544464e-01,4.927373601912164724e-02,-1.366414751554730772e-02,4.561238453052048579e-03,5.122040588899217164e-03,3.535102571147537721e-04,-4.107039839159264125e-07,-4.843457670604853158e-07,1.387208291435104136e-07,1.180228371841924380e-07,-3.138760345627602085e-08,7.227889291444068637e-09,8.902819963191275935e-09,-1.656387705933509012e-09,-1.727209799744607379e-09,6.791814577603907235e-10,-2.040216895623667852e-09,4.762599638708315828e-10,-1.866946858857126498e-10,1.547859475677503273e-25
7.327272699456474493e-32,-8.715052418159767906e-31,2.766406150932986230e-30,-8.456160180100926844e-30,2.377359714782044026e-29,-1.088988970803862653e-28,5.033298561793619902e-28,-1.495001717827356412e-27,7.313145202484579498e-27,-9.033176645785024472e-27,1.131582584796443254e-25,-3.535308745582780790e-25,1.036816743362022561e-24,-2.792072075876380213e-24,2.569926918233290269e-23,-5.730180553040517904e-23,1.571858386363182490e-22,-1.204027922464795719e-21,2.973958943452347255e-21,-1.156531057820059090e-20,4.556368441509594663e-20,-2.387167606585441751e-19,1.099160142478348748e-19,-3.178562694224185834e-18,1.161281450047258815e-05,7.196191055916953057e-06,-2.778299408289525721e-06,9.036843156878140277e-05,-6.364661395549398547e-03,4.044276200262553189e-01,4.676568246341611612e+00,-3.257881696140999850e+01,1.720866574680329961e+02,8.144162095747719832e+02,8.442180668089571327e+02,5.605968592465973188e+02,6.348802813473763536e+02,5.801858817446326384e+02,4.345636599232448702e+02,4.160048164545378313e+02,3.743168431281457060e+02,3.176160192367218542e+02,3.102601612694368782e+02,3.647060654901292196e+02,3.053981453837983508e+02,2.511007532638248563e+02,2.698562847045466810e+02,3.330169661299785844e+02,2.636175237472077129e+02,2.761197159016906539e+02,2.712391142092488394e+02,2.886651100618718147e+02,3.318791290511797456e+02,3.132009169104538273e+02,3.112675065203745248e+02,2.987311448485467622e+02,3.845303724907513470e+02,3.619751003986480669e+02,3.268950767017742578e+02,3.869477403885680360e+02,2.861619788548676979e+02,2.611194233067947721e+02,3.314453595883598496e+02,2.917287308835104795e+02,2.696596166667262651e+02,2.931691626781372975e+02,3.183908226939569772e+02,2.626116375345795859e+02,2.554302597428257968e+02,2.724452046607096349e+02,3.094650804263166037e+02,3.055859423874261438e+02,3.576984625296477134e+02,2.876543974651799545e+02,2.557932334437596182e+02,2.658377332627615033e+02,2.367996055612751150e+02,3.061107498846620842e+02,2.910090162091020147e+02,2.710397063121363317e+02,3.233332644133802773e+02,2.685667388571524157e+02,3.159724379311479083e+02,3.417883019532818594e+02,2.386341879431828374e+02,2.725402514587394194e+02,3.055640111881050416e+02,2.440331874971957404e+02,1.945405603647022019e+02,2.320561634236144926e+02,2.554835019857126781e+02,2.268661094939032239e+02,2.697977262286563018e+02,3.185907386513419510e+02,3.451163542171667586e+02,3.865521670727146670e+02,-3.524870456498510407e+01,1.280963500892956297e+01,1.542293119905998644e+01,5.246041647079727532e+00,-2.261371812550650162e+01,7.511366462085112516e+01,3.719712114434004652e-02,3.575553438154628616e-02,4.188215592858419295e-02,-1.037533849921689136e-02,-1.021856038493576882e-02,-7.385841564271045448e-03,2.905695825263239929e-03,-6.141440884533055054e-04,3.370297279816744960e-05,8.077620708314209785e-05,-3.830296853598849551e-04,1.506361807391021559e-03,-3.774673228543149774e-03,2.043215979555935632e-02,1.886122440339623244e-02,-8.787378742843117430e-02,2.951205157871271134e-01,-1.101550341036596103e+00,2.780343743099783715e+00,-1.172452265504896651e+01,4.899094892675392998e+01,6.390173885027435574e+01,1.006561584383313033e+02,1.039982609116216423e+02,-1.773673308564914564e+01,5.777517898495995397e+00,3.923226925853699143e+00,-2.362555316013719597e+00,8.999569591528937096e+00,1.247561690936487544e+01,9.372819898896226576e+00,8.280994415423045041e+00,7.129642514890063509e+00,-8.083167087127730355e+00,3.134070321225848375e+02,2.837879713068285241e+02,3.192420466397209680e+02,2.982091976319812829e+02,3.067194751227581264e+02,3.419154251233499622e+02,2.718857069630323622e+02,2.402717143034262222e+02,3.043239832554907593e+02,3.291288847361395824e+02,3.102023593929889103e+02,2.167399769617225047e+02,2.077163102214388459e+02,1.869927971170915555e+02,2.006561690567101266e+02,1.982335339795361904e+02,1.802543950400170161e+02,2.022128487059578106e+02,1.797399899301264554e+02,2.022362182385366793e+02,1.641977739107995546e+02,1.845257866116191678e+02,2.384472354249808745e+02,2.046582010503551885e+02,2.093190351408127867e+02,1.706807999914894651e+02,2.139108697597856406e+02,1.800236796412477531e+02,1.892726266291624313e+02,1.868736537444070791e+02,2.027628687979686788e+02,2.304659684904881090e+02,2.212013025889077653e+02,2.246281507600805867e+02,1.870332480503194574e+02,2.903340204688601034e+02,2.629698242210186550e+02,3.115671577418625020e+02,2.892112663924951335e+02,2.563490990147381581e+02,3.257737152254611033e+02,3.732617819571198083e+02,2.849994624790729745e+02,3.671871410605793358e+02,3.072938888806691011e+02,3.381079092364230974e+02,3.144471077829474552e+02,3.133289330800448624e+02,2.561145746016044882e+02,3.873752020646481924e+02,3.625092029571296166e+02,3.513227183122800170e+02,3.752426815574044099e+02,4.734135983743424845e+02,4.556357553981621322e+02,4.195283459012205185e+02,5.276873856244515082e+02,6.292675274700877708e+02,1.279812941737800287e+02,1.252488536571532904e+02,6.307278057378317726e+01,-3.187344340841006129e+01,6.796376129628154850e+00,6.323071208043886671e+00,-2.026460587647222589e+00,5.436859502571441682e-01,-1.277944006249543130e-01,-1.209665408541533566e-01,5.067764932959427648e-01,-1.998292092599145198e+00,6.375446943352227613e+00,5.481873668024819679e+00,5.842777996484508130e+00,5.539103131293512838e+00,-1.819682166180402572e+00,6.589573153430298147e-01,-1.127185244762049232e-01,3.125808332414625745e-02,-1.043428223126076186e-02,-1.171717235453588642e-02,-8.086895329738227585e-04,9.395258164618403859e-07,1.107988648925740655e-06,-3.173375602999627930e-07,-2.699888649956317020e-07,7.180223450202151061e-08,-1.653450868212645608e-08,-2.036607756998155943e-08,3.789150027123912262e-09,3.951162542505420862e-09,-1.553694482201221432e-09,4.667197104698503007e-09,-1.089491577699283086e-09,4.270824828955442063e-10,-2.279091003432013803e-25
2.335133805996110321e-31,-1.994733533172606211e-30,7.350268075751162345e-30,-3.292778732739581069e-29,8.176662939777510184e-29,-3.762249459813995915e-28,1.890077180660441951e-27,-5.012768786942821196e-27,1.937308274798292675e-26,-4.824338861388374012e-26,3.836473094971299660e-25,-1.046824107421697221e-24,2.614905155781253483e-24,-1.892365699873337368e-23,6.936488217315787675e-23,-1.708579579375449586e-22,9.911514489760979607e-22,-2.205651534744531618e-21,1.016203606587018399e-20,-3.885918496230979014e-20,1.740895404216536956e-19,-3.322350162562034380e-19,2.022119618362957737e-18,-8.226885185070202800e-18,-1.570340488493032996e-05,-9.731034778663483700e-06,3.756949747678896607e-06,-1.222005285375357480e-04,8.606600479668040371e-03,-5.468864299583080513e-01,-6.323879938101032216e+00,4.448692222569613364e+01,9.297281379349889221e+02,7.334419722642458055e+02,6.642606570414833413e+02,4.880047499745986670e+02,3.973725047328033497e+02,3.974646311477944778e+02,3.585402623386255527e+02,3.838860559566681445e+02,3.837461872837453711e+02,3.162363640814619430e+02,2.688471389398628730e+02,3.522190443145977952e+02,3.118111549893387178e+02,2.769835601875925022e+02,2.908942792905888268e+02,2.830567945730806514e+02,2.542978431916061481e+02,2.771986539350412500e+02,2.835883379233210917e+02,3.192931439999819645e+02,4.429471548806767487e+02,3.457084501791008506e+02,3.255353703074300142e+02,3.122550076343421210e+02,3.159506100668165800e+02,3.686312882605738537e+02,3.289738913613279010e+02,3.399920888919392610e+02,2.399075175520466416e+02,2.993047196349705814e+02,3.216006220048883506e+02,2.843932947091294636e+02,2.347743840531927049e+02,2.972203473629912764e+02,3.056335023423185362e+02,2.435896456810436632e+02,2.542373778564043789e+02,2.625879811973809410e+02,2.572627111536184543e+02,2.715505494555268342e+02,2.910172727972065445e+02,2.700824123310413256e+02,2.676448110582998083e+02,2.751290359334051345e+02,2.453174609545714588e+02,2.571333123461824925e+02,3.312798873255425747e+02,2.496758960341026352e+02,3.277769102644394934e+02,2.995231952607461494e+02,3.040640280237743696e+02,2.984176682418116684e+02,2.505867377901674615e+02,2.945686810361394237e+02,2.873350344020416287e+02,1.964960433107190738e+02,2.066477131588243026e+02,2.149294340273735884e+02,2.534297207237985958e+02,2.722802516140239959e+02,3.043570895275000225e+02,3.373118686259315382e+02,3.553679109895454644e+02,-2.912175199691661120e+01,-7.437738256626856836e-01,-7.960802882211995168e+00,-1.020507931700795190e+01,1.423269655446018689e+00,2.868585636588882792e+01,4.012850011273972086e+02,-2.294773470864861810e-03,-4.947727723268722545e-03,-5.839533078375840590e-03,1.473948934462897785e-03,1.449901321766184411e-03,9.396731513793640410e-04,-4.869008191899795398e-04,-5.675208036728252065e-06,-1.147183678012450353e-04,-1.149384902074970072e-04,5.203104418235299754e-04,-2.034334280167769682e-03,5.103751824371517351e-03,-2.762924016096422394e-02,-2.550366558166879821e-02,1.188195773884583029e-01,-3.990594139324892820e-01,1.489503375863010515e+00,-3.760593541237463366e+00,1.601939797581636427e+01,2.813573315681717872e+02,3.694231948274157844e+02,5.288692961624481086e+02,5.497307752346609959e+02,2.430447982329262402e+01,-7.727532552964994750e+00,-8.315789317094106181e+00,2.999313271099632305e-01,-1.278620339041552700e+00,-1.763925015541540464e+00,-1.189743010931380685e+00,-5.551848585930141411e+00,-5.774521473760741763e+00,1.952497210990083332e+01,2.751293069567909697e+02,3.350872887197659225e+02,3.293603278663034644e+02,3.073677815061622596e+02,3.510958217106937127e+02,4.232626400012592853e+02,3.562273346397057594e+02,3.325419476958933842e+02,2.607492630087252792e+02,3.190394725016701045e+02,2.808482826311150689e+02,2.290828880307361999e+02,2.122179496440018909e+02,1.940957908403397028e+02,1.747354641073145274e+02,1.878354513897086235e+02,1.634063274867107793e+02,1.746024471059528480e+02,1.705201510654485446e+02,1.937468283882172386e+02,1.662401807450851834e+02,1.734927319715917804e+02,2.114828126016293481e+02,2.318049855900896148e+02,1.988909579501748226e+02,1.974109581375021492e+02,2.424361941944445391e+02,2.209799018070992531e+02,1.834791622658378287e+02,2.027005327658365559e+02,2.240444195458622687e+02,1.998994571269663822e+02,2.358414484119637677e+02,2.135736842510476663e+02,1.771058141241778685e+02,2.876090651434511187e+02,2.536464511695048429e+02,3.157938268533035284e+02,2.560015155557167645e+02,2.437092450253313132e+02,3.702358338911708415e+02,3.364601396262983144e+02,3.301016133050732151e+02,3.626824360383452586e+02,2.856851170996986298e+02,3.135947151450524757e+02,2.951796859542992024e+02,3.210879377978768048e+02,2.542021300077868773e+02,3.484614685942141818e+02,3.231663118417424130e+02,3.118397533997988376e+02,3.404022008289265955e+02,3.715537460314923237e+02,4.163544323938253910e+02,4.460988927128659611e+02,5.080809765147482153e+02,5.886627336147305414e+02,7.249089383419977821e+02,6.950684901426424176e+02,4.434777301215517582e+02,4.354468670457757185e+01,-9.190385854321069914e+00,-8.550360232851110354e+00,2.740277224779066767e+00,-7.351982249266333369e-01,1.728097193804480070e-01,1.635767598361253239e-01,-6.852874865158863349e-01,2.702186434409366456e+00,-8.621185214827750798e+00,-7.412852563318435450e+00,-7.900884710418071499e+00,-7.490240989097610047e+00,2.460661523207906320e+00,-8.910736948664546020e-01,1.524233963965047900e-01,-4.226867985764938551e-02,1.410973701118846055e-02,1.584452258172177122e-02,1.093548782855064587e-03,-1.270471882175137421e-06,-1.498275406130722652e-06,4.291190731058956813e-07,3.650918957917954810e-07,-9.709442616033374748e-08,2.235875587254629751e-08,2.753998713979403267e-08,-5.123870448748298869e-09,-5.342951544494899320e-09,2.100980216340691590e-09,-6.311207830796740176e-09,1.473262779032982142e-09,-5.775214223828230066e-10,-2.941800145862313800e-25
-1.797301929989139505e-30,6.365783241479977408e-30,-2.682127465681482295e-29,9.993323925425304125e-29,-4.076215621899218727e-28,1.331760061389739273e-27,-4.831066261984282075e-27,2.054210343222169972e-26,-6.431167619989316916e-26,2.888072864353883446e-25,-8.146520696460201297e-25,3.338154858676211989e-24,-1.116794947551787703e-23,5.074282251118598665e-23,-1.872538472001844071e-22,9.365005827048235827e-22,-2.533044524053355607e-21,9.288321742114536816e-21,-4.049653351598150477e-20,1.243222085887924059e-19,-4.813562563095628526e-19,2.021331382935577165e-18,-7.373576313779575441e-18,3.103607368751228097e-17,-2.401582481387703550e-05,-1.488204807847997302e-05,5.745648641253840781e-06,-1.868859974566959581e-04,1.316240718976663740e-02,-8.363745818909271712e-01,-9.671354324080564169e+00,6.427431142602503087e+02,6.929103316566319108e+02,5.558201095964981278e+02,5.433433953888199994e+02,4.193435307864297101e+02,3.704376589650075289e+02,3.233647537021580547e+02,3.244392867655678288e+02,3.305514512309414954e+02,2.687860431890446762e+02,3.083630993764311370e+02,3.019252837201317448e+02,3.159287311978999355e+02,2.859552676353972060e+02,2.984560021214390986e+02,3.047936764855113552e+02,2.549328136926274624e+02,2.916541919388469637e+02,3.189765069524598857e+02,3.645456834917518449e+02,3.243322783408656278e+02,4.242613213964018541e+02,3.189342459867374941e+02,2.734995060759133025e+02,3.039876398776989390e+02,3.176804664508713358e+02,2.861715958063764447e+02,3.153892044401782755e+02,2.876414777854297427e+02,2.814112501398444692e+02,2.970018748383151888e+02,2.839931086313029027e+02,2.956106202625058472e+02,2.436482656069333075e+02,2.462499598932687377e+02,2.698186905935160667e+02,2.586480618866152099e+02,2.813359508199154675e+02,2.927305173732889898e+02,2.820816638651785411e+02,2.559556751897893321e+02,3.074325950252392659e+02,2.850671580461026338e+02,2.419054009869414870e+02,3.095326291480990903e+02,2.772203284742111009e+02,2.834207793893710345e+02,3.116939342705864533e+02,2.350489772469277625e+02,3.055139593940693885e+02,3.200914066124133797e+02,2.649806371602631430e+02,2.735328652984680389e+02,2.770128334904397320e+02,2.753888705096788385e+02,2.623706752846623544e+02,2.366460204057079011e+02,2.612680803677374684e+02,2.068589038449400732e+02,2.901456613454432159e+02,3.220903115210967940e+02,3.910715820001981342e+02,1.045121275419880291e+01,1.410070389958220183e+01,-1.419044051641161275e+01,-8.703964351145344835e+00,-1.071160237588624753e+01,-1.394229969207401609e+01,3.507936552153858134e+00,4.591548115859197878e+02,3.300415577401068390e+02,3.993880062516411318e-03,-7.827491316048827089e-04,-9.910809224798857505e-04,2.916016551184578563e-04,2.842028675144397335e-04,2.286886021709505712e-05,-2.065878820501601445e-04,-1.393729345938053612e-04,-1.862506578349753768e-04,-1.766722249607914825e-04,7.960996667315089603e-04,-3.110773435040046792e-03,7.805280400963650680e-03,-4.225444958056209788e-02,-3.900352598843397078e-02,1.817141942354588979e-01,-6.102943941906733283e-01,2.277944865343614289e+00,-5.751358683304630404e+00,2.388332407965103528e+02,2.625475424274413285e+02,3.512443952215601257e+02,3.601299547706112207e+02,3.726672961705819489e+02,3.681088109723176558e+02,-1.180471244538054165e+01,-1.318822931482903371e+01,6.223248530977089354e-03,-2.531323453903764897e-01,-3.364792186447762012e-01,-2.442609445643861496e-02,-7.608147549584019842e+00,-8.226846210947449833e+00,3.051703103922982336e+02,2.479118331744328145e+02,3.186480770757398773e+02,2.829074979431348993e+02,2.780828170920456159e+02,3.213759941064897703e+02,4.081652371093021543e+02,3.730297010690181878e+02,3.698667319457591134e+02,2.612533575689753320e+02,2.582603179332457444e+02,2.303375458254456873e+02,1.962021013635455233e+02,1.851809819880123769e+02,1.706901052500762432e+02,1.744182292421027398e+02,1.686370543843967766e+02,2.069794696786255486e+02,1.865113125382456474e+02,1.919210346850368012e+02,1.776680154316184144e+02,1.768330690508382474e+02,2.071483514350581174e+02,2.107720340685109761e+02,2.228125722758211111e+02,2.219140818893703226e+02,1.935649863272990672e+02,2.225050168008860396e+02,2.283761002620599072e+02,1.701519555262293295e+02,2.241464387428873977e+02,1.849245338782445458e+02,1.774509439788414795e+02,2.342126911919296788e+02,2.131801078611510150e+02,1.929166798795387763e+02,2.445405967920511046e+02,2.297765511763413997e+02,2.297743447419936729e+02,2.898295254869454993e+02,2.525348521765478722e+02,3.201509858730243536e+02,3.061151828177581251e+02,2.922790702424159690e+02,3.103493022388765894e+02,3.533679048835099934e+02,3.212649202034152722e+02,2.776801665800362571e+02,3.491743796314755741e+02,3.372358377284658673e+02,3.169847215823712077e+02,3.281543868903813745e+02,3.557155622331077893e+02,3.137879717521556131e+02,3.561067027584228981e+02,3.904560691439559150e+02,3.890229711118673208e+02,4.354598119302839905e+02,4.997343998383458370e+02,6.462354942841135426e+02,5.968474632647393037e+02,6.129309255819257487e+02,6.567298756748785991e+02,-1.405521275580169238e+01,-1.307639680383649505e+01,4.190812008838421754e+00,-1.124367097620061928e+00,2.642845916007527385e-01,2.501642692532246581e-01,-1.048036673818294018e+00,4.132558289008914976e+00,-1.318471218970676873e+01,-1.133676230316742028e+01,-1.208312875261644237e+01,-1.145511541765077368e+01,3.763184895271954655e+00,-1.362753486194241859e+00,2.331069989088114802e-01,-6.464312790814984166e-02,2.157856685934695165e-02,2.423164156872664732e-02,1.672406474059981137e-03,-1.942981816790560806e-06,-2.291370561993241879e-06,6.562684054489629554e-07,5.583491653247447644e-07,-1.484902634903320763e-07,3.419411064181842740e-08,4.211796813295310058e-08,-7.836133371534590257e-09,-8.171182569718315199e-09,3.213110352979890022e-09,-9.651974379968221154e-09,2.253117783381897129e-09,-8.832258613828853280e-10,-4.160038513826953710e-24
2.304852916324149368e-30,-9.265222354579886564e-30,3.268527662579024440e-29,-1.325199368216752563e-28,4.121974928970415508e-28,-1.888612382030808339e-27,6.713111702785961923e-27,-2.516578282084961945e-26,9.092079370456383772e-26,-3.255926949262646740e-25,1.463481578887745386e-24,-4.649454219787124599e-24,1.878869652536680873e-23,-6.947135611598883747e-23,2.557880054883764011e-22,-8.312579351796688590e-22,3.625109106865933350e-21,-1.192217303857207216e-20,4.427534128423592662e-20,-2.045662241456965790e-19,6.858981287841032625e-19,-2.437382337320200382e-18,9.415996926554487208e-18,-3.490964879611234495e-17,2.790885344960930374e-04,1.729446738061080123e-04,-6.677033463534716873e-05,2.171807112760164044e-03,-1.529606816138465719e-01,9.719531107489402189e+00,3.298573516558366805e+02,5.196643292218992656e+02,5.103877824046482488e+02,5.471770710703650593e+02,4.364154593973083252e+02,3.581729783671441396e+02,2.745566560727136221e+02,3.042123365536926372e+02,2.830694575915988480e+02,2.940538134267870305e+02,2.745120246209842207e+02,2.988056385494871279e+02,2.957551323705353639e+02,3.572782698304881706e+02,2.986138645990003511e+02,2.807764074443862228e+02,3.029179609180870330e+02,2.872437762410345954e+02,2.958280003648197862e+02,3.353334881338919899e+02,3.589663413554071667e+02,3.032384976746272969e+02,3.809697027123408475e+02,3.546800604930051009e+02,2.892968025203037428e+02,2.983509592228910492e+02,3.328351597539000863e+02,2.944938693972532633e+02,3.186364829637726643e+02,2.625141499568252357e+02,3.305471745011683424e+02,3.271322900675434084e+02,3.147493137441231852e+02,3.042780377295276253e+02,3.210857310448617454e+02,2.987251231457205449e+02,2.695628197281783969e+02,3.034519264486990551e+02,3.723370876337651794e+02,3.383253941707423564e+02,3.287327636748107693e+02,3.181046712796423321e+02,2.857743240059634786e+02,2.765643400080120387e+02,2.740271042194571578e+02,2.955290857888469986e+02,3.508027829923385070e+02,2.978710988764804029e+02,2.690905348494487157e+02,2.662596638628832579e+02,2.958651239249593914e+02,3.351756837826365540e+02,3.020383580479347643e+02,2.848816079091163829e+02,3.217889825272018243e+02,2.869712418064505641e+02,3.025870174031700230e+02,2.696513726998019251e+02,2.554639313931855611e+02,2.247749955526381029e+02,4.049777983951979650e+02,4.566486982956712950e+02,2.650496106179767963e+01,-5.812493809588757721e+00,-4.366155594145050856e+01,3.470879153929830068e+02,3.252527536064204696e+02,3.550831580821751459e+02,4.551810498455376433e+02,-4.247112010851719788e+01,5.674929043461974061e+02,4.588566881405181448e+02,-5.602442133259281920e-02,4.063813916523744698e-04,1.347220987015357568e-03,-8.747625213086892074e-04,-8.264129617432783336e-04,1.545772047855045826e-03,1.711550225872106442e-03,1.787068529048706483e-03,2.178267575316261001e-03,2.054255640368980989e-03,-9.251967633062373186e-03,3.614985159514068347e-02,-9.070526110350951576e-02,4.910400533211203289e-01,4.532607280356363844e-01,-2.111703934484643330e+00,7.092243929940005742e+00,-2.647204426536717037e+01,2.055685421915505913e+02,2.325859398017545345e+02,2.338870032322967063e+02,3.023054154751748683e+02,2.943483300688237136e+02,2.678218394332773187e+02,3.613703558422714650e+02,3.829585343891472462e+02,4.261175802039853693e+02,5.072751277762179711e-01,7.610823311644282496e-01,8.857068377088684885e-01,-2.015569056720909025e+00,2.651053576061857484e+02,2.698139611826059081e+02,2.833968612856201617e+02,2.032088706740236148e+02,2.136891881076504660e+02,2.706722869760598087e+02,2.589853715521185791e+02,2.503750390654682292e+02,3.541809655973771669e+02,3.565474101981450872e+02,3.831794984916789986e+02,3.096229145670356502e+02,2.407013698494264986e+02,2.343810823640592105e+02,1.539569199817436811e+02,1.685282170244710755e+02,1.648524656818028973e+02,1.548234723858247435e+02,1.707194411529947047e+02,2.162335654112070245e+02,1.650685799318948455e+02,2.111920285684571184e+02,2.070433934128976716e+02,1.585245437992464304e+02,1.872295740395281598e+02,1.756040675191123910e+02,2.272686717198815245e+02,2.028165464734657064e+02,1.737451838590741602e+02,1.838193912436316282e+02,2.080248538751015701e+02,1.660078560796506508e+02,1.864165315948366128e+02,1.863687882776864058e+02,1.640983498839659660e+02,1.952715591774837662e+02,2.424319568079093017e+02,1.861950785751735680e+02,2.579222540580219061e+02,1.865000835714635059e+02,2.045525667337103357e+02,2.328996536145094467e+02,2.088167391668483788e+02,2.674572722042946111e+02,2.753131742278011416e+02,2.541572714485320432e+02,2.737680184879353646e+02,3.197423839380379604e+02,3.270945753938408984e+02,2.960118085989451515e+02,3.427843176198293804e+02,3.741246359821442411e+02,3.135687164127809865e+02,3.227489423091733443e+02,3.369290222931218750e+02,3.171498706475674680e+02,2.841714272824887075e+02,3.445723083353298648e+02,3.505803115299593173e+02,3.902888272850977387e+02,4.538854096215711706e+02,5.271122513777654603e+02,5.556739834121764261e+02,4.815565118077796569e+02,6.265368306075245073e+02,4.796354969452821138e+02,4.496371525289913507e+02,-4.870153704749268542e+01,1.306629973958274249e+01,-3.071258219595735639e+00,-2.907165580632152579e+00,1.217926186845111758e+01,-4.802456903068622296e+01,4.311727995200326973e+02,3.663858088433278226e+02,3.964990228004051005e+02,3.920978858989219589e+02,-4.373207106573361358e+01,1.583659425775208263e+01,-2.708942591422485169e+00,7.512194968528711492e-01,-2.507650954316048564e-01,-2.815965467055151494e-01,-1.943507980866805013e-02,2.257944301331493811e-05,2.662807782336972033e-05,-7.626512473875165017e-06,-6.488590398030503473e-06,1.725609274125115890e-06,-3.973706629446733302e-07,-4.894540201436357209e-07,9.106391288800493587e-08,9.495752846982698501e-08,-3.733964028052459992e-08,1.121658492091999672e-07,-2.618354127274534422e-08,1.026399106395718201e-08,-1.420940642415226148e-23
6.909577459714772142e-30,-2.690378341571645313e-29,1.028749236925088285e-28,-3.605356537450780231e-28,1.287202871543216507e-27,-5.230037939351554257e-27,1.960770533689592850e-26,-7.471539634625649955e-26,2.513850019884821589e-25,-9.437493086788132279e-25,4.040600115572413141e-24,-1.534789812432224973e-23,4.980296929217020310e-23,-2.188123599247239790e-22,6.881344887229232011e-22,-2.689235550126937652e-21,9.645291238157677990e-21,-3.493901733684268567e-20,1.487455029488076692e-19,-5.490315661440821166e-19,1.874586040387643336e-18,-8.047067295048064080e-18,2.611239972142328677e-17,-1.020807100816493663e-16,-1.367002873439842128e-03,-8.470998870207407418e-04,3.270476140330579756e-04,-1.063772314788012305e-02,7.492163433628465929e-01,-4.760721172736451479e+01,4.333099449776573238e+02,4.248069235757528190e+02,4.321909111270576886e+02,4.444530158333991494e+02,3.551384516038356196e+02,3.549421310550501971e+02,2.300720898084231862e+02,3.263056612378030081e+02,3.257959059339741543e+02,3.053728170240968325e+02,3.345886275455422947e+02,3.181565265891337049e+02,2.849561759214493009e+02,3.242324550332445483e+02,3.061901318806291101e+02,3.114537665816777690e+02,3.480877956352034062e+02,3.427037130654101134e+02,3.625560059873265573e+02,3.392868330629069078e+02,3.170952462356652859e+02,2.785641844042074808e+02,3.194289554906733883e+02,3.125769571470701180e+02,3.073587903124510490e+02,2.755837893711330935e+02,2.933112265511923624e+02,2.638772701672249923e+02,2.859126109233845909e+02,2.681645701783815525e+02,2.885351069344156372e+02,3.232394626217590599e+02,3.381976771687761811e+02,3.032328983413282799e+02,2.950998582647956709e+02,3.183084119815598569e+02,3.437315381868423856e+02,3.110236463648130893e+02,3.298187018255739531e+02,3.266698850583109675e+02,2.782171281121260336e+02,2.838012093781722456e+02,2.672866969133901307e+02,2.744092937628720961e+02,2.789458664775167449e+02,2.707571788654414036e+02,3.383208852897067231e+02,2.914740702947165119e+02,2.785416485583295412e+02,2.995109034645336692e+02,3.528591424901317168e+02,3.232294439419415539e+02,2.799639409291968946e+02,3.004032851001115318e+02,3.575136280717470072e+02,3.047189588454642148e+02,3.439263473314869657e+02,3.096167339654473381e+02,4.591180930809302936e+02,5.415623787078285432e+02,5.743044016580161326e+01,4.630071673869995834e+02,2.436375474355951098e+02,-3.116877359657221547e+01,2.746361005470367900e+02,3.662154650551113946e+02,4.046430000079732281e+02,4.368098349030952363e+02,5.148746069462407604e+02,3.801740762954808588e+02,5.368929741238484894e+02,5.841444713958360353e+02,2.793845782041727843e-01,2.504372486276110459e-03,-1.338326487079396056e-03,2.984337549388139249e-03,2.766981738900638980e-03,-8.508353488675672593e-03,-8.026845943464967076e-03,-8.839829537261003484e-03,-1.067652778183181099e-02,-1.006253580533497498e-02,4.531728454490305258e-02,-1.770652269112212296e-01,4.442831630883854466e-01,-2.405162082338198282e+00,-2.220115128252778458e+00,1.034333113184779762e+01,-3.473850104960491336e+01,2.390190588256241426e+02,3.152209747649072256e+02,2.637959309810469790e+02,2.619306790495297150e+02,2.758521038918023578e+02,2.932032223542592533e+02,3.015669536109984961e+02,3.012944768588520219e+02,3.897170922502337476e+02,4.122658620037242372e+02,-2.784477781410104491e+00,-2.599957241657929519e+00,-2.773847884235634886e+00,1.106182711186503909e+01,3.923714568347805312e+02,3.025076071826731550e+02,2.394058025756743575e+02,2.012059123985218889e+02,1.882899324699761223e+02,2.581628679248906906e+02,2.917652630362665604e+02,2.679128311745825499e+02,3.395439545371688723e+02,4.131046362265621497e+02,3.935599947462256409e+02,2.848455286242133866e+02,2.267358420845930880e+02,2.151695107644735003e+02,1.926955673555159763e+02,1.720826733222412486e+02,1.688986546952974379e+02,1.608304306186635984e+02,1.989514773162903225e+02,1.607227504667130518e+02,1.421403204412959838e+02,1.876031035631172870e+02,2.155666859916948681e+02,1.806120126996007969e+02,1.783271497659378610e+02,2.271907637042685337e+02,2.173313472564887547e+02,1.561613678599512411e+02,2.061546335791930460e+02,1.887827894529997366e+02,2.098565959869418975e+02,1.799102424006689489e+02,1.904082266461115580e+02,1.910078085111381938e+02,1.940631600801998502e+02,1.786991906485463346e+02,2.287413335436287412e+02,2.043165570854067425e+02,2.134125735613078234e+02,2.360302917588167020e+02,1.501196287533691702e+02,2.036105009749903161e+02,2.162122400703281357e+02,2.146636800141943695e+02,2.506328828691530930e+02,2.863465297859757470e+02,2.763490436804843284e+02,2.907787037918015471e+02,2.893628274284319559e+02,2.693004610111646571e+02,3.190361932509184726e+02,3.354015483170052221e+02,3.354127305023856138e+02,3.020525763224168259e+02,3.335317359801982207e+02,3.368438297933469130e+02,2.959191768270237617e+02,3.253500124185877667e+02,2.750843886681095114e+02,3.970228674645074989e+02,4.160905723996815482e+02,4.057925310273482182e+02,5.010198141941623931e+02,4.861102617047514514e+02,4.705081395698164783e+02,6.224134141470747181e+02,6.005291689115313147e+02,4.524982501226144223e+02,-6.400001104129447072e+01,1.504332243116526335e+01,1.423958067452615417e+01,-5.965521299762995255e+01,4.213674954407134692e+02,4.582520924219860490e+02,3.652036358420660349e+02,4.281234675866022030e+02,5.155839098536398524e+02,4.047399698674053639e+02,-7.756918389697075611e+01,1.326866513218443089e+01,-3.679546394253689456e+00,1.228271905302738221e+00,1.379287361956607283e+00,9.519491724004477962e-02,-1.105963150210075805e-04,-1.304269233577650051e-04,3.735540223801538773e-05,3.178174888016669990e-05,-8.452202597373708546e-06,1.946360279712836802e-06,2.397393548113943727e-06,-4.460399306959405336e-07,-4.651112397270810200e-07,1.828932014311695320e-07,-5.493992737743682069e-07,1.282495399580822445e-07,-5.027402971868330542e-08,5.583015011323974202e-23
-8.516263776486330753e-30,3.037811151686583635e-29,-1.202438418576950522e-28,4.728825764864080289e-28,-1.872260659956226417e-27,5.949620119479689949e-27,-2.410978680361429334e-26,9.811307888303334508e-26,-3.039209917645503818e-25,1.475827335115859241e-24,-3.662299375161621336e-24,1.923505309189578093e-23,-6.304155291207778051e-23,2.206268469446890662e-22,-8.790228389704965709e-22,3.119275038463501899e-21,-1.269326444590371967e-20,5.165071946500761026e-20,-1.593400812543105798e-19,6.619425708051217754e-19,-2.800985359503013154e-18,8.404087708337076305e-18,-3.261785158560244396e-17,1.194365714022383221e-16,5.194127248761191105e-03,3.218679851432370252e-03,-1.242665217958471586e-03,4.041958414327335991e-02,-2.846757018501955727e+00,2.588567093685475129e+02,4.108602212378605714e+02,3.523248549985084992e+02,3.317872853176661465e+02,3.273974384060688294e+02,3.595974259918382927e+02,3.491060239529732598e+02,2.694449108459074864e+02,3.659117868782079768e+02,3.326355763101797720e+02,3.323846600093492611e+02,3.102872812506570881e+02,3.381611955786619319e+02,2.898533467474481427e+02,2.934007351409758257e+02,2.899450818061911832e+02,3.794843918167296124e+02,3.889031935973148393e+02,3.194949115589072903e+02,3.866553926949558218e+02,3.667412306085359432e+02,2.876136713238263951e+02,3.118909508641548882e+02,2.601947806498308182e+02,2.750697427945411846e+02,2.958527819105776189e+02,2.822913172207929051e+02,2.757190920743690299e+02,2.312956342893800468e+02,2.306445047614103316e+02,2.521841447982585578e+02,2.581663159089548003e+02,3.173749517144598258e+02,2.677146755323836942e+02,2.671962949480775364e+02,2.641751637612702552e+02,3.267720603194414934e+02,4.621850856852844913e+02,2.814294129524002415e+02,4.339680503901470843e+02,3.295355283547046952e+02,2.678913632516603798e+02,2.541736670223097576e+02,3.098109547920554405e+02,2.717164375168911192e+02,3.042010765305154223e+02,3.106339018971013957e+02,3.097092836451639641e+02,2.893248822684184347e+02,3.027223542425608684e+02,3.092132325519527853e+02,3.414976697733147262e+02,3.072959013654901810e+02,2.680997514368933707e+02,3.736634024842887243e+02,1.309882872136782908e+02,3.112540747451002972e+02,3.207979552517588786e+02,3.491099424250299990e+02,4.502103415064007095e+02,5.974455071097097516e+02,2.341170539661526391e+02,3.327230924106834777e+02,3.882402900444175771e+02,2.055745127470404157e+02,3.784462407878004342e+02,2.868887169439252602e+02,2.967113203338594758e+02,3.766616148374075124e+02,4.044889303404544876e+02,4.934436715060282950e+02,4.405224078504301133e+02,2.154649824802721696e+02,-1.063458147735624859e+00,-1.122959585951760139e-02,3.079372301896414910e-03,-1.084361691483690104e-02,-1.002516364712010936e-02,3.268600963399896642e-02,3.036324547622517092e-02,3.362124214141564565e-02,4.056975833887733335e-02,3.823430118928746596e-02,-1.721897403608900201e-01,6.727851091227177172e-01,-1.688118802908744609e+00,9.138764918885213362e+00,8.435651915756681163e+00,-3.930099834455246111e+01,1.891430762768981708e+02,3.344657775458404672e+02,2.930488299963993768e+02,3.100041311476125543e+02,2.860917842601753023e+02,2.662913055015397958e+02,2.767419445192721810e+02,3.001153557164658423e+02,3.005977867363276914e+02,2.825596054767870555e+02,2.749777651176027575e+02,1.069434031006890429e+01,9.448856702815872310e+00,9.943132430533196953e+00,-4.248453007947762927e+01,3.684079952438779060e+02,2.293842841259311456e+02,2.195980891054446431e+02,1.937523593332499559e+02,1.904226290741488015e+02,2.221918346412766709e+02,2.667678112818612703e+02,2.931227631637664786e+02,3.144039369002002218e+02,1.744671930103338013e+02,9.564522321067778421e+01,3.060073048784638559e+02,2.130505333842160098e+02,1.721818488025144802e+02,1.963153899720378206e+02,1.892028641787121330e+02,1.812017132060400684e+02,1.727954350348323658e+02,2.094415688833041145e+02,1.551998996293602886e+02,1.699595050575466075e+02,1.906546126272101560e+02,1.929419518591728604e+02,1.854936204979064200e+02,1.759660440187385291e+02,2.239115061287076003e+02,2.289120417686015401e+02,1.830987173112797564e+02,2.192674540772235332e+02,2.309895173013766225e+02,2.031404020211394652e+02,1.904072932160410403e+02,1.949653728274576565e+02,1.575076656462625238e+02,1.792569723935435206e+02,1.976619066989867122e+02,2.310403200407448026e+02,2.086214737237757788e+02,1.616257707384039293e+02,2.121385483569310111e+02,1.382248257181660165e+02,2.091602181376646570e+02,1.965987072399911710e+02,1.796259641492332264e+02,2.203658066534734985e+02,2.612370834420474353e+02,2.418607553126806806e+02,2.687719648155880918e+02,2.583608350382856429e+02,2.891377420138186380e+02,3.018488147321810402e+02,3.097293809125666826e+02,3.579856242313555867e+02,2.799827444366996474e+02,3.254573705993516342e+02,3.233242519009136231e+02,3.173265691404668587e+02,2.819374523455549593e+02,2.750294689124631873e+02,3.586565304114137120e+02,3.724176728560027527e+02,3.484291945953450522e+02,4.593665376024625289e+02,4.420008579749207911e+02,4.525268052322968515e+02,5.497302481658874740e+02,5.322356269252863967e+02,7.371533766503300740e+02,3.547865488855852050e+02,-5.715930263919953092e+01,-5.410536834232338066e+01,3.271380075489658452e+02,4.938871395731608231e+02,3.468370772901943155e+02,2.638776778086760828e+02,3.222713809678285770e+02,4.584559025728709116e+02,6.467071822770867584e+02,4.200631252918873315e+02,-5.041623280888333625e+01,1.398097440817999271e+01,-4.666998655362005977e+00,-5.240803958650099403e+00,-3.617070038307871882e-01,4.202268661057384502e-04,4.955761613578826353e-04,-1.419373114883397803e-04,-1.207594007877523651e-04,3.211537932805510500e-05,-7.395480405481554886e-06,-9.109247241687599869e-06,1.694793919659526031e-06,1.767258146204218170e-06,-6.949294545198762331e-07,2.087522852954829130e-06,-4.873028748366916533e-07,1.910235250710995762e-07,-8.807455734760063496e-23
-1.949706737705849913e-29,7.762275212334521340e-29,-2.782489071163453545e-28,1.087339088473470335e-27,-3.749646627899973674e-27,1.424651330784535438e-26,-5.238601454765319454e-26,2.110305867764952832e-25,-6.969720497359382897e-25,3.234805472445032146e-24,-9.375794367735188021e-24,4.149812442266524930e-23,-1.491397660672707001e-22,5.700794378430834775e-22,-2.017182157137599036e-21,7.257526042148104631e-21,-2.999325375848337820e-20,1.107467991339092128e-19,-4.058603371744961444e-19,1.533340977653399008e-18,-5.786372363273273423e-18,2.175699110942018024e-17,-7.648465504262729451e-17,2.859556438320484975e-16,-1.666961681087556282e-02,-1.032977383698043157e-02,3.988110420730138668e-03,-1.297193824974715304e-01,9.136154425829529302e+00,4.382280348151950307e+02,1.079347199607907015e+02,3.155129220760804856e+02,2.975839018010423160e+02,3.077673489998161926e+02,3.263205436941402127e+02,3.125862506991484224e+02,2.871659459014896356e+02,3.476647828298660556e+02,3.331596589516772724e+02,3.540429864666722892e+02,2.974907304163338608e+02,3.327559037945404157e+02,2.783732525620348497e+02,2.998092883033472162e+02,3.407534534919410589e+02,4.299084765558719141e+02,3.639724238873700415e+02,2.757454193215542659e+02,3.160348373509635849e+02,3.488959335387568217e+02,2.689428509511778316e+02,3.003900629000457911e+02,2.301694672468102567e+02,2.842446816336088773e+02,2.977702894370611375e+02,2.785049472457358206e+02,2.921270456527156512e+02,2.240019377714325515e+02,2.438628991254327900e+02,2.441544492210785506e+02,2.465707844599709233e+02,3.262323866442648068e+02,2.102580657208789034e+02,2.377748716696116844e+02,2.633288232914082414e+02,3.141180787065418372e+02,2.450007432364196518e+02,3.444730670812165272e+02,2.258916419847081443e+02,3.022408358626103677e+02,2.863837613912702977e+02,2.585888938617184181e+02,2.986967166592199305e+02,2.800054136723101692e+02,3.032295991256801244e+02,3.338510684298649380e+02,2.647385183018890302e+02,2.974958932284542357e+02,3.152267418842258166e+02,3.069026157197561702e+02,2.978921839266980669e+02,3.241048722838286267e+02,3.125490617860410225e+02,4.104782061394486163e+02,-3.225449829738654728e+01,2.823240205637640656e+02,1.465049135069672843e+02,1.808399650005722776e+02,2.969895654931004287e+02,3.918602433340328730e+02,4.760330137058911646e+02,2.718406163012924139e+02,2.799449780814487667e+02,3.857276744838754894e+02,3.161488191184013772e+02,2.613119034781978485e+02,2.766533584920146609e+02,3.184938847932157273e+02,3.291019810691226439e+02,3.587700470773642678e+02,3.560081469075134351e+02,-5.062311582293835954e+01,3.413572877308893805e+00,3.657759754827285409e-02,-9.252782652707325015e-03,3.464493104604614293e-02,3.202058335862201927e-02,-1.050120674147127370e-01,-9.740268524671158445e-02,-1.079116960777964374e-01,-1.302021969977114613e-01,-1.227061808578267660e-01,5.526120183583254075e-01,-2.159182718855759298e+00,5.417713543212241412e+00,-2.932922164198732062e+01,-2.707270695568230323e+01,1.557397731195718791e+02,3.243124601751723048e+02,2.470434851622516419e+02,2.864860784842092585e+02,3.283706118836349219e+02,2.832188086518959835e+02,2.778646520085163729e+02,2.694417403278373513e+02,2.750550826139733545e+02,2.724944206140550591e+02,2.711987369418323510e+02,2.671293637510523240e+02,-3.435745936066322059e+01,-3.018934720160154939e+01,-3.172336440272570002e+01,1.682300408848289806e+02,2.965051091725556489e+02,2.415850505682242328e+02,2.133215164012129890e+02,2.053051488162271312e+02,1.704278643970630185e+02,1.685267172126971502e+02,1.944740120468931082e+02,2.734955536679433976e+02,3.739665444717605851e+02,-7.761272206597297441e+01,1.202273972291608857e+02,2.543993149914503533e+02,1.964617262375786595e+02,1.791592418847746444e+02,1.747914304321978420e+02,2.174920043244705710e+02,1.822356244944236039e+02,1.665453154673905942e+02,1.874850781061766440e+02,1.652662884362572413e+02,1.911307336459320538e+02,1.866607692652615640e+02,1.873834512571420419e+02,1.724891184862539149e+02,1.905206477131094118e+02,1.777315002695971486e+02,2.023960952219420903e+02,2.339705606240872555e+02,1.922110467722800990e+02,2.411231655217987395e+02,2.729016101351137991e+02,1.675049615677038446e+02,2.143198476416542348e+02,1.727405635129073573e+02,1.713859915233342690e+02,1.866138693737756569e+02,2.273993915521586757e+02,2.018340919735274781e+02,1.589183630812572972e+02,1.764358386719516147e+02,1.644013392853574942e+02,1.895354813334301411e+02,1.814772533920748572e+02,1.862271121860804044e+02,1.985579603292327704e+02,2.115592975369717408e+02,2.095905170940975779e+02,2.422880014799304149e+02,2.470403126366294941e+02,3.091929831980590961e+02,2.800041402989676271e+02,3.065353467932723674e+02,3.532691558363861191e+02,3.284709318384730636e+02,3.322690929570259186e+02,3.216885600853090637e+02,3.214956668281942029e+02,2.874768252222464184e+02,3.160197812492205571e+02,3.127352708395392824e+02,3.435204031631026851e+02,3.249231929626391207e+02,3.828760673895553168e+02,3.675650352631437841e+02,4.230954499212273276e+02,5.112170587794144581e+02,5.313369832983294145e+02,6.281066410748300086e+02,6.874925992824589684e+02,2.277952803415772962e+02,2.152627500581367315e+02,5.917489105693146030e+02,3.379398721969849930e+02,3.137651073653882463e+02,2.606977347698950780e+02,2.984238563418585386e+02,3.819664486737004836e+02,5.387425100649303431e+02,6.867763946286264627e+02,1.993714700201654182e+02,-4.486942172673310836e+01,1.497789243809890358e+01,1.681941731258877937e+01,1.160833545829326630e+00,-1.348642514156284979e-03,-1.590462519455918987e-03,4.555222620393879437e-04,3.875555682473078630e-04,-1.030685313422366987e-04,2.373446367165890563e-05,2.923448996954194071e-05,-5.439136136077483131e-06,-5.671697032479156882e-06,2.230251043656688154e-06,-6.699528982659542493e-06,1.563910895002005983e-06,-6.130556323118319989e-07,6.091233122782583236e-22
-4.365802751814107967e-30,3.245087795793840531e-29,-1.041138127356840267e-28,4.413940038396263159e-28,-1.202345155784192456e-27,5.559166586180870706e-27,-1.957650623609086217e-26,7.047493895114605822e-26,-2.908989469992193339e-25,1.218732748705883418e-24,-3.737464389664575030e-24,1.629021483003834405e-23,-5.975610900831161138e-23,2.190119084467194916e-22,-8.653019760723332449e-22,2.914632473271614106e-21,-1.068734879860733620e-20,4.478461150667505131e-20,-1.559044216968885377e-19,4.780361545576173713e-19,-2.447419081493089904e-18,8.486630080789054099e-18,-2.786024770025864838e-17,1.425661923265208958e-16,4.486793561350949089e-02,2.780361616456706805e-02,-1.073439681354343075e-02,3.491526510631449698e-01,-2.459087051513917288e+01,3.030078242583044243e+02,8.625129991562849909e+02,2.183405646091048595e+02,3.098323276980290757e+02,3.212313497093927595e+02,2.646920346522019258e+02,2.726578548603413310e+02,2.643876346399648583e+02,3.283738942097249378e+02,3.607306417534065304e+02,3.343574862511693482e+02,3.355993937774330220e+02,3.352520904137305706e+02,2.882857569681769405e+02,3.526443311309558339e+02,4.044190291338969701e+02,3.948681505855553269e+02,2.994241529183649391e+02,2.805753446450292472e+02,2.790106356836676582e+02,2.917195390348084629e+02,2.723934388791761876e+02,2.876953405186113173e+02,2.438062121540147018e+02,2.678344289452728049e+02,2.947776826433588440e+02,2.523440459914429823e+02,2.956436184738216184e+02,2.453728286355304249e+02,2.651074135866679740e+02,2.620095273627722463e+02,2.271190988794628538e+02,3.147684688497946581e+02,2.364991114549262647e+02,2.598635163002600734e+02,2.638785615263818158e+02,3.081610020727182473e+02,-4.571742090098575062e+01,2.516398122088988600e+02,3.651468262613740023e+01,2.887505207912808487e+02,3.117027892770547055e+02,2.411539708197160223e+02,2.416182340555663473e+02,2.839872736676191494e+02,2.743499810449444567e+02,2.999104924490169424e+02,2.424237680286301497e+02,3.001970266340613875e+02,3.042656724109001516e+02,3.220342884844490641e+02,3.025730803438257226e+02,3.559067872216738238e+02,3.206238911288745044e+02,3.456082806817737492e+02,7.266953240717671569e+00,1.208239598067346918e+02,-4.675596594462891886e+01,-5.333847729545469463e+01,2.858481553924515879e+02,2.988102464778443732e+02,3.041736035919549863e+02,2.673019679415173755e+02,2.768150080994761311e+02,3.066402327579755820e+02,2.985044488410668464e+02,2.387323491789709635e+02,2.886552281499362493e+02,2.599866752686946825e+02,2.707722846091022575e+02,3.590261360926987777e+02,3.480188383657019813e+02,4.752826945073867826e+00,-9.188127183847866419e+00,-9.859279734949734364e-02,2.474030049384434715e-02,-9.320962680984815063e-02,-8.614654199911500609e-02,2.826797479066371355e-01,2.621578914734259413e-01,2.904577964591656403e-01,3.504524183285424033e-01,3.302759381180666587e-01,-1.487410350676686699e+00,5.811655550576035445e+00,-1.458231614786931729e+01,8.765220730489293999e+01,8.111656309439801760e+01,3.874293407226810473e+02,2.465639262702433996e+02,2.479192622911153308e+02,2.963626916118055874e+02,3.320644127351325210e+02,2.974031584916103270e+02,2.940998913126086336e+02,2.653827561071109926e+02,2.682466530684821464e+02,2.725221975257011877e+02,2.516816463549504590e+02,2.702562231989618340e+02,1.023306054614703129e+02,9.036610613855603447e+01,9.489042776106103361e+01,4.116951249601507925e+02,2.422967411743827029e+02,2.421430594038694153e+02,2.308724126048040830e+02,2.323999093010882291e+02,1.626779224528247596e+02,1.571895903523893878e+02,1.940881063115232905e+02,2.648875040387860622e+02,4.113486835563676323e+02,1.193147904417212146e+02,3.696368512300715565e+02,1.701600049768216252e+02,1.735733257281242459e+02,2.086066437818626866e+02,2.069482112854784930e+02,2.245695094544895198e+02,1.821654520566221436e+02,1.730292517392933291e+02,1.618800220863950869e+02,1.470769391821693262e+02,1.786397825290885919e+02,1.545748114222515142e+02,1.878817042217019093e+02,1.677134532654580426e+02,1.862625703520009210e+02,1.739013240129276880e+02,1.774640422680234053e+02,2.106480453474905232e+02,1.935672873536144891e+02,2.800362118497404254e+02,2.075510262295921962e+02,1.957447140501103604e+02,2.226348969688858688e+02,2.016952365671741916e+02,1.809009317680311142e+02,1.847247901393197367e+02,1.969208759566396054e+02,2.215827902206203248e+02,1.796783095944518607e+02,1.932885706183722903e+02,1.662153189927022936e+02,1.838218233883735877e+02,1.945114935801528588e+02,1.889230884309088196e+02,2.046575309894852523e+02,1.855773277798805339e+02,2.072936049092762119e+02,2.295081092330037222e+02,2.325336184300563787e+02,2.660123457475255009e+02,2.573386813492518286e+02,2.780686214421933187e+02,2.977218279714425648e+02,3.423962483327990753e+02,3.330879799221900726e+02,3.197194952136597976e+02,3.401072069664899118e+02,3.397095265503892847e+02,3.222019408183280120e+02,3.280678778667758024e+02,3.213656381584056021e+02,3.073084828666976023e+02,3.362251715690201763e+02,3.467140106880686972e+02,3.510005894660056924e+02,4.257283015105962818e+02,5.189778453139032308e+02,5.521718953042803832e+02,5.287366302286075097e+02,5.974319391549554439e+02,5.563178866132986968e+02,4.929577798827486390e+02,3.795607363936263141e+02,2.466407828232476049e+02,2.496125493560484472e+02,2.578595954247399504e+02,3.216965790908727740e+02,4.230727438669214848e+02,3.968995723743471444e+02,4.862842275792309010e+02,1.341600239965705725e+02,-4.031449079863074303e+01,-4.527113859904007143e+01,-3.124499224139049236e+00,3.630005787014842569e-03,4.280888440824625989e-03,-1.226083584019204082e-03,-1.043144451372973042e-03,2.774192280788186841e-04,-6.388367530719071276e-05,-7.868754444262473266e-05,1.463997719416300014e-05,1.526593803323663393e-05,-6.002943040866577393e-06,1.803245020237766248e-05,-4.209422096400042215e-06,1.650100356243514462e-06,-1.298799243526460905e-21
1.632905279525964708e-29,-7.884035045143996742e-29,3.465981964049984020e-28,-1.110238601250148130e-27,4.171072931628337426e-27,-1.729022002457151222e-26,5.898973112154669781e-26,-2.346604927322556332e-25,8.870233561058608775e-25,-3.348168055069879836e-24,1.101648142350812421e-23,-4.130906252996731963e-23,1.550404869603786291e-22,-5.824976498856089573e-22,2.611184488127210147e-21,-7.374287815216862358e-21,3.259516736058123705e-20,-1.095299550873941680e-19,4.644199126027709873e-19,-1.647829230633258489e-18,6.636387327703724428e-18,-2.512726600888755500e-17,8.133997722027186853e-17,-3.716378298029504901e-16,-9.151805785295601126e-02,-5.671161193126413730e-02,2.189517157778412410e-02,-7.121738961818731006e-01,5.212452841083680255e+01,3.153107059886095271e+02,2.355963106077429529e+03,4.966049389482010383e+02,2.883574794282879452e+02,3.180050417985802937e+02,3.019946628820953265e+02,2.660344123779105416e+02,2.820817730206128431e+02,3.423730956038916133e+02,3.380444820565488726e+02,2.990360503028698531e+02,3.339230154444862251e+02,3.635900925232846248e+02,3.334999839155979657e+02,3.860075212997960534e+02,3.483393334213430421e+02,2.971770330305739094e+02,2.812178268062202164e+02,3.133232538744912290e+02,3.042107768216607155e+02,3.005180125226128780e+02,3.101976546381571893e+02,3.589712426754515491e+02,2.691087547254103356e+02,2.398538035103032655e+02,2.683307746182778715e+02,2.674215778849523986e+02,2.760539810439139501e+02,2.774744851988349978e+02,2.455121912424053789e+02,2.777167447740458215e+02,2.603083037002602396e+02,2.995050878643849046e+02,2.878971347223193789e+02,2.909212374911148800e+02,2.712940944861187518e+02,2.409658465287331808e+02,1.201293061100297166e+01,-2.887442894285704398e+01,2.387470542379683138e+02,3.580571203870950967e+02,3.695409309937122657e+02,2.474897351122926636e+02,2.560087193023729242e+02,2.662739558449694073e+02,2.912576168291247996e+02,2.975942783790796966e+02,2.946561427000197000e+02,3.164489058125200813e+02,2.922277768584105502e+02,3.330959226561175797e+02,3.350740016877784342e+02,3.582394184537764090e+02,2.958632838351105647e+02,2.998484638765986006e+02,1.002241174941089996e+00,1.396808667567283990e+01,5.274521767292992536e+01,5.377641655923734021e+01,2.901144853018632830e+02,2.848268756774257895e+02,2.640272092838746971e+02,2.264538798239716186e+02,2.609530105210006923e+02,2.536433702855792092e+02,2.397189496389964631e+02,2.446586448717560813e+02,2.562023708427087172e+02,2.703722189145644279e+02,2.920745262467880821e+02,3.137058356249788176e+02,3.201169145362667905e+02,1.726581313459599087e+01,1.948634732829570382e+01,2.011297304968051314e-01,-5.043058205315423259e-02,1.901135185676049721e-01,1.757069192218098652e-01,-5.765935668336000797e-01,-5.347266652010698174e-01,-5.924533238263112178e-01,-7.148251029427951098e-01,-6.736706773742378029e-01,3.033901710234232496e+00,-1.185415423174962157e+01,3.099305439583991983e+01,3.271574823156486218e+02,3.138072814927912759e+02,2.884885057063186196e+02,2.747298833198533430e+02,2.753236778543354717e+02,3.025193036644989775e+02,3.177524387100885974e+02,3.146833307645522950e+02,2.949602883029533018e+02,2.570485825536655966e+02,2.651911255200668620e+02,3.216149999415218872e+02,2.656856226633408369e+02,2.856996714095191692e+02,3.628958679804908343e+02,3.469668107944461894e+02,3.614169527400038078e+02,3.093811213393381081e+02,2.420976623298631409e+02,2.018936975700349592e+02,2.160735507562450834e+02,2.118167355840164703e+02,1.830600823984863723e+02,1.925364410490142291e+02,2.172242408843533212e+02,2.461993105062999234e+02,2.740445522406113241e+02,3.617523339248815546e+02,2.281695589064958938e+02,2.014023322580017066e+02,1.748539333501827002e+02,1.949023880890700866e+02,2.265894147704158286e+02,1.910707710923783793e+02,1.874816061950851918e+02,1.917256630331841620e+02,1.642692660233010429e+02,1.472623101288937733e+02,1.727969347734277790e+02,1.523822183212298285e+02,1.834504934774473668e+02,1.708061889264203046e+02,1.578094872611534925e+02,1.836828265977559340e+02,2.060675573987402913e+02,1.795544857523656219e+02,2.442003617709762580e+02,2.519521995909470888e+02,-2.116418632095935948e+01,1.884617144178596959e+02,1.845970147261978127e+02,1.907953158614820097e+02,1.660547427405771259e+02,2.186863189475295428e+02,1.722879337270541384e+02,2.149844418557854340e+02,1.940614127298323410e+02,1.843109379678907942e+02,1.619071207837426130e+02,2.091229202154279960e+02,1.729856238288929546e+02,1.746003024011892819e+02,1.939411727727434140e+02,1.687483883679311703e+02,1.935211719043337268e+02,2.133389154873948712e+02,2.081315151812879947e+02,2.200094841869214974e+02,2.224585219004425483e+02,2.469342614806559766e+02,2.495732406931682874e+02,2.579546590766479994e+02,2.856345282250884452e+02,2.907821240484307737e+02,3.244467991343699964e+02,3.314830290949927303e+02,3.095179778844545240e+02,3.655559859532691007e+02,3.166709657664451356e+02,3.424416519333902329e+02,3.962544621945254448e+02,3.054587198324493897e+02,3.028635527555038038e+02,3.430392181449357736e+02,4.158890820781147681e+02,4.789949344064687011e+02,4.042835629250436682e+02,5.336671028847921434e+02,4.927143821747725383e+02,4.914721637230431384e+02,3.173387521912151215e+02,2.325103032599477899e+02,2.603588213248003171e+02,2.578975023159858324e+02,3.555958889362800051e+02,3.454069775788052539e+02,3.405698126783926796e+02,3.460862227774733810e+02,5.042113365609660036e+02,8.526137024019998023e+01,9.602693546494555221e+01,6.373105801421758088e+00,-7.404198010899237965e-03,-8.731816844978566167e-03,2.500868088547479086e-03,2.127723349522616346e-03,-5.658577471345799118e-04,1.303048560777240138e-04,1.605006146625307783e-04,-2.986146479665473792e-05,-3.113825008888389994e-05,1.224432729052536659e-05,-3.678116227738499654e-05,8.586045461602612370e-06,-3.365743883710313219e-06,5.153423019342900781e-22
4.808964975070207266e-29,-2.732795865314847282e-28,1.067108327629669895e-27,-3.566041124938164053e-27,1.390395566188669707e-26,-5.427042497080577606e-26,2.056037380239239086e-25,-7.261357117696079044e-25,3.041461725240565837e-24,-1.025055701711353527e-23,3.671985658486471702e-23,-1.399386015145161161e-22,5.461952027279010669e-22,-1.975363076910468370e-21,7.924305667562172206e-21,-2.760443878391585473e-20,9.762290662381245968e-20,-3.942269931694368200e-19,1.486062570402887908e-18,-5.373847052858121103e-18,2.098502156948284537e-17,-7.856637157397127039e-17,2.863432648883894825e-16,-9.847903591062037408e-16,7.498544456439909522e-02,4.646673599062087906e-02,-1.793983846559734502e-02,5.835206457085602150e-01,3.833465685491974000e+02,3.297076109343639132e+02,1.485695967681484717e+03,1.324037247145199672e+03,2.806707202088819599e+02,3.195367137318492041e+02,3.387501640380372123e+02,3.091462937111978704e+02,3.545256908825770097e+02,2.821988288469000281e+02,3.113839057337096961e+02,3.531564666132624666e+02,3.352463820460527018e+02,3.480139791099267086e+02,3.303338977062275035e+02,2.912174276368500614e+02,2.731109749193229277e+02,2.593683956716325838e+02,3.192920757782104033e+02,3.432159133788609893e+02,2.824961417728956121e+02,3.465328471425457906e+02,3.286386283028538173e+02,3.270584513488392417e+02,2.730501567652507333e+02,2.793281309437484197e+02,2.646776866281422826e+02,3.065986291309096146e+02,2.637088694538545042e+02,2.471425725319672608e+02,2.919268711791939381e+02,2.996081224808588672e+02,3.245463061402775224e+02,3.294076009009656900e+02,3.308057940973993141e+02,2.843154608144734539e+02,2.683207698585476351e+02,-9.351160911800715070e+00,-3.216919223072111755e+00,3.165518094305581176e+00,-8.246584864215643407e+00,3.651552921249020756e+02,3.533149406778863408e+02,2.919228327446438129e+02,2.714974058421535688e+02,2.573814617716683415e+02,2.944348495926120108e+02,3.253071087900555654e+02,2.975130267476943686e+02,3.551488732066868579e+02,3.371577790190893325e+02,3.633697650905078262e+02,4.142064608783518338e+02,3.317690626154910092e+02,2.985145312474550678e+02,2.344285806030814285e+02,-2.111884051717399124e+00,2.165392137599135651e+02,3.289146118176960840e+02,3.219555554055190782e+02,2.526225203940146002e+02,2.541145093972118332e+02,2.448088635603165528e+02,2.445782668417692776e+02,2.163349105545559894e+02,1.864805377702177225e+02,2.263164168342325979e+02,2.242867827199690964e+02,2.404528128399217337e+02,2.718949685262643357e+02,2.695650460375027819e+02,2.749775504722647952e+02,2.545230732801536533e+02,1.570886652406204007e+02,1.455071671627144099e+02,-1.647981972844723420e-01,4.131769684485078059e-02,-1.557691090414395629e-01,-1.439650522444841929e-01,4.724331947349966754e-01,4.381288359827653633e-01,4.854274766482086778e-01,5.856929191891969699e-01,5.519729815674009332e-01,-2.485831472554384192e+00,9.739148176024636783e+00,2.453251351132811351e+02,2.579376670846001502e+02,2.749900962068500689e+02,2.567511189192827032e+02,2.773176613397393453e+02,2.866187045317614093e+02,3.485651554181201277e+02,3.422988046944910820e+02,2.895550712011616952e+02,2.980757114701600585e+02,2.788643697275580848e+02,2.928308406499540979e+02,3.187228108589529256e+02,2.915805611162949162e+02,2.620904599751645492e+02,2.423689602568384487e+02,2.947674409562594064e+02,2.895137396118095126e+02,2.794062121378181018e+02,2.172005486785888024e+02,2.006603230991412374e+02,1.910608937662468350e+02,1.760256344152350891e+02,2.061205986258269718e+02,1.792770837042838252e+02,1.567723445832988602e+02,1.679010496199656188e+02,1.788353975353327030e+02,1.885341493183362047e+02,1.883374281912397521e+02,1.832255715983392008e+02,1.894352942381235039e+02,1.800678832058410705e+02,1.697822022828201796e+02,1.593834462581941125e+02,1.668895083482583743e+02,1.798045212779898065e+02,1.743468184738841273e+02,1.599571347173043421e+02,1.740605772204099537e+02,1.621501199265945274e+02,2.067755597369549605e+02,1.968752934556731304e+02,1.903220752126364630e+02,1.965388207775130240e+02,1.783606902674279127e+02,2.197054819630772045e+02,2.656736016498069830e+02,-9.088203977810614731e+00,1.877404558596772188e-01,-5.354051666598831360e+00,1.805060584653325577e+02,2.197115901678533021e+02,1.901086031835920096e+02,1.977180271528062008e+02,1.468244197670877895e+02,1.627021593659728183e+02,1.880694760777450654e+02,1.909394156251476034e+02,1.685105593826060044e+02,1.928821075681699426e+02,1.600308033592909851e+02,1.916996084527734752e+02,1.601605197424666187e+02,1.954697930110462778e+02,1.997027711124304119e+02,2.013829365551939929e+02,1.845010360789811159e+02,1.959137022062679705e+02,1.643806466230814465e+02,2.452217150354021555e+02,2.673290443407514658e+02,2.405742224837274250e+02,2.507795491057403012e+02,2.893535925705710383e+02,2.705587579635798079e+02,2.959542850337160758e+02,2.758505396879265845e+02,3.686416859918151090e+02,3.315002255577878145e+02,3.589916187914523675e+02,3.664915639262860054e+02,3.227553893765479529e+02,2.913818509277424482e+02,3.306453772184265176e+02,3.050022992554230541e+02,3.471827864093998528e+02,3.651447261516106551e+02,4.945775119990590269e+02,4.866472970458630698e+02,3.500065418021873143e+02,2.521613138927319255e+02,2.587027994182448083e+02,2.625606531660520773e+02,3.136242509142443851e+02,3.610558838015555807e+02,3.557968963065924299e+02,3.283152300096733711e+02,2.963149601815417213e+02,4.100540287008261657e+02,5.869909742293781392e+02,7.202111323177431359e+02,-5.221812863897981494e+00,6.066639661235007260e-03,7.154425949767979388e-03,-2.049089653081436185e-03,-1.743353006139450063e-03,4.636363109591314004e-04,-1.067654601847675016e-04,-1.315063958488452503e-04,2.446703159630944269e-05,2.551316735352689472e-05,-1.003240613723666481e-05,3.013669509241818123e-05,-7.034987969508926475e-06,2.757726806390643038e-06,-1.286986836992266329e-20
4.274551442435075083e-29,-2.570385834836916816e-28,9.633207141642277122e-28,-3.785570890426261731e-27,9.988533719006803786e-27,-5.313222889147358841e-26,1.742676070037665011e-25,-6.455537862574849103e-25,2.989558906227520586e-24,-9.839266372542518543e-24,3.243839867431566809e-23,-1.348035793506746417e-22,4.786517779015799106e-22,-1.984944324168795958e-21,6.931729926739666022e-21,-2.447142596190841837e-20,9.476562218353836502e-20,-3.249449096183445208e-19,1.350703683217579304e-18,-5.809706289679688527e-18,1.440712648535119305e-17,-7.762281135688009306e-17,2.648590963745866207e-16,-6.964392603042675635e-16,4.471360859434306279e-01,2.770798330011283173e-01,-1.069747495741956711e-01,3.479517113021223018e+00,3.677774194892781452e+02,3.292890172896253489e+02,3.927819135674220661e+02,4.220882968520343184e+02,2.816677539290877803e+02,3.050743647941005747e+02,2.914015280870484048e+02,3.276154711353840412e+02,3.696565621914569988e+02,2.801794847759013010e+02,3.441238902882931256e+02,4.148363198158893965e+02,3.763744942837176950e+02,2.731229948727382748e+02,3.151851874055669214e+02,3.223867765739573770e+02,3.164960702829000638e+02,2.620958273370360416e+02,2.934003627360743280e+02,3.036291386038987525e+02,2.908589364127691965e+02,3.177364847325649180e+02,2.778433928145893219e+02,2.178979986806169222e+02,3.164738648538566395e+02,3.400390282972903719e+02,2.656908096850874585e+02,3.181852074375296979e+02,2.995166263744133630e+02,2.494203247672322448e+02,2.895959704257213048e+02,3.081756496948485164e+02,2.990595198356775768e+02,3.494201812761571091e+02,3.245424619653950913e+02,2.881808774600162906e+02,3.019311892158931983e+02,-1.859621364804222665e+01,-1.505441113263960418e+01,6.108714903507478589e+00,-2.792454835659263335e+00,3.228752061658009893e+02,2.935195806976438462e+02,2.922909474580114306e+02,2.343306619916311604e+02,2.395513305178298253e+02,2.759603629964335028e+02,3.036295972760553923e+02,2.665152383900649511e+02,3.182868132030790207e+02,3.819475730563061688e+02,5.253070433215943922e+02,4.768225843846406065e+02,3.152939015666971727e+02,2.404907363978396404e+02,7.869999789277828395e-01,-1.339721978742494812e+01,2.495235585016345112e+02,2.608888935637508553e+02,2.477833029893818093e+02,2.886109279158717982e+02,2.599689895568158136e+02,2.427905371106550376e+02,2.439800930386762445e+02,2.440722663143997408e+02,2.711772138593967156e+02,2.702917191350089183e+02,2.631650649496586425e+02,2.210714209275395206e+02,2.820345584214351788e+02,2.905217416519778908e+02,2.701126244095097491e+02,2.629296047540108248e+02,1.952452967766919301e+02,1.646570743001782375e+02,-9.826884119219677638e-01,2.463745954547187089e-01,-9.288463822990449259e-01,-8.584591314963272435e-01,2.817106079701318766e+00,2.612549749476484440e+00,2.894590346581376039e+00,3.492470320634723180e+00,3.291399283852230351e+00,-1.482294279130709214e+01,3.026928782365951065e+02,2.964170191880808716e+02,2.581716731488808136e+02,2.769311854638984869e+02,2.852493818782576795e+02,2.968289931610571557e+02,3.146227776812627326e+02,3.411261274110636919e+02,3.430689736018054532e+02,3.201979313832169964e+02,3.472858123777417632e+02,3.600886586705079253e+02,3.470610925092028651e+02,3.265751227054095125e+02,3.165569321979455140e+02,2.813231998917607939e+02,2.476177575811506415e+02,2.826814838550309332e+02,2.453748902882902314e+02,2.086659795913770381e+02,1.953652212477318244e+02,2.205328293423855541e+02,1.834521857932437001e+02,1.602840107610911389e+02,1.882174892288524291e+02,1.568001404983784255e+02,1.729521987666790324e+02,1.559929267051000181e+02,1.697779494293547771e+02,1.751761070924614216e+02,1.691028652727144959e+02,1.849316481905726164e+02,1.524026639414213378e+02,1.800942526771551400e+02,1.390446499376162990e+02,1.540030589402456656e+02,1.655603393407459407e+02,1.775045840549583431e+02,1.448632632067144357e+02,1.793395382590535405e+02,1.847446561996276273e+02,1.517128359271412705e+02,1.907746590054445903e+02,1.967902010614664050e+02,1.885756188828364657e+02,1.843881786608165783e+02,1.734674435612688228e+02,2.006764464991708792e+02,2.071513472719746574e+02,-1.396194915972064621e+01,-9.567077074507858825e+00,-1.003110320873324302e+00,1.737370458462396527e+02,1.785434530920375948e+02,1.736170948001243062e+02,2.005764674510254792e+02,1.715372731717949080e+02,2.094967303293896634e+02,1.698518857096033798e+02,1.867332739455285946e+02,1.879536195178854427e+02,1.765337354773666618e+02,1.817089548409849726e+02,1.783095037827831391e+02,2.140282620996228218e+02,1.733040574754999739e+02,2.343125307473628709e+02,2.223697009657821582e+02,1.905015633672642252e+02,1.971675142618769598e+02,1.803322761372284901e+02,2.187637529975281439e+02,2.348059138240066090e+02,1.967622472166572436e+02,2.033097273003695022e+02,2.412334837184896514e+02,2.449224314541876026e+02,2.725489642473913818e+02,2.882731643159377199e+02,3.124205338740222260e+02,2.621919375863905657e+02,3.549164436160551190e+02,3.534755816865452402e+02,3.383168504717948508e+02,2.996303843690000122e+02,2.895895957437852530e+02,2.888256099051793058e+02,3.513601242009991097e+02,3.290297884775949342e+02,3.349317057449886761e+02,3.609390522480275081e+02,2.457158999961741870e+02,2.141872153000426806e+02,2.178032491551329315e+02,2.666084448369741722e+02,3.314629329278552632e+02,3.139712618340287804e+02,3.609084090000055767e+02,3.090468781352994938e+02,2.828324106664265969e+02,3.972757200399566386e+02,4.446856092578676680e+02,7.131971342521935640e+02,-3.113752247594253220e+01,3.617520078347230550e-02,4.266163966800570750e-02,-1.221866366931203575e-02,-1.039556468740373413e-02,2.764650214289253883e-03,-6.366394206007453547e-04,-7.841689204880678389e-04,1.458962176750566503e-04,1.521342956189184273e-04,-5.982295415941105230e-05,1.797042608092073600e-04,-4.194943436847911356e-05,1.644424697985032228e-05,-2.551722047117118732e-20
-2.517788498793180694e-29,2.557978161720691464e-28,-2.154633617211010903e-28,1.641041138362302793e-27,-7.964288325620743336e-27,2.415766041202329127e-26,-1.161313345986471487e-25,2.271101763087377872e-25,-7.664599764940222525e-25,5.733861873602947901e-24,-2.671848088695941201e-23,5.481794737126517975e-23,-6.020441058961679671e-23,1.284495548457623371e-21,-5.024838224037483291e-21,9.285736691081422702e-21,-3.381217443479681722e-20,2.818170233428970424e-19,-8.359579029714842659e-19,3.007804479918763355e-18,-1.227946218918907205e-17,4.264059732488391527e-17,-1.149148402109263624e-16,-8.375175170842316513e-16,-3.211206684280164758e+00,-1.989910096240967041e+00,7.682628212777848908e-01,-2.498892163406058131e+01,2.964977008065612267e+02,3.017074438687821498e+02,2.441619630172080804e+02,2.706441167578685736e+02,2.863803774096263055e+02,2.683513436506360108e+02,3.284910095855152576e+02,3.596036033866156458e+02,3.820190454423662914e+02,3.614657559614522597e+02,3.817848855486819275e+02,3.526942781224669829e+02,3.204703993134478424e+02,3.214201750835912321e+02,3.013585419527224758e+02,3.913403544730396106e+02,3.475159306568666011e+02,2.881858315750301358e+02,2.721302351206338130e+02,3.014077355925294341e+02,3.145781553098464087e+02,3.030057220833166980e+02,2.978480970763661162e+02,2.555204962436862388e+02,2.917493251855216272e+02,3.059257988006586402e+02,3.425979262172065773e+02,3.180681322614744317e+02,2.886054066115830778e+02,3.223368209022868882e+02,2.302425388280444167e+02,3.162239225844740531e+02,2.422318041687953780e+02,2.556243426795387563e+02,2.955036738635390066e+02,2.966875247770976785e+02,3.032272215491539100e+02,2.507334669571830830e+02,2.511475939427085109e+02,-3.374117062956301538e+01,-1.674618999345674908e+01,2.849692323297126109e+02,2.719376325079084609e+02,3.198023566315957282e+02,2.598280636506261203e+02,2.772786992736456000e+02,3.078009249373803300e+02,3.090532631521426197e+02,3.011034412276862327e+02,2.788887419645123487e+02,3.832265188833279126e+02,4.301256740025980321e+02,3.298054226378354201e+02,3.298496650734411446e+02,3.570461588167233913e+02,2.295454814031937758e+02,2.324573821193702940e+02,2.316714861423459695e+02,2.531629508364148649e+02,2.671888913498361831e+02,2.639390744701504445e+02,2.250521561949415741e+02,2.115411572410532983e+02,2.311829621248467674e+02,2.297258164950522996e+02,2.627140589118483263e+02,2.657461368510023476e+02,2.592574751442268166e+02,2.525492077137654974e+02,2.832303002713450155e+02,2.827857212223949546e+02,2.770463063629262024e+02,2.715097311606015751e+02,2.483989058375319416e+02,2.225683305039284221e+02,7.057395276645933357e+00,-1.769392323173122117e+00,6.670715380538708494e+00,6.165213777808079776e+00,-2.023167054264179399e+01,-1.876260369560014496e+01,-2.078814072743181995e+01,-2.508194796090390710e+01,-2.363791184222301922e+01,2.537741468366833999e+02,3.104719746986268660e+02,2.906857832711319247e+02,2.902813510539984350e+02,2.984762384638914909e+02,3.199165527897184234e+02,2.997560865364389429e+02,3.070330763813390718e+02,3.291093814113884264e+02,3.156120065559896375e+02,3.147633233981383114e+02,3.494214530503072069e+02,3.639029442223582578e+02,3.182235835245479620e+02,3.130781799277331743e+02,3.403918074909651068e+02,3.052441944336083566e+02,2.761579579776278024e+02,2.750477412476363384e+02,2.468701455334289392e+02,1.766203791801663385e+02,1.658767046564458383e+02,1.894922595780669781e+02,1.786319571112906601e+02,1.660346902896880295e+02,1.707761729476300729e+02,1.793000841014091122e+02,2.018803480040445493e+02,1.720510444446879887e+02,1.749291753565857164e+02,1.639308510340077021e+02,1.644717931800241786e+02,1.687567291485720489e+02,1.637774375325072640e+02,1.469158768335263687e+02,1.571571968127625212e+02,1.720389697012635111e+02,1.759948403980926912e+02,1.865901378928732868e+02,1.915139581270061626e+02,1.738225461741601237e+02,1.762718279613106347e+02,1.606330766971968558e+02,1.562770652213447988e+02,1.837510986007179099e+02,1.515481725176453836e+02,1.692679543116456102e+02,1.612806681848665846e+02,1.733679353916671744e+02,2.076184543241443237e+02,1.549494365592072711e+02,1.908731519660849472e+02,-1.733126411203705430e+01,2.238072601230722967e+02,1.729033273937643287e+02,1.509988132764772502e+02,1.805143686100701643e+02,2.007129230788527252e+02,2.061206242037516745e+02,1.611474081389279718e+02,2.066566796612859207e+02,2.264244364291479599e+02,1.671818069895099939e+02,1.975578804188934043e+02,1.708268211883859067e+02,1.989999476380100134e+02,1.532248070416338805e+02,2.297229816393018496e+02,1.730259111047560623e+02,1.843708574261538047e+02,2.021016185920073553e+02,2.189890134506732409e+02,2.316691039578301456e+02,2.497777565384252796e+02,2.016819697239911875e+02,1.714570040360140410e+02,2.401653604825743855e+02,2.163602630633210993e+02,2.850112248800926977e+02,3.125298628834584065e+02,3.062193730558456082e+02,2.969990340882965256e+02,3.793783058848089240e+02,3.470762964222319056e+02,3.480429901514594917e+02,3.076240644263186255e+02,3.242990564747261146e+02,3.291930834052455452e+02,2.867400403507562601e+02,2.658837665006414568e+02,2.819261127150205652e+02,2.976669924589444918e+02,2.100682081358094990e+02,2.353759363806765350e+02,2.310799811670686381e+02,2.354598368706151632e+02,2.879787190764196225e+02,3.280834725339796023e+02,3.562063471071705294e+02,3.200980235465521559e+02,2.913047146540714039e+02,3.322660127655196334e+02,3.458849925092186481e+02,4.883950479592972442e+02,4.480852625295213443e+02,-2.598002044856655424e-01,-3.063839997954949101e-01,8.775103526945170207e-02,7.465804675689272085e-02,-1.985494690971054826e-02,4.572166790331740928e-03,5.631682519568957136e-03,-1.047785951833497516e-03,-1.092586088123377076e-03,4.296317749992395680e-04,-1.290585890169384945e-03,3.012691399344509676e-04,-1.180979962917385663e-04,3.530086406713523323e-20
1.373436676222700669e-28,-1.130403682930781390e-27,5.595961414520329850e-27,-1.691155155281408993e-26,6.164634801326287756e-26,-2.732946931153384547e-25,8.344307941131897696e-25,-3.736512731036755242e-24,9.872319490699564365e-24,-5.870702723010802314e-23,2.183383445293082642e-22,-6.459015059263073643e-22,2.722609703798829055e-21,-7.174042875472170502e-21,3.910257248053150896e-20,-1.433070164158737509e-19,5.188789001323861187e-19,-1.959313638425808383e-18,4.743395493917773420e-18,-2.557946549988077032e-17,8.673244478075027124e-17,-3.386975483828884010e-16,9.835630986906068460e-16,1.838655178201927904e-15,1.416464320792052867e+01,8.777499955724685776e+00,-3.388809822357827795e+00,1.896393879631514778e+02,2.863117924669178933e+02,3.046490067762729268e+02,2.782153400877682543e+02,3.348856520120585856e+02,3.134878906379116756e+02,3.174873612643075944e+02,3.250193519814157526e+02,3.571732048211673600e+02,4.423823332695073418e+02,3.750355582866253030e+02,3.510087701047056612e+02,3.176489015074844815e+02,2.695847557685137872e+02,3.320621497474638772e+02,3.061460643847191250e+02,3.444600320629232328e+02,3.349252971627581132e+02,2.682201690546231134e+02,2.697046928967565691e+02,3.128709351068412730e+02,2.865984232373737086e+02,3.130379493849532082e+02,2.709545942887887691e+02,3.135589999102937213e+02,2.684505030511175505e+02,2.986641841299571070e+02,3.278533561674507837e+02,3.387513570835758401e+02,2.587439942763411977e+02,2.857493422131356624e+02,2.204282137867154177e+02,2.761753314413802514e+02,2.278471524794293828e+02,2.531519671645543212e+02,3.076827023296571042e+02,3.042482776201645152e+02,3.099768316507999089e+02,3.438724747633769425e+02,3.196929008788326882e+02,2.363514514718041539e+02,1.561666636904593588e+02,2.950457918115361053e+02,2.616325656735539269e+02,3.030260928726876273e+02,2.765545507132524108e+02,2.635387238595599229e+02,3.052138693302725869e+02,2.783284920034105880e+02,2.905295669316359408e+02,2.736342476728766542e+02,3.129079341179374865e+02,2.903275784111489770e+02,2.418946926902683572e+02,3.352425076031246363e+02,3.552760817050548781e+02,3.066721948513119855e+02,2.940577507544152240e+02,2.419138223535692873e+02,2.646342740277286225e+02,2.751065490514939142e+02,2.472458731468983331e+02,2.462136069498514246e+02,2.552831461680177370e+02,2.730520332058146096e+02,2.427163664765327269e+02,2.503678930322484462e+02,2.948129186992327959e+02,2.856286794901587882e+02,2.887860187708267290e+02,2.938811713472135807e+02,2.625458481620607358e+02,2.682142667370721938e+02,2.533367076708463514e+02,2.524608882983655462e+02,2.664509831373744078e+02,-3.113019420753246536e+01,7.804794734265887435e+00,-2.942454725564142137e+01,-2.719477803162590845e+01,1.530229213427537900e+02,1.446773505112132909e+02,1.591206217606193718e+02,1.859603226645340044e+02,1.757649844880709793e+02,3.136576491295161304e+02,2.675153473550589638e+02,2.906832398609133179e+02,3.105215309736574341e+02,3.192501204637121077e+02,2.936748949663182202e+02,2.820163707144100158e+02,2.909223545487730007e+02,2.980796928297731370e+02,3.366731475122322763e+02,3.371435133409055993e+02,3.070487294004952901e+02,3.334068071696377160e+02,2.887406540131180464e+02,3.111801879909819490e+02,3.041617604935678969e+02,2.955290022917888564e+02,2.384494673634242474e+02,2.208690030843468719e+02,2.478184543050664672e+02,2.018484913323757155e+02,1.803340090044968917e+02,1.652295803991173386e+02,1.706660001092286620e+02,1.720740070553072201e+02,1.940921188451817443e+02,2.056084600381884684e+02,1.664021009760701304e+02,1.605820658638743623e+02,1.796615681127593973e+02,1.643837941908242328e+02,1.678928067222024936e+02,1.634017288526491143e+02,1.763143988562665072e+02,1.674762561788224673e+02,1.769906486290426244e+02,1.611051448165923716e+02,1.923945665145479040e+02,1.967907015292470874e+02,2.153838468403154991e+02,1.575331424177340978e+02,1.549780892582406011e+02,1.583504966105689959e+02,1.568444536985975333e+02,1.612289473941195865e+02,1.547525027047939545e+02,1.880272024299628413e+02,1.398367061993549498e+02,1.734911586635199967e+02,1.898753940907247397e+02,1.696866851341146401e+02,2.674407083353231087e+02,1.475268830497569752e+02,1.757907349533992942e+02,1.570475448859368157e+02,1.660407928087297194e+02,1.835481629209089363e+02,1.949188261720161677e+02,1.766016160589429376e+02,1.648899901613793020e+02,1.819721285795412768e+02,1.808211011694509409e+02,1.857396725776264930e+02,1.756972961094295727e+02,1.865771001268473412e+02,2.515473121101484821e+02,1.746182309997150810e+02,1.908327069692604425e+02,1.810483224014892585e+02,1.879968371377158860e+02,2.040238324490028674e+02,2.251901963983837618e+02,1.993683890460268913e+02,2.046040047101812149e+02,2.007924015740769903e+02,2.048280539611596964e+02,2.615272332212332458e+02,2.019751548753668544e+02,2.057919395422659079e+02,2.831302784338718084e+02,3.006486449012046478e+02,3.308022782607181398e+02,3.196581466716104956e+02,3.049776096172745383e+02,3.081113555302324585e+02,3.566350815228373676e+02,3.577759092799731206e+02,3.353926407479872296e+02,2.876489938446438259e+02,2.979743866706496647e+02,2.721800483581878893e+02,3.294873894908756711e+02,2.821172458222840760e+02,2.979035388098662338e+02,2.412093822370338216e+02,2.993072088133930038e+02,2.789940635737725643e+02,3.297193464908422129e+02,3.109281358366847599e+02,3.045198044673807090e+02,3.371613310899660405e+02,3.235624561987163474e+02,3.602771404956707215e+02,4.095939213947733606e+02,8.635527512272877004e+01,1.145979553386866190e+00,1.351460827159924882e+00,-3.870701041456225955e-01,-3.293168889092177309e-01,8.758023588609215038e-02,-2.016784269576525276e-02,-2.484137004960758344e-02,4.621787267274513750e-03,4.819400815265305511e-03,-1.895107167483360772e-03,5.692778590962510599e-03,-1.328899163550775926e-03,5.209306486660419564e-04,-9.729141957768348783e-19
-1.731811561880515268e-27,7.067137889585448332e-27,-1.987244306915417033e-26,9.584864782847439094e-26,-3.514052447405486664e-25,1.275845001321974953e-24,-4.577491350086947055e-24,1.742186131116004352e-23,-6.107744840835721858e-23,2.558392537616248229e-22,-6.711119910194762493e-22,3.388138220877791948e-21,-1.401964141536465979e-20,4.347894413919032649e-20,-1.808602005859405675e-19,5.740827397977844374e-19,-2.508494046131192539e-18,8.700951923987132424e-18,-3.289162484468436267e-17,1.306718030966459548e-16,-4.767851614720734033e-16,1.776468842791647461e-15,-6.351534453538228194e-15,5.655211111657652000e-16,-5.070033887819089813e+01,-3.141782081808453242e+01,1.212976591540343740e+01,3.338689144566455980e+02,3.019070096251040241e+02,3.260904768849817970e+02,2.656645160622400681e+02,2.835073673317565408e+02,3.328684287788531719e+02,3.461931616015515942e+02,3.398135445640275520e+02,3.307775636528860446e+02,4.065073571211527792e+02,3.508771921101521230e+02,2.735179031837922139e+02,2.953043611035899971e+02,2.578187639552813835e+02,2.951745300857007237e+02,3.127933213363606910e+02,2.816850845777000814e+02,3.209790056267722207e+02,2.747997355629573804e+02,2.700725619345697623e+02,3.170441307207624959e+02,2.773105523162658415e+02,2.788085955385016632e+02,3.073834499849500617e+02,3.072583556290957745e+02,2.931949324899592284e+02,3.177389602641936222e+02,2.799753746527634917e+02,3.479778841175015032e+02,2.726353775314319137e+02,2.472836643252131807e+02,2.598788246981920338e+02,2.654094017305198463e+02,2.348744269959955489e+02,2.864057011695647930e+02,2.735217350441017174e+02,3.536052330393205807e+02,3.343537500148590880e+02,2.773638458247627909e+02,2.879382908985610925e+02,3.125555532572667516e+02,2.703506802639320199e+02,2.860494511900258203e+02,3.161366055040874130e+02,2.488766419146368776e+02,2.671784148995423038e+02,2.422122588709530078e+02,2.848812830271721168e+02,2.574870977456498053e+02,2.912336778134537099e+02,2.696337561731487540e+02,2.987230565778932032e+02,2.694360510722301569e+02,2.845188287183689795e+02,3.193153608537232913e+02,2.766997855045394203e+02,2.523757629789608643e+02,2.476785633688018606e+02,2.644090167592727312e+02,2.679353824140692382e+02,3.094607585085532833e+02,2.964417526908567311e+02,2.604713323716626405e+02,2.788287871856959441e+02,2.895436520239641709e+02,2.840535809258846598e+02,2.772413580624815381e+02,2.785324758291533840e+02,2.983141955250137016e+02,2.958475771604768738e+02,2.783009207560033929e+02,2.639088321174127145e+02,2.668763382608605639e+02,2.473097886115375275e+02,2.470481449070020403e+02,2.868443808535368476e+02,1.516022755962815722e+02,-2.793615970865340614e+01,1.447985743845005686e+02,1.346940266433516911e+02,2.652796238581153716e+02,2.772084171569803175e+02,2.940523211760337290e+02,2.885646105555834993e+02,2.771338613032667126e+02,2.839716864386720658e+02,2.883590162904141607e+02,2.684376850715457863e+02,2.835154980206082200e+02,2.861293242103845955e+02,2.497819237097987184e+02,2.777602393393804618e+02,3.054293777507576806e+02,3.064471954839125374e+02,3.409094402616082107e+02,3.175235129665472869e+02,2.837028883381698847e+02,2.638488880171086635e+02,2.533345843007232929e+02,2.896903571863120987e+02,2.607135847519075469e+02,2.736531075056460622e+02,2.204201515431517464e+02,1.862374011035522017e+02,2.220695827028492886e+02,2.022354152500188889e+02,1.817167370288738653e+02,1.609231063341713934e+02,1.647807788712164268e+02,1.811856297873580672e+02,2.108977893027940524e+02,2.065761279659193690e+02,1.460527824511768813e+02,1.477468907283233648e+02,1.840944177282949852e+02,1.692775830448284751e+02,1.829491752317515250e+02,1.642935541806601236e+02,1.819679614832732284e+02,1.661194885395063068e+02,1.784825573591098475e+02,1.660763539726542035e+02,2.011413469096260656e+02,1.797701450933359411e+02,1.800477186525443472e+02,1.549459312158865600e+02,1.574573628403865087e+02,1.451120738428761854e+02,1.595558438053140264e+02,1.419512253239154802e+02,1.543291791569418763e+02,1.822181610620527010e+02,1.627578224457687952e+02,1.775562075134126871e+02,1.581059736250932986e+02,1.704402421246863355e+02,2.136730426852873279e+02,2.262973445147701455e+02,1.368471954229720211e+02,1.604331621264931016e+02,1.699155146639807867e+02,1.858073887339242276e+02,1.759724320404468756e+02,1.821621161918505720e+02,1.616764862515547350e+02,1.567249339690186218e+02,1.552057065692032438e+02,2.105592062613373230e+02,1.748446056501973658e+02,1.774608134623067315e+02,2.179927413755944769e+02,2.001003195475239806e+02,1.838275288873979889e+02,2.079729307246623193e+02,2.048502561247320841e+02,2.037836618923630283e+02,1.924669390084467580e+02,1.572131542652306848e+02,1.947137783866273253e+02,1.976715968360687157e+02,2.183835016910261402e+02,2.678037813008015746e+02,2.168039060477297824e+02,1.607969520547923139e+02,2.456845883646057018e+02,2.434265668727131811e+02,2.674235870657519740e+02,2.548471474890021682e+02,2.464177660560616516e+02,3.146282337902070481e+02,3.612587900360068716e+02,3.536224269106942302e+02,3.586496200035031734e+02,2.855664610329462789e+02,3.224669500928998218e+02,2.672317522805078056e+02,3.216008293868762280e+02,3.234079043482649354e+02,3.055678882789489990e+02,2.334362175479923849e+02,3.062811669679248325e+02,2.811212796315720084e+02,3.319069385597763926e+02,2.934909927977033135e+02,2.919161770075932623e+02,3.294389556587923948e+02,3.022071111136991703e+02,3.375185165978152213e+02,4.123239392368353720e+02,3.994499156584711841e+02,-4.101871882780761425e+00,-4.837363067450453080e+00,1.385462744224023490e+00,1.178743270898106932e+00,-3.134810791403362940e-01,7.218794318416554834e-02,8.891617397107338949e-02,-1.654303445798734062e-02,-1.725036422994040072e-02,6.783268324624482960e-03,-2.037649656850635746e-02,4.756606780557227389e-03,-1.864597648646421687e-03,-1.962718988763777392e-19
5.905684551981781677e-27,-2.138004168722816861e-26,6.401396893528015613e-26,-3.291371942886773165e-25,8.866043223927479102e-25,-3.958834589739032218e-24,1.585507841867714780e-23,-5.729012997701786206e-23,1.541620276918528158e-22,-8.509391467153357742e-22,2.659814782419181337e-21,-1.120941627532749131e-20,3.356193705853844500e-20,-1.185649392061395105e-19,6.283156175828471763e-19,-1.418280301177854286e-18,8.312658697635661351e-18,-2.662140779785633274e-17,9.448668510733896068e-17,-3.897602996461106298e-16,1.175939895161462229e-15,-6.751285764747152796e-15,2.114891922564172085e-14,3.208303626808971797e-14,1.773821521116611564e+02,1.157761029286857450e+02,-3.686241706101407090e+01,2.967549576899070871e+02,2.809231673626655947e+02,3.107950203135451375e+02,3.259777426949277128e+02,2.908820340932525141e+02,3.282293793317642212e+02,3.459443731302631591e+02,3.343312796748963365e+02,2.938662123199645748e+02,3.016051990675829870e+02,3.296947950752938823e+02,2.925534127340259829e+02,3.049055906347903147e+02,3.117064140329457587e+02,2.929740453803423179e+02,2.888266234031302702e+02,2.687395217684477302e+02,2.960873684490483129e+02,3.273597222684820736e+02,2.841902452273466793e+02,2.809319741135632853e+02,2.889076769503233777e+02,2.638454356016491147e+02,3.449951202080750932e+02,2.958971488668268535e+02,2.998215390439253270e+02,3.085906135094883211e+02,2.613157502791130469e+02,3.328640900672496059e+02,3.134979582347846758e+02,2.492570155134352206e+02,2.832914188952780705e+02,2.374735091063095354e+02,2.199439837304162211e+02,2.415050871786819471e+02,2.065775635216789681e+02,2.081390400033298249e+02,1.821175016920765302e+02,2.686150144043288606e+02,3.246882085096288506e+02,2.315392032587595850e+02,2.613791241955208875e+02,3.184414161560680441e+02,3.695423694957210614e+02,2.831494488640879013e+02,3.198088220577963625e+02,2.507121658132725486e+02,3.095722501321376967e+02,2.783271377820956900e+02,3.060678459474179931e+02,2.897861662652116479e+02,3.250373947101116983e+02,2.992130999083082088e+02,3.004903562736924982e+02,3.069870753220695860e+02,2.776438426208262058e+02,2.484682693485554523e+02,2.778690001300020640e+02,2.854155561862075388e+02,2.896314071415033595e+02,3.365491928764747627e+02,2.965020458854191929e+02,2.622259402444828424e+02,2.390623844494709829e+02,2.896425486244814351e+02,2.850523128954736194e+02,2.615179041006152829e+02,2.812441836899855616e+02,3.079606018420940927e+02,2.723557615786377823e+02,2.387475107127137051e+02,2.686863326183845402e+02,2.657290871720475138e+02,2.551074545949863079e+02,2.505706195596898453e+02,2.801802515225019761e+02,3.039245867525087874e+02,1.013706289120055430e+02,3.126258841726946116e+02,3.043648882603382049e+02,2.419067078327374816e+02,2.867095841183493121e+02,2.940015661951570110e+02,2.485844027574136703e+02,2.354960577645101125e+02,2.979087785147257819e+02,2.851810168235029437e+02,2.396368749648426046e+02,2.659920163379076712e+02,2.478856328341796029e+02,2.470186385639436253e+02,2.942395403921559591e+02,3.265470597533973205e+02,3.408396375139403744e+02,3.163326632339482103e+02,2.850822755075121790e+02,2.751951774230717547e+02,2.268103801800964447e+02,2.239793168768237592e+02,2.507383243318013228e+02,2.421355671539962771e+02,2.520730423267533524e+02,2.152187563298965927e+02,1.817424135560286516e+02,1.858475272786162691e+02,1.700885766836702544e+02,1.625571540750376300e+02,1.489549474864636807e+02,1.662880524154300588e+02,1.811742365009493767e+02,1.855638546812259619e+02,1.786561441184172736e+02,1.831555438389741255e+02,1.681210853557653877e+02,1.875779743994957869e+02,1.771725520884520790e+02,2.041805725395049649e+02,1.746964034176339453e+02,1.815866320496148774e+02,1.601390707907286810e+02,1.702584308724843254e+02,1.805452909848683021e+02,1.829266663929612093e+02,1.621905387872016320e+02,1.625511463021678935e+02,1.591627987367554908e+02,1.706742320077938473e+02,1.520991976187614796e+02,1.530817193676910790e+02,1.560751522867559231e+02,1.490881028921697578e+02,1.784606627330715583e+02,1.875395572013451044e+02,1.844512854475669599e+02,1.625208909244558129e+02,1.852350855741100872e+02,1.790390168856012565e+02,2.032703939728424416e+02,1.790955931422190872e+02,1.611392222509190617e+02,1.621757011876328818e+02,2.042845243723396322e+02,1.721727392271900783e+02,1.893357548646165469e+02,1.581077549111465146e+02,1.514668532213473497e+02,1.822469940276697571e+02,2.204561595736940092e+02,1.667491754752902580e+02,1.512396213445242950e+02,1.654347512125052617e+02,2.135642321778698260e+02,1.921201087648539669e+02,1.891099890488200970e+02,2.071005600986246691e+02,2.121556982182464424e+02,1.949445781007429730e+02,1.655967316926976025e+02,2.164541840835341304e+02,2.061835064898733947e+02,1.826547548436694797e+02,2.450853290972004856e+02,2.174724256746917774e+02,1.878711882694009603e+02,2.048535157250284158e+02,1.849380838918147276e+02,2.293284205614934592e+02,2.381739357266569925e+02,2.532064200539647345e+02,3.076241058377667628e+02,3.270986142629075175e+02,3.390017209386054446e+02,3.193063346339511099e+02,2.681708653464263534e+02,2.962246121806771839e+02,2.618549890312825141e+02,2.859899201349697933e+02,3.228743157929054632e+02,2.720065194490314298e+02,2.967889994105972846e+02,2.865985544201715243e+02,2.982798413956152785e+02,3.210544278204883994e+02,3.226369523046110999e+02,3.006193179092815626e+02,2.833720259461883870e+02,3.157376275784272366e+02,3.328240032397039840e+02,4.210927032316932355e+02,4.889686106529487688e+02,1.246560841556725485e+01,1.470076966955011422e+01,-4.210427955186506033e+00,-3.582206479725356552e+00,9.526705099340331273e-01,-2.193795071553943377e-01,-2.702166811174097072e-01,5.027436142610626491e-02,5.242394001115503743e-02,-2.061438512193727868e-02,6.192427125050754128e-02,-1.445535092457854442e-02,5.666521238312329824e-03,-6.660188663053588276e-18
9.214134205214864819e-27,-3.133354069121114085e-26,1.092616718496382191e-25,-5.398163451512928297e-25,1.636123101665897976e-24,-6.509345092462009866e-24,2.171393001934348444e-23,-9.254163446510046115e-23,3.658185539432702517e-22,-1.178904227378104995e-21,4.839566826382969146e-21,-1.685463332715009720e-20,6.067603748303918552e-20,-2.017173494143846125e-19,9.121688044444892410e-19,-3.087935012735956909e-18,1.355275963122120737e-17,-4.158635955901270581e-17,1.779300753804954963e-16,-6.181396715287112456e-16,2.370576972916959244e-15,-9.505419595055676836e-15,3.181692884452801219e-14,5.356114377315133067e-14,3.390660620937430281e+02,4.005603686190553958e+02,1.000434381740119960e+02,3.046102580850017034e+02,2.678211763234888849e+02,3.001880571156975748e+02,3.845161274629921877e+02,3.043271539052028629e+02,3.084677860698201357e+02,3.647241934908674921e+02,2.845492719667881829e+02,2.652485393533498836e+02,2.769038268957378932e+02,3.216678174510524286e+02,3.662536555575911734e+02,3.199926153939672986e+02,3.487368453528479790e+02,3.076400943402375674e+02,2.587312998329407492e+02,2.690928431873738873e+02,2.494033464174228811e+02,3.335298616346547647e+02,3.202929471908173014e+02,2.604215265586075247e+02,3.161386160044932581e+02,2.841469419114059178e+02,2.890957933386407035e+02,3.245028576188732359e+02,2.861118144159530630e+02,2.810610776086118108e+02,2.545013972228476291e+02,3.003411526813218870e+02,3.105114458809652547e+02,2.544824988862461339e+02,2.581711235739292647e+02,1.977895389749282629e+02,2.234165844225831847e+02,1.955004015981561736e+02,2.044790301963310242e+02,-4.815430921923656626e+01,-4.070262458568130626e+01,3.389017263708203132e+02,3.301944028605571475e+02,2.970734870831664693e+02,2.479487165770696890e+02,3.532672884346721958e+02,3.577194127647163668e+02,3.675403261730611462e+02,4.341511352794630625e+02,3.185449805997323551e+02,3.466827117379667698e+02,2.892224434414492293e+02,2.783554292553623668e+02,3.016659206410474781e+02,2.900663298451669903e+02,3.136979109765643443e+02,2.497431494987121710e+02,2.755196596235909396e+02,2.977838302646037505e+02,2.499838931222937504e+02,2.823392568422491991e+02,3.141793951850568760e+02,3.278687299364680143e+02,3.210521051064460494e+02,2.712711694803311957e+02,2.837426899610193232e+02,2.301715887286773921e+02,3.199537686567592800e+02,2.582197517504692996e+02,2.231276286920184759e+02,3.209902039548691164e+02,3.120581003942432403e+02,2.411455341531073771e+02,2.427840794137914884e+02,2.623240810726933319e+02,2.484497275527560873e+02,2.557677481840661073e+02,2.518963585844594775e+02,2.784433658003169398e+02,2.773911857648889736e+02,3.050254000250872650e+02,2.811680183523342862e+02,2.961161574390891928e+02,2.560522355992442272e+02,2.900075025366965633e+02,2.978029015154454555e+02,2.777743611491248998e+02,2.472746980923117519e+02,2.863389624714011461e+02,2.916838268148188718e+02,2.559541922596505970e+02,2.815292306540014806e+02,2.454162442472971861e+02,2.550407212523475096e+02,2.861011546736945661e+02,2.955588928997192397e+02,3.127845543614610619e+02,2.903455448966496419e+02,2.813097874471389446e+02,2.647921651921456032e+02,2.325222273141414178e+02,2.189713409932313652e+02,2.245463470770495462e+02,2.117149568340362293e+02,2.126142241874832735e+02,1.858003279952923776e+02,1.795549193555818590e+02,1.816406450357285394e+02,1.563950112009413544e+02,1.642129244720585177e+02,1.551325112998384839e+02,1.680513450694851088e+02,1.725056699592685163e+02,1.624252409531621026e+02,1.697921394854274411e+02,1.876475855941952204e+02,1.834996932211445255e+02,2.002279855159332556e+02,1.848373386203224129e+02,1.918622691904750184e+02,1.840894980252137998e+02,1.657404436450630385e+02,1.731718673434733944e+02,1.600956165194633911e+02,1.753516969217435246e+02,1.720249309443452717e+02,1.750056390769449024e+02,1.867562430201311088e+02,1.616649611790546999e+02,1.887814316246886506e+02,1.681476332865865118e+02,1.509805072540679873e+02,1.817053590876035116e+02,1.722883961312545296e+02,2.174677841746118929e+02,1.870406823008298716e+02,1.906460550321475864e+02,1.732435430979034265e+02,1.553122751263914552e+02,1.890861620847913684e+02,2.205915540997106632e+02,2.168166097384819295e+02,1.679159098648698034e+02,1.849559326501359351e+02,2.166371848172021828e+02,1.703026433610569939e+02,1.700924139370663397e+02,1.635833425144770104e+02,1.573108838980016344e+02,2.028090416296766705e+02,2.019853962516818342e+02,1.639924610650496959e+02,1.504936347617282877e+02,1.884409662403276684e+02,2.371067912443620287e+02,1.752741544470066799e+02,1.679725152999629927e+02,1.792028311380925061e+02,1.985999263067435834e+02,2.244158134577511703e+02,1.989139195294391413e+02,2.030032756804080236e+02,2.206052343813340428e+02,1.875973454235818281e+02,1.923935246867200703e+02,1.951578612427036887e+02,1.883019187069139093e+02,1.949141508923873687e+02,1.832456783832389533e+02,2.424097843401966657e+02,2.213970291837018465e+02,2.770939376659679283e+02,2.370706332216610690e+02,2.773803138370315082e+02,2.954783598448289013e+02,2.454901188286798117e+02,3.093484936843159971e+02,2.918145496226101727e+02,2.712340037915553808e+02,2.952162178672201094e+02,3.278326162437126641e+02,2.902668122112808646e+02,3.590487836666708859e+02,3.353072818604324539e+02,3.377778300837308052e+02,3.034949402338187952e+02,3.271598212077751100e+02,2.902588772791442011e+02,2.807472424482958218e+02,3.622810115498102732e+02,3.556976316860415750e+02,4.287684696883036963e+02,3.171515740682478679e+01,-3.117456631705540815e+01,-3.676436028608348039e+01,1.052963169837975954e+01,8.958546565936106987e+00,-2.382482186200630458e+00,5.486343519244577527e-01,6.757702925233443070e-01,-1.257284331479981698e-01,-1.311041980460546930e-01,5.155340153847697005e-02,-1.548630629471318132e-01,3.615060581173221849e-02,-1.417109668792151424e-02,1.188612649694234165e-17
-6.375547799235675514e-27,1.724637483242664375e-26,-6.109711352948330340e-26,3.034848822491752026e-25,-8.692958294163874541e-25,4.013791123266059489e-24,-1.117906111030032229e-23,4.675090862464163672e-23,-1.654836040410029592e-22,6.954345672412189299e-22,-2.335113423058144671e-21,9.041238638404259822e-21,-4.219604924349678565e-20,1.167585178042648027e-19,-5.234975079939870937e-19,1.670648600657479775e-18,-7.595558894060818209e-18,2.104064484701403831e-17,-1.006354616902262792e-16,3.646012005502732565e-16,-1.335212853125484790e-15,5.184627093239801773e-15,-1.857016746544154816e-14,5.100035452803042385e-14,-3.207278468702460827e+01,4.798474027085619582e+02,4.721227880544117852e+02,3.560430811081713500e+02,2.795129556382927944e+02,3.182126709118803092e+02,3.833073969523406390e+02,3.193757735060559639e+02,2.921658336043279860e+02,3.492616601505532685e+02,3.231788091886218695e+02,2.964574745710208958e+02,2.941746159093472102e+02,3.282371022349548753e+02,3.358807300672555129e+02,3.021545511577743355e+02,3.025509720120749648e+02,2.998900942706913497e+02,2.706774275808442667e+02,2.773310651426916706e+02,2.259401978272427982e+02,2.661759222051603047e+02,3.314101485493246173e+02,2.990361114001510714e+02,3.459562792934199251e+02,2.736397409945894310e+02,2.730828858778723998e+02,3.392181775179436158e+02,2.857492269814717929e+02,2.546470940434235217e+02,2.463670080468041874e+02,2.398199145139671487e+02,2.487726336285064122e+02,2.610852743755013989e+02,2.141107384368741862e+02,2.241177732751815483e+02,2.488016818936789605e+02,2.272330438200181391e+02,2.524107852353378121e+02,3.475463208596890752e+01,2.837385341701510910e+01,3.601584439358636587e+02,3.401027601368424484e+02,3.014923461156013786e+02,2.591432291825533412e+02,2.997623157903045126e+02,3.230344850994941908e+02,3.327028582840675881e+02,4.439667909412485187e+02,3.817105099166475952e+02,3.615067587081726401e+02,2.717779664764679524e+02,3.060704337692007471e+02,2.677273224563116401e+02,2.649688383341220401e+02,3.148818500523912007e+02,2.354465000211469601e+02,2.339357200511488486e+02,2.801738304681884415e+02,2.797273055712126961e+02,2.602343559949586052e+02,3.448847489046936516e+02,3.497895755692216540e+02,3.505021112774456356e+02,3.226665101123088562e+02,2.917975394038620038e+02,2.775868211354001573e+02,3.169496294044270712e+02,2.664872370741157965e+02,2.340411919618038041e+02,2.821197334279385132e+02,2.805054742351396158e+02,2.554915326712668104e+02,2.956850577408576441e+02,2.540394914358545293e+02,2.466606129690625835e+02,2.560676767657363371e+02,2.676202716419819012e+02,3.085410712991517812e+02,3.233079135198719314e+02,2.991496603305396320e+02,2.711050591876976341e+02,2.868722046976764659e+02,2.974380815317271640e+02,2.890381670257807514e+02,2.922471829953129259e+02,2.953825281358391521e+02,2.683274757635742844e+02,3.261006700622147605e+02,3.451313444020059933e+02,2.890450417686816422e+02,2.532558917583063760e+02,2.209607491475807990e+02,2.406815729718365162e+02,2.423009331680859759e+02,2.329854370771917615e+02,2.419097184263442841e+02,2.522312549235101642e+02,2.433006351505695193e+02,2.495084028593897756e+02,1.983728946886228073e+02,2.009024664775170095e+02,1.949430571045551233e+02,1.741879245671146634e+02,1.729768343172442826e+02,1.747301463471402485e+02,1.860891999779068726e+02,2.006627765609888741e+02,1.746442067850649380e+02,1.692866915035533282e+02,1.916549991446736101e+02,1.666147701069639311e+02,1.733591692471758847e+02,1.672732269694392357e+02,1.950469491495240391e+02,1.434550751136921178e+02,1.699758025587196357e+02,2.058624655515685049e+02,1.706110458514530706e+02,1.532906687326165240e+02,1.675256470774653792e+02,1.557756154719445760e+02,1.500328674606378456e+02,1.523408087184982094e+02,1.738572318101747953e+02,1.974416691805096491e+02,1.844733138343652570e+02,1.880092413154193878e+02,1.644749269148993847e+02,2.021057405849060729e+02,1.708971191221817492e+02,1.432314676677094099e+02,1.732105756585690131e+02,1.849089651209346243e+02,2.243917244429002267e+02,1.924541994470156681e+02,1.792162648474405557e+02,1.691044202792725173e+02,1.759847444105817544e+02,2.094627603651069023e+02,1.785065084944994851e+02,2.006804630357917461e+02,2.052292225375228440e+02,2.039222495668817032e+02,1.708530596331327445e+02,1.783758024248590459e+02,1.558757537818889887e+02,1.697378896624861966e+02,1.721199646179121316e+02,2.049204000319573993e+02,1.736687946558204771e+02,1.942523487529237229e+02,1.658088055687400981e+02,1.679590047969799684e+02,2.391529513440510186e+02,1.837600181886874395e+02,1.671086277149277350e+02,1.563317716829121196e+02,1.838369659387078627e+02,2.109682549464902763e+02,2.136518468461815417e+02,2.114128720183840926e+02,2.310087265488461696e+02,2.426478486842773918e+02,1.654453174819773267e+02,1.938343290351896258e+02,1.867136496271666601e+02,2.418893919846469487e+02,2.082041125763600178e+02,1.999990735195583795e+02,1.976675491662253137e+02,2.178623793483846498e+02,2.079959298462737536e+02,2.088468093852095819e+02,2.314843402531501226e+02,2.646606679158081192e+02,3.148955233625571850e+02,2.952019252593831879e+02,3.076716476883390214e+02,3.155915885087442234e+02,3.257410014479729625e+02,3.247890325411719914e+02,3.110028181907121052e+02,3.323693655338436201e+02,3.398419122012928710e+02,3.171209259350662251e+02,2.898664001589222607e+02,2.676882388170931790e+02,2.944554193417023953e+02,3.189618596832818298e+02,3.475178887741089397e+02,4.321702048822266988e+02,5.884570030001001442e+02,5.538807770791483165e+01,6.534856155439855740e+01,-1.830633680990644407e+01,-1.557491994601218366e+01,4.142074727162775361e+00,-9.538306295517733346e-01,-1.174863369909213917e+00,2.185857121805332148e-01,2.279317715350911155e-01,-8.962838960501610941e-02,2.692378490465304197e-01,-6.284979236012237791e-02,2.463722154448753573e-02,-3.804733950304306573e-18
-3.538615915131422619e-27,1.418202227084769595e-26,-5.450213771454711262e-26,2.125103094320136553e-25,-7.769598479737422617e-25,3.024576053174366379e-24,-1.042954026681498891e-23,3.962416320320775019e-23,-1.370035718531192682e-22,5.683607186193638289e-22,-2.197650667953259672e-21,7.328886891636406099e-21,-2.857373477668569117e-20,1.063307775046656529e-19,-4.073372870826556687e-19,1.423068483049949618e-18,-5.576315978972622168e-18,2.077377521559198861e-17,-7.703089390577685913e-17,2.979749816978733913e-16,-1.082776648580145455e-15,3.897823181496517375e-15,-1.542445007272167819e-14,5.288190314173564458e-14,3.582746168458336379e-14,4.943280660354839142e+02,4.455106146424365079e+02,3.618396633290734599e+02,2.037482900843733660e+02,2.869562506166344065e+02,3.303979882762616285e+02,3.030514455366153470e+02,2.919367577460711800e+02,3.226457452253970359e+02,3.688060062083307002e+02,3.471713317324408763e+02,2.670664363361431697e+02,2.912549100958909207e+02,2.987392755171101726e+02,3.531305890636969025e+02,3.188233562524368381e+02,3.144365694978324655e+02,2.963356745662279081e+02,2.919070187598621260e+02,2.496804302017435759e+02,2.348219832188048031e+02,2.868907877922964076e+02,2.722929453541103157e+02,2.741419534626406289e+02,2.877713630100261639e+02,2.993063050112530163e+02,2.903324201898548154e+02,2.451446000617605421e+02,2.325443452957782995e+02,2.088014008208696168e+02,1.869298862494064508e+02,2.079288986601281124e+02,2.113448643915832292e+02,2.118164153661286662e+02,2.143129286429411309e+02,2.219528987529989763e+02,2.753921334491615767e+02,2.703539819550167635e+02,2.740173729579923361e+02,2.511777981569885583e+02,2.962918970032807806e+02,4.058852077150361310e+02,2.514022801273489165e+02,4.057888571657735497e+02,3.202784705749409682e+02,2.862396139109847013e+02,2.568997157060646259e+02,2.936700246323508736e+02,2.797461546859321970e+02,3.488894797615935204e+02,2.912388884932991004e+02,4.135355799314557999e+02,2.652051679554063526e+02,3.199545756572331925e+02,3.082454689675524264e+02,2.798699828884668932e+02,2.858018780754686645e+02,2.896646765208385546e+02,3.097899321859342194e+02,3.343680028505046948e+02,3.427517216614224367e+02,3.083684679714908725e+02,3.445566210479590268e+02,3.398542460903061624e+02,3.126056049246956832e+02,3.098492604271888240e+02,2.776752152708345989e+02,2.810049545706386880e+02,2.505947480159592260e+02,2.665433579333997614e+02,3.006981109128026901e+02,3.036255285279728469e+02,3.013328493424685348e+02,2.577363403121082115e+02,2.732547765503650226e+02,2.561728054715144367e+02,2.582210380843731627e+02,2.754932926987466999e+02,2.715230651009712233e+02,3.421544627214849470e+02,2.520015483495623130e+02,2.528569558295590980e+02,3.066869786424342692e+02,2.774331651524960307e+02,2.840654250964510084e+02,3.029295831673860562e+02,3.019105894302106208e+02,3.653458898046067702e+02,3.419710207091316647e+02,2.706211815266105418e+02,2.172734925468353708e+02,1.989698524390210821e+02,2.281702180561582907e+02,2.149366829064654496e+02,2.298149062744377318e+02,2.317620707991245013e+02,2.310704098583176176e+02,2.093210429005022490e+02,2.015940735292471402e+02,1.800004264811601047e+02,1.806788315726140297e+02,1.588244603444462086e+02,1.745361519398395842e+02,1.858921760572758330e+02,1.800474464228267095e+02,1.860897318029960843e+02,1.926977076258620514e+02,2.040656889339573468e+02,1.686783635215043944e+02,1.951674385342396363e+02,1.738373067402604306e+02,1.664514750002081769e+02,1.594257496724524401e+02,1.737146803072349428e+02,1.734702507459038259e+02,1.946079741586097214e+02,1.831718495007230842e+02,1.712687854546592803e+02,1.647065517361854745e+02,1.646137272403949225e+02,1.533772292405922428e+02,1.493904202781608888e+02,1.537507873240307390e+02,1.738790181702957227e+02,2.044549488004069246e+02,1.696046225038201385e+02,1.568325687213459219e+02,1.546188012852425686e+02,1.635848897568752705e+02,1.827926175576061212e+02,1.535540335302713117e+02,1.574409181879693449e+02,1.578854513586450423e+02,1.648808786009767573e+02,1.744840736482994430e+02,1.633463375438051628e+02,1.780347172984697011e+02,1.912540293463698902e+02,1.755408342782532429e+02,1.611761432801277465e+02,1.538911941604000901e+02,1.726010539498912806e+02,1.746971916067376185e+02,1.510667745858894193e+02,2.139751341773501281e+02,1.538439918352722771e+02,1.719650581861756109e+02,1.511711267237826348e+02,1.671249752723571760e+02,1.761290783279783341e+02,1.588081315389930523e+02,1.653998520130171244e+02,1.732625014215883539e+02,1.883956559979086762e+02,2.283759619088587840e+02,1.563619825913752095e+02,1.775025521669032287e+02,2.272771831326070924e+02,1.992852844860932464e+02,2.065903709408296436e+02,2.205494217802753667e+02,2.102499877755739703e+02,2.391975577398680741e+02,2.149333654076694415e+02,2.017412909639275256e+02,2.184731867690694287e+02,2.226982210564463287e+02,2.032571914918348170e+02,1.876016538093604709e+02,1.828801522621047582e+02,1.677997978707729771e+02,2.067577755500685726e+02,2.140341394882087798e+02,2.212350442396116534e+02,2.370858826857723614e+02,2.288504614517240725e+02,2.590952082483190679e+02,2.953434306521147619e+02,3.128135236167545941e+02,3.519981181314353762e+02,2.973974372746002928e+02,2.874744612713972742e+02,2.772816030855322538e+02,3.069524481628139370e+02,2.869018901054933508e+02,2.800801475676754535e+02,2.743137339058661723e+02,2.883246264087275108e+02,3.095852517856285999e+02,3.538306185880078942e+02,4.527082593057557460e+02,4.948557339292078723e+02,5.359790484191863698e+02,6.451771178419548960e+02,-1.175083199026258864e-15,8.112581648448303930e-14,6.517551831120105056e-14,-1.536874151840132078e-14,-1.754022068365733739e-14,4.140574236587062886e-15,3.519589689434742232e-15,-1.376006931380459262e-15,3.733120932431913055e-15,-1.200365185979237198e-15,4.260376159570814524e-16,5.213340243700589432e-17
-3.036560835362148356e-27,1.302406563135412698e-26,-4.234491766481310383e-26,1.983608705091067278e-25,-6.513360588537438222e-25,2.478069198797144354e-24,-8.375598986961671527e-24,3.316982646285895104e-23,-1.281294171975318974e-22,5.012681285599238484e-22,-1.908375960319178665e-21,6.404316773670126553e-21,-2.389417959157320575e-20,8.959591806624984434e-20,-3.414775144882741584e-19,1.231421393682368847e-18,-4.445294656891495783e-18,1.760685435205698246e-17,-6.457265992710527982e-17,2.628015096750684149e-16,-9.450000153497250836e-16,3.357603991933966308e-15,-1.341522773550970481e-14,4.451954332537260604e-14,3.434691783141392118e+00,4.423095273395970821e+02,4.186986127142294549e+02,3.846745065899650058e+02,2.384133210290213469e+02,3.045896592226114876e+02,2.751345952410995324e+02,2.779673521576539201e+02,2.513589660461476001e+02,3.160267813498422811e+02,2.864425948292621342e+02,2.907024301045221932e+02,3.012855698506331237e+02,2.839765175609642256e+02,3.077009647578488511e+02,2.541684069359905038e+02,2.846817131273081714e+02,3.755962244114605255e+02,2.903376723201591290e+02,3.095152921914763624e+02,2.830367302608701721e+02,3.141677616441589294e+02,2.787007867604147577e+02,2.584610719812498019e+02,2.581331305631601367e+02,2.736050436014011211e+02,2.754320024535125526e+02,2.659979133275655272e+02,2.388811486997169879e+02,2.223287253362910008e+02,2.282225902677764964e+02,2.166736133887887661e+02,2.311387140921257810e+02,2.425584902996057224e+02,2.449719968780269710e+02,2.472639695147018699e+02,2.690866678704538799e+02,2.971769072021517673e+02,2.340917994878102775e+02,2.307113993140709738e+02,3.053881643775862358e+02,3.594401882644052080e+02,3.100562804680070030e+02,2.349519902062362462e+02,3.492167742045986643e+02,3.235160052047440900e+02,3.534811316290073933e+02,3.276995746062262356e+02,2.695616127792544034e+02,3.040495572252703482e+02,2.430989897013111261e+02,3.877522224165592775e+02,3.384603809973059469e+02,2.123268583019082030e+02,2.895206938514270405e+02,2.998392483942545823e+02,3.107975134877469259e+02,3.498306361715604567e+02,3.180164577566340540e+02,3.773182190088766674e+02,3.504823318677632642e+02,3.187821897265518487e+02,3.323035320883938084e+02,3.390997682053961739e+02,3.785205048629189832e+02,3.194411482237857172e+02,2.980887645425184473e+02,3.048039249400607105e+02,2.379206640619458994e+02,2.684223582592097728e+02,2.721167879943259322e+02,2.773848619919747875e+02,2.585341300048522726e+02,2.432636585078174960e+02,3.005321226393879783e+02,2.779988634131345862e+02,2.551786621444204002e+02,2.568187284917081570e+02,2.430461477024992121e+02,2.697529592282321573e+02,3.410669724715959319e+02,2.867378136897797276e+02,2.706996561283215215e+02,2.695465798951709075e+02,2.521205007150211372e+02,3.034417738477583271e+02,3.027618706960081454e+02,2.909997966977171586e+02,2.804917469381681485e+02,2.697542188203449882e+02,2.725754085695357958e+02,2.702322471644170605e+02,2.316909247853664340e+02,1.879321437345072070e+02,1.868455279438289836e+02,2.408997285725740198e+02,2.501667275297872663e+02,2.030426105193577371e+02,1.930529691184865442e+02,1.755452453889012077e+02,1.636359411274106321e+02,1.710418073963570009e+02,1.556396348400253942e+02,1.896770168389611229e+02,2.143199163050747700e+02,1.826674569649616728e+02,1.683171162424247029e+02,1.836246193495748003e+02,1.994265652457425801e+02,1.877988681552413652e+02,1.900657298218542337e+02,1.813839351376185789e+02,1.569402970460266431e+02,1.711446421230542683e+02,1.609852639861035755e+02,2.228349437334232732e+02,2.385177673968699139e+02,2.045446939771761663e+02,1.641207245018314040e+02,1.911876993305581891e+02,1.899253419657073039e+02,1.348802858904574293e+02,1.353078943808307599e+02,1.664272571302128938e+02,1.874430259959037812e+02,1.979726919713923508e+02,1.773573235356087423e+02,1.744774688398055673e+02,1.431921809808201829e+02,1.655506750148097694e+02,1.936222893869314703e+02,2.048975373071261004e+02,1.568852522924216828e+02,1.268324431980326779e+02,1.342927060847738119e+02,1.781789819786161502e+02,1.378461628279042372e+02,1.462436717434416664e+02,1.496011144224279121e+02,1.549408407682012410e+02,1.951353035702455827e+02,1.569282577959854450e+02,1.778279938725893885e+02,1.713422055880490404e+02,1.511250275864174171e+02,1.744585771338339555e+02,1.486660186978240290e+02,1.547297371057772182e+02,1.491516374782100058e+02,1.433969833246306678e+02,1.487875622561739704e+02,1.831769959520029829e+02,1.498748482699701583e+02,1.613455812839159762e+02,1.986681532837294810e+02,1.830386595818623903e+02,1.579744804554337065e+02,1.811795508009509206e+02,1.568805204996077407e+02,1.783948845439839204e+02,1.959376812162434476e+02,1.825833429478293795e+02,1.985850401228965438e+02,2.007790162077574507e+02,2.301232209465083827e+02,1.878776717840900687e+02,1.832200758808878334e+02,1.876391142769428768e+02,1.971921712035758105e+02,2.553872316292697349e+02,1.822854321493319105e+02,1.734201546756862342e+02,2.068864733733610137e+02,2.127572145070706711e+02,2.071683084700107145e+02,2.239386726852902711e+02,2.275128500398016911e+02,2.068047203420763367e+02,2.508113477899615305e+02,2.836162189153558302e+02,2.981636980871978722e+02,3.354929342554873983e+02,2.947784269862690962e+02,2.807099761681446353e+02,2.715325904263316943e+02,2.508490793389804310e+02,3.175940116665769324e+02,2.756918827601379576e+02,3.227933980450517879e+02,2.945661047324438186e+02,3.157468801928076800e+02,4.145757699308152269e+02,4.227003378357959491e+02,4.828066759104898438e+02,6.029305096561211030e+02,6.000274834458220994e+02,5.334232940528949030e+02,-3.847296473062215227e+01,8.859495442968212231e+00,1.091252089137906367e+01,-2.030296638588166669e+00,-2.117105939627628608e+00,8.324982283692954343e-01,-2.500770496144805399e+00,5.837697299232950110e-01,-2.288386902644946042e-01,1.432622215100981682e-16
-3.245439910196274082e-27,1.552367596734667908e-26,-5.574430743624054121e-26,1.992746439122840210e-25,-8.059777535686009102e-25,2.846921785633929897e-24,-1.009057090026375813e-23,3.829084363968956679e-23,-1.523785855497160719e-22,5.569546329926350167e-22,-2.005129594353816596e-21,8.085603565062507896e-21,-2.731972979130277078e-20,1.053226012180133014e-19,-4.225580370505830172e-19,1.404491529219152964e-18,-5.751061693224849378e-18,2.018351615587105592e-17,-7.641957080880266383e-17,2.919999801142526137e-16,-1.099820286159097526e-15,3.795030938846310932e-15,-1.265783021892517464e-14,7.601051491277769259e-14,-1.881046769680023489e+00,4.793667885377373636e+02,3.955667742419425394e+02,3.241276415214701387e+02,3.515040981429634712e+02,2.863166333589823580e+02,3.795541194837219905e+02,3.070077787327347778e+02,2.257640196751515305e+02,3.039470342337237980e+02,3.118263370714523717e+02,2.612295084122660001e+02,2.992990244236366948e+02,2.896028944163761594e+02,2.895900892095764334e+02,2.311493590806970815e+02,3.349659089335605131e+02,3.126532294614704597e+02,2.875576185875714827e+02,3.153623135314579145e+02,2.997694317919471132e+02,2.927668597483103099e+02,2.611322793211173234e+02,2.826608627650306858e+02,2.942445616304410692e+02,2.594499151359739244e+02,2.787020409364201896e+02,2.439488704961485439e+02,2.530336896504096273e+02,2.075198304601557311e+02,2.040994559225273122e+02,2.434560680669499675e+02,2.179829361106782812e+02,2.288497657676672929e+02,2.557922521291303894e+02,2.332739724569470354e+02,2.841519587243872706e+02,2.474875683622292399e+02,2.406078423317125328e+02,2.755304297968231708e+02,2.878568334041826802e+02,3.474452395277282903e+02,2.824622292330219011e+02,2.973816115579896291e+02,3.213838452948417057e+02,3.296156618630773778e+02,3.168986011654905610e+02,3.138026508379938377e+02,3.474467035497068537e+02,3.969059887547737162e+02,4.362854325102234156e+02,3.353455766822719397e+02,3.099934458975936877e+02,2.606089659947990071e+02,2.428235798769750318e+02,2.911502010400679410e+02,3.554615669205803101e+02,3.079835075313189918e+02,3.736631797736508247e+02,3.118440476542156148e+02,3.161453888312492495e+02,3.047286977594824293e+02,3.276065302681099070e+02,3.465013654028299470e+02,3.161638011573204494e+02,3.230702006406841065e+02,3.459735785911896642e+02,3.307194464746884819e+02,2.687942256610996310e+02,2.731774458852855787e+02,2.741351394342900107e+02,2.750152096532655719e+02,2.464590954226050030e+02,2.488931992351546114e+02,2.577284767581813867e+02,2.803314051574056407e+02,3.400783730067058173e+02,2.882119048648800117e+02,3.124795273860877387e+02,3.656865003157080309e+02,2.993926572229020735e+02,3.128819093670284133e+02,2.734562282573584753e+02,2.345971531669202648e+02,2.326944621921429359e+02,2.542010745677391697e+02,2.731532400476605176e+02,3.067105888384593868e+02,2.782917573457980325e+02,2.535109054275208109e+02,2.613880981657699181e+02,2.342527332784339364e+02,2.182741035350301786e+02,2.064846925933902639e+02,2.073138369637778737e+02,2.063837654346925206e+02,2.135760714753209868e+02,2.014639644976369937e+02,1.768234751307546162e+02,1.578177847776278213e+02,1.596590626765055845e+02,1.795034212552814097e+02,1.866170960785741215e+02,1.697586631656160137e+02,1.921356646233246579e+02,1.943036612484604007e+02,1.755931565419381286e+02,1.693647962885979439e+02,1.796543741185794545e+02,1.990512409786581145e+02,2.010112982559124646e+02,2.004339046587900555e+02,1.882467354878087349e+02,1.887467609499706782e+02,2.057127296127166574e+02,2.150726497555656067e+02,2.163504389814728199e+02,2.305697991053023088e+02,2.072056675200140603e+02,1.859046482540199179e+02,1.883891864270123619e+02,1.639969892529701099e+02,1.393927040222075675e+02,1.835918355387677252e+02,2.095233888317727633e+02,1.882452374009289997e+02,1.915113252617293256e+02,1.773183484049973231e+02,1.735109050428926878e+02,1.914251547579691533e+02,2.012571064061841355e+02,1.790460240370431393e+02,1.537541510837668000e+02,1.249929983628771879e+02,1.508017639624334265e+02,1.682314767300700566e+02,1.475745001564484937e+02,1.535982533159635750e+02,1.503648614618290935e+02,1.664160258741270582e+02,1.769014737420966128e+02,1.728376356374519958e+02,2.038820213072254148e+02,1.659263472422287009e+02,1.618212677234005241e+02,1.666514972238165910e+02,1.492066713373146740e+02,1.568864289958778784e+02,1.654066269564947902e+02,1.432767078696278418e+02,1.608429226478972396e+02,1.722280772942295357e+02,1.550749463846861431e+02,1.508530122788287144e+02,1.762471595063969119e+02,2.095372917147601584e+02,1.728173778316037783e+02,1.730588023144517535e+02,1.736478413408641188e+02,1.716387542924582590e+02,1.658398947571775466e+02,1.965606336156658074e+02,1.990595045954442526e+02,1.755419033594979226e+02,2.060111479689987277e+02,1.794543210343678368e+02,2.157290827353887721e+02,1.954380195435525138e+02,2.192775070414878371e+02,2.120564178812892067e+02,1.859835229170386697e+02,1.978315945194108849e+02,1.881179374423417414e+02,1.851253640821720126e+02,2.088792498949598269e+02,2.862313566090905397e+02,2.449058247157996107e+02,1.740533662625847739e+02,2.192599016841655271e+02,2.292454547679617178e+02,2.658437314294249632e+02,3.186506078504537527e+02,3.270991428011476501e+02,2.880307619620120363e+02,2.227972270159375228e+02,2.960356468086019959e+02,3.216845590648604798e+02,3.114120235285905096e+02,3.066007382613337313e+02,2.902951427132031199e+02,3.025179439925378233e+02,3.519147341238546005e+02,3.720749815287322804e+02,4.319241378351675849e+02,4.370857824405471206e+02,5.446462548573356344e+02,5.892476615156090247e+02,4.462756096897469433e+02,-5.027526602831128599e+01,-6.192563610256562612e+01,1.152139016025140528e+01,1.201400971534748230e+01,-4.724204687365543442e+00,1.419120341319458412e+01,-3.312737013083902671e+00,1.298598334936698073e+00,-1.528847381371540452e-16
-4.245148062619913989e-27,1.497071790091353873e-26,-6.398071647465166178e-26,2.198485410612206207e-25,-8.418686870877225236e-25,2.616905833805940263e-24,-1.206852239458169728e-23,4.176038757757182407e-23,-1.534220642671686604e-22,5.344979467730782916e-22,-2.357628179086560105e-21,8.272320587708178885e-21,-2.825011233408707617e-20,1.220393646081498709e-19,-4.430725662718332485e-19,1.480420794554695905e-18,-6.124049717754727230e-18,2.091852449906256480e-17,-8.368934308019470236e-17,3.079841560902944868e-16,-1.017492499279232026e-15,6.293814754214785545e-15,-2.513615055803080707e-14,-2.850272735804330909e-14,3.664039928257569190e-01,5.174471310630434573e+02,4.293949048620460189e+02,3.225455892118939119e+02,3.317644467824676440e+02,4.495287565670637377e+02,3.549657986011359867e+02,3.317072688341581284e+02,3.037909173784632344e+02,3.404663696549534393e+02,3.388108946729354329e+02,2.893717175674860869e+02,2.780849950325610394e+02,2.471444954745343523e+02,2.737152409968276743e+02,2.565931034907447952e+02,3.370567362505176447e+02,3.395039874085560427e+02,2.825674366787853842e+02,3.317275842594845585e+02,2.537224047336078456e+02,3.235324554036226345e+02,3.272058323140794869e+02,2.304256244740853674e+02,2.752005276303734149e+02,2.468886801569425131e+02,2.214168678131602803e+02,2.466737815530084958e+02,2.507266762186906419e+02,1.961141984774043578e+02,2.179994809230161081e+02,2.338906265667067714e+02,1.896907117424635487e+02,2.173215353658240190e+02,2.413793675022118919e+02,2.302836509607445521e+02,2.401892144804020859e+02,2.616032838970842818e+02,2.348192553004085141e+02,3.084826795345986170e+02,3.188803304885697685e+02,3.485990278037918984e+02,3.213878233493970242e+02,3.523118791760526278e+02,3.521984186943868735e+02,3.108692346622038372e+02,3.065416350773916179e+02,2.687224238845301443e+02,3.697984741995838931e+02,5.832167645906782809e+02,5.205927172139487311e+02,3.526749014243732177e+02,3.027458597463352135e+02,2.649882465010102237e+02,2.299447778388605741e+02,3.061433288600449600e+02,3.506531797216574660e+02,3.794050657090333516e+02,3.713584606522691161e+02,3.017263974353881508e+02,2.884701920341398704e+02,3.118458471409844606e+02,3.078969451186248421e+02,3.012614941913846565e+02,2.682055719069560382e+02,3.208119629484186817e+02,2.938793906801501521e+02,2.599582381477875970e+02,2.951732521539606182e+02,2.756911471509969260e+02,2.668356198185160224e+02,2.791166115370918419e+02,2.646480944731605973e+02,2.585928551722333850e+02,2.930010585300745447e+02,3.348824679752905809e+02,3.389956157363064904e+02,2.682652985113343220e+02,3.259017751888765702e+02,3.676286451905450008e+02,2.825961240302427768e+02,2.790793676131789312e+02,2.322384590693249891e+02,2.189338262157895088e+02,2.344547714580739353e+02,2.260243841482878793e+02,2.379348108412127374e+02,2.833622344694302342e+02,2.653637796722916846e+02,2.269508125103039333e+02,2.287439452948734981e+02,2.006534088870795358e+02,1.905349839427016718e+02,1.965119434557370539e+02,1.907522226381735777e+02,1.869282771821828817e+02,1.776878485336315521e+02,1.832368338942831940e+02,1.610597021546200267e+02,1.457921207931995866e+02,1.813128526389156434e+02,1.856109538268028132e+02,1.523931213743736350e+02,1.388969582196387194e+02,1.965550217129062389e+02,1.898654142161053073e+02,2.035908421425249060e+02,1.864881663850618168e+02,2.055948772526595008e+02,2.066216010323007595e+02,1.943230860240553284e+02,2.242144491576890744e+02,2.191055526251556955e+02,2.125961178085664756e+02,1.949986458187638618e+02,1.885074163621217451e+02,2.084375095774262547e+02,2.487360083665086279e+02,2.270984863947298322e+02,2.176013604129295800e+02,1.820662276810949720e+02,1.720270763250551909e+02,1.631543064036010833e+02,1.650724893631478380e+02,2.147907009135178669e+02,1.654175892579139600e+02,1.759455330589787252e+02,1.738397286529428527e+02,1.811746300376273666e+02,1.770035511696301000e+02,2.160338199242944199e+02,1.573028937859773180e+02,1.628438817091519297e+02,1.461848721896090524e+02,1.545176969461149383e+02,1.478797020027231497e+02,1.712840708506732028e+02,1.592684809060654061e+02,1.881265565499895160e+02,1.671279412921305436e+02,1.503009826354644360e+02,2.089091150386055347e+02,1.560616564935171766e+02,1.717252484295059105e+02,1.582724048678574036e+02,1.527363130652276197e+02,1.558620876922717571e+02,1.626378142213545175e+02,1.667039984311602723e+02,1.877648139885831711e+02,1.635553483299645734e+02,1.510810600144961313e+02,1.743562915222214258e+02,1.996096764200385678e+02,1.620160781823965976e+02,2.090827204064345040e+02,1.799415603726072561e+02,1.793362936710393853e+02,2.145475835944768619e+02,1.887575697530352841e+02,1.746006511022284258e+02,2.133568853186790193e+02,2.030029703822734461e+02,2.207203858932444120e+02,1.920562180623622908e+02,1.806418754217109495e+02,2.307633523300306422e+02,2.058825128000438553e+02,2.067228341955550093e+02,1.828058089472561392e+02,1.806866905847952012e+02,2.063811541044359501e+02,1.907110437635750202e+02,1.778509211186852497e+02,2.083432462660603903e+02,2.591056496927225794e+02,2.308351331800477055e+02,1.967107298481862188e+02,1.807491403808836594e+02,2.024623896885717329e+02,2.428914139631121714e+02,2.876375422304075755e+02,3.219767850383476571e+02,3.058969860491311579e+02,3.127302149150730202e+02,2.949734534358434530e+02,2.997053069591580652e+02,3.001461732967698026e+02,3.098759399829439758e+02,3.450712646897411560e+02,3.119066404241208943e+02,2.832766010471018490e+02,3.023281045836093313e+02,3.508323225071604838e+02,3.440332295029073180e+02,3.483856722913924386e+02,3.798521410718193465e+02,5.449634716540462023e+02,3.175095113729502714e+02,3.917758521645139922e+02,-4.684676759053274253e+01,-4.884979270183874434e+01,1.920894232040224736e+01,-5.770241254579600110e+01,1.346981733818057414e+01,-5.280190458275809462e+00,6.188022851279410311e-15
-3.641392110432741651e-27,1.414003142430530415e-26,-5.618146229078257836e-26,2.317146682242646210e-25,-7.432477754204944739e-25,2.781666111805029033e-24,-1.075015495119324907e-23,4.170529385614918628e-23,-1.418021549068637819e-22,5.490779732290672477e-22,-2.233180750320858975e-21,7.625120406343242839e-21,-2.871397840583074883e-20,1.176731212698491648e-19,-4.311788365960736052e-19,1.458387942871315474e-18,-5.419313593834274058e-18,2.189260353624027996e-17,-7.445326512647975583e-17,2.874401050523372464e-16,-1.113579491771606797e-15,-2.434612325795653302e-15,1.217388808364851072e-14,3.342911690498117246e-13,1.187543201926782421e+00,5.123385943291008289e+02,4.755170740580107349e+02,3.529429374931445409e+02,2.960672270120399503e+02,4.921491608580769821e+02,2.761841469063357408e+02,3.124669697742382937e+02,3.474008673125821929e+02,3.077481106063657421e+02,3.197648758956349866e+02,3.199249464999477368e+02,3.025181683197792495e+02,2.917212804457735160e+02,2.741876389009819377e+02,2.744834839848908814e+02,3.241709554256372599e+02,3.101857244680027179e+02,2.988078656617137767e+02,3.235223491046916138e+02,2.631540064152764558e+02,3.164654471411801637e+02,3.213637587020797355e+02,2.436237224691948313e+02,2.364112797525904455e+02,2.371003631904219731e+02,2.329054208385003619e+02,2.721975162943720079e+02,2.663757887255090395e+02,1.906606578317860965e+02,2.491763654008841513e+02,2.125898120709197485e+02,1.996632175464641819e+02,2.646284946109125826e+02,1.878633141942582654e+02,1.965147285533078616e+02,2.610735639010426326e+02,2.859836216909924360e+02,2.647897996116504373e+02,2.846183242195813818e+02,3.697428401874821020e+02,3.395640680087312262e+02,3.549362614149611659e+02,3.448788007885488014e+02,3.531993059788038636e+02,3.427800067746741206e+02,3.376615360519241449e+02,2.485435830364802143e+02,3.516486411547978719e+02,4.801706825157841649e+02,4.208923869434942162e+02,3.873009493440400774e+02,2.801246006380859512e+02,2.744925559977056082e+02,3.072395959760605137e+02,3.427669390048038167e+02,3.068145358598709436e+02,3.662759704605858246e+02,3.578726668504687041e+02,3.351284884232832724e+02,2.824047777955853462e+02,3.251144899109007724e+02,2.853040517198684825e+02,3.062409812422147866e+02,2.607025270114314708e+02,3.117748886778004476e+02,2.235320586496167152e+02,2.839756359191348452e+02,2.925821546557638158e+02,2.785832838879754263e+02,2.913611602609514080e+02,3.042447364117653592e+02,2.775397982585944874e+02,2.832510109635487652e+02,3.469481867370296868e+02,3.529564177551947068e+02,3.127937654285256031e+02,2.935940097288964239e+02,2.984939166848906211e+02,2.998078820572339396e+02,2.619961387742802117e+02,2.472514601232693963e+02,2.289772956140116378e+02,2.487683095672427100e+02,2.548115577230071267e+02,2.494951735050483705e+02,2.529248779562077516e+02,2.506278489025436045e+02,2.121301662821390721e+02,2.084624974003178579e+02,2.000983068367881970e+02,1.958040125001958245e+02,1.984717339345151288e+02,1.754200476962476785e+02,1.740242308940822511e+02,1.952930364226691609e+02,1.762604793842060644e+02,1.744312674243842594e+02,1.828905666044934719e+02,1.660788329232018441e+02,1.752134324349755161e+02,1.690398495731260198e+02,1.777693415709372857e+02,1.843518057166718052e+02,1.964683289868283111e+02,1.946099249412255574e+02,2.000412055715923998e+02,1.906010762188642218e+02,2.201571619468886922e+02,2.329531528042660966e+02,1.914294993176156083e+02,2.087331965023749945e+02,2.349886180349948006e+02,2.355196825741278133e+02,2.127332881517290275e+02,2.424439526323990037e+02,2.382389673020850012e+02,2.449238616904733021e+02,2.381094719421690797e+02,2.010921751939190756e+02,1.725831798190987172e+02,1.722792695257431888e+02,1.865366550438047284e+02,1.636336061562354871e+02,1.671536840767996637e+02,1.573579527343047175e+02,1.669602761666568824e+02,1.696185371749752733e+02,1.833773111057272445e+02,1.553277090763629644e+02,1.831741608185332666e+02,1.651200528512081291e+02,1.869986278571938954e+02,1.844945517462266480e+02,1.448869506234525204e+02,1.511779630225495339e+02,1.738614960863408783e+02,1.589231028219430470e+02,1.960381938292950679e+02,1.679244137527505529e+02,1.723089444088705022e+02,2.122498951431513774e+02,1.447858731664543939e+02,1.885838705695782664e+02,1.652860752302356389e+02,1.680365833410702407e+02,1.618023845623476120e+02,1.742069312133694439e+02,1.534607714006791639e+02,2.160965564106234353e+02,1.867613921393365217e+02,1.578999890197212039e+02,1.856621287577659132e+02,2.166909387074538813e+02,1.649473083415419410e+02,1.791016165821374386e+02,1.807227812056451342e+02,1.961036705664460555e+02,1.915965712385718120e+02,1.947609766363877100e+02,2.040194351479960346e+02,2.233007334305252414e+02,1.964688328076379378e+02,1.957674623632850341e+02,2.223995261315340315e+02,2.142767968517009081e+02,2.112082757559798267e+02,1.915650968677244634e+02,1.875181040156467702e+02,1.970190319087391515e+02,1.699546443259427519e+02,1.874398590864164760e+02,2.037273704637037781e+02,2.218540144068916220e+02,2.332306598517079976e+02,2.288985527371214914e+02,1.963877215842844635e+02,1.874288633470293632e+02,1.737117783098562143e+02,2.071603796470776047e+02,2.302759585174602250e+02,2.565437319956488977e+02,2.998725524761347856e+02,3.323446308534860805e+02,3.693517736279729888e+02,2.882570268014466706e+02,2.922626423791854222e+02,2.744816700503652100e+02,3.160610069630139378e+02,3.345514947616446761e+02,3.450462102241459093e+02,2.773344649136034832e+02,2.851991393590005259e+02,2.897010557407891156e+02,2.949153606114367676e+02,3.069438097982279032e+02,3.535000560101303222e+02,3.901989698340167365e+02,5.385986244326819588e+02,6.709566193963067917e+02,2.074808522534510757e+02,2.180557181538170823e+02,-6.505246635052159832e+01,2.576728159048221301e+02,-4.561650633980962510e+01,1.788174519877156499e+01,-1.311826585609697659e-14
-2.527007499955379354e-27,1.450145274409029179e-26,-5.796529304966241273e-26,2.064671280752676137e-25,-6.742496525835695552e-25,2.817687876872268577e-24,-1.096566351499997121e-23,4.101588561471755291e-23,-1.532012765204393689e-22,5.441562181289403418e-22,-2.062611277515021543e-21,7.808032107275168894e-21,-2.618174077904411582e-20,1.183065129270723764e-19,-4.081337349147509590e-19,1.477276614407962583e-18,-5.525536678187473988e-18,2.065028108675956353e-17,-8.042983813997780564e-17,2.850770894289904994e-16,-1.079665209223845794e-15,2.278355927799621276e-14,-9.382933018648648778e-14,-7.485045370407229954e-13,-4.083303107071255766e+00,4.690110619439967650e+02,4.213712073705659122e+02,3.452037795932575364e+02,3.109050586153041422e+02,3.837709235611981171e+02,2.973185944776254246e+02,3.314126320453856920e+02,3.375508517291048065e+02,2.541796901713822194e+02,2.948544518293059014e+02,3.488359933242831517e+02,3.472606655607963262e+02,3.613219588066794472e+02,3.165356287031723355e+02,2.949670708168381452e+02,3.073249460375099034e+02,2.357814924695982768e+02,2.923983678169723248e+02,3.367479848104758275e+02,3.260745636140239299e+02,2.806014548575578829e+02,2.527968054129038364e+02,2.658070542831855505e+02,1.971432283580156763e+02,2.176812551004227885e+02,2.714453471027204046e+02,2.674465387792848219e+02,2.860898059563801894e+02,1.901752465645259065e+02,2.422768490909961372e+02,2.213220350544300175e+02,2.225270979003432217e+02,2.687831945766621971e+02,1.849133445274634369e+02,2.247703112890335717e+02,3.092843391600534346e+02,2.801819424692641860e+02,3.369574050920294894e+02,3.510434890474880945e+02,3.615639828513054113e+02,3.181005214030168418e+02,3.330596832077470140e+02,3.006181034811382347e+02,3.954860420850893661e+02,4.671326721378917455e+02,3.679806233929490418e+02,2.702574129227025423e+02,3.547811310726458487e+02,3.163719742291876855e+02,3.436406660598648841e+02,3.447259949853818739e+02,2.855646800357046686e+02,3.174877333342468546e+02,3.730999370823118966e+02,2.823699071661086464e+02,3.035699565792064618e+02,2.969079047443923400e+02,3.530816950323724086e+02,3.340477230586059818e+02,3.160965578839183650e+02,3.254734801165117233e+02,2.646474288297787893e+02,3.021657572882747331e+02,2.701693501397085697e+02,3.246395106583264010e+02,2.641533176205927589e+02,3.216192441241228721e+02,2.648147682644011525e+02,2.697684369299627747e+02,3.056171275126307023e+02,3.158626208083219353e+02,2.679554251402362297e+02,2.782273048535338944e+02,3.109556362259892239e+02,2.997913670063918516e+02,3.519008772620749141e+02,3.230028175365187053e+02,2.858072146025315874e+02,2.673654423505523710e+02,2.242097532497716657e+02,2.425026174388015363e+02,2.623908964632102538e+02,2.619211714926116201e+02,2.542124012143863183e+02,2.621932581511537137e+02,2.905731733062539774e+02,2.405657665042841984e+02,1.939664807562220119e+02,2.039092128307791256e+02,1.840131193341291294e+02,1.974069607537202842e+02,2.199211725780003519e+02,1.864429706349351648e+02,1.617227122776334625e+02,1.899279843083071455e+02,1.802033863371653126e+02,1.667113860767512392e+02,1.780059818930753011e+02,1.821154613776899680e+02,1.545803409953004461e+02,1.544297058300309118e+02,2.108430345883588757e+02,2.522061528749619868e+02,2.145795746081383015e+02,2.045802790091798613e+02,1.733168301650563876e+02,2.026355595421234739e+02,2.283602015025003027e+02,2.318959707408550912e+02,1.947082850180551077e+02,2.245859662265351631e+02,2.519662499467620194e+02,2.412062868059479115e+02,2.457854430630007698e+02,2.978496596437287280e+02,2.521874013840483428e+02,2.562725456070789392e+02,2.373386626483708994e+02,1.837945740626452675e+02,1.639018104703182814e+02,1.872656043471088481e+02,1.899878596902927370e+02,1.797096069770475992e+02,1.387931172424990223e+02,1.587041838604697261e+02,1.590654744465971646e+02,1.587094883874167124e+02,1.913416232199355989e+02,1.537788424928573363e+02,1.591658753774993045e+02,1.836043526660326393e+02,1.858079961935088988e+02,1.941075450509677864e+02,1.656581553964372517e+02,1.518099444331014070e+02,1.696396200223120729e+02,1.832079840901332943e+02,1.718932010334380607e+02,1.572468317188778144e+02,1.857043964459015228e+02,1.951833172301510331e+02,1.899112041041427403e+02,1.849845414955986485e+02,1.687018908097120402e+02,1.772053062766880487e+02,1.647544303004396227e+02,1.777965473952552315e+02,1.728536344847232442e+02,1.789904850916967689e+02,1.990848660863887005e+02,1.712297923479410429e+02,1.840950281097615857e+02,1.692280666337690036e+02,1.812277011505994722e+02,1.849440797310016649e+02,1.665445272929661655e+02,1.934060250457230836e+02,1.585840228097353872e+02,1.805329061671345130e+02,2.044351313439065336e+02,2.055046085340076161e+02,1.862381427176404998e+02,1.574483765472517121e+02,2.215586863760327674e+02,2.445970384337361168e+02,2.011604451039436867e+02,1.891831580285139580e+02,1.982659594415739548e+02,1.937212655833921815e+02,1.644324985649643907e+02,2.014908841703373525e+02,2.004065192906526534e+02,2.459963320053757911e+02,2.461628783667998732e+02,2.303801151348304472e+02,1.837506578923238294e+02,1.934366699857237393e+02,2.072613696240994443e+02,2.189185465163639037e+02,2.046977831658622335e+02,2.041890048451386406e+02,2.560482811643983041e+02,3.051226761613264671e+02,3.204619158212776142e+02,2.935258671956690932e+02,3.049037612921446794e+02,2.886062245310669141e+02,3.079194966666178175e+02,2.807247629135857210e+02,3.311822622154930968e+02,2.953579492699910816e+02,2.822402782539651867e+02,2.835234633283880612e+02,2.853565067475615251e+02,3.000995306463598240e+02,3.934886677004732292e+02,3.440918491459310644e+02,4.132469535276721899e+02,4.980142835210015733e+02,5.064189334941387415e+02,5.636486722213595613e+02,2.123281230003202893e+02,6.686502371357402126e+02,1.524387939896183184e+02,-5.129592987311101382e+01,-2.452857300424638655e-14
-3.333544978850003714e-27,1.729070721164676582e-26,-6.101092145864712163e-26,2.375950829042992840e-25,-9.011833910751400134e-25,3.204469051852446183e-24,-1.289735420660747208e-23,4.371428537049384216e-23,-1.768619629983935387e-22,6.637852654113648945e-22,-2.379637810600117560e-21,8.645075691706912077e-21,-3.452835119995175025e-20,1.279562429483531739e-19,-4.451623081570008720e-19,1.896056143337651360e-18,-6.331628108223443636e-18,2.291884838941452347e-17,-9.278071472632740876e-17,3.340280671106471288e-16,-1.275369727913206826e-15,-3.879568402570814722e-14,1.623986663742283130e-13,1.915393743541094810e-12,9.491434848456622220e+00,5.786845233409425191e+02,4.131695785587215255e+02,3.763546647100233145e+02,3.098215367559251945e+02,3.652882489082221014e+02,3.368829669144990930e+02,3.556944397163430835e+02,3.524942209261457720e+02,3.087010886439555293e+02,3.036074490742839771e+02,3.380660022794833139e+02,3.372145009832521509e+02,3.232947046938970175e+02,3.567507920960740080e+02,3.138563145023395009e+02,2.719033559109343514e+02,2.640165769999723011e+02,2.522949580524836790e+02,3.471922977975431195e+02,3.124319447381008104e+02,3.087569125013832263e+02,2.717360646999972005e+02,2.407390978231159409e+02,1.889141786371461933e+02,2.090862856971845360e+02,2.249729392391022600e+02,2.389629898639884402e+02,2.678308771575149763e+02,1.993213789688803672e+02,2.399826110718463212e+02,2.736101461247304769e+02,2.233920055614873661e+02,2.085138956200174505e+02,2.429333503592391708e+02,3.176532239927628893e+02,3.017166481678829655e+02,2.927055422652645689e+02,3.313294423482809066e+02,4.055070077585547779e+02,3.324018417881346750e+02,3.021247432547887115e+02,2.828720142443338545e+02,2.854157735171351078e+02,4.475124594615537035e+02,5.124662551678602540e+02,3.649323400172115157e+02,3.305428825903490520e+02,3.569878833962758335e+02,3.783659593698596382e+02,3.287524047581878790e+02,3.182776205206892541e+02,3.527576239498221184e+02,3.384603242010336430e+02,4.555877055113579104e+02,3.244577226276417719e+02,3.660594800008262268e+02,3.496265898159263088e+02,3.672823388526231270e+02,3.420922095414145474e+02,3.349810639478230883e+02,3.046326309587540777e+02,2.550313243653178290e+02,2.645266685109921241e+02,3.104257396032929819e+02,3.416497509229466800e+02,3.056109333931390779e+02,2.578522864575303402e+02,2.484951317740911918e+02,2.717675430121948921e+02,2.747506546838963573e+02,2.969166496113195990e+02,2.563835547440664868e+02,2.729666906828648507e+02,2.726522059982798964e+02,2.650593765086936173e+02,3.474313646937905560e+02,2.805940917627993372e+02,2.694470283193090268e+02,2.478330418745255486e+02,2.032966278492582433e+02,2.441276495365426626e+02,2.812619101628706062e+02,2.413264976734553784e+02,2.309774159655776486e+02,2.571455978560761650e+02,2.841067217643059166e+02,2.250182207634845497e+02,2.144234901663076016e+02,1.812878273443509443e+02,1.665203441055785447e+02,1.865982519685621810e+02,2.030949030314875472e+02,1.881925700241757227e+02,1.456120060790738648e+02,1.729186039509613693e+02,2.044230478476832502e+02,1.798333780137001838e+02,1.467281792196501158e+02,1.647781657914717641e+02,1.613618424563742906e+02,1.651085636531882983e+02,1.688711431329808477e+02,2.294371954582155979e+02,2.387443769531120950e+02,2.131222354370000858e+02,1.821357897768567682e+02,2.342764968401532713e+02,2.345774434439436220e+02,1.969311827464102294e+02,1.957996090035801444e+02,2.612396847135801750e+02,2.560095734342286278e+02,2.340665046234041142e+02,2.470629955269508287e+02,2.782852949063491224e+02,2.366261452286521205e+02,2.564384018571476531e+02,2.141514244561353451e+02,2.174712406998107213e+02,1.648896225311508204e+02,1.844607038614956593e+02,1.843933520955870904e+02,1.766667618027405808e+02,1.579720633975187525e+02,1.508563189356900409e+02,1.562186254961952727e+02,1.551937880014301641e+02,1.751059220750852603e+02,1.637164052485849766e+02,1.915645968007819704e+02,1.972459552485061920e+02,1.764906103623879119e+02,1.502487423882349162e+02,1.806522799804024828e+02,1.520255715042116833e+02,1.603858964514084278e+02,2.013427064031955354e+02,1.777601655855245895e+02,1.451332144318085966e+02,1.714266903019552331e+02,1.920670679782788852e+02,1.867798645450907316e+02,1.760390320106270678e+02,1.518839506846334473e+02,1.336989193078057099e+02,1.794963632594532044e+02,1.750434273820539772e+02,1.922355362411006183e+02,1.458017312728403567e+02,1.774171538902084819e+02,1.558553912851861298e+02,1.813879690443390302e+02,1.437520312306960193e+02,2.134936624786365371e+02,1.967765949391762490e+02,1.573707080227866868e+02,1.919267430157594561e+02,1.508611254180130175e+02,1.828799183146728637e+02,1.648483825580344160e+02,1.672222852797477799e+02,1.976426863356861645e+02,1.972740861934835266e+02,1.817393885336971096e+02,2.229935921893929276e+02,1.938010119542257712e+02,2.017174336061113706e+02,2.131129373676691046e+02,2.072568878337050648e+02,1.909887352910592142e+02,2.260923860511624071e+02,1.840848968174592812e+02,2.047097616712348156e+02,2.096739672138812693e+02,1.948915561685456055e+02,2.049404330253831574e+02,2.374114248909942546e+02,2.162640218237932572e+02,2.134103865745497615e+02,1.699665681095284810e+02,1.896907376172716511e+02,2.538549846166145016e+02,2.781011915438388655e+02,2.598888820291940647e+02,2.841917874379158206e+02,3.096033967747667930e+02,3.010191207349520255e+02,3.097088533216582391e+02,2.932555373730447741e+02,2.913765149498543678e+02,2.898204507432153605e+02,2.902078637984437250e+02,2.799862069459885561e+02,2.951600901628928568e+02,3.132428936162320952e+02,3.489688955780015363e+02,3.244944617551487909e+02,3.629838347039047335e+02,3.817636318826803858e+02,4.087440131688796328e+02,4.874582070920669707e+02,6.295538847401727480e+02,6.106680806206117040e+02,5.901820124872583619e+02,1.237935473206160140e+02,4.271401771171998128e-14
-6.360549492372504764e-27,2.783031560025966225e-26,-9.547821039745696179e-26,3.710335691209572808e-25,-1.495291127810527688e-24,5.002506096709237709e-24,-1.861888814206456341e-23,7.237140978975239954e-23,-2.617588785496253326e-22,9.912367972282194930e-22,-3.749187307239444180e-21,1.416510659116400493e-20,-5.343960067368482499e-20,1.945218517680126764e-19,-7.296737558002381488e-19,2.731068549019181885e-18,-8.893875470649103953e-18,3.967141300932849095e-17,-1.268151608394447042e-16,5.612456633263583145e-16,-1.910034556666661899e-15,6.552205172965066979e-14,-2.691946144687599582e-13,-2.389092676613737085e-12,-1.285485243189717153e+01,8.034253833920950001e+02,6.023915235601380118e+02,4.278107786789449278e+02,3.415796112330490928e+02,3.446387076240301326e+02,3.421689075268668603e+02,2.863949671637572010e+02,3.254442603036307560e+02,3.597457353054966802e+02,3.294313909840700489e+02,2.883097443654317544e+02,2.891954416483336558e+02,2.870578060402444862e+02,3.019538304380610612e+02,3.191116442856206277e+02,2.992595666700854622e+02,2.481350823367133955e+02,2.619434303122869778e+02,2.759361716413894214e+02,2.431639659749703810e+02,2.779955270911981984e+02,3.109522399919442819e+02,3.067237542538650814e+02,2.595513762114850351e+02,2.488209807007451957e+02,2.210893239115512188e+02,2.387544068424183763e+02,2.509020309497711025e+02,2.191569996859813330e+02,2.779249661884338707e+02,3.209657507828455891e+02,2.258982632241223882e+02,2.199773270176006861e+02,2.484796235764976018e+02,2.906147661801741151e+02,3.099392081034432636e+02,3.208231448222467179e+02,2.781075042305422471e+02,2.977612131430727231e+02,3.434665793630760504e+02,2.547446364102195844e+02,2.680025292737487348e+02,2.973315860330155829e+02,3.367369860801252344e+02,3.906939551956342029e+02,2.982787538312162496e+02,3.469992767230087907e+02,3.351042593902197382e+02,3.068151903264382554e+02,3.434072339074307934e+02,3.631855047612704084e+02,3.234937975757746358e+02,4.038957659217348350e+02,4.763345989754187713e+02,4.612831246514095938e+02,3.934738473146507545e+02,3.445892304996092435e+02,3.862132138869471305e+02,3.369851425794307147e+02,2.940234334110248824e+02,2.999006314916289284e+02,2.784746510126054773e+02,3.060510594007075156e+02,3.191507883977577080e+02,3.225347270000362414e+02,2.733405000276652004e+02,2.630199105289467525e+02,2.798430599297176968e+02,3.008863311263635296e+02,2.579349813619037377e+02,2.871091832491009086e+02,2.714785582414783107e+02,3.440724424016194121e+02,2.992038856543906604e+02,2.675831757607822965e+02,2.706069825746874926e+02,2.669716148363345951e+02,2.662777286569580042e+02,2.352260287745311587e+02,2.201599732709539694e+02,2.538261656629234437e+02,2.827915439357616947e+02,2.563010038456619100e+02,2.349643207310944035e+02,2.582605221254625008e+02,2.405702268799064996e+02,2.127266283848286434e+02,2.229927984655976445e+02,1.704334084224780952e+02,1.570473325709784547e+02,1.496744531863965335e+02,1.612193139849395607e+02,1.737778578633080997e+02,1.800140886098827480e+02,1.730804943863528536e+02,2.438944768413108477e+02,2.367022588280201205e+02,1.742340546039038429e+02,1.538384755082661002e+02,1.634876860861144223e+02,1.783001995684090559e+02,1.956569251057439374e+02,1.933871223672263682e+02,2.055471689965345092e+02,2.315446755736932118e+02,2.066364097573315632e+02,2.165054263368162424e+02,1.862663390819783444e+02,1.911718229544717929e+02,2.079381536793645466e+02,2.166514146073652398e+02,2.249640432783501751e+02,2.216462972564593201e+02,2.615969993240820486e+02,2.648145746241009419e+02,2.001898558280440170e+02,1.964780384114210960e+02,2.063660508207674980e+02,1.887931946353845092e+02,1.807372193651383157e+02,1.695094329243548543e+02,1.935103650529406423e+02,1.892133071144718031e+02,1.404870633463294212e+02,1.587033323484583889e+02,1.912105093610145730e+02,1.600256438582902945e+02,1.697773210864773148e+02,1.854051210243355854e+02,1.834244528920835080e+02,1.875902324595542154e+02,2.137822290813919324e+02,1.332081401400068046e+02,1.540783890775343252e+02,1.928488622791509783e+02,1.332849699351291406e+02,1.743491838370336779e+02,2.120048034043905147e+02,1.733065083397708293e+02,1.811714120618534025e+02,1.687902220029079956e+02,1.557485006738615709e+02,1.804152778641918360e+02,1.508221111550226112e+02,1.316899155825453533e+02,1.901890504382355687e+02,1.875476938307908483e+02,1.519046681796343989e+02,1.716297953387307871e+02,1.824086483833850423e+02,1.381539215681964095e+02,1.834133080992108376e+02,1.616588621584706402e+02,2.052785911347260139e+02,1.770074901016193678e+02,1.752577024911905994e+02,2.229123443977105410e+02,1.524411024962448664e+02,2.048546370488740536e+02,1.382868486273858650e+02,1.844748501529107330e+02,2.036184370664228140e+02,1.835918220652003470e+02,1.956514199695178888e+02,2.084109417647558189e+02,1.804995616548004591e+02,1.911054270814723850e+02,2.061414232388470396e+02,2.395956462898550967e+02,2.388165362479435032e+02,2.045394558214927088e+02,1.791020859576295550e+02,1.816221329241302556e+02,1.860905907509869053e+02,1.848113246704649271e+02,2.210633323146908538e+02,2.046712871395930335e+02,1.928263125165927647e+02,2.068440252311450536e+02,2.101837931356467095e+02,2.580417646126191471e+02,2.377575277849668964e+02,2.182483639893523275e+02,2.214234980745252415e+02,3.104959838946228956e+02,3.223740559149597971e+02,2.867008297432283257e+02,2.883444214388670730e+02,3.144890660656072328e+02,3.096606425442332124e+02,2.878291652789225168e+02,3.330615739614517565e+02,3.307571956637155495e+02,3.045615236396112095e+02,2.909195070857485916e+02,3.283987201014855373e+02,3.884972139108160150e+02,3.405627794836782982e+02,3.084667879975996243e+02,3.037651215380547569e+02,3.436056879695505586e+02,3.719945494492699822e+02,4.457402043400050502e+02,5.991194815795460045e+02,6.444306691589731599e+02,3.521055267958705075e-14
-2.901258563143039103e-27,1.943103430895609821e-26,-8.895926609424190035e-26,2.701669575784135724e-25,-9.400097759348480794e-25,4.006860029006621317e-24,-1.363986426812383619e-23,5.137977765604174303e-23,-2.051141361568915582e-22,7.095197628677065675e-22,-3.016776719538539412e-21,1.019291681281178840e-20,-3.309620932180996080e-20,1.958837868855521798e-19,-4.387308136308162216e-19,2.101140553880464972e-18,-7.152679772526914569e-18,2.694325940522139547e-17,-1.006203578483586765e-16,2.888019981893729375e-16,-1.915010478993977761e-15,9.460701407770966053e-14,-3.868381199608438030e-13,-3.735697863107071309e-12,-1.966256171756812421e+01,6.144979878984412380e+02,6.452812555577502280e+02,3.734189993386812034e+02,3.800746349221466858e+02,3.443729633424080134e+02,3.364255034535266873e+02,2.851696437697265196e+02,2.655381306918577025e+02,3.404758881892602744e+02,2.825115818244386219e+02,3.453345973979124324e+02,3.024553846458676958e+02,2.901278778698820133e+02,2.556336756429234356e+02,3.029336319734899234e+02,2.981479423633591068e+02,2.121366341716888826e+02,2.688644032335778320e+02,2.799130161041886140e+02,2.131180001222599856e+02,2.302186210533423036e+02,3.233886328833123116e+02,2.709026461404013730e+02,2.851854243270901179e+02,2.733519830522170651e+02,2.488165183927666533e+02,2.358588208756217171e+02,2.547153111824213738e+02,2.521290021987597640e+02,3.070409789426763609e+02,2.992098466088934288e+02,2.425181369335811610e+02,2.815186674319936060e+02,2.641549308460140537e+02,2.813562883294732160e+02,3.197994421234607216e+02,3.543415269247213359e+02,3.372462334043361807e+02,2.699837790845905943e+02,2.946021017093905812e+02,2.897291711714889288e+02,2.338837155835936130e+02,2.568983088546756335e+02,2.261940325960568998e+02,3.292367222761552625e+02,2.936378956381656735e+02,3.141767712053731429e+02,3.262243590927935202e+02,2.910970718653276776e+02,3.477067288773087625e+02,3.871519074776640537e+02,1.041679988456104589e+01,3.967027498616197363e+02,1.572410926414467092e+01,1.601965541142567773e+01,3.150973157927948591e+02,3.008804108289466512e+02,2.644994170937683293e+02,2.750083221458388039e+02,3.136648388908071183e+02,3.330160554790342644e+02,3.612869917203726686e+02,2.697364956537797411e+02,2.580833829160744131e+02,3.149862070809285228e+02,2.860633685433135724e+02,2.397147381273945541e+02,2.442156408414968496e+02,2.884345668725417795e+02,2.541806102283748885e+02,2.487402879305233512e+02,2.733942590066980074e+02,2.836243988706760319e+02,2.924876429652666161e+02,2.381863523795748563e+02,2.596082671379559770e+02,2.466919785295825704e+02,2.648699446548654350e+02,2.765966418592784066e+02,2.669781773334013337e+02,2.411317077818424934e+02,2.346031766109663010e+02,2.331152577412786684e+02,2.362773212965894061e+02,2.234909920201486955e+02,1.992848634320084500e+02,2.025589769148939467e+02,1.980342211810319668e+02,1.622703636225813000e+02,1.769756565387231149e+02,1.711973928480470875e+02,1.690339094964281514e+02,1.889504924290711472e+02,1.919641964182824836e+02,1.795238703101340150e+02,1.985459647037598074e+02,1.918763455789535328e+02,1.696633629283078051e+02,1.592694385090728986e+02,1.645230360259439806e+02,1.820944999491738656e+02,2.312125145177203649e+02,2.521934642390735064e+02,2.459379975651840482e+02,2.086798710256449283e+02,1.848615421295788508e+02,1.985290384664039038e+02,1.843835235549275069e+02,1.930086995826844714e+02,2.217816764926521103e+02,2.262214402069182029e+02,1.908664127261398278e+02,2.105532363059834609e+02,2.012921474308927827e+02,2.474830721108891964e+02,1.727258785726708936e+02,2.090044848247218283e+02,1.872755168726580735e+02,1.832956643033120088e+02,2.232735216450344069e+02,1.716482052960548401e+02,1.994460849817842245e+02,1.968258914695419435e+02,1.453967950246695864e+02,1.804372330880975710e+02,1.872893646995135271e+02,1.536862100577927777e+02,1.968036197704263657e+02,1.904696922114403606e+02,1.559752916123419197e+02,2.023638109672990595e+02,2.296168464855583409e+02,1.966437278029069091e+02,1.725953323151928771e+02,2.061210689913478404e+02,1.425620712120525013e+02,1.562710464648368998e+02,1.912598480434742783e+02,1.745288120708061399e+02,1.643040964552011189e+02,1.610629019473487631e+02,1.561552531796732239e+02,1.497545395262729926e+02,1.638282688696753837e+02,1.848797481249457917e+02,1.601597133213597317e+02,1.792661084155499793e+02,1.497556833421747911e+02,1.709129210675112631e+02,1.522546096928106749e+02,1.785011253356705083e+02,1.796548345020895852e+02,1.746676815904838520e+02,1.505390992187593042e+02,1.572841555699409923e+02,1.544292902734649715e+02,2.253728628553415660e+02,1.796913831059896438e+02,1.944643191177172525e+02,1.945315619598940486e+02,2.049326135999115763e+02,1.588860784130102957e+02,1.626640199613730431e+02,1.948265498511295561e+02,2.495415504991231046e+02,1.722494052024779592e+02,1.857438387029737044e+02,1.810260372365050330e+02,2.035263537663891498e+02,2.219770657994233716e+02,2.453502450679563935e+02,2.011834675779913368e+02,2.039192122277500232e+02,1.849751157908052903e+02,1.960803519247800182e+02,2.180741541267469472e+02,1.945058568092754854e+02,2.118863558832191529e+02,2.442097846637153111e+02,2.753787961638515753e+02,3.238395366257601040e+02,5.134556252524167252e-01,-2.411545090694198645e+00,3.159694420339500880e+02,3.220484692767645356e+02,3.748782538705725074e+02,2.803679972166954713e+02,2.552321779473654146e+02,3.148569804456613497e+02,2.538083487039815509e+02,2.395639123593169870e+02,2.861080127328976914e+02,3.230727608096657946e+02,3.047565383426396579e+02,3.237438971387223319e+02,3.313834108913548562e+02,3.510232303750511846e+02,3.627916780169928188e+02,3.165412909911312909e+02,3.721922907251498032e+02,4.113901871596184492e+02,3.334263134616076059e+02,3.701856945882029208e+02,3.629142045059950306e+02,4.358971961786471638e+02,1.412541089271756107e-14
1.392911878179387785e-26,-6.177644695013861194e-26,2.284308818129509658e-25,-7.386540325374444770e-25,3.895062539708145910e-24,-9.516620932985024974e-24,4.130585397550181695e-23,-1.500199282577201717e-22,6.483161603642441567e-22,-1.971751764044030492e-21,7.993079614460239334e-21,-3.260122253966364811e-20,1.337408762137206051e-19,-3.821894829235149357e-19,1.825309792685523662e-18,-5.911080480585962453e-18,2.501740853849056385e-17,-8.559335651074080328e-17,3.407747844301595605e-16,-1.259291184712140890e-15,4.204595848979816367e-15,-1.054651515427414220e-12,4.395770274720968025e-12,4.427276643442442671e-11,5.713581972190448823e+02,5.998564118223044943e+02,4.535810404599642425e+02,4.146199093212800335e+02,3.588272753719343200e+02,3.119073073173586863e+02,3.436693483455453588e+02,3.311482994441669234e+02,2.608117970918997912e+02,3.403012402427439156e+02,3.775395293718088396e+02,3.261821162759309800e+02,3.260627453631393564e+02,3.080753832997949644e+02,2.928766042150509179e+02,2.865353335020105305e+02,2.721571312050132292e+02,2.308799501949907551e+02,2.127330140221682768e+02,2.595763768789984738e+02,2.121309443769704046e+02,2.387616954533498586e+02,2.880994567787458323e+02,2.458412212339326572e+02,3.186883071069307789e+02,2.500525126576793014e+02,2.750728988030178357e+02,2.372656512442157180e+02,2.066875243275888465e+02,3.003151230203700948e+02,2.728611725417159732e+02,2.308908601562272622e+02,2.513003080505874891e+02,2.925213248639752806e+02,2.487949939637702528e+02,2.741854695814971024e+02,2.782235163691842672e+02,2.811834908251622096e+02,3.127339970422663669e+02,2.822953161631726289e+02,2.485134072640990439e+02,2.775667456025818183e+02,2.455059626925017540e+02,2.817179478009242075e+02,3.155477779895081198e+02,2.801275699521549427e+02,2.866183946061213419e+02,3.390985952582155392e+02,3.473672256467185093e+02,3.675142362532140510e+02,3.820443108707029864e+02,6.438099400652102133e+01,-1.475681032156132311e+01,5.118239603594201270e+01,-2.073568206653505541e+01,-1.950374529904491538e+01,3.341486616155788170e+02,3.072809333006995871e+02,2.705787855475354036e+02,2.629955111434696278e+02,2.957440725854256129e+02,2.660000101923250213e+02,3.425022511913530820e+02,3.359466376785822490e+02,2.944278071742518250e+02,2.916350786634502583e+02,2.520208513339706542e+02,2.369684119455124005e+02,2.342101013060734829e+02,2.454515054110686378e+02,2.697440672359927589e+02,2.783812788771074906e+02,2.840637144858346232e+02,2.407578612656646726e+02,2.039618443372016543e+02,2.185735744189898639e+02,2.472743164557450939e+02,2.544991252518472038e+02,2.582626027821649473e+02,2.517451805607738606e+02,2.359400748656258031e+02,2.152416574645546063e+02,1.980886530447809832e+02,1.912737145404592241e+02,1.799810492977142928e+02,1.731901508130274863e+02,1.755203275466504920e+02,1.702965571457035310e+02,1.697912918194457177e+02,1.610992478123287412e+02,1.663921922219555540e+02,1.766135091856176587e+02,1.774413970294914691e+02,1.983511055513253893e+02,1.952648111101461552e+02,1.963811305015481992e+02,1.752010750677584383e+02,1.792733643930855862e+02,2.128977251744418311e+02,2.031626962935953884e+02,1.969085262809390144e+02,1.929875680959746944e+02,2.413090366517687926e+02,2.181592732714438512e+02,2.009731327391906177e+02,2.068047529203151669e+02,2.109547848350592574e+02,1.788482376555027145e+02,2.028920815552880015e+02,2.484260150513757708e+02,2.756107088049918161e+02,2.454221942178602944e+02,2.075021344918691852e+02,2.582935751062572649e+02,2.900298198008402437e+02,2.491529563697466187e+02,2.847625178400556365e+02,2.370570621157630455e+02,2.457822416570356836e+02,2.185540378258835403e+02,1.915890647186400031e+02,1.810530067743775646e+02,2.000411660057637846e+02,1.400745432585291326e+02,2.152837842890464515e+02,1.930060054540894328e+02,1.824750828456469947e+02,1.601220510116867501e+02,1.618386690720200534e+02,1.843802841695080303e+02,1.980956477763150474e+02,2.238853051479621286e+02,1.928469166811361788e+02,2.178358826927825476e+02,1.639477793217086230e+02,1.954170704276265838e+02,1.747751102850530742e+02,2.002947257385154103e+02,1.719886793911116172e+02,1.544686841342096955e+02,1.492563545836358969e+02,1.767717122464965485e+02,1.776832688130288886e+02,1.548950900804994717e+02,2.075680550318331825e+02,2.395619703790658832e+02,1.895190923510298262e+02,1.872216366319476606e+02,1.718652281327447326e+02,1.555433574258912870e+02,1.579468840514714714e+02,1.729530166514918221e+02,1.726242801294797005e+02,1.852768291749616481e+02,1.663287332162553867e+02,1.733352467697536952e+02,1.396302950923960395e+02,2.099780870189467805e+02,1.425778090872336463e+02,1.644488741904088158e+02,1.952269663049249289e+02,1.701666481017575450e+02,1.792771282500989685e+02,1.633131613258657922e+02,1.727521179279468697e+02,2.246069659803475531e+02,1.876185416278484581e+02,1.852027664070618300e+02,1.883632110753949576e+02,1.902232063491699137e+02,1.870580393881752173e+02,2.192714248958364465e+02,1.887494782891222940e+02,1.666958052183452992e+02,1.876577640474895077e+02,1.951049669513518552e+02,2.164337497013550546e+02,2.078924648847341530e+02,2.495817674737544678e+02,2.053091956624147656e+02,2.248027210789713592e+02,3.225440613725889420e+02,2.402502038685896082e+02,3.025904524057319236e+02,3.328032838943230445e+02,3.382391235277784745e+02,3.196568760852595688e+02,2.688069602034585159e+02,2.838602713009044010e+02,3.058342694330193012e+02,2.462927993965983262e+02,2.684897685818650075e+02,3.212960756664003839e+02,3.449613069550896398e+02,3.462004533954489602e+02,3.079267282586005763e+02,3.266036805745292213e+02,3.332912499279574376e+02,3.579706991111159482e+02,3.392628316124133789e+02,4.304258807694527036e+02,4.351609939485863947e+02,3.293846806116008565e+02,3.026045317316277306e+02,3.280544195012762430e+02,4.059155147636552670e+02,1.730720555380523216e-14
7.004315099291924044e-27,-1.843575037897198346e-26,1.045282792203033679e-25,-3.781698627822957850e-25,1.372608254963241910e-24,-5.500004069204903211e-24,2.023320476118656850e-23,-7.450223678641921906e-23,2.682114665518458988e-22,-7.983727163362700298e-22,4.624308376977152782e-21,-1.395338697793223132e-20,5.120247442455262845e-20,-1.728570605911243852e-19,7.704570835802935837e-19,-2.666719850815320341e-18,1.060792999537459997e-17,-3.710870480809359136e-17,1.198020281194282496e-16,-5.295945229891996335e-16,2.313428374725295856e-15,5.073370348503077357e-12,-2.116398228874992298e-11,-2.166219717257108623e-10,2.079494680633907251e+02,1.786336223203683176e+02,5.237687109428970871e+02,3.629064722569140713e+02,3.567556915923676115e+02,3.389001598211695523e+02,3.514122174812474668e+02,3.621501238220776031e+02,2.776576418524771270e+02,3.079651902101358587e+02,3.462580354750641618e+02,3.265942157511179857e+02,2.823912152225657337e+02,2.773906522494173146e+02,2.902952741287709273e+02,3.167606315789236646e+02,2.985732864123457944e+02,2.454273713830459371e+02,2.361162507774107553e+02,2.255899611138175374e+02,2.369186513341879845e+02,2.585709058671150729e+02,2.455100159096295727e+02,2.179004189523815853e+02,3.001812642796376736e+02,2.496251701521154018e+02,2.394807732867563459e+02,2.664471289183668432e+02,2.215917324079649973e+02,2.959238662069168981e+02,2.818776814239437840e+02,2.360111095677054323e+02,2.843577130255908401e+02,2.993058108186680215e+02,3.238900456661485237e+02,3.463096311750047107e+02,2.718715116871219379e+02,2.987191387360637123e+02,2.402999838602958675e+02,2.896402938839947865e+02,3.948236222402001090e+02,2.716617161783594270e+02,2.631790086657262577e+02,3.517860110907993771e+02,3.310854120806972674e+02,2.904322247793726319e+02,2.749593684020699698e+02,3.295341139973681379e+02,3.207807334552671819e+02,2.916663511586494906e+02,3.829623300742750303e+02,-7.906297547365602441e+01,1.746878315730509001e+01,-1.628016073279641773e+01,1.802300580320228107e+01,9.563679482593204995e+00,1.048268255029445299e+02,2.968847088709251807e+02,3.180196494268607807e+02,2.873697934953621029e+02,2.701587708785068571e+02,3.146320156601984195e+02,3.128651870051083392e+02,2.883401619735194004e+02,3.079466990059528371e+02,2.658196745800330518e+02,2.400502435897944622e+02,2.590082877577352747e+02,2.852536715289979270e+02,2.970749737534696351e+02,2.560719842234253747e+02,2.445154291313507713e+02,2.442660953191592910e+02,2.779018148038903746e+02,2.455802132028968572e+02,2.424373280033388482e+02,2.656088274301696401e+02,2.694256570577938987e+02,2.516635452666919832e+02,2.538117460854048772e+02,2.352189291056906768e+02,1.841558275791403787e+02,1.804903595452794320e+02,1.982921674661170073e+02,1.850678280665145792e+02,1.718301599629630800e+02,1.868589953438508928e+02,1.820481818334703235e+02,1.617655577144374490e+02,1.633726293781213030e+02,1.720373619389093278e+02,1.750931592768591827e+02,1.724318641858694718e+02,1.815449701551803514e+02,1.892582343515523746e+02,2.014656521607007278e+02,1.989704698723232923e+02,2.262759830545403759e+02,2.430466169493673760e+02,2.009122045046077858e+02,1.893196683190585645e+02,1.986572382708785938e+02,2.212661764833005122e+02,2.052670255016899716e+02,1.858418041811818853e+02,1.911267920474817572e+02,2.208300474643804137e+02,2.064770030375009355e+02,1.764121641014050965e+02,3.279398146604258386e+02,7.121110505013609782e+01,2.631627152775012064e+02,2.375974095005501567e+02,2.152066459092374373e+02,2.569282313412533654e+02,2.129026155166932028e+02,2.449551376459830863e+02,2.765753202035917298e+02,2.775291935478618370e+02,2.644814623100272115e+02,1.743359528585486657e+02,1.887080022655683820e+02,1.916823059652653001e+02,1.555509980241515109e+02,1.990857542386783621e+02,2.140161744108663129e+02,1.905518943210693976e+02,2.009164714621140888e+02,1.651755086274790756e+02,1.729294174947134763e+02,1.833377121293101482e+02,2.156955709290672587e+02,2.035730722790263485e+02,1.857748773743157358e+02,1.406343354847928708e+02,1.884626292397510952e+02,1.595711019933638966e+02,1.827687424862652392e+02,1.761125516026950777e+02,1.471500495018416927e+02,1.886707514134651831e+02,1.714212506096303628e+02,1.704141906319188990e+02,1.597322431688972699e+02,2.083025975133577958e+02,2.217007394674300258e+02,1.614678284557874690e+02,1.454066384107553631e+02,1.507332431825491312e+02,1.834428758653647833e+02,1.785840091306740192e+02,1.618090896306070192e+02,1.653169294197149952e+02,2.044848514434748665e+02,1.549699902527979134e+02,1.546797233616773042e+02,2.011876454265179461e+02,1.682311150740144399e+02,1.659522324912873330e+02,1.588688688901410160e+02,1.728243552649749972e+02,1.879372628949113277e+02,1.749217748263504006e+02,1.401574006245871544e+02,1.781490121936294884e+02,1.963531649272569268e+02,1.931968087620718677e+02,1.846031918466073023e+02,1.883658086154096907e+02,1.570728424879968088e+02,2.175106777745468776e+02,2.499921952093208972e+02,2.117432621572291396e+02,1.633941360815942403e+02,1.804382807536902362e+02,2.110727007356651939e+02,2.140756583049519577e+02,2.245177365252193624e+02,2.426686775038174346e+02,1.990914242484956276e+02,2.372115892023188337e+02,2.154959163455523310e+02,3.262782928130731079e+02,3.610631761705945451e+02,3.038056932332323754e+02,3.214107964336205328e+02,3.105465088012078354e+02,3.279715333875704459e+02,2.868821073615507657e+02,2.884479539766009566e+02,2.498090687973552519e+02,2.654473067418842902e+02,2.571459581876069933e+02,2.672550490471414832e+02,3.136705035628654059e+02,3.080595869079402291e+02,2.840126964371177678e+02,2.863087293358909733e+02,3.492228035997954976e+02,3.638982054496863725e+02,3.800553364209251299e+02,3.809387850012348053e+02,3.256187391021396138e+02,2.964624585239238854e+02,3.270660626945325475e+02,3.569483720170663901e+02,8.533340677397169823e-15
-1.641701090500188648e-28,6.891115589394404891e-28,-7.969152056694159602e-27,1.563747050412061429e-26,-5.599436870194434927e-26,1.469476932157367600e-25,-2.312971972569730025e-25,-7.478891088315428701e-26,-4.846221140805089644e-24,1.294746949436561911e-22,2.322371732764582414e-22,3.610185430915063334e-22,9.044921655229626294e-22,1.582040793688591151e-20,-2.935189395723351473e-20,7.024694884363901983e-20,-1.482978818522980135e-19,1.478397743068403744e-18,-9.912366400178371424e-18,2.624484396030453241e-17,-4.476002863397931167e-17,-1.930414668311374111e-11,8.051740087252697221e-11,8.230178883659988194e-10,-7.511138423106424966e+01,-1.378226564261767635e+02,5.287085357638621872e+02,3.310301726536850424e+02,3.370045578595733105e+02,3.207842044828318535e+02,3.055348380716334873e+02,3.394562622044397813e+02,2.656347081034664939e+02,2.618554769027223870e+02,2.826266449978637638e+02,3.108394407157578030e+02,2.785744559738781163e+02,2.751250284533577997e+02,2.869542747766361117e+02,3.104218941902057054e+02,3.038629161828229712e+02,2.744266131728646201e+02,2.365535147379254965e+02,1.889841893959731181e+02,2.518514964262178069e+02,2.768325307761363092e+02,2.323938059295103926e+02,2.337848639667469968e+02,2.696695362872595183e+02,3.029422039034001273e+02,2.363495504467113051e+02,2.888436378752343217e+02,2.259025834459774273e+02,2.509128341780389349e+02,3.125263211727729527e+02,2.980548431247179337e+02,3.294194015220670053e+02,3.429182192392007096e+02,4.128908304792395825e+02,3.712608476377079114e+02,2.953680945293416471e+02,3.406195990797108379e+02,2.292400449783229419e+02,2.844105999733217800e+02,3.200761241240205663e+02,2.986833589908672479e+02,2.365013563398206031e+02,3.259307372582416633e+02,2.981509710505887369e+02,3.149825314997580676e+02,2.541470315661999280e+02,2.861236661268773105e+02,3.194548781418253611e+02,2.617645004585442052e+02,3.987733817013343014e+02,2.992948727401217184e+02,-4.547589112438822667e+01,-2.373124398901176590e+01,-3.662682953523647456e+01,-3.559675936953734077e+00,-9.205975976105835912e+01,3.583832354757334997e+02,3.223643082986133095e+02,3.117687988724707679e+02,2.634216036493209003e+02,3.029366611282147232e+02,2.774049235179993502e+02,2.623899773335012355e+02,2.533234534165879666e+02,2.788600712673352859e+02,2.396521331330304747e+02,2.429669193206389650e+02,2.793724875180274125e+02,2.688002321726004880e+02,2.793962650184321888e+02,2.297438366533591818e+02,2.420495846607533679e+02,3.056870144319453857e+02,2.695623964892684512e+02,2.468017780704871313e+02,2.502898323762066752e+02,2.709265666221809852e+02,2.403777975451423288e+02,2.395113579224025102e+02,2.293459833655722946e+02,1.731299149042927183e+02,1.812749876109007516e+02,1.931300226148055401e+02,1.995437672915151097e+02,1.834248974577082549e+02,2.001562360638534415e+02,1.912171625902016387e+02,1.778705456028909850e+02,1.696555769188060196e+02,1.770015223234388486e+02,1.956266744239729007e+02,1.918984973399145701e+02,1.886418832623141952e+02,2.055334326414171073e+02,2.059879899231009119e+02,2.207008878449449867e+02,2.622085704751269759e+02,2.249031874467138721e+02,1.947703740038121225e+02,2.168980605075470862e+02,2.271724386622770737e+02,2.510183830394094855e+02,2.323853497496901070e+02,1.927417973498987180e+02,1.942138250622180067e+02,2.301332441697522029e+02,2.178592180945196617e+02,2.913369786256922680e+02,8.365386124133161161e+01,-1.764057233577558748e+01,2.347358949830639006e+02,2.493545437155846969e+02,2.288727485684833027e+02,2.228802445058846331e+02,2.051894110564650475e+02,1.879491447317893744e+02,2.207271151013204360e+02,2.585823422286521236e+02,2.532028245852677060e+02,2.026297082099741260e+02,2.057262344086937844e+02,1.980216688440628445e+02,1.863777311578350293e+02,1.760413646753421233e+02,2.070868594639808293e+02,2.025491698738575792e+02,1.967444717828811633e+02,1.597391508739048049e+02,1.746047440561818576e+02,1.719510048009497041e+02,1.985996605222621554e+02,1.717004171647698172e+02,1.880473122877842798e+02,1.598767043554406371e+02,1.548254512231353033e+02,1.795229676040059417e+02,1.667007434193647555e+02,1.641145641994350513e+02,1.606953768636989821e+02,2.081478401896168293e+02,1.573416343043586778e+02,1.491994534187402337e+02,1.516239397286289545e+02,1.876336362746483815e+02,1.793233071677426267e+02,1.478499793187243654e+02,1.526806259430157127e+02,1.539581685555097579e+02,1.743907787988236180e+02,1.591847476616316897e+02,1.532108793419853043e+02,1.590423746269823937e+02,1.862284012042075005e+02,1.636327667342807217e+02,1.671090556828560239e+02,2.225517460345912752e+02,1.682186741440229127e+02,1.834273789832236048e+02,1.790562592953292267e+02,1.979642752804755901e+02,1.820222350169384242e+02,1.594868626012967354e+02,1.751777133037316503e+02,1.949239242949835216e+02,2.002925538835722818e+02,1.999567428070857886e+02,2.084483382533323663e+02,1.694186240574462943e+02,1.692262864188258220e+02,2.278700615665718487e+02,2.456259519036824486e+02,2.365468564871170543e+02,1.760738280143501413e+02,1.790442952352518944e+02,2.075493753384667741e+02,2.413256050900642720e+02,2.221139014150896287e+02,2.008964090065299786e+02,2.337045138742885229e+02,2.368720170106460614e+02,2.246045683803519637e+02,2.747944826744285933e+02,2.975725253364229275e+02,3.044130733604197303e+02,2.974086045893556047e+02,2.852449971685529704e+02,3.082073849072938856e+02,2.572133673671369252e+02,2.600019686904739729e+02,2.408093932434991018e+02,2.487923415360976094e+02,2.207054606496436406e+02,2.393348614148487741e+02,2.978762809240535603e+02,3.455559431928261347e+02,3.100555504409971377e+02,3.015089430600746141e+02,3.560003907374767778e+02,3.517303189891809438e+02,3.445027616427778412e+02,3.378897343497761199e+02,3.418283578504327807e+02,3.416710238827569128e+02,3.296377035491733523e+02,3.201420776585967474e+02,2.069223258669020954e-14
-8.133109733400116299e-28,3.951274420049282622e-27,-9.135283346496326676e-27,7.373684378226399698e-26,-1.951372638928356760e-25,8.215188982954556719e-25,-1.591673469036624259e-24,1.386867989166588271e-23,-1.852107491098497220e-23,2.539826782428207242e-22,-4.390627245870043147e-22,1.700791567117922988e-21,-9.871349341109525169e-21,3.272887789339607479e-20,-1.023035582744733700e-19,3.019464558461190054e-19,-1.701793459977030042e-18,7.379365385628439257e-18,-1.664838570593603286e-17,1.036664665100213724e-16,-2.336524309916883016e-16,6.195369565659020849e-11,-2.584114161077125958e-10,-2.641430958552981711e-09,3.696618654770542634e+01,3.583206568962094138e+02,5.304391782781162874e+02,3.656001115655070635e+02,3.055660168377324339e+02,2.839769643338692617e+02,2.708294552027913937e+02,2.995929038913482714e+02,2.573706327991347962e+02,2.701902273455173145e+02,2.866924727191742477e+02,2.792076684265095992e+02,2.812480243341949517e+02,2.805172810801373089e+02,3.120839101057775338e+02,2.822291211957630708e+02,2.783886203416647618e+02,2.883814202329065211e+02,2.479243934312230238e+02,2.092023103339850536e+02,2.417581947817401158e+02,2.571495048817666316e+02,3.736838299924860962e+02,3.570836112853804707e+02,3.152679283149009279e+02,3.211862177927866924e+02,2.949847044576848702e+02,2.728737159796056062e+02,2.240326704173486121e+02,2.812899396982273856e+02,3.234308414310795001e+02,3.335935218201366297e+02,3.551641941247413001e+02,3.440842905599980099e+02,3.556255244901414585e+02,3.173823827809843579e+02,3.276531887599754214e+02,3.419179427956069617e+02,2.695644237012108420e+02,2.773911134218980123e+02,1.997368593895735955e+02,2.466806934996307916e+02,2.214980160019116795e+02,2.537341662991570672e+02,2.506043344665775123e+02,2.786888504637595361e+02,2.698677838710587480e+02,2.557541781550159499e+02,3.534285878587471643e+02,3.096754562141867382e+02,3.885210018547517166e+02,4.500262736181074956e+02,1.702487811585076258e+02,1.292712807940676782e+02,1.338081162100348536e+02,1.130101815825464984e+00,2.557702996369285700e+02,4.021293358845194916e+02,3.136856211254968230e+02,2.674772464326013051e+02,2.600520911544637102e+02,2.488237209575270299e+02,2.899379933225310424e+02,2.859650880826189905e+02,2.530396359252486604e+02,2.810715145737789271e+02,2.580871708788415049e+02,2.276092123214538958e+02,2.496223231425009317e+02,2.452273042662200169e+02,2.670875107083555804e+02,2.651037492182147162e+02,2.916614451216355519e+02,2.813240217947367228e+02,2.432430754507472557e+02,2.280047202548414020e+02,1.981139670411754707e+02,2.346928851882395861e+02,2.174146618327860097e+02,1.889935503633156486e+02,1.753443893127583806e+02,1.594995210360979740e+02,1.682980499807073329e+02,1.662769256249309251e+02,1.756759319088181996e+02,1.754249880059375357e+02,1.882352768334949644e+02,2.074205100028861750e+02,1.863201220301696992e+02,1.577908131763289816e+02,1.875944704668620204e+02,2.152926590539680660e+02,2.279246219989093163e+02,2.272073159807647187e+02,2.390219401592533188e+02,2.403733301840533159e+02,2.251094087526196574e+02,2.424386182524434901e+02,2.177099850895615134e+02,2.137105144100313225e+02,2.463099041815373482e+02,2.442479466898118687e+02,2.777227434571562412e+02,2.706924950488461832e+02,2.255293699270264085e+02,2.196641339037253147e+02,2.396248349566431273e+02,2.366670666433070664e+02,3.524915447288402106e+02,1.203728070673104327e+02,-1.410733255707617140e+01,2.027773840694089813e+02,2.165873265132309484e+02,2.468291993651284031e+02,2.423419662769603349e+02,1.951360924576234197e+02,2.445486578652688081e+02,2.308603078291357917e+02,2.244353929664820839e+02,2.241752073484115897e+02,2.061986799534610100e+02,2.045743927894147021e+02,1.839517119864466963e+02,1.755515340028110245e+02,1.901135115389936914e+02,1.936435711559136621e+02,1.776919936904595261e+02,1.772827791362390712e+02,1.786938701962419316e+02,1.612957915489774905e+02,1.656053048490300341e+02,1.874285012604541976e+02,1.809998966262309636e+02,1.923668218878761138e+02,2.124057363583437450e+02,1.677476656235921553e+02,2.038806513166143191e+02,1.714530394393204347e+02,1.444940632123630735e+02,1.526148739519595381e+02,1.942943546559321248e+02,1.646672955013457909e+02,1.590349466047182432e+02,1.529428119135679083e+02,1.600069026826390655e+02,1.475232031263386432e+02,1.801868138165579580e+02,1.842334449252120407e+02,1.717485600894602271e+02,1.513352960785482253e+02,1.516598090862309220e+02,1.566207038352175402e+02,1.629035068686418413e+02,1.825690993981238535e+02,1.921209168918875321e+02,1.864234711792509245e+02,1.840758381615624728e+02,1.555864525427386980e+02,1.821226746310123303e+02,2.020394081393991428e+02,1.951995605539088103e+02,1.842551173412732339e+02,1.941337167915378075e+02,1.954952512869552663e+02,1.883649213564452225e+02,2.045491854253668293e+02,1.891583064503317644e+02,2.034414080110692282e+02,1.649884492282177746e+02,1.816032305509413902e+02,1.917576688422098812e+02,2.087892216050878744e+02,2.040980234810305944e+02,1.901482454758155995e+02,1.771476611344159835e+02,1.815154557776087074e+02,2.254128210126062299e+02,1.986957124530914314e+02,1.980514095288304475e+02,2.412713289750734873e+02,2.344297248233895061e+02,2.701524209381078094e+02,2.926233878676334257e+02,3.121958503426444054e+02,3.150261940033752239e+02,3.022470266389732387e+02,3.103976694149961304e+02,2.694244557534611317e+02,2.630649666358958143e+02,2.576013052291614258e+02,2.565619624374142518e+02,2.438892059826306138e+02,2.415821703468762109e+02,2.442910045125174747e+02,2.758415935623467021e+02,3.298119366697354735e+02,3.277243149752680438e+02,3.250889201176565848e+02,3.343727225898306301e+02,3.118438816499152608e+02,3.268912776091208912e+02,2.915736713101126156e+02,3.128423130261589904e+02,3.400906597904113937e+02,2.929823318744220160e+02,3.240150556119838257e+02,1.871834329181386710e-14
-8.441310326337463290e-27,3.708372397049314809e-26,-1.234221698546204198e-25,4.755881042712269419e-25,-1.829821241947905147e-24,6.634478329681298329e-24,-2.552881034079474348e-23,9.497023749918759940e-23,-3.533440132844066664e-22,1.465954157402585448e-21,-4.406186498567642851e-21,1.941622908910180875e-20,-7.148525462452590683e-20,2.626866713667557431e-19,-1.015260331100804854e-18,3.261547522714050929e-18,-1.423829762030010439e-17,4.637666642599823045e-17,-1.850377356742587268e-16,6.853174993256497668e-16,-2.639715828901606828e-15,-1.667425568944150027e-10,6.954958741665487954e-10,7.109857502999123349e-09,-4.620457567589033232e+01,9.010634615856856726e+02,5.770782203310581053e+02,3.959295128843470479e+02,3.296305960299406479e+02,2.705954222391721373e+02,3.112738323721782194e+02,3.029776244180951039e+02,2.817840568017167584e+02,2.876157727970028191e+02,3.010407531601281335e+02,2.774144100716710568e+02,2.816150361463700733e+02,2.414455874015468169e+02,3.157025454014894308e+02,3.062579763729664251e+02,2.736014250164229793e+02,2.789673835993978059e+02,2.758545355576422367e+02,2.432612343089060118e+02,2.227152935033325605e+02,2.393676608186385408e+02,4.990045358654139704e+02,3.922216900360933778e+02,3.123046399265168702e+02,3.150821562064685395e+02,3.136069634135993738e+02,2.384880444788383329e+02,2.662421201098307506e+02,3.265058394938852757e+02,3.195916876167061673e+02,3.240278576398707742e+02,3.254687002007422620e+02,3.298202623553087847e+02,2.626349552325862078e+02,3.374537816301386215e+02,3.047042920500616674e+02,3.024683053680973899e+02,2.553628082233749979e+02,2.605655268920502294e+02,2.098808426121279069e+02,1.984296186903553973e+02,2.215057532127176501e+02,2.103648833439222301e+02,2.176603185515190546e+02,2.467178444818565879e+02,2.647351885801058415e+02,2.619441992971110835e+02,3.067451413572846377e+02,3.097704605565621705e+02,3.387890742896206575e+02,2.898099818831486800e+02,3.830368330678957136e+02,3.592979779182014113e+02,3.578915124068243472e+02,-3.537246603467824047e-01,5.820988463004999858e+02,3.888658281838140738e+02,3.175227865160636611e+02,2.757719815877695169e+02,2.495051823767746555e+02,2.596815148339024972e+02,3.045901258774849225e+02,2.519565970689669996e+02,2.703013270797362111e+02,2.673140476731392710e+02,2.647310801971032106e+02,2.467082443560001934e+02,2.488193022206193632e+02,2.715960474937550657e+02,2.042068565730702971e+02,2.535199098663080122e+02,2.744128662053427661e+02,2.509151275172256703e+02,2.242343041267682509e+02,2.007678903427131161e+02,1.620918100791509744e+02,1.778000364230641992e+02,1.788317164825664065e+02,1.531778170693101799e+02,1.608445162476483858e+02,1.547576719290723304e+02,1.577747821635271350e+02,1.522052024929086826e+02,1.634175534870355477e+02,1.698323572284509169e+02,1.621619744673151047e+02,2.000646329766053952e+02,1.933913842460370915e+02,1.659441246068504938e+02,1.929838417303534754e+02,2.020263871636306874e+02,2.358482386693137300e+02,2.368766976052723692e+02,2.431700137296529078e+02,2.590459129697800904e+02,2.201269542678705875e+02,2.176538914234422748e+02,2.403932986631936615e+02,2.237080026958530254e+02,2.278732004629486596e+02,2.176025865786110671e+02,2.230685061649948580e+02,2.564106756082725269e+02,2.543114980297960130e+02,2.383082471267441349e+02,2.274847910967856421e+02,2.459117681501487880e+02,2.618702431615703290e+02,3.624275221995790162e+02,6.295122498256487376e+01,2.251745386397107040e+02,1.787148419169565727e+02,2.263502687791325627e+02,2.156885537932611498e+02,1.811783484843989243e+02,2.653833432191125894e+02,3.038298564715904035e+02,2.310961282167377817e+02,2.208428738677494323e+02,2.120188567566286792e+02,1.934751036091924163e+02,1.480406962713645669e+02,1.757993469257562253e+02,2.061801968952667892e+02,1.935360188005156772e+02,1.749609524123187896e+02,1.910197995464187386e+02,1.811742388611870922e+02,1.632414258966543059e+02,1.693907210621032675e+02,1.923992654905665063e+02,2.097589063513247538e+02,1.626070303661651906e+02,2.192888597918206415e+02,2.056062420572746419e+02,1.872676805849519894e+02,1.894883002153061682e+02,1.709265730605159490e+02,1.723989705034006761e+02,1.889341154779470742e+02,1.721584545177500729e+02,1.753206607438112030e+02,1.602831316942123863e+02,1.648627709262000280e+02,1.569314732160506480e+02,1.935853060164786541e+02,1.698658008823025227e+02,1.735815038219043629e+02,1.647895652460508131e+02,1.524823904949623170e+02,1.744780153234382283e+02,1.585263295977215421e+02,1.761467728297211579e+02,1.760790799432351434e+02,1.560072922427196431e+02,1.604909308139559698e+02,1.542897917281983950e+02,2.036175909611818327e+02,1.947355210274594413e+02,1.755794474753892018e+02,2.001957670348528211e+02,1.965681268712747283e+02,1.877120937455033811e+02,2.163865142698158763e+02,2.106478987760119423e+02,1.889205058028769315e+02,1.811314080821512107e+02,1.843915500699775407e+02,1.733293276234648204e+02,2.007088910833700766e+02,1.915049330649109152e+02,1.780837368220511223e+02,2.034114750554779789e+02,1.942529184249451646e+02,1.734099493445728228e+02,1.808816209911116459e+02,2.107575327945004631e+02,2.069974939874515201e+02,2.092495725867972283e+02,2.325830972581270828e+02,2.399095050244199285e+02,3.062808925560551643e+02,3.152824626751217352e+02,3.117697107337926923e+02,3.198878971952074721e+02,3.648757055306283519e+02,2.572546149789674814e+02,2.584623868141941330e+02,2.653978572517239627e+02,2.754741187585050284e+02,2.422986749483461324e+02,2.417481363959554130e+02,2.454645533283199370e+02,2.604252460833183704e+02,3.057749331314108758e+02,3.203366664523429677e+02,2.987034908696699631e+02,2.865431440844103577e+02,2.958821287277596070e+02,3.211525815749712933e+02,2.901042020572809292e+02,2.785254976466735570e+02,3.045721243947432981e+02,3.454687286059794928e+02,3.632810083094352649e+02,2.598659557504789951e-14
4.492335349212026942e-29,1.484403791209194919e-26,-5.377283092047747110e-26,1.646033946283117522e-25,-5.535856698068656535e-25,2.177067745589063820e-24,-8.468513113308032969e-24,1.927877420297735413e-23,-1.232663535212434775e-22,2.487676638734307668e-22,-2.115573750522525733e-21,6.945459459172880741e-21,-2.820570856670679407e-20,9.990513078502143123e-20,-3.444487266041502407e-19,9.258417069290109290e-19,-3.575970293845808515e-18,1.705331542659063115e-17,-5.080354931795947985e-17,1.860456853644207034e-16,-8.879934821065240919e-16,3.401334208002121748e-10,-1.418698309279261393e-09,-1.450183709344151069e-08,8.687451961666880607e+01,7.496359497350086940e+02,5.261538649323400705e+02,3.930922917968109118e+02,3.658460574721556782e+02,3.204419992980216421e+02,3.419467234498315520e+02,3.402374714898846833e+02,3.396155509986352854e+02,3.000590131939290472e+02,3.000174993768461036e+02,2.829845936555742014e+02,3.131278828963137357e+02,2.119388864047550385e+02,2.737582469780601855e+02,3.393398007129758298e+02,2.804015003551440941e+02,2.855916001388598602e+02,2.602101784097005179e+02,2.217760055384450766e+02,2.224507270055408696e+02,2.749295474851885501e+02,4.169890993737326426e+02,2.617520825362061601e+02,2.361947972824445685e+02,3.232421835476662295e+02,2.740428605127158903e+02,2.387981832320121214e+02,2.994819223286099827e+02,2.933221191814265012e+02,3.185062155522591638e+02,3.214263318576021220e+02,3.012955774105422506e+02,3.370928299381437796e+02,2.815029037430679182e+02,3.671276296208083068e+02,2.208211586990102830e+02,2.296374989654291596e+02,1.812286735505805950e+02,2.000884241767418814e+02,1.782296684600494530e+02,2.296468625576846136e+02,2.014235634305709084e+02,1.798754030270912381e+02,2.184541956853627198e+02,2.487351880090496650e+02,2.032247909190706991e+02,2.528006399735189689e+02,2.242939377393465747e+02,2.726060306883172757e+02,2.994318429397172281e+02,3.234555247743427913e+02,2.710517080647408079e+02,2.055705521677046193e+02,2.228680091990952405e+02,1.867621329040841105e-01,4.075957088214505575e+02,3.701691696588253535e+02,3.132766564374117024e+02,3.567528571591901141e+02,2.472117283431612407e+02,2.665611706139692956e+02,2.526084099264463703e+02,1.961792014081027560e+02,2.065703063249868876e+02,2.424863670269056399e+02,2.272519741622269862e+02,2.426985387236864256e+02,2.305612164621215641e+02,2.302441538681702866e+02,1.899077621785640133e+02,1.913526312051617140e+02,1.885044989560049089e+02,2.202884482699093383e+02,1.894110599848206391e+02,1.745220017220856334e+02,1.536491218530645710e+02,1.419304416043123638e+02,1.445734354265860020e+02,1.440918440277544050e+02,1.897417898694559142e+02,1.731472787909574151e+02,1.708507524651831488e+02,1.490843739285176639e+02,1.678826409769851011e+02,1.691573228929957509e+02,1.559902883707444232e+02,1.656277348346927170e+02,2.066441966202040419e+02,1.944181085652906233e+02,1.766866237197413909e+02,1.850420655362750040e+02,2.124129578297368539e+02,2.066106194164058252e+02,2.173745601785114161e+02,2.277095672021195014e+02,2.038608328518816108e+02,2.193430607880930268e+02,2.445319605733895116e+02,2.184625583277652083e+02,2.068954711492370961e+02,1.934569858906605191e+02,1.874102067856599945e+02,1.990094322692550577e+02,2.297610903237457478e+02,2.364593431464713547e+02,2.128108421244947408e+02,2.158041595008936611e+02,2.308609434405287288e+02,2.338706071471266057e+02,2.463360581068879185e+02,2.388366607145118223e+02,1.794779550577886482e+02,2.205021244217383867e+02,1.671862243693687731e+02,2.108159685806132018e+02,2.075225301980116228e+02,2.608752176362148703e+02,2.463776912386743447e+02,2.055154769153099039e+02,2.390448145861735725e+02,1.894398952851240949e+02,1.458765787156619922e+02,1.854536432457760213e+02,2.161752325842828668e+02,1.824584141714892667e+02,2.216162794159212126e+02,1.885661213667986544e+02,1.317946450868427348e+02,1.970321763020308481e+02,2.002505769343327700e+02,1.932506929528395005e+02,1.739003724223870222e+02,1.472113757043381668e+02,1.831763873970528493e+02,1.882149990585153319e+02,1.764992415131580401e+02,2.064111681567178493e+02,2.126531185739809189e+02,2.163943115426506836e+02,1.817058195463382333e+02,1.585694529997079485e+02,1.818607800021509036e+02,1.640333679359158339e+02,1.806985288838075405e+02,1.842883468473422681e+02,1.951249884941785808e+02,1.591051357940374089e+02,1.785076280063547074e+02,1.887578475178438566e+02,1.489741210723029496e+02,1.705883489095164123e+02,1.653530706002044042e+02,1.254432827575381850e+02,1.486448446277343862e+02,1.331344270773062419e+02,1.658116572225075913e+02,1.948440667296906668e+02,2.086530797562860187e+02,1.709059825943288615e+02,1.901813166540097768e+02,1.694990741352192458e+02,1.431506804388552041e+02,2.036389804402917889e+02,2.453105223136724931e+02,2.112791143531748901e+02,2.099175204125295977e+02,1.907417288646069267e+02,2.014552896364426999e+02,2.034995541936510506e+02,2.271260173059048100e+02,1.774386510903203771e+02,2.042919141830992373e+02,1.997380007870602583e+02,2.070184285496730183e+02,1.795272836797225864e+02,1.913687348898913285e+02,2.398381142253160476e+02,1.805001588249628810e+02,2.047236603335059328e+02,1.988842436314867541e+02,2.113997639909295572e+02,2.688295213600677585e+02,3.103911551853058768e+02,2.996601660441733657e+02,3.251522654406199422e+02,3.278436686539002949e+02,2.349419932310264585e+02,2.393479153713473409e+02,2.554243036002228848e+02,2.625124004244099183e+02,2.526400742747474055e+02,2.632893449431344379e+02,3.000985554750337201e+02,3.134619703317142694e+02,3.291241070962861954e+02,3.395412488603237193e+02,3.035294232544913484e+02,2.816311235600571763e+02,3.223333611631244366e+02,3.196893068742125479e+02,3.183087542061594490e+02,2.879779839451247767e+02,2.909891681737349245e+02,4.641805842577147700e+02,3.995779065617727497e+02,4.047278344322493979e-14
1.702316005333104498e-26,-7.292223043811950956e-26,2.694149679285278653e-25,-9.893899579344646598e-25,3.659064492614489516e-24,-1.262582404365149649e-23,5.408204784233419242e-23,-1.811615946594194052e-22,6.705653405373021582e-22,-2.759175877690107300e-21,1.018747806312482665e-20,-3.399377703673309771e-20,1.259994787935006147e-19,-5.661421708554793354e-19,1.701499480062161937e-18,-7.053010687479747141e-18,2.792001436589410754e-17,-9.671223856805448445e-17,3.515568680592348447e-16,-1.446557911815019812e-15,5.340999711498426169e-15,-2.787019216288602303e-10,1.162480720039338852e-09,1.188222923808056518e-08,6.300429938073403946e+02,6.221485263110475898e+02,5.794652924843213668e+02,3.535457440154110031e+02,3.206761054362266350e+02,4.437533441239169179e+02,3.213610336050639376e+02,3.588975091484340396e+02,3.616467183878311857e+02,3.703266938399186756e+02,2.909058131211435807e+02,2.747681585754733646e+02,3.019323820545700983e+02,2.573823431975825997e+02,2.357155031161407237e+02,3.037168278419548528e+02,2.795353274047353125e+02,2.827735365279803545e+02,2.762406577363942120e+02,2.625571945050824070e+02,2.546466652090946070e+02,2.828271862151215146e+02,3.576495623192829498e+02,2.379652629735356868e+02,2.819310559950382071e+02,2.763733174711020979e+02,2.824755822482219969e+02,2.812117735698880097e+02,2.973687498685897026e+02,2.797584243642671140e+02,3.106930017592200670e+02,3.367270670564025750e+02,3.621719002655223107e+02,3.029186219416441190e+02,2.954119825656549665e+02,2.325953348205315478e+02,2.130169412036383960e+02,2.075380646364335746e+02,1.744836879585897975e+02,1.308354004071435384e+02,1.876876753372748681e+02,1.894044633392331320e+02,2.003755386533362923e+02,1.837001469253884522e+02,1.706941244034623821e+02,2.091917517720563922e+02,1.987770345440837900e+02,1.879522542489075079e+02,2.540138480304247537e+02,2.424592619257048796e+02,2.567621595971924648e+02,2.712879345211703139e+02,3.288628366705198118e+02,1.535311395177056504e+00,-5.444197828782756154e+00,-1.094097464512729517e-01,3.052180157920905117e+02,3.501322081963119786e+02,3.145130447049828604e+02,2.912198224817765890e+02,2.561659801532552478e+02,2.460229406187487484e+02,2.275559964328820683e+02,1.795282133950853733e+02,1.702981508868473952e+02,1.680482210538386028e+02,2.090523605844347230e+02,1.955944689458133041e+02,2.021340131140037215e+02,2.068273367759225323e+02,1.905524024593090928e+02,1.624300831933229858e+02,1.659760100814427233e+02,1.710332910451042210e+02,1.725796287828383413e+02,1.782047255897029459e+02,1.614046055274345406e+02,1.332623091411155087e+02,1.522260113419118852e+02,1.481577304139927094e+02,1.599919434361736137e+02,1.617354097175303593e+02,1.615223734975718912e+02,1.533638981978475613e+02,1.507201348258700477e+02,1.545060456568254210e+02,1.810912060461425312e+02,2.036743817869810584e+02,1.862781557401033865e+02,1.647537353969827905e+02,1.696248196408894273e+02,1.978635158572088528e+02,2.028147911730971487e+02,1.965273482269550982e+02,2.187257068285884714e+02,2.199308925843659210e+02,1.899705004400138932e+02,2.043896834648604965e+02,2.244733285516149408e+02,2.221772469165363191e+02,1.976436523242243481e+02,1.998728526153724374e+02,2.422620282665382945e+02,2.243758081053380806e+02,2.251251070555148885e+02,2.232464030113191598e+02,2.182860727733352633e+02,2.262708484239023790e+02,2.310408033094373934e+02,2.155101820625101823e+02,2.131054294311878152e+02,2.178765837640558800e+02,2.002775808726679259e+02,1.646234520783164612e+02,1.631835163615929787e+02,2.317740154044692815e+02,2.133904719552108418e+02,2.241096028379429868e+02,1.960278335540109538e+02,1.893434611537292369e+02,1.944612597256641493e+02,1.661364616968332086e+02,1.618952901762574470e+02,1.540429484491110941e+02,1.997097643020307771e+02,1.770409115180037816e+02,1.994693086349402051e+02,1.653399698851664255e+02,1.721539086580137905e+02,1.808559994710343517e+02,1.871934201017814416e+02,1.613982106872079498e+02,2.027417684509340177e+02,1.549242909556136283e+02,1.959258633080897027e+02,1.909380836653991480e+02,1.750924362793112152e+02,1.890284526834680889e+02,1.822516847540725848e+02,1.652803495886066685e+02,1.566459501973681085e+02,1.536528648684157190e+02,1.933817183282746157e+02,1.736004707352663559e+02,1.310828949251316260e+02,1.646212778845002731e+02,2.035103223654770375e+02,1.716236870034683761e+02,1.744894579937751473e+02,2.038971089206906413e+02,2.059921792097761966e+02,1.529343888574078960e+02,1.997031327501709370e+02,1.397688523048118725e+02,1.731266085082982329e+02,1.597635757177843914e+02,1.631861028091498724e+02,1.791981516767127687e+02,1.781694857105921415e+02,1.757438199028271129e+02,1.724461898531790496e+02,1.604505522974333189e+02,1.647835869469076613e+02,1.760253073052589343e+02,1.630722206529205494e+02,1.788193987523955570e+02,1.863464076101334399e+02,1.844269083822066762e+02,2.063232763965675929e+02,2.106734830583112910e+02,1.796294778240418850e+02,2.001945200627554300e+02,2.159188273024344937e+02,1.918388050459317924e+02,1.580832262452611303e+02,1.813520053110697177e+02,2.144969969867769635e+02,1.960263871028723770e+02,1.847064984836572989e+02,2.519065603333126830e+02,2.341433502610350104e+02,2.177340570244766980e+02,2.428785036576474283e+02,2.818597815924567271e+02,2.866787986770651742e+02,3.254890390621393408e+02,2.975434316030378454e+02,2.844679453509789937e+02,2.865847800108423371e+02,2.646435555631110219e+02,2.476011631158816328e+02,2.538361200713482333e+02,3.043126207197926192e+02,3.250627200262247811e+02,3.305078858549495635e+02,2.973788610508294141e+02,3.092311199100133763e+02,3.400282032306575957e+02,3.146769925556752128e+02,3.363256606045914623e+02,2.629122415392943708e+02,2.541696355254643152e+02,2.727630804289402704e+02,2.787844973732786116e+02,3.444946725885281467e+02,3.070601237070753200e+02,2.897938179605632422e-14
1.761912418741754681e-26,-5.222926649392899945e-26,2.133103164875855902e-25,-7.153858813601038560e-25,2.955194764392429902e-24,-1.058840529336397290e-23,3.740802306010774217e-23,-1.479875773202966031e-22,4.925037402796016358e-22,-2.074317470626783099e-21,7.229048435890623216e-21,-2.759626499158407326e-20,9.913260503098774171e-20,-4.021801983120982060e-19,1.440978519489806658e-18,-5.090683336525752608e-18,2.026345501506401590e-17,-7.845680172044696887e-17,2.582187610436964150e-16,-1.087558269235558660e-15,4.012217039056281839e-15,-1.661807949249125394e-09,6.931435442187662926e-09,7.085303004335549609e-08,5.276174878834547144e+02,6.316469764108541085e+02,5.153708666764622421e+02,3.646101691992211045e+02,2.715973552991948736e+02,3.353393495409363823e+02,3.838656033970939347e+02,3.594567376078967413e+02,2.490467487093548016e+02,3.592345028612538727e+02,2.969073441936636755e+02,2.731017340197889212e+02,3.298531031244938845e+02,3.529171578198938164e+02,2.779453070119639619e+02,2.663894006298988870e+02,2.906162929794946308e+02,2.673476614395909223e+02,2.659690590380481012e+02,3.814850381975311961e+02,2.834361693106012581e+02,2.579405090409150034e+02,3.398985807551536027e+02,2.592046931888164636e+02,2.671965830689367181e+02,2.569212118148707873e+02,3.157948522996052816e+02,2.808514748976900819e+02,3.039905061957998100e+02,2.835938244867192566e+02,2.629491821135038663e+02,3.056217249798675653e+02,3.420754156079765949e+02,3.395884875840143877e+02,2.730918669546674096e+02,2.239829864272932411e+02,2.581727334253017148e+02,2.395150962254516571e+02,2.159901308563689497e+02,1.584717812519251936e+02,1.471333166894272608e+02,2.018548037739180359e+02,1.875736175517270681e+02,2.041806551036457051e+02,1.687551073093660534e+02,2.275666249218261612e+02,1.821523878860036234e+02,2.031456910724255067e+02,2.291470930331126965e+02,2.500610074198728512e+02,2.539076784658009842e+02,2.530440701952479401e+02,2.615468124957949385e+02,2.495210017652080126e+02,-3.930680309498131297e-01,-6.252352923247632699e-01,1.930228545815064578e+01,4.280854249447598932e+02,3.488272353404286150e+02,2.666894677642767419e+02,2.374340192690839331e+02,1.983699087665381739e+02,1.928157017042856012e+02,1.821507697231228349e+02,1.879426431214934894e+02,1.661730546797053307e+02,1.860317515301247511e+02,1.619988763456437653e+02,1.894485080723821682e+02,1.972591320471650249e+02,1.727999038340142590e+02,1.555424620509524516e+02,1.708967619480541202e+02,1.808821610929842620e+02,1.720241113993490956e+02,1.570566131317803809e+02,1.566795640238487124e+02,1.492135006838225308e+02,1.801290848484019307e+02,1.616709502433845955e+02,1.647027595767030448e+02,1.496548274418788367e+02,1.573480956217093194e+02,1.648455178713013538e+02,1.666174486057073807e+02,1.621125793699907831e+02,1.892649835720209524e+02,2.017573942643986413e+02,1.772601402542852043e+02,1.735953039571903957e+02,1.523086793719851642e+02,1.877329481004472598e+02,2.231826947428890549e+02,1.981155302515168444e+02,2.438910897083161728e+02,2.393010608921663334e+02,1.984753081857026871e+02,2.114107252411426998e+02,2.274719655966494258e+02,2.333932788897195678e+02,2.081690079482307851e+02,1.975059795044121245e+02,2.167333870933567255e+02,2.643015534905642312e+02,2.586799129669697095e+02,2.384396876030106682e+02,2.348338089204502808e+02,2.140493461492160634e+02,1.866251309030546679e+02,2.005238743232569334e+02,2.361705981250919706e+02,2.801268987522029761e+02,2.471848711678409529e+02,1.898304811870696653e+02,1.903533182098076395e+02,2.514431181280829435e+02,2.078085921978786246e+02,2.422930182079948054e+02,2.202167576790317867e+02,2.265429020061675089e+02,1.597880598643116343e+02,1.701988632703275925e+02,1.476626311475457953e+02,1.565867079074643584e+02,1.635214803399764207e+02,1.971557905491998497e+02,1.619875136799923894e+02,1.917060643549304473e+02,2.115065879656929155e+02,1.723686674992231929e+02,1.943485599161250263e+02,1.661241974630164293e+02,1.928533511536151082e+02,1.555042763903052503e+02,2.122377526184342003e+02,2.060486655482849585e+02,1.671435987353109738e+02,2.217749868583920829e+02,1.403855807931123252e+02,1.440715558181519782e+02,1.469086761482826660e+02,1.566441385379424958e+02,1.381087847015749901e+02,1.672399953105538088e+02,1.710205013172048325e+02,1.863388691159136101e+02,1.491197427845863501e+02,1.482388498596847057e+02,1.733415500624594472e+02,1.850186526075558220e+02,2.147567078391539610e+02,1.807299387927909322e+02,1.475416294937235477e+02,1.973085525862528016e+02,1.897946159066391090e+02,1.704141533659013419e+02,1.370161833971659178e+02,2.249193716512392314e+02,1.633731946861982181e+02,1.647374104600370117e+02,1.881911536358130093e+02,1.675054239223729837e+02,1.823168412919405625e+02,1.898482378196790137e+02,1.587397194762482968e+02,1.895638898773460994e+02,1.867154686710323972e+02,1.802499622610973233e+02,2.082336010916642124e+02,1.612411436340353532e+02,2.001977608495095637e+02,2.350338030879981375e+02,2.296388680024876692e+02,1.733031406408520354e+02,1.694526434083796858e+02,2.167619422166310414e+02,2.384209077331865672e+02,1.829230665112391137e+02,2.036419464434610234e+02,2.422145217732659432e+02,2.687530830802616606e+02,3.024131639847809652e+02,2.414750575828357171e+02,2.382380182266378768e+02,3.066879465849665394e+02,3.209606061815795783e+02,2.888465340150924590e+02,2.943023950291550364e+02,2.481143691242051261e+02,2.714762008625814360e+02,2.231098223580917477e+02,2.240672487128207990e+02,2.803734423041796617e+02,3.173546029268023290e+02,3.108425902356544270e+02,2.864214060969865727e+02,3.256099857750383535e+02,3.306561300922293754e+02,3.020181139488041140e+02,2.708544293129428979e+02,2.885312182200916027e+02,2.851774610653006334e+02,2.980805869809531146e+02,3.211449296206760664e+02,3.170189798618910118e+02,3.290562461360495377e+02,2.749938626020644137e-14
1.305630675908521635e-27,5.146960023300437868e-27,-2.699266766045889306e-26,8.686978767134540453e-26,-3.669346131243359117e-25,1.521424745474657127e-24,-3.308308365006485754e-24,2.282704819573259435e-23,-3.216519307059452066e-23,2.828503751729934136e-22,-4.788508482066083543e-22,3.544994593876040411e-21,-1.775100380635717754e-20,4.469501017409334437e-20,-1.923692559384253155e-19,3.774985052053447846e-19,-3.523298559533151906e-18,1.175057929529728624e-17,-2.987228135696291474e-17,1.482877073835122216e-16,-2.371505418678865641e-16,1.193453233348430144e-08,-4.977926735519926387e-08,-5.088462876112131361e-07,7.519872772561116392e+01,5.414878445383549206e+02,4.501505492322678492e+02,3.721413538074750704e+02,2.700467568011719095e+02,3.267197374186818024e+02,3.828424106205279145e+02,3.264626860966652657e+02,3.917118332368966094e+02,3.499084742690465646e+02,3.698601918342708927e+02,2.778053387277956290e+02,3.410801375282016465e+02,3.579327946506924718e+02,3.283596174960926533e+02,2.987290187823383576e+02,2.950532863595084905e+02,2.865291785165367173e+02,3.153524571746303877e+02,3.262028869854257778e+02,2.896471574404869784e+02,2.861346529580322908e+02,2.652555073028697734e+02,2.991937803548209445e+02,2.838654940580443622e+02,2.660256680601962671e+02,2.939834830869301641e+02,2.337431337869137735e+02,2.724592379499694061e+02,4.166659691560091687e+02,2.937354506826550278e+02,3.053775827625811985e+02,2.680225114757118945e+02,2.495348587849819353e+02,1.983073111270088873e+02,2.483830006166112980e+02,2.290671585811431896e+02,1.865213903858695517e+02,1.634026059422352830e+02,1.652857668800664328e+02,1.843460736935074351e+02,1.842705916692706296e+02,1.787426128149339775e+02,2.066894547535059417e+02,1.708380766638272519e+02,1.955156369348522389e+02,1.813121994402443988e+02,2.086256655750051436e+02,1.720758802566879240e+02,2.216332517507323416e+02,2.309867398622601229e+02,2.239229336193293420e+02,2.278956271064099326e+02,3.791294594097789741e+02,-2.262294790414484069e+01,4.468706382427683366e+00,-1.545808079117934675e+01,7.747217088716215017e+01,2.728791758787542676e+02,2.261261974244837063e+02,2.132230555606558084e+02,1.778058550145552488e+02,2.072422859057017206e+02,2.032217018777350006e+02,1.856056102628211306e+02,1.688972968956699958e+02,1.502351525651538111e+02,1.531116241017181210e+02,1.643279199758430025e+02,1.470412237464447855e+02,1.883684526672633410e+02,1.753514095688438488e+02,1.582826160983240129e+02,1.705812120481720342e+02,1.539671053182975697e+02,1.222908152143881750e+02,1.293852334934521195e+02,1.541575301180516249e+02,1.557116946154926893e+02,1.464642246699639543e+02,1.549943128674644015e+02,1.674313554832132809e+02,1.746874461775272778e+02,1.848182677701970249e+02,1.842463725264231584e+02,1.795549227480311174e+02,1.737440769126985458e+02,1.859961422964958615e+02,2.222958469964154915e+02,2.338647698637029748e+02,1.966212080086698109e+02,1.949237067101313414e+02,2.305181685380929935e+02,1.909569906842245643e+02,2.172728178750982693e+02,2.190582114192218626e+02,1.970714890256069225e+02,2.378870623723146025e+02,2.733640738717711542e+02,2.527265755558648266e+02,2.323586024737390119e+02,2.196646063137374654e+02,2.245707652441003006e+02,2.601633928093022519e+02,2.730353898502268635e+02,2.301727748523048547e+02,2.332982063266530872e+02,2.107667368959594114e+02,1.861616023360024315e+02,2.111411647419573683e+02,2.162909301969963849e+02,2.183029789828782725e+02,1.969015332740241320e+02,1.964080321544155083e+02,2.162058130087100949e+02,2.205948444969356217e+02,2.054290395926724386e+02,2.276461144340128442e+02,2.711189461915601555e+02,1.920897437925402187e+02,1.636961444358197184e+02,1.851974820196916482e+02,1.657435761774545711e+02,1.688667242692757213e+02,1.692057002574254909e+02,1.889551224740542352e+02,1.778740675005630294e+02,1.857684160408158220e+02,2.266119035928888366e+02,2.240587869983568226e+02,2.010337605707071020e+02,1.686740540251419418e+02,1.827632864269768902e+02,1.684984501180672396e+02,1.889670838105816415e+02,1.856087584710199394e+02,1.456266431104425010e+02,1.108419795032947235e+02,1.535509113161918719e+02,1.438058594868082309e+02,1.447795563069617515e+02,1.513242545832744952e+02,1.681795605918957790e+02,1.402520297307756607e+02,2.457532682404852551e+02,1.560377044142144030e+02,1.443936398147598652e+02,1.446413183367044155e+02,1.835161405883588372e+02,1.726017147575776107e+02,1.861242456115257085e+02,1.646450943246130691e+02,1.751981885047987646e+02,1.713615637070367939e+02,1.621267410604006898e+02,1.721625366573619829e+02,1.729665814070206409e+02,2.076891122390383657e+02,1.575518074098579575e+02,1.605903477493347680e+02,1.691418970688508807e+02,1.650925599241641919e+02,1.809742573910162093e+02,1.748787339893167996e+02,1.829515856058661427e+02,1.979414843493279648e+02,1.915874825240694577e+02,1.793060787916965637e+02,1.907044895284415702e+02,1.909370924957457873e+02,2.121687391164435894e+02,2.119343225459200255e+02,2.043746869008761848e+02,1.953412540910278210e+02,2.191482565750699791e+02,2.321976935307390306e+02,2.147710014764368793e+02,2.045099577642432109e+02,1.955126875276903604e+02,2.294522918950762005e+02,2.515842280672788434e+02,2.536669069557174510e+02,2.443557347535301858e+02,2.796277116170705312e+02,3.069668108718491908e+02,3.023456383222207933e+02,3.086485597137587433e+02,2.963356892863336043e+02,2.661796914033761254e+02,2.911419828349156660e+02,2.295692254024900194e+02,2.352085117487186494e+02,3.319916670730747796e+02,3.254168133345160641e+02,2.694764792404726563e+02,3.234148872434780628e+02,3.126459544926756280e+02,2.889825574767287435e+02,3.014577001535421346e+02,2.434116701313780879e+02,2.497498447894778053e+02,2.826961111942839580e+02,3.223902748430574547e+02,3.358113382764685753e+02,3.077828359453934581e+02,3.083425216523712038e+02,2.257656096192567337e-14
-5.546361161040267961e-27,2.756798954163297134e-26,-9.710204521743576579e-26,3.495310813908616608e-25,-1.401188682647353992e-24,4.596871892137306971e-24,-1.771977544468912982e-23,7.152965689750248088e-23,-2.507178665519997978e-22,1.020263725159947303e-21,-3.423364172711699562e-21,1.228276371656182264e-20,-4.942669472757399965e-20,1.900297568444294370e-19,-7.346210134100777151e-19,2.525261115194373308e-18,-9.696766296796593034e-18,3.761028052402084420e-17,-1.245084282663163579e-16,5.054178226993930093e-16,-1.732364116818450072e-15,-5.264325034190825441e-08,2.195764557500879781e-07,2.244522988931273574e-06,-3.068766519106243607e+01,6.702356815718317193e+02,4.811917919747000951e+02,3.898916359482473695e+02,3.109129181176059546e+02,3.134160436912574141e+02,3.338084563440448278e+02,3.117715631397271068e+02,3.672123961607742331e+02,3.346560633491769181e+02,3.339513815699368706e+02,2.592147005654831560e+02,3.224707854495119932e+02,2.940895163011056752e+02,2.982934106877435170e+02,2.911851727856115986e+02,3.384513262142386907e+02,2.837005941966684190e+02,3.042306065027689215e+02,3.325115521502390266e+02,2.699722909894356349e+02,2.737590643311982603e+02,2.461562999912659109e+02,3.137955137102813978e+02,3.388372553212721527e+02,3.637654235084522156e+02,2.982153315176504975e+02,2.703906471728165570e+02,2.877912817859102574e+02,3.701582478055325964e+02,2.684577343622443095e+02,3.117895163742355180e+02,2.146716121498193957e+02,2.115027246373242633e+02,1.643647966653704202e+02,1.642060020741245125e+02,2.533771780022113376e+02,1.694453194211020843e+02,1.720726311017526768e+02,2.155520821056635157e+02,1.696778744867413025e+02,1.768838977713720055e+02,1.674440265953865605e+02,1.874499074870029176e+02,2.012853271250584157e+02,1.890069420509194629e+02,2.171138936660127001e+02,1.799422647051876254e+02,2.193678232521414202e+02,2.035504141545043240e+02,1.936625523574357430e+02,1.958683635232309825e+02,2.078901046380190110e+02,3.339926448439109095e+02,1.846115902683656600e+02,-1.970164398064815003e+01,1.268194065776842550e+01,-2.653038096681238045e+01,3.309426306300419469e+02,2.369333422125053801e+02,2.286499004496290013e+02,1.937915750117215339e+02,1.802679222987186449e+02,1.769393310187397788e+02,1.654669327898673714e+02,1.625700388590670968e+02,1.704800506904009865e+02,1.639411244174623334e+02,1.747987446162183005e+02,1.824973132669391020e+02,1.911870774290260897e+02,1.813593938426817260e+02,1.722007644009513001e+02,1.574407059661646429e+02,1.199780512963654644e+02,1.504357165806408716e+02,1.914942156430328737e+02,1.886040742488651176e+02,1.428900195068361541e+02,1.627450672433395198e+02,1.809212088064651027e+02,1.728056223696291340e+02,1.794243942330883215e+02,1.764314587218429438e+02,1.796574024728498671e+02,1.795355503432212458e+02,2.004963098038867599e+02,2.152374963835518145e+02,2.120694053042055316e+02,2.643036789152426422e+02,2.594160740235882372e+02,2.402934895045158896e+02,2.336701252355440204e+02,2.078240105055086246e+02,2.242332937305198186e+02,2.263449188047188159e+02,2.278920898107825792e+02,2.697894932045493874e+02,2.596360286649796194e+02,2.337951480520993925e+02,2.481755013536972854e+02,2.271661157779464588e+02,2.363149530288385165e+02,2.727454472815192048e+02,2.545299910268484496e+02,2.397857168663703646e+02,2.384066228961773106e+02,2.548037319296585395e+02,1.976340029876901383e+02,1.974796937067528688e+02,1.985312886861154595e+02,1.682217954214464726e+02,1.793138806935291427e+02,1.771450331190229122e+02,1.823910236460652072e+02,1.917875436703878904e+02,2.245615504885146834e+02,2.005205421762596245e+02,2.583919541191888243e+02,1.940417114011502804e+02,1.650421952385384259e+02,1.949616050836675356e+02,2.006678731507758755e+02,1.612109271022662824e+02,1.704303890160343542e+02,1.719967578338387568e+02,1.850510634488078097e+02,2.044054305918480168e+02,1.916765385933667858e+02,2.022336869323030157e+02,2.454223848000839894e+02,1.944538678746992559e+02,1.882786068591707362e+02,2.600238695967689182e+02,2.064071754512480368e+02,2.062172620814715174e+02,1.614002987741253037e+02,1.101019921799053947e+02,1.572081464213760569e+02,1.610992429159440462e+02,1.766806205663256151e+02,2.151663674563575057e+02,1.746204982554185392e+02,1.461542804524926567e+02,2.391244620445602607e+02,1.370833966011697385e+02,1.426365676116525947e+02,1.882000959055924909e+02,1.849426098639364113e+02,1.750738025086700986e+02,1.890312337243634602e+02,1.691563003537968655e+02,2.123673908600705147e+02,1.740960309282990011e+02,1.665941137886231331e+02,1.757546413075272937e+02,1.834300615605418159e+02,1.717651247907942604e+02,1.730568540354864808e+02,2.225032962542455550e+02,1.730121645488467266e+02,1.684912325145680541e+02,1.850578192002790558e+02,1.803359416087252498e+02,1.695530820816192943e+02,1.737538772750581870e+02,1.880219900417649228e+02,1.995598175618166294e+02,2.072610618341842894e+02,2.030731752064131967e+02,2.386008219442149993e+02,2.209462542117361750e+02,1.762903982630210749e+02,2.260486554601438058e+02,1.901586394304679857e+02,1.968462554917202851e+02,2.053438519958561699e+02,1.795032373299031576e+02,2.092068293104535144e+02,2.196643716975501945e+02,2.386071725358813183e+02,2.589913382421731285e+02,3.112323576006497206e+02,2.856350984303377913e+02,3.270224382256992612e+02,3.150160438596481072e+02,2.833488737724240423e+02,2.963068550484428556e+02,2.570830863688790942e+02,2.934837906796213929e+02,2.588390182088783149e+02,3.216717019454844717e+02,3.657512000312070199e+02,2.859959362893602020e+02,3.001426629526670240e+02,3.143919426488922113e+02,2.946552880874454559e+02,2.964238873566811208e+02,2.897507390793373361e+02,2.723045782618578983e+02,2.619587735988417876e+02,2.589347258299353030e+02,2.827881580792429759e+02,3.200542513324716083e+02,3.180572416822103037e+02,2.842962739818179898e+02,3.741688252114008647e-14
-5.773066749067644730e-27,2.077566841669291044e-26,-7.708979320251681232e-26,2.851601236925353619e-25,-1.102930637956257636e-24,3.860798344607157236e-24,-1.406884410197840910e-23,5.419818625912394656e-23,-2.027239009345173595e-22,7.596959471994502286e-22,-2.913814865443268039e-21,1.089225479212341019e-20,-3.872291039212650121e-20,1.495051009335355333e-19,-5.782498555368306141e-19,2.017381137812420283e-18,-7.782654029568329739e-18,2.841527983192335481e-17,-1.062850411128071567e-16,4.243178299090613538e-16,-1.538077242114164030e-15,1.884291042571938048e-07,-7.859430093806857415e-07,-8.033952510331240245e-06,1.069761951327131833e+01,7.104709005450006316e+02,5.198285950284293904e+02,3.859616660723903010e+02,3.255676488703094833e+02,3.346224625454297552e+02,2.653318887427497543e+02,3.228751498994317899e+02,3.288039625036150824e+02,3.119276096998167418e+02,3.263900538073540929e+02,2.935528870052883690e+02,2.891642315719074077e+02,2.544538535210430155e+02,2.713218445650662716e+02,2.901805333218399028e+02,3.271590201073025241e+02,2.786341252317042176e+02,3.412848519318592935e+02,1.657414097330028540e+02,2.644141859941000234e+02,2.908209548797465231e+02,2.813090437934650367e+02,3.263399835631512360e+02,4.308516848717958396e+02,4.039974049253132762e+02,3.073341958630508088e+02,3.205609931175439442e+02,3.036680468652343166e+02,2.289522500286370246e+02,2.502470705296057076e+02,2.508890665815904129e+02,1.972636558270332614e+02,1.946528482685487802e+02,1.733367057902955821e+02,1.283616119449169162e+02,2.215525094419748768e+02,1.503348114044967758e+02,2.273771369048836846e+02,2.079763376871509308e+02,1.554003830745797643e+02,1.795574262172310966e+02,1.448964049530693501e+02,1.642373540161960079e+02,2.095456825543887476e+02,2.065553603851686830e+02,2.214018120031608987e+02,1.954912348607595618e+02,2.160004766257079325e+02,1.909149397095994232e+02,2.015700085271168405e+02,1.909764818493883354e+02,2.033886633087822702e+02,2.573417037444663720e+02,2.551372434239288509e+02,9.617863911028892687e+01,-2.566745340250860608e+01,-1.040281731873085036e+01,3.100541851014421013e+02,2.345820286662799674e+02,2.175882388937213250e+02,2.150394914477721215e+02,1.797914933439137997e+02,1.710506633725761958e+02,1.607742228965213940e+02,1.627452425329867935e+02,1.757420798560862636e+02,1.686452546817976668e+02,1.780423543926374634e+02,1.745451258110005313e+02,1.678100163179490494e+02,2.039053266268396101e+02,1.736902506932545123e+02,1.475831909115737233e+02,1.228560539912251812e+02,1.654753244643827657e+02,1.856935594898438069e+02,1.702329942225372292e+02,1.448631017260772467e+02,1.691664340407623115e+02,1.731070713594922381e+02,1.688247502359172927e+02,1.655953594764742149e+02,1.704922569082387156e+02,1.758833307359769833e+02,1.706131673513420424e+02,2.077017262973914740e+02,2.206777558059579860e+02,2.085990731463442103e+02,2.573899587348505520e+02,2.807752037981769604e+02,2.630020540766780641e+02,2.358154706798566451e+02,2.168888643127480407e+02,2.014252326491464942e+02,2.029768220253842514e+02,2.373003645221747320e+02,2.796935856285201112e+02,2.520701344340616288e+02,2.350198469494344806e+02,2.197711303694761966e+02,2.069751169371593278e+02,2.248305518635726798e+02,2.583743837379178672e+02,2.756854182752880433e+02,2.519066761268520906e+02,2.215120993655149846e+02,2.465406181547920426e+02,2.107860479284059636e+02,1.767302551374174300e+02,1.899658481317496239e+02,1.624808229037982414e+02,1.878080744233152757e+02,1.782921254371111672e+02,1.650502430253390287e+02,1.768202531474427985e+02,2.284994732047125012e+02,1.975272687930042821e+02,2.073552221385814107e+02,2.035586178871396044e+02,1.770483198935450275e+02,2.152959265531835342e+02,2.201118758845019272e+02,1.808438262809905268e+02,1.768505010687720187e+02,1.787428823410611471e+02,1.662292687949838808e+02,2.145858584696765092e+02,1.741035786227909341e+02,1.786062493001457199e+02,2.251195049966056843e+02,2.206460910664650328e+02,1.959739047017983467e+02,2.560884550254289707e+02,1.908033141947972524e+02,1.849600867838009322e+02,1.704457596110019040e+02,1.484555660211184147e+02,1.501461390616721019e+02,2.100607376751296727e+02,1.988110060870545794e+02,2.214861531860614150e+02,1.503376726351461912e+02,1.781120684329027313e+02,1.813844500325646152e+02,1.591946279605963639e+02,1.618814984802207846e+02,1.934005682441811871e+02,1.652939474949062912e+02,1.608654818488923297e+02,2.046408856013307513e+02,1.776424513414308137e+02,1.950781587272744844e+02,1.808296171530986385e+02,1.748351140902680925e+02,2.026566988612762259e+02,1.570635818373536381e+02,1.445418160541760528e+02,1.616308944219783825e+02,2.077572755280257013e+02,1.491943731549872894e+02,1.720886340531178860e+02,2.134714807728642540e+02,1.881638267714958488e+02,1.552827315092329457e+02,2.058519710085794827e+02,1.878396599093221653e+02,2.334981995223531328e+02,2.168095737866278796e+02,1.921792860984577658e+02,2.045289178353699526e+02,2.065139973655640233e+02,2.245930501730127276e+02,2.325056804977624836e+02,1.568912041042709973e+02,1.728850209433794021e+02,1.724630059985431956e+02,1.759000732373238804e+02,1.967725730688138697e+02,2.088358607436409500e+02,2.267179531007341780e+02,2.682051344450792953e+02,2.633085985355770049e+02,2.698307850324648030e+02,3.330002462802597734e+02,2.822210225669105057e+02,2.429272021059847759e+02,2.537094020349464074e+02,2.581331156915207998e+02,2.454724788373349327e+02,2.852239013316148544e+02,3.157994384035794724e+02,3.213099437024858389e+02,2.802145149389217522e+02,2.949125684173336026e+02,2.996273029459450754e+02,3.195641075418227501e+02,3.100973926556612810e+02,2.646767459828669189e+02,2.612724404010127728e+02,2.883510233217464815e+02,2.775823755405959901e+02,3.166647563202927813e+02,3.234088096798895435e+02,3.162850823318365201e+02,2.891049086155381929e+02,2.619821920944140295e-14
-5.344984377063356804e-27,2.071107977968721571e-26,-8.325486390617800316e-26,2.839851139039696206e-25,-1.149873255232929088e-24,4.044695113708994538e-24,-1.565333162685254993e-23,5.901453344265556873e-23,-2.151573751328864851e-22,8.606032845215781223e-22,-2.807151409353057074e-21,1.168570106868762251e-20,-4.028778636403858542e-20,1.624422538371986068e-19,-6.032873005579587344e-19,1.903741077375593819e-18,-8.200064233942199437e-18,3.001898972503775109e-17,-1.094432160416944466e-16,4.232308604539705866e-16,-1.528999019990182404e-15,-5.726369345340407934e-07,2.388484508244651708e-06,2.441522071484356689e-05,-3.158557508698434546e+00,6.752773593621429882e+02,5.007491889207801137e+02,3.788826197306349286e+02,2.950571631242544868e+02,3.301684247092098872e+02,2.446886600742473945e+02,3.333884062497717196e+02,3.434487646496510251e+02,3.236949326029642862e+02,2.942663397377295951e+02,3.309591137064271038e+02,2.932560229689408402e+02,3.052519658278457086e+02,2.702676597727797230e+02,2.614024612493859649e+02,2.926022434232774003e+02,2.507794182388314255e+02,3.938187203128380247e+02,-8.370517827075438788e+01,3.946101539043654043e+02,2.788864306294944981e+02,2.834116789386087589e+02,3.192298553316973084e+02,4.415400525354829711e+02,3.552812891249938048e+02,3.439541679654580548e+02,3.323309430011041741e+02,2.887832155267564076e+02,1.956467940354666553e+02,2.149740538207279030e+02,1.678446775775919946e+02,1.739346568357384797e+02,1.948669737963802220e+02,1.804555160725335554e+02,1.607535476790595226e+02,1.848205468010225445e+02,1.467334557968036108e+02,2.218623928216315164e+02,1.914415476156911495e+02,1.850159537179668803e+02,1.843409140480775648e+02,1.956897811060075583e+02,1.710462355520041058e+02,1.885824231970078131e+02,1.898919865384402783e+02,2.007057257305489770e+02,2.078700851238376117e+02,1.887496440322931619e+02,2.001922943010693814e+02,2.047052454636187520e+02,2.164914068522515436e+02,1.999878709049647796e+02,1.862999511499139373e+02,1.773299264329740765e+02,1.959331857602111313e+02,8.508462659432748865e+01,7.490094230376153916e+01,2.102463568590517013e+02,1.988002856706974626e+02,1.866412324470526869e+02,1.886078835343041078e+02,1.868300779919445915e+02,1.824170799555943177e+02,1.838298787798640888e+02,1.650050742633997913e+02,1.495807450057709502e+02,1.510433664731748706e+02,1.652225090287399212e+02,1.515156951648205563e+02,1.565690173164621797e+02,2.054175994639408032e+02,1.626860285976242437e+02,1.458931162876428118e+02,1.389495050717845004e+02,1.349292688997819312e+02,1.305176207027220698e+02,1.381837428535163497e+02,1.648547750237037803e+02,1.823067667756842525e+02,1.607615432822631192e+02,1.570165101982970839e+02,1.454123632816952920e+02,1.628122092666555716e+02,1.774831037673469893e+02,1.831702732411939110e+02,2.066456599203633857e+02,2.266642933368001422e+02,2.168671062224463526e+02,2.243843401104822135e+02,2.407166865302287135e+02,2.336871006894191964e+02,2.229599282409643877e+02,2.250868780550291888e+02,1.939312368865115843e+02,2.060896648082886884e+02,2.333100432145598973e+02,2.584978831227018645e+02,2.585546058776501468e+02,2.367283533655687222e+02,2.154767362679509688e+02,2.226765113902041833e+02,2.166306917667835421e+02,2.182224991887861734e+02,2.729939326345736959e+02,2.365180212944329412e+02,2.002222227445118108e+02,1.886163819516969511e+02,2.037881571389820579e+02,1.721260299357386145e+02,1.747472398342937936e+02,1.648941092899244154e+02,1.839021372432909232e+02,2.026682289423662553e+02,1.823058157752693660e+02,1.671479319586561587e+02,2.100471708427154169e+02,2.116924901453123198e+02,1.828442589114392263e+02,2.055719160835318178e+02,1.995570955781507791e+02,2.092945096882018561e+02,1.907421033709858875e+02,2.113952918764007904e+02,2.073688650576958139e+02,1.766930453778582262e+02,1.622812094969101793e+02,1.816694897761040295e+02,1.820897857469388441e+02,2.026566241557648880e+02,2.045307079901740508e+02,2.053265525510959151e+02,2.119841940919730803e+02,2.560645102965321485e+02,1.937427320314023689e+02,1.647967852932399637e+02,1.562367367451303721e+02,1.535096108658756009e+02,1.868575968966993628e+02,2.075758365749410643e+02,1.760303958889693092e+02,2.032645647339428194e+02,1.462967888008940633e+02,1.845880234287531323e+02,1.829135474829139127e+02,1.654917776963090148e+02,1.715764214529612843e+02,1.756444890489293869e+02,1.670789746839175223e+02,1.469739618773438110e+02,1.870803164847127107e+02,1.694074345643019228e+02,1.668060247704566166e+02,1.517416122422215778e+02,1.671452785444014921e+02,1.984620241886170788e+02,1.550384077642102341e+02,1.449718082054056651e+02,1.538323120139876607e+02,1.647797471907306033e+02,1.384610524069416897e+02,1.598025621291896243e+02,1.992278559516475980e+02,1.695459511740114920e+02,1.835377013275611944e+02,2.260388466926516458e+02,1.907549581670402858e+02,2.258333259240935718e+02,1.806420295428315228e+02,1.817226882487054240e+02,1.607883023855856379e+02,1.753540882633629963e+02,2.302906580687678115e+02,2.186002064197803634e+02,1.826550843507095578e+02,1.705052348656778634e+02,1.607918970679494066e+02,1.911094415584508965e+02,1.807655659390424034e+02,1.951444036164508304e+02,2.225862496160228829e+02,2.388718698801197888e+02,2.220611672106174126e+02,2.801777642340932175e+02,2.897300864842408146e+02,2.654661166947645938e+02,2.684229510382212993e+02,2.169095950226553953e+02,2.423076775894971320e+02,2.668054779337161904e+02,2.889596251050741671e+02,2.547427804483931766e+02,2.884080022203269777e+02,2.902893308399803800e+02,2.531487419290344292e+02,3.089192479383750651e+02,3.217015690380100068e+02,3.094370674936220098e+02,2.892628960352501508e+02,2.698819760574592692e+02,2.779644098494292734e+02,2.833626115235687166e+02,3.273747064976474803e+02,2.964149755609299746e+02,2.827365657003786055e+02,2.814403524827021670e+02,3.316813758284506457e-14
-3.437003558548543458e-27,2.229950995147697719e-26,-8.130081668923976669e-26,2.810996413851733175e-25,-1.078463960954321997e-24,3.929863496842327703e-24,-1.627111744451265248e-23,6.238083691583279958e-23,-2.059875817472464646e-22,8.092616222656635609e-22,-3.025320341815821102e-21,1.147296550399359537e-20,-3.838984019902157799e-20,1.709880858946955065e-19,-5.383201913234854741e-19,1.951111279028447603e-18,-7.446542942555471103e-18,3.182458567276118794e-17,-1.132008970466485221e-16,3.965302435242847693e-16,-1.556647641368995716e-15,1.432076780141248530e-06,-5.973231878194177706e-06,-6.105870554712668761e-05,7.761175443340005975e-01,6.763393429517199138e+02,4.636493713253884721e+02,3.791566003565284291e+02,2.908146045629202376e+02,2.854091004193035133e+02,2.687252077227878431e+02,3.241030907074047036e+02,3.036264187689432106e+02,3.507048497547749548e+02,2.576374436433673054e+02,2.902046526845683161e+02,2.965900495018519791e+02,3.465387706190447261e+02,2.605565239561315707e+02,2.430161779719358606e+02,3.283505235294654767e+02,2.405550668792942872e+02,3.803412568313917177e+02,1.421832328107826413e+02,3.463960948605696899e+02,3.789074047640243066e+02,2.705095894490708588e+02,2.944972955217755270e+02,3.453380024644110335e+02,3.141758816568728321e+02,3.649182593982836806e+02,3.346713508393444840e+02,2.560564646427208686e+02,2.036138496028740121e+02,1.547992950237810987e+02,1.634079990419780302e+02,1.459161872871893308e+02,1.969049782027614413e+02,1.960391445267268296e+02,1.916874396104043683e+02,2.168465974890541759e+02,1.674343569242430760e+02,1.871892608430059397e+02,2.124651720710108975e+02,1.779861538788708799e+02,1.655794960359586128e+02,2.592601705734460324e+02,2.089449358112066761e+02,1.798340114006850570e+02,1.487379311348130386e+02,1.842114036455701296e+02,1.706779498926577787e+02,2.018929425250743463e+02,1.915649995946970705e+02,1.690538001641760957e+02,2.334693844896023904e+02,1.744391807777716110e+02,1.648867801126015422e+02,1.851546229112484241e+02,1.651868600803913125e+02,2.257120946139779960e+02,2.143936077258074988e+02,1.846247107848753899e+02,1.922589687105964629e+02,1.833135432661658513e+02,1.529554352870097205e+02,1.735586248588125500e+02,1.792552440480089899e+02,1.911164128250688066e+02,1.712683999581966248e+02,1.619251273451735074e+02,1.426276992089709950e+02,1.685302734635781690e+02,1.818968189570877030e+02,1.574058647649931402e+02,1.669307142901942598e+02,1.680460695142875807e+02,1.642914160692629650e+02,1.521809523461714377e+02,1.293044250832256523e+02,1.521789540072751947e+02,1.678168696901247188e+02,1.777076705650126485e+02,1.895207997694936637e+02,1.690535814957930256e+02,1.498694138697915434e+02,1.467461974202864781e+02,1.462999928846950297e+02,1.827255543260288846e+02,2.135708996333849257e+02,2.238097925133723436e+02,2.609978229825604217e+02,2.196092606757334806e+02,2.049120032087925267e+02,2.076460955281651195e+02,2.071852105647760425e+02,2.087602247022716995e+02,2.368527368531522370e+02,2.487458000603553785e+02,2.475160343471688975e+02,2.308824106195397974e+02,2.230121387781292412e+02,2.186331218329634112e+02,2.116694911671294790e+02,2.515864861353876734e+02,2.615454589164610866e+02,2.223321454824027512e+02,2.127468743444926247e+02,2.516969255655349116e+02,2.416719360414540461e+02,2.116405384210547425e+02,1.833234714575639543e+02,1.981459456435532047e+02,1.740929887151784783e+02,1.690217194685913569e+02,1.756813802195893004e+02,1.842194193414015615e+02,2.013192734584204402e+02,1.744040942494110027e+02,1.511508397555952001e+02,1.917522803228837915e+02,2.008762299936240083e+02,1.836351227156168875e+02,1.828689537313260018e+02,1.666095922516972792e+02,1.870095758926741496e+02,1.543956659314600870e+02,2.301278470956842170e+02,2.180097490056130596e+02,1.805534442937441781e+02,1.813082311400379183e+02,1.615913443363301951e+02,1.701569877598012965e+02,2.015199149061907633e+02,2.219284532086678894e+02,2.069067620898555049e+02,2.787453691969085412e+02,2.016928689390499585e+02,1.208719045367326714e+02,1.808320194527150875e+02,1.525416000328960422e+02,1.836675750118595545e+02,2.114429820286399888e+02,1.874186399408829402e+02,1.637570904882768161e+02,1.973071054492579322e+02,1.523645698284086052e+02,1.617148463222837904e+02,2.083966468345658711e+02,1.537337616732864376e+02,1.663670656309525384e+02,2.010504560251262092e+02,1.892170112110302966e+02,1.647386616108977080e+02,1.718624791794328814e+02,1.530426893956987158e+02,1.526488183484834451e+02,1.591632868003404155e+02,1.652111787250327666e+02,1.705161379470686143e+02,1.729455221368562832e+02,1.628905356640973707e+02,1.811018004475901080e+02,1.784634506531718614e+02,1.759863225529083763e+02,1.450526618721995646e+02,1.435569859923634795e+02,1.662056441513966547e+02,2.161115703487119504e+02,2.080524182663930617e+02,2.065878405359716226e+02,2.059621975925064987e+02,1.700346467112680386e+02,1.723897946836863753e+02,1.656927793851236856e+02,1.600531203717477808e+02,1.898792958489776765e+02,2.052514870109532126e+02,2.117315953800766124e+02,1.864353676120651073e+02,1.937602481045660170e+02,2.155651333844189139e+02,2.034535839999307996e+02,1.918338686797644357e+02,2.100542903874670060e+02,2.282723046866299796e+02,2.696656094041862843e+02,3.053747399160766918e+02,2.895759264406174225e+02,2.917388174633787230e+02,2.999211107234238511e+02,2.190931853977016317e+02,2.221673322996031459e+02,3.186243700284680358e+02,2.723289062872406703e+02,2.573522745684679194e+02,2.920291298563086571e+02,2.839187233347289521e+02,2.836625673846004361e+02,3.252527985765778453e+02,2.810970592056382316e+02,2.904378175109075642e+02,3.176630152400900897e+02,2.908665295830506352e+02,2.545524608324508051e+02,2.635257225002748100e+02,2.582026234134181095e+02,2.444362218223066066e+02,2.562267273234721188e+02,2.565404005064210651e+02,4.542034852935524429e-14
-2.729610574094212538e-27,1.971588842237960399e-26,-7.553204224474056315e-26,2.892698484056689215e-25,-9.781687074705319906e-25,3.513292620882088824e-24,-1.537706198056102374e-23,5.364821811762388075e-23,-1.901261133778710510e-22,7.432634914561308482e-22,-2.696888144044066111e-21,1.075824935092996542e-20,-3.790150992177909950e-20,1.381081681474108064e-19,-5.534467017660338120e-19,1.841976954813342807e-18,-7.410428205219542603e-18,2.552418185326615051e-17,-1.031434996697056243e-16,3.896434317100490173e-16,-1.414488018584391469e-15,-2.489743274433620859e-06,1.038478810605216021e-05,1.061538772986908178e-04,-1.355697793135436924e-01,6.305236726076025207e+02,4.866162614905732653e+02,3.675177692542629302e+02,3.180306826021704865e+02,3.113590302185740484e+02,2.749530990875201724e+02,3.241293893920654341e+02,3.183755489780952530e+02,3.656116091732112636e+02,3.333151305171987246e+02,2.566793314861324120e+02,2.442697705609619163e+02,3.116456224940517927e+02,2.542180586907397242e+02,3.148146062023302534e+02,3.452156383446448444e+02,3.191781685998166154e+02,3.369490364820414356e+02,5.666724138719297343e+02,-4.245234622311897965e+01,4.250530792629491543e+02,2.651446983608007031e+02,2.982914804375878361e+02,3.115029451245187033e+02,3.389356815060402255e+02,3.043809692772311450e+02,3.016133035296772960e+02,2.100918641887046192e+02,1.688976000258010686e+02,1.737480551759678065e+02,1.931974836758465983e+02,1.631871050213820808e+02,1.555474887996830091e+02,2.063162605170466577e+02,2.143739381507204200e+02,2.037389835018990709e+02,1.687203565512603518e+02,1.769360046994609661e+02,1.676718201511220911e+02,1.532487187072816539e+02,1.297572359486142943e+02,2.153286632098024427e+02,2.225738015355852326e+02,1.881401801012425210e+02,1.342394028875279730e+02,1.725425316643681413e+02,1.520614319179570941e+02,1.690896742734696261e+02,1.380008833714794321e+02,1.502689036423822984e+02,2.035085662867450367e+02,1.640733057695439641e+02,1.817184870767719929e+02,1.733060640017681351e+02,1.700423578932303030e+02,1.729470179198930282e+02,1.728146869268230716e+02,1.529476486061863056e+02,1.881224166490555376e+02,1.872424700776042528e+02,1.753609797001977029e+02,1.904858137212427494e+02,1.916620072127095398e+02,1.543350190858069197e+02,1.661386718350181866e+02,1.825915158269653489e+02,1.638842244056357345e+02,1.650370816802261515e+02,1.679467880775800381e+02,1.492692789774557980e+02,1.535295577984398392e+02,1.727796574521433683e+02,1.783600154329037935e+02,1.790245481137573620e+02,1.547628787234185381e+02,1.909531768058876082e+02,1.827242816594877866e+02,1.586537205757287836e+02,1.511096260712891137e+02,1.456854355568341077e+02,1.551780894186570663e+02,1.664088825967006358e+02,1.553927754087686992e+02,1.906593600428461741e+02,2.233414391316562728e+02,2.194647064577864910e+02,2.466099049908522147e+02,2.338184048112776736e+02,2.062201367772267702e+02,2.186367685567349781e+02,2.195899195288501460e+02,2.138308199575176900e+02,2.309304863525371729e+02,2.723643336196213340e+02,2.533696136008542794e+02,2.260034240787481110e+02,2.199716696908713800e+02,1.971899960438334176e+02,2.075388926343615310e+02,2.487418281336868233e+02,2.645550130977416075e+02,2.288304093964018193e+02,2.222914427901384897e+02,2.771699095141761973e+02,2.641752352530090207e+02,2.211138297913733766e+02,2.043759817905588818e+02,2.094897923616644562e+02,1.819040497106093426e+02,1.856100610701325309e+02,1.805642739716554956e+02,1.775934804196884329e+02,1.848166144036113110e+02,2.059001921100176560e+02,1.592814707592819161e+02,1.891672751078400267e+02,1.906671835009381084e+02,1.955575020473262100e+02,2.005313709916186440e+02,1.844691632677975406e+02,2.305289175508612800e+02,1.720237456780938885e+02,2.174647252423647217e+02,2.084266096731099651e+02,2.284090855772057296e+02,2.042075070251919158e+02,2.032870196951672028e+02,1.648106562378902993e+02,1.875006337495638604e+02,1.831660786980131377e+02,2.172437279466662119e+02,2.561643315658495226e+02,-1.733516053047473093e+01,1.491136825030324786e+01,1.914055869957970515e+02,1.699780923382701303e+02,1.910225543954739749e+02,1.867401901489480736e+02,2.146093614956364206e+02,1.839600437839083611e+02,1.397486255608777697e+02,1.578430481929602536e+02,1.528007566705163356e+02,1.728228270243199631e+02,1.531017373001965041e+02,1.852838289285123778e+02,2.070631356906413032e+02,1.723703818949159370e+02,1.835404365169865173e+02,1.786045847193792611e+02,1.516731256028988355e+02,1.372958263493557354e+02,1.910023020525049162e+02,1.772194386302498401e+02,1.852138859036373049e+02,1.753918363365054915e+02,1.628601597745849858e+02,1.966706215994268518e+02,1.791179788899291623e+02,2.000224998321568251e+02,1.602558548724843490e+02,1.461987535375645848e+02,1.956802786997687349e+02,2.122036796969117916e+02,2.241323240849477259e+02,2.142710620720149564e+02,2.187551549039409338e+02,2.246620772663520142e+02,2.088783503807251520e+02,1.763610146377386059e+02,1.512285608302184414e+02,2.111956119218467904e+02,1.998011197727533101e+02,2.225012088003482233e+02,2.255815472335901006e+02,2.071494465232273114e+02,2.427243903846563740e+02,2.018882753458341881e+02,1.960847845566983381e+02,1.924972723840560320e+02,2.324378474157052494e+02,2.497897927577531902e+02,3.567460375114852695e+02,3.704344755502156659e+02,2.794797863092186958e+02,2.684733811496284375e+02,2.394003346440980522e+02,2.700069976019340174e+02,2.726242485341871884e+02,2.743083809765378760e+02,2.693233456254756106e+02,2.714500029207385978e+02,3.012919551432028697e+02,3.332431327996240498e+02,3.231053736863843824e+02,2.684740311458074302e+02,2.481074523496599511e+02,2.657060673412962615e+02,2.355936208758672876e+02,2.309007017026235928e+02,2.679376713044550797e+02,2.608475206027451918e+02,2.678589356862611908e+02,2.707964746824305280e+02,2.595837032299635325e+02,2.679976352978254577e-14
-3.053386531665780546e-27,2.481399268061324312e-26,-9.327433251060679827e-26,3.559573762478039385e-25,-1.227157595911480634e-24,5.056736193172619883e-24,-1.669919109811589123e-23,6.928805128883730787e-23,-2.476317145626615200e-22,9.262018906371266914e-22,-3.238800166271845516e-21,1.237310590927231771e-20,-4.974763437824140330e-20,1.629005090805729086e-19,-5.891489077352357319e-19,2.569777750441279923e-18,-8.646417503012584692e-18,3.849400024220994052e-17,-1.211518750194004701e-16,4.925173528177713633e-16,-1.892274786583272834e-15,6.264645564512109798e-15,-2.696927644705265803e-14,9.427694115072366956e-14,1.680540101012740055e-14,7.784592773565302650e+02,5.461394272514000932e+02,3.836483654988219314e+02,2.911310777303816621e+02,2.944542768237384962e+02,2.849367477415958660e+02,3.417772432559846720e+02,3.331996556049334686e+02,3.932831769637325010e+02,2.756472769472445634e+02,2.740631667001782148e+02,2.377735536698103260e+02,3.337288168595745788e+02,2.730291315578363083e+02,3.013726385324208650e+02,2.789297813257640541e+02,3.563461853191796536e+02,2.539510342524329474e+02,3.717328123471863819e+02,4.577373160839230039e-14,8.793167423104295665e-14,2.649979712719604095e+02,2.991989283811491305e+02,3.485958413464406362e+02,3.917926708795714603e+02,2.800193545449057524e+02,2.286425842944590556e+02,1.897391053450357106e+02,1.724424517293913652e+02,1.871986945287902415e+02,1.591476500028113605e+02,2.023759379787879027e+02,1.932774789752992888e+02,1.640488419651520076e+02,1.757952749129178471e+02,1.775856073937698625e+02,2.125775026942434067e+02,1.565137334549950481e+02,1.378447497558419457e+02,1.884392685358423023e+02,1.564325430191194641e+02,1.838505960841862930e+02,1.918546667333907578e+02,2.031161683645114806e+02,1.654685218314630220e+02,2.054518130483467075e+02,1.576311870553658991e+02,1.523168716625763466e+02,1.555282758434875063e+02,1.624614570913754505e+02,1.875407817271452871e+02,1.777057980063956109e+02,1.413539815880351682e+02,1.638559442274197977e+02,1.652855155239284386e+02,2.023918597565681807e+02,2.019073923970568671e+02,1.477474728806240876e+02,1.579625501257531823e+02,1.890299430477375608e+02,1.865131255550916762e+02,1.751128549785275368e+02,1.949004737897626001e+02,1.477768085536506533e+02,1.365366880654621866e+02,1.471531990523318427e+02,1.708980210954646850e+02,1.462511949176012251e+02,1.527390297860033570e+02,1.623945194710833562e+02,1.643971321384991029e+02,1.705365645620314865e+02,1.662431256013408643e+02,1.749138062758214289e+02,1.620180212272581457e+02,1.986063338959818054e+02,1.551727928095988318e+02,1.709185525060353257e+02,1.607008733251623482e+02,1.530485429795753873e+02,1.385582250849421939e+02,1.553906970410699557e+02,1.758211228653639466e+02,1.862016931309732399e+02,2.059641570877016648e+02,2.163648023723990264e+02,1.992028691521556141e+02,1.906316065737034933e+02,1.640535297087648132e+02,2.009358929493112669e+02,2.300678842990120359e+02,2.295877097757118008e+02,2.455059059943900195e+02,2.639251455010954146e+02,2.887400890056036928e+02,2.681006213385899173e+02,2.690025902811162837e+02,2.457621282465782429e+02,2.008448822211174445e+02,2.384823524603860392e+02,2.721723482745065894e+02,2.276751841356078501e+02,2.066475335899864376e+02,2.324931398295212830e+02,2.194655391340930350e+02,1.978719114995478492e+02,1.734304230930077324e+02,1.703811503698766217e+02,1.764095976053557422e+02,1.996862336001625806e+02,1.638713148582733083e+02,1.807436001303416617e+02,2.023269272672657735e+02,3.089988931458528896e+02,2.343886734908577409e+02,2.064082444163953198e+02,2.486433371823722212e+02,2.564684690941278404e+02,3.206632125100504140e+02,2.867653875081360866e+02,3.052476977620240746e+02,2.300358764129819065e+02,1.579615805368466965e+02,2.430168819436985643e+02,2.444519930964718242e+02,2.172432638053831795e+02,2.468411279203191100e+02,1.889940050225781363e+02,2.175064804802376557e+02,1.720608367184531176e+02,1.324190031490660431e+02,3.307584157883206025e-14,2.873628737885206407e-14,2.574565178442388742e+02,2.416801328617219724e+02,1.898232457697131395e+02,1.557057214444897681e+02,2.119783137147977357e+02,1.580094935377117338e+02,1.642243631394514978e+02,1.471719103969352602e+02,1.632445961270447867e+02,1.670676800242363242e+02,1.507276780668799177e+02,1.409915382362787000e+02,1.756432438159547473e+02,1.579908608470331330e+02,1.434489413158203490e+02,1.559798475417446753e+02,1.484114056952489022e+02,1.876335805628701792e+02,1.381688669626885826e+02,1.432205127643425442e+02,1.992695052648711851e+02,1.751787591410560765e+02,1.828430719717303532e+02,1.736725082644769032e+02,1.983304149012191147e+02,1.802329374913177276e+02,2.213295290100715249e+02,1.967768042973945342e+02,1.830253632386306037e+02,2.024887228881244994e+02,2.051066228685989472e+02,1.917947302997077088e+02,1.698171360305383359e+02,1.991121164316826082e+02,2.586459221544456000e+02,2.676247294057322961e+02,2.139685264874765380e+02,1.985681000433558836e+02,1.694225839716374082e+02,1.895650552527827699e+02,2.308714529424020441e+02,2.291676183825183273e+02,2.263952134217379637e+02,1.826272398646860324e+02,1.715362330951224692e+02,1.829755928841225341e+02,2.327903137959555693e+02,2.596771576743911965e+02,2.806996694988811214e+02,4.298288669320482995e+02,3.797436189078609345e+02,2.881025160747740870e+02,2.805683312786717920e+02,2.908846708573687465e+02,2.730287262027530915e+02,2.819567759482272891e+02,2.964014339950094268e+02,2.746403068091113369e+02,2.704540211929957536e+02,2.954475074147923124e+02,2.967843616531928319e+02,2.831474138841599597e+02,2.906708755575183432e+02,2.649921374015679021e+02,2.426289681120067030e+02,2.430256650785523505e+02,2.392172850354562570e+02,2.523009185385739102e+02,2.740149736998158119e+02,3.274903205518096456e+02,3.131332127568846317e+02,3.026309748247986136e+02,4.122134279095732973e-14
-5.919792483540179011e-27,2.498817675894983997e-26,-1.004952630878297117e-25,3.398343715128384726e-25,-1.422016523486679994e-24,4.908792022015085459e-24,-1.984166339553743728e-23,6.784041665971043272e-23,-2.618597609002171630e-22,1.023439199406468698e-21,-3.894762763279687685e-21,1.246449926517822752e-20,-5.438062421077282899e-20,1.883290968696406718e-19,-7.184175210546387178e-19,2.709057909872034705e-18,-9.968736319716743822e-18,3.903613611653243342e-17,-1.355506268560550510e-16,5.088042226046127512e-16,-2.125206907119648979e-15,2.312556188298195485e-05,-9.645735863648081173e-05,-9.859924417508544175e-04,2.362136306620131118e-03,8.091629777853662517e+02,4.471449109110810127e+02,3.736604203756912739e+02,2.972727321906057796e+02,2.824932043089896183e+02,2.459104525823840390e+02,2.639059900832317567e+02,3.018870182293568973e+02,3.483111689580540542e+02,2.763551000532944499e+02,2.187564786459313666e+02,2.677075224144148820e+02,3.054245222903056742e+02,3.548542337389817476e+02,2.720798338659481601e+02,3.137417299738306724e+02,2.975764029240260697e+02,3.033828642682615282e+02,3.090902475997299348e+02,4.198483684915769345e+02,3.953301580091247729e+02,4.336682280312601279e+02,2.915105710261138370e+02,2.947210067771284230e+02,2.390822709207477033e+02,2.241216500270736276e+02,1.984736751638694727e+02,1.691514371580712464e+02,1.773708281636946822e+02,1.761249031161552239e+02,1.841006495642684513e+02,1.877489691701649406e+02,1.703471514801537694e+02,1.662965688246129616e+02,1.981720482475711833e+02,1.780559631144622301e+02,1.668206748655129843e+02,1.812411081301677882e+02,1.821783256031914675e+02,1.680291363141332397e+02,1.550750784340551149e+02,1.524794534650010860e+02,1.860626223887128674e+02,1.978155069155569379e+02,2.033007195689563673e+02,2.209836116775034611e+02,1.632623106233577346e+02,1.417790986689757631e+02,1.580432623245777393e+02,2.171812317214706809e+02,2.219509812122506958e+02,1.819230051140472710e+02,1.818247407931005171e+02,1.410888210819535686e+02,1.886687518684051952e+02,1.713204132464603902e+02,1.749895392440068917e+02,1.829975645184915152e+02,2.014914798095506967e+02,1.937543573138649151e+02,1.585235608261915274e+02,1.601534693517134258e+02,1.965485061785254004e+02,1.988468047694117047e+02,1.727484761814161516e+02,1.569360823808691237e+02,1.669155861879978886e+02,1.701045904719917132e+02,1.805449743124349595e+02,1.920331324672391986e+02,1.855269553983499975e+02,1.567707035507275748e+02,1.708223056045644341e+02,1.791935724979008739e+02,1.869204326435352073e+02,1.928573143009927264e+02,1.834608091585900524e+02,1.712263821414791778e+02,1.629014991164776234e+02,1.602642786106568735e+02,1.486593813403486593e+02,1.629592360784347704e+02,1.852475632384981452e+02,2.055253137274481787e+02,2.101284322722962656e+02,2.002915037577448061e+02,1.961778674311188979e+02,1.751856549211784113e+02,1.809882389308316419e+02,2.278495891129468873e+02,2.366986578191807666e+02,2.671755116550207845e+02,2.601481727021335928e+02,2.451522829168074793e+02,2.246424124117357906e+02,2.376639681585048436e+02,2.637948954739413807e+02,2.262834959670925628e+02,1.917787068345305386e+02,2.653775122424671054e+02,2.611331172394774285e+02,2.166595672699781971e+02,2.235710481049904104e+02,2.142738366163685555e+02,2.167068785560771573e+02,1.892255360263741579e+02,2.018877212022784988e+02,1.901687828899686679e+02,1.656960228883380921e+02,1.811503488018054213e+02,1.741086807540680468e+02,2.175793823359919941e+02,1.896913103245741468e+02,2.209560638113935909e+02,2.280153517173560545e+02,2.155821469896218900e+02,2.743417556816875731e+02,3.588779063809392937e+02,4.319178603755707968e+01,-2.323500147261093662e+00,2.952652436412115549e+02,3.450683510046983997e+02,2.429291076458751490e+02,2.467431255296036170e+02,2.245844029053849624e+02,1.793663203732432692e+02,1.927093202488220811e+02,1.747559702668183661e+02,1.965598692270226309e+02,1.895556445459369570e+02,1.795698626580979180e+02,-7.614298508468352544e+00,1.801982980143516322e+00,2.360171671220525127e+02,1.476528303471823733e+02,1.618343515077021948e+02,1.668324722825062452e+02,1.831525783411039470e+02,1.475081549193529327e+02,1.564269145905127232e+02,1.787938558188096465e+02,1.441423251293304872e+02,1.756653162938955575e+02,1.414396010733834999e+02,1.695494172336501322e+02,1.936655181986318439e+02,2.048377688351681911e+02,1.708690507411091346e+02,1.144438294153918463e+02,1.562277900394048515e+02,1.524151832951216932e+02,1.537874671312808346e+02,1.423013225558805743e+02,1.732259590760943695e+02,1.399184452176942273e+02,1.886737047249800696e+02,1.840824639272493073e+02,1.909833208682454995e+02,1.517720560153199472e+02,1.904087331377629937e+02,1.932495604734015728e+02,1.678667132264505142e+02,1.776715607000240311e+02,1.902427051034382544e+02,1.822665264290049834e+02,1.770164883167314542e+02,2.121996078630607769e+02,2.540194465594539395e+02,2.047170618709007215e+02,1.976041696678949222e+02,2.040747071206073997e+02,1.631656383184724177e+02,1.808331275106619103e+02,1.784777548522273491e+02,2.173784841849760028e+02,2.149560681220075367e+02,2.050330559588733763e+02,2.118884955734179130e+02,2.094135211666948067e+02,2.051123813455716629e+02,2.694546793357417300e+02,3.569549109770753716e+02,4.227223089215804066e+02,3.274287912099753157e+02,2.690084867675270175e+02,3.129926893793411296e+02,2.881382537229823697e+02,2.647664107768233634e+02,3.065835253217070431e+02,2.645128790098184481e+02,3.117170884479754704e+02,3.166842774001124212e+02,3.184391299488098070e+02,2.702966903153957219e+02,3.112725903959986908e+02,3.467260201443534129e+02,3.247269592125664417e+02,3.026980654236768942e+02,3.110289309203765242e+02,2.734176319985983810e+02,2.513735729109520776e+02,2.762710684488895367e+02,3.291497000049924964e+02,3.396046778442818663e+02,3.327973751563364431e+02,2.818881352697075674e-14
-5.961553764467158754e-27,2.908128372697048300e-26,-1.045070777830539680e-25,3.690551108191923896e-25,-1.603146222423835081e-24,5.329440265695604604e-24,-2.013466749517066734e-23,7.682481684887969544e-23,-3.163744152811269218e-22,1.053428814123208038e-21,-3.814622779956402461e-21,1.604140326557012061e-20,-5.818046835498493913e-20,1.943399761705374765e-19,-8.405169060213434423e-19,2.800962381753724438e-18,-1.055645613296753373e-17,4.363969809565381128e-17,-1.389843711195446858e-16,5.262839944075871687e-16,-3.137665489555909557e-16,-1.312313757361461262e-04,5.473697001528157399e-04,5.595243277205673091e-03,6.175853018009334200e-02,8.684308824275407233e+02,4.211772595224528004e+02,3.439574816512676421e+02,3.282628627196763773e+02,2.858366748225514584e+02,3.181177775077932779e+02,3.166192263070447552e+02,3.861050948010932871e+02,3.357211879688550766e+02,3.147760921908130740e+02,2.632927409250471555e+02,2.794364312491783267e+02,3.142882275700007995e+02,2.752604922046401725e+02,2.813752976001292723e+02,3.326627353588414167e+02,2.640194495425104151e+02,2.828287937501921760e+02,2.713886096130245846e+02,3.267207342727260198e+02,3.005415316883966170e+02,3.570967402186299182e+02,2.833991324786153427e+02,2.730978773638814801e+02,1.948322278655723494e+02,2.030340891143734439e+02,1.722218868720362366e+02,1.887577550339723587e+02,1.975436514431662545e+02,2.006443356573944357e+02,1.763074432192602501e+02,1.742004198073859698e+02,1.493289417261796643e+02,1.536017338287791461e+02,1.707730129215736099e+02,2.043572419208140900e+02,1.502582265769746073e+02,1.763762994939052362e+02,1.614133692057770872e+02,1.631276468139464839e+02,1.575655259552860059e+02,1.667394841156415453e+02,1.582025717459664520e+02,1.981182399290671583e+02,1.619961423015606385e+02,1.704447912277669843e+02,1.981094547122076506e+02,1.975120073598027091e+02,1.631480025499337785e+02,1.895983842501368315e+02,1.775336024371796100e+02,1.765987968252439373e+02,1.839948665940028434e+02,1.815310637916173562e+02,1.676164046628472590e+02,1.654979882047283297e+02,1.804847177345160958e+02,1.815215240959168170e+02,1.688986780329227599e+02,2.080218045026318805e+02,1.764462205765338467e+02,1.712637955808071126e+02,1.823246060240782640e+02,1.779666851727380390e+02,1.587041046297910611e+02,1.529630111275671425e+02,1.906264496315140775e+02,1.897738341819490699e+02,1.931783819577185852e+02,1.689648534181706054e+02,1.826743047931786350e+02,1.606789325447841463e+02,1.777185157183164677e+02,1.796427159403633311e+02,1.562919710382950598e+02,2.127617115893534105e+02,1.842501834684132405e+02,1.906903959387751684e+02,1.741506915158710456e+02,1.514719420527864315e+02,1.565502806414820611e+02,1.991036996549535445e+02,2.077987602017089444e+02,2.220734964803517357e+02,2.614560344365777382e+02,2.129812221890855710e+02,1.906381931989568272e+02,1.794384612510705779e+02,2.094254814322046911e+02,2.435094173502831723e+02,2.452892663112513674e+02,2.757512716038238523e+02,2.529468547992518381e+02,2.408425022738572352e+02,2.034211674092533428e+02,2.117742560582025817e+02,2.340438201000624190e+02,2.268923350105077077e+02,2.474949350223844533e+02,2.941279282338504686e+02,2.681913321497824541e+02,2.401481512132737066e+02,2.544390275982366063e+02,2.182729892766951991e+02,2.088833154412289446e+02,2.063952467062995595e+02,2.206989653586429938e+02,2.379002788865301738e+02,3.120024586319690911e+02,3.020573228218457302e+02,3.839144361392867495e+02,4.835272524584551945e+01,3.739962245668203877e+02,2.355616238368140500e+02,1.884437612531099546e+02,2.660056056995387621e+02,3.852679827704058653e+02,4.822117021618988133e+02,-6.216378377183184512e+01,3.768083057448716318e+02,2.608120426693438390e+02,2.534072665944536027e+02,2.422056947754316241e+02,2.148444207576318661e+02,2.523937649290313345e+02,1.771412474547202294e+02,1.751614480567905616e+02,2.158457985046946987e+02,2.179394221620319456e+02,1.841667591628470575e+02,2.574416695739917600e+02,4.777115352673634519e+00,-7.044572997268165881e-01,1.889514889661825805e+02,1.562902171697286917e+02,1.544954518267390142e+02,1.775502823694368715e+02,1.536148035294831971e+02,2.018613530774052265e+02,1.851611081947487207e+02,1.953033467532487180e+02,1.689516233391087496e+02,1.787604890858829663e+02,1.615951564218160286e+02,1.715801663238895003e+02,1.763962441011675253e+02,1.699303359518726779e+02,1.690798347996444306e+02,1.435478435577641392e+02,1.780955336699901750e+02,1.514205367901851105e+02,1.600069667027057108e+02,1.966562834075720616e+02,1.524673753702816157e+02,2.096216609508182955e+02,1.791200138403704898e+02,1.589237561010540389e+02,1.711111304744710537e+02,1.838128852921546752e+02,1.796199670356032243e+02,1.727818310045946646e+02,1.690715134366259349e+02,1.302209284611093096e+02,1.767437403503213318e+02,1.857794354137557207e+02,1.892885051494455695e+02,2.005158974267648659e+02,1.678407976774049928e+02,1.761522995385780348e+02,1.884271380975491752e+02,1.964698537108497192e+02,2.097319129461095315e+02,1.926895790048424146e+02,2.465283149519868289e+02,2.015820582048534959e+02,2.180157120541231563e+02,2.263041231278737371e+02,2.149812913328977686e+02,2.210438866941344145e+02,2.061787037750386276e+02,2.431799964012652708e+02,4.154400718217197550e+02,3.377277002379018995e+02,3.221336068484592943e+02,2.749656478550895145e+02,2.944074957997255524e+02,2.727455699289776589e+02,2.735904692054611473e+02,3.089527967936136292e+02,3.415631433791077143e+02,2.896484581809363590e+02,3.073346503993761303e+02,2.974570193784730918e+02,2.830137535491344920e+02,2.719751340665150110e+02,2.964873449721013685e+02,2.811589533372645064e+02,2.908635863796471881e+02,3.162341740066199236e+02,2.826230091212872821e+02,2.687570118904197329e+02,2.901801240425210722e+02,3.356969856575060476e+02,3.828186684243359537e+02,3.111971312134935488e+02,3.122569569495937931e-14
-4.355254788223412848e-28,8.084522376369059904e-27,-1.855819295393526075e-26,7.021246082307064022e-26,-3.653610607709038042e-25,9.659284692633092019e-25,-4.331187983803984845e-24,1.736048748896606158e-23,-8.913131147877591447e-23,1.418563329380982108e-22,-1.187808190690976417e-21,3.394868495444824596e-21,-1.310469547910903164e-20,4.358768243529280783e-20,-1.917656901428187103e-19,6.148431026506180209e-19,-2.270783094011856759e-18,8.234508179954622602e-18,-3.282548957541058783e-17,1.023456361000602570e-16,-7.883564410237065965e-15,5.335958312790791986e-04,-2.225642980069261322e-03,-2.275064534477962142e-02,-2.821959101722954499e-01,2.815539311074065267e+02,5.086011796907433791e+02,3.350538456114014707e+02,3.072505338968826436e+02,3.053312456541837037e+02,3.318606192932003296e+02,3.396705003842500901e+02,3.725927061958606714e+02,2.956579617656507821e+02,2.882392994083519397e+02,3.200922013467644547e+02,3.147085693019699875e+02,2.388954150519836617e+02,2.682004579216904290e+02,2.661979372577317804e+02,2.717250593789067921e+02,2.848903930721676829e+02,2.787900362561262568e+02,2.419151005124827805e+02,2.255520093799536312e+02,1.789514261551760512e+02,2.859515422026379952e+02,2.574313360568807525e+02,2.653750542104176020e+02,2.297627704746238635e+02,1.789107092252575058e+02,2.227516648820418084e+02,1.976228046155937648e+02,1.614456433071580364e+02,1.831365064824121873e+02,1.914961891569333829e+02,2.008342207859810173e+02,1.755775825046356999e+02,1.951243698460835390e+02,1.858457528526728879e+02,1.703502202084791861e+02,1.894056380826800421e+02,2.031862934265578531e+02,1.698290022741400946e+02,1.668220942288868116e+02,1.922726055161528507e+02,1.807215225177083084e+02,1.908304427892667263e+02,1.723011956997651737e+02,1.644076889725905062e+02,1.572852743453430548e+02,1.850200544031520167e+02,1.711082283396319212e+02,1.623173790745370866e+02,1.777985714463460170e+02,1.718187047559187022e+02,1.457549651534033615e+02,1.754153678950476660e+02,1.710416535937437459e+02,1.709906752226207232e+02,1.967013161039738520e+02,1.706921981474657741e+02,1.765931086731602306e+02,1.508591716113351424e+02,2.098873712581301447e+02,1.761861709631082249e+02,1.737272616408561419e+02,1.602121120728476171e+02,1.814558262752584312e+02,1.602000380275537736e+02,1.753772911468432198e+02,1.933229071549744447e+02,1.841949564986418011e+02,1.749965866124378806e+02,1.788469012102322893e+02,1.884842570898779002e+02,1.627184727624594700e+02,1.786430630203701639e+02,1.684578525058323635e+02,1.580585130054114416e+02,2.259688450613643340e+02,1.936969185612884417e+02,1.782990561441903026e+02,1.635732790583386702e+02,1.542310362047236083e+02,1.727495969889235994e+02,1.998621733323850833e+02,2.243080005452893886e+02,2.438442199757786568e+02,2.608467217165376155e+02,2.268663140633784110e+02,1.967862847378436300e+02,2.007508369626747537e+02,2.286077099961816828e+02,2.324754327064313202e+02,2.191583197655829451e+02,2.127127365300238182e+02,1.970866500562543990e+02,2.093965506659850462e+02,2.238224830349066110e+02,2.158399628114110556e+02,2.044047102374917984e+02,2.273782899648109890e+02,2.499578456070062487e+02,2.379919228793645800e+02,2.498425471444046195e+02,2.482025957771980416e+02,2.201967129295989878e+02,2.059169988770435680e+02,2.022191828584604991e+02,2.136767245235270423e+02,1.951294239391664291e+02,2.066605345625934262e+02,1.265044944196141756e+02,1.197747509121687983e+02,1.590304898598020600e+02,-1.782795973074146190e+01,1.511085640157920409e+02,9.731599061120911642e+01,2.369593144060286249e+02,2.786061447022617585e+02,3.973547856498288979e+02,4.487372060262993614e+02,2.643418661456025802e+02,4.604112194472880901e+02,2.796408423460252379e+02,2.070772139040809350e+02,2.425444478601527578e+02,2.014667801119580304e+02,2.217225576637333404e+02,1.923890993154436160e+02,2.033916368302308797e+02,2.078119056740033841e+02,1.985728456108826947e+02,1.731878163731450684e+02,2.378759688601806488e+02,-3.531657528080101471e+00,-1.072888225655599825e+00,1.498220288632063557e+02,1.908379066080367181e+02,2.006821612491640963e+02,1.800096598684825437e+02,1.698539423447746231e+02,1.971689089876750245e+02,1.725208747828702371e+02,1.888910754149034688e+02,1.574474893283157826e+02,1.562726362535792362e+02,2.018052779138176049e+02,1.450692469636875899e+02,1.520589619680081910e+02,1.520713883834028195e+02,1.367153141611913156e+02,1.452438402525183676e+02,1.915357317594206279e+02,1.428330347701289327e+02,1.831854637543111721e+02,2.012401164834732867e+02,1.480243882424561548e+02,2.044313276020782268e+02,1.822771417704833539e+02,1.683819841428258997e+02,1.592250805069804187e+02,1.891975447881401635e+02,1.812783447344882859e+02,1.803083610003059221e+02,1.779928526378683387e+02,1.764993925505083325e+02,1.673576315949075877e+02,1.538894276078331131e+02,1.678178290789852554e+02,1.719752129403070455e+02,2.013960618422068478e+02,2.175408496339320834e+02,2.167477547790437313e+02,2.230577827570295142e+02,2.090499711307237760e+02,2.225438236630339759e+02,2.658410141103304341e+02,2.100333384483974442e+02,2.115367038064742076e+02,2.146694095652360375e+02,1.901621757345725143e+02,2.146614614291853513e+02,2.084216022815301983e+02,2.900284714342472512e+02,1.018163041329405729e+02,4.056220878590942789e+02,3.267152827416589957e+02,2.739174763955544449e+02,2.664319648004081955e+02,2.820604970822099631e+02,2.908365520336266741e+02,3.047747203860482728e+02,3.118792407562975768e+02,2.479564471153062470e+02,2.784069507274919033e+02,2.548850944027192895e+02,2.666978636941199170e+02,2.619730187756928785e+02,2.722231408291933690e+02,2.804424896488990839e+02,3.452206853650990865e+02,3.254125970756632569e+02,2.577519467121697403e+02,2.961441359026862301e+02,3.492974885945583310e+02,3.518617453089360652e+02,3.246168312013967352e+02,2.699653030959997864e+02,2.446233126322294233e-14
2.591714463758222988e-27,-5.773120569485280598e-27,2.431885459545259654e-26,-9.210814298753483475e-26,3.656212210746324112e-25,-1.115517870939432176e-24,4.962404966449546772e-24,-1.492777870740771332e-23,6.961211149499352253e-23,-2.544216805344831076e-22,8.258586751382289515e-22,-3.463430506907499658e-21,1.110880433136874547e-20,-4.807892264162309527e-20,1.883007871683784054e-19,-5.374117024755390774e-19,2.588150403701960227e-18,-9.696605299716700363e-18,3.183435705091068395e-17,-1.060669647126463910e-16,2.494832479836462726e-14,-1.807060705375083736e-03,7.537300214341617621e-03,7.704669867078983714e-02,9.660417084218092532e-01,-5.802966700284479629e+01,5.127630229066646734e+02,4.061262300124937497e+02,3.059159089023133902e+02,3.176830449564986338e+02,3.402202875538318381e+02,3.582387114026328163e+02,2.867529787658809823e+02,2.797221038377772970e+02,2.594633115703010731e+02,3.208135410771450324e+02,3.211911271660628699e+02,2.453413944675067739e+02,2.501793585282124468e+02,2.532434010013058412e+02,2.671067850696274490e+02,3.076672909376729876e+02,2.826640611142271950e+02,2.686777579960333924e+02,2.338311954973460729e+02,2.342964855244642308e+02,2.505214222490967586e+02,2.724096602479121998e+02,2.200742402199150263e+02,2.135335527216713842e+02,2.853139594826391203e+02,1.290196552318979286e+02,2.179862499057973650e+02,1.785624754682554851e+02,1.654099301209431587e+02,2.227392802987989739e+02,2.216321694856000022e+02,2.336243991971643652e+02,2.114663213481209993e+02,2.002636196978499186e+02,1.829834519689714512e+02,2.305201082890121143e+02,1.859364853533767246e+02,1.607855842341696473e+02,1.890281494059744034e+02,1.930745838110607338e+02,1.641854248429525285e+02,1.982605066039768644e+02,1.615081901936855502e+02,2.007779678431093373e+02,1.786043395438267964e+02,1.819513594864787649e+02,1.696555538658089688e+02,1.607356466266349742e+02,1.975153744056284779e+02,1.481431637003086905e+02,1.394716416184116952e+02,1.712291211993282047e+02,1.539602051183115634e+02,1.864164693472226304e+02,1.859412325724322272e+02,1.681861019200046599e+02,1.681591440302689477e+02,1.621675941041135616e+02,1.716537890841875651e+02,1.880546837144650851e+02,1.638170009742407274e+02,1.697908157822563453e+02,1.950919453926270819e+02,1.725150967397333659e+02,1.702971028444996477e+02,1.703231646223801476e+02,1.902576064834343299e+02,1.785863424309848710e+02,2.075878325384992138e+02,1.836185941998175508e+02,1.802461728396929459e+02,1.700925916992784153e+02,1.749610275547322260e+02,1.689010025263469856e+02,1.911641925189937012e+02,1.926626199689057160e+02,1.653325326141516882e+02,1.593393852848580252e+02,1.560947945771997070e+02,1.706006248794410567e+02,1.827468505829963590e+02,2.028223266550751021e+02,1.981594819589400061e+02,2.135901065714284641e+02,2.153353390314971705e+02,1.788112916684112861e+02,2.010964280467856611e+02,2.314155325009635362e+02,2.007204504311437461e+02,1.985628805606966978e+02,2.272857531651240492e+02,2.184883080514375706e+02,2.092116367675336051e+02,2.212148679643507023e+02,2.073578896601022166e+02,2.014062103166289717e+02,2.250503871888696779e+02,2.389103268061988956e+02,2.223059000907593088e+02,2.388648172139110386e+02,2.286929883832061421e+02,1.988618909856274115e+02,1.885913444959971912e+02,2.045044327625963945e+02,1.909502697242386944e+02,2.356705510906505197e+02,2.548211679088267090e+02,-3.560424682020907738e+01,-3.368739089585522350e+01,-4.482697925485087609e+01,5.732511211971918819e+00,-3.486949099840336430e+01,-5.619297637533364309e+01,2.937927929694488967e+02,2.496269958008224989e+02,2.754653593262884215e+02,2.748272317124249753e+02,3.363798630498295097e+02,2.491477034730887965e+02,2.423434692133585600e+02,2.381454918594426147e+02,2.317692465085090703e+02,2.407458212705357710e+02,1.952622596769024881e+02,1.939834694133731716e+02,2.051897746172522261e+02,1.748120580387348184e+02,1.802084796180476189e+02,1.418284481033628026e+02,1.929314171880498918e+02,6.660462509670140641e+00,4.946397077776008011e+00,1.550029202340691938e+02,1.715674158035095047e+02,2.023005918541290384e+02,1.639014958740147563e+02,1.887244777692991420e+02,1.804171103581255409e+02,1.684746739823122255e+02,1.544638729372257444e+02,1.478075242112278715e+02,1.366086276582022094e+02,1.789043029018501727e+02,1.496576824092826143e+02,1.476506175703464123e+02,1.648086950213195792e+02,1.732816443817570473e+02,1.389688165344824426e+02,1.821082561193046274e+02,1.479271974497695794e+02,2.016965523740071831e+02,1.615418906207802365e+02,1.477879385923245081e+02,1.579686968732728474e+02,1.637240028968759873e+02,1.879878244330992914e+02,1.478980714771176963e+02,1.546489353086166716e+02,2.002076304498595789e+02,2.055828264505727248e+02,1.787958470150929884e+02,1.789037899519137795e+02,1.808386554634167851e+02,1.478756474559371838e+02,1.670205330931956098e+02,1.885534884344858426e+02,2.101544185335455097e+02,2.173729610654023645e+02,2.288961091039921598e+02,2.080076271198960285e+02,1.759849753936174181e+02,2.119400481162300593e+02,1.945630581211077583e+02,2.028042367559728802e+02,1.917040848885980893e+02,1.694055011184344721e+02,1.853965880531725929e+02,2.319491499861355237e+02,1.989565265870845394e+02,2.968223238179055556e+02,1.047677308967510328e+02,2.222722248922454753e+02,3.224820028555504905e+02,2.503785163489206127e+02,2.539874336905376424e+02,2.568061270714305806e+02,2.466665453503362073e+02,2.501221050931565060e+02,2.406531817294666666e+02,2.673229579122915993e+02,3.146251283642960175e+02,2.814863341711795215e+02,2.543584162123288763e+02,2.983658538215639737e+02,2.874639682726382262e+02,3.137700245684355878e+02,3.529192031835406169e+02,3.493082694100224899e+02,2.606708122494060831e+02,2.662231061047350522e+02,3.237614963355894133e+02,3.143754038042856678e+02,2.810609720716632864e+02,2.706619906182224895e+02,3.339211811183737291e-14
1.333360637719879839e-27,-5.249995624357192067e-27,2.247496668229569171e-26,-8.346342430337317159e-26,3.355115633437181792e-25,-1.044719482222462441e-24,4.268265781759893251e-24,-1.582477966594664130e-23,6.491159004939584791e-23,-2.437181829550676366e-22,6.926194358225666064e-22,-2.951103214574901986e-21,1.093643113261579900e-20,-4.386511574968513538e-20,1.619299934651584477e-19,-6.036430998741351226e-19,2.441107236795463748e-18,-8.269707186796196104e-18,3.056318261103094378e-17,-1.277794959022011317e-16,-6.992818969439208810e-14,5.183770274594138965e-03,-2.162164928138710779e-02,-2.210176919557387543e-01,-2.774094732296868315e+00,-3.889119005851419075e+01,5.746505966064810309e+02,4.117179274409916161e+02,3.017439151159110224e+02,3.069105383807975613e+02,3.184187795547441056e+02,3.326660363690985491e+02,2.906631467987556334e+02,2.933559748249947461e+02,2.805699692926899615e+02,3.230980428182739956e+02,2.765284983283215752e+02,2.963748215654383671e+02,2.632840136112033065e+02,2.878000212269269582e+02,2.780752317696097293e+02,2.892616439747378649e+02,2.450270423890071356e+02,2.893305064022507622e+02,2.463682358209033794e+02,2.762963724605925222e+02,2.193171165148041553e+02,2.495285699957359498e+02,2.113197416980912351e+02,2.260110145688548187e+02,3.564547706322957197e+02,-5.326254272339599538e+01,3.034551440051104123e+02,2.372429091772994809e+02,1.779665696345263939e+02,2.094627722842973299e+02,2.380555756813408834e+02,2.212961398723617492e+02,2.143466204098892831e+02,1.817148815448553023e+02,2.288264640488729071e+02,2.161487910257460499e+02,1.525623103616007938e+02,1.620965482150180605e+02,2.029894589398183200e+02,1.724881448311739689e+02,1.428687249884499693e+02,1.544589157507014079e+02,1.924536802865621041e+02,1.902662844237001707e+02,1.759837713799103653e+02,1.744057555687328716e+02,2.176051200617328334e+02,1.640158298683709290e+02,1.921310041128172941e+02,1.291086672663458614e+02,1.571440699270609116e+02,1.647445498123671257e+02,1.808093468524286607e+02,1.842643996243028539e+02,1.725790243270729718e+02,1.680395500160730649e+02,1.608370862150918583e+02,1.627457192122788285e+02,1.656578385992849860e+02,1.910345794583710699e+02,1.544262296947396464e+02,1.759889523318621798e+02,1.744408038815702753e+02,1.764343835166696408e+02,1.529154327649509071e+02,1.659372315122436703e+02,1.805317952913318607e+02,1.722249634022335272e+02,1.946895878546184520e+02,1.688273224501810148e+02,1.742854152979542732e+02,1.636599491050708650e+02,1.841272216902954995e+02,1.640603269206390564e+02,1.593822105685859754e+02,1.776388618734225417e+02,1.866048998858798029e+02,1.633634458200600932e+02,1.534739137760047925e+02,1.636160842808609743e+02,1.721690427070294902e+02,1.728437707708506252e+02,2.046693342755971514e+02,2.333374178573527331e+02,1.881223283022732176e+02,1.480784545957871501e+02,1.766566948772598380e+02,1.913995092814797658e+02,1.727027424567795322e+02,2.026767342710617186e+02,2.428826283824851089e+02,2.313308435622124932e+02,2.238200827693725614e+02,2.078949660097607648e+02,2.095681211162023772e+02,2.078454025024331600e+02,2.409153418391206571e+02,2.824996368041222468e+02,2.455124512382523392e+02,2.231538345732985817e+02,2.101951516515396747e+02,2.023211719827730235e+02,1.879439886421161248e+02,1.740205110242281989e+02,2.392606859139510789e+02,1.610773716391634025e+02,1.818362954870771944e+02,1.023861479622414805e+01,9.797621180844913624e+00,1.286781506748869397e+01,-1.217622401647491692e+00,-1.167836455933749384e+01,1.105158120670633934e+02,2.641563060669930110e+02,2.128801662545372437e+02,1.813607573035417317e+02,1.680248224342824415e+02,1.949211421815327014e+02,1.977265073028820268e+02,1.825604982468267679e+02,2.264475075799760475e+02,2.055640148128032365e+02,2.699362299806257397e+02,2.225230056546958508e+02,2.117107588949114643e+02,1.886407067754897184e+02,1.744483855973488460e+02,1.677534749982634139e+02,1.696142828869531627e+02,1.694790118319966439e+02,-1.762951551696822605e+01,-1.455520695652835350e+01,1.779675463624227802e+02,1.494832114028126284e+02,1.646763573900119582e+02,1.594272313651165405e+02,1.793443934891351716e+02,1.838227061495192629e+02,1.852962186599545760e+02,1.403735518704067147e+02,1.592849356208396614e+02,1.592365629616602689e+02,1.581832832879587727e+02,1.623298072086673471e+02,1.787730802311551486e+02,1.741738385218003771e+02,2.093578144059000579e+02,1.643459808495926211e+02,1.608929346080740572e+02,1.487072010218288369e+02,2.045854565897251689e+02,1.446778805786983924e+02,1.562860795292495766e+02,1.730787077698113876e+02,1.644972519814062366e+02,1.770540227479012572e+02,1.598851082148827629e+02,1.425028135216505518e+02,2.007627798911874208e+02,1.816621169985602080e+02,1.640084680690982850e+02,1.480344987823074803e+02,1.752350014834697731e+02,1.808329492383830086e+02,2.062210249347162403e+02,1.864092914101775591e+02,1.811584505500388502e+02,2.068828212100479220e+02,1.948100183666118426e+02,1.881418251969475648e+02,1.876265372481096847e+02,1.782227847423308447e+02,1.554901620445322692e+02,1.863469533719296578e+02,1.879318318614495524e+02,1.728024321445098792e+02,2.002922428947492790e+02,2.303976458023458918e+02,2.050672237254612753e+02,2.536932612648337226e+02,3.672756410166542196e+02,-7.070422022133148232e+01,3.836578809643946215e+02,2.594857400376790793e+02,2.555858289929599607e+02,2.416882335101178967e+02,2.142312883273885689e+02,2.119967761397355162e+02,2.404105014778746749e+02,3.070365093449151459e+02,3.150313266420636751e+02,3.167111932414384796e+02,2.941177613635486523e+02,3.054802320076930755e+02,2.716767783190268233e+02,2.652108954036434625e+02,2.995595784233321410e+02,3.142165698756220422e+02,2.917241898450452027e+02,2.362434773165111608e+02,2.467390139716120530e+02,2.695351736620614247e+02,2.640645056413393945e+02,2.620042455599785853e+02,3.969276779780437872e-14
3.484193042761660387e-29,-7.486878757015171241e-29,2.916783583206031980e-27,-8.398956600919320690e-27,1.212781400632940153e-25,-2.040832748078750492e-25,1.730848260385120170e-24,-7.116744201670191837e-24,8.971132422012266694e-24,-6.211350392992280161e-23,1.332935721611840164e-22,-4.760238683901313595e-22,1.542500052334705925e-21,-4.403574585365969072e-21,6.347917355576829322e-20,-1.074233427357983151e-19,2.586410130861288363e-19,-2.010072332673339954e-18,4.730635641597241156e-18,-3.256563909897917868e-17,1.610785454848479825e-13,-1.185838509077735171e-02,4.946165240636331284e-02,5.055997400058571678e-01,6.346657209622890150e+00,1.424790231575788084e+02,6.452545685986759736e+02,3.432086305466342537e+02,2.872358987063209383e+02,2.740755791746400973e+02,2.364020474716363367e+02,2.705488428064079471e+02,3.277296710907619399e+02,3.154086144601403703e+02,2.941675149279595871e+02,3.153004116714013207e+02,2.767491220533789829e+02,3.031349887879061953e+02,3.659819499236168667e+02,3.030250136806436103e+02,2.843991278310748498e+02,2.719258561781834942e+02,2.281646378043352854e+02,2.719740427805221543e+02,2.963140822229020159e+02,2.838146721183345562e+02,2.419571680892772179e+02,1.853905806008681054e+02,2.281022568132362665e+02,2.726340312201925258e+02,2.989573699307983361e+02,7.477569993146425986e+01,3.593690783893206344e+02,2.103050263077567195e+02,2.015556506786167290e+02,1.741805419447837835e+02,2.457191412827533838e+02,1.803059645824281176e+02,2.572404961350090957e+02,1.945221903937181480e+02,2.121378581211538688e+02,1.792021938721860295e+02,1.592529265347141063e+02,1.935543928147385486e+02,1.812499589692414474e+02,1.914592463551692845e+02,1.576234035229883830e+02,1.507734653911408031e+02,1.974497469773995988e+02,1.666449197356659795e+02,1.766745595813587784e+02,1.568096182694685297e+02,1.986798251754727005e+02,1.674339013153843041e+02,1.585818925976073217e+02,1.788652335149838279e+02,1.645861277291532190e+02,1.804974160099351081e+02,2.005500402135614308e+02,1.817710130902779611e+02,1.804843568488228982e+02,1.566458291066956008e+02,1.682856717102152970e+02,1.595761843684919654e+02,1.711231600124098122e+02,1.443210853891990268e+02,1.403062631396915378e+02,1.642839116745119554e+02,1.689633017029793223e+02,1.809792947395852138e+02,1.633818632073635797e+02,1.539389811324111577e+02,1.518107460700740035e+02,1.616178206736884704e+02,1.710941379398005324e+02,1.664314941956251346e+02,1.720209198674095603e+02,1.770886901606309038e+02,1.858896238058434278e+02,1.815789302398691234e+02,1.828105913124759070e+02,1.838265333082241852e+02,1.991139399034569237e+02,1.528735834874837280e+02,1.562687085489429819e+02,1.647297630880485428e+02,1.573422440671082825e+02,1.826940505446173404e+02,1.798383788698246235e+02,1.739388276592349598e+02,2.071959339058159912e+02,1.720890760155178327e+02,1.825823578496931816e+02,1.777577125302966294e+02,1.704336282688249469e+02,1.972407230544359322e+02,1.883052545952575656e+02,1.927883091844366561e+02,2.301770753653169663e+02,2.213656721032934627e+02,2.179335025900739709e+02,2.108011926699441574e+02,2.768142642032317440e+02,2.893987124652335865e+02,2.167450431219478162e+02,2.048722669904369127e+02,2.056763241337380350e+02,1.852947426154134405e+02,2.053862315050832308e+02,2.382920127691785979e+02,2.135819424331123173e+02,-2.254545063042170838e+01,-1.947969904428181565e+01,-2.986753353565662739e+00,-3.102630275856432807e+00,-3.702808539661958331e+00,-6.005589977013578995e-01,5.443459569318162039e+01,3.139736010001208797e+02,2.240044722257160856e+02,1.821465760732447450e+02,1.730725668275426017e+02,1.939154231860727009e+02,2.207542708393997657e+02,1.770002328627997770e+02,1.995464144783395852e+02,2.275799244735963782e+02,2.465753363588401612e+02,2.983954639227422376e+02,2.867788330310766582e+02,3.189068887917364350e+02,2.471124657661800939e+02,1.850273833607772644e+02,1.589941673294403017e+02,2.356667467091983497e+02,1.934446726967817654e+02,4.227704593087979390e+01,3.536628105804470579e+01,1.625714786647141068e+02,1.580318610346790535e+02,1.708676551718004646e+02,1.838939834698080915e+02,1.803233861202310493e+02,1.668538009135208711e+02,1.859359488062952721e+02,1.605198302924963230e+02,1.603858609874040440e+02,1.745403730157305802e+02,1.967569780074284722e+02,1.403426319954449468e+02,1.841508901444796606e+02,1.647380587348385461e+02,1.699036266050782729e+02,1.678150759390204314e+02,1.509146177909984203e+02,1.368183551685628743e+02,1.876081399493706670e+02,1.654183255399891550e+02,1.660110776262181957e+02,1.897600563136141716e+02,2.027169616613392975e+02,1.519183651814233542e+02,1.768629724119375055e+02,1.662307840981057154e+02,1.809487551964168119e+02,1.537394124067228063e+02,1.644551029561386031e+02,1.887760068008561802e+02,1.638141603116544616e+02,1.945258485144302938e+02,2.188662333877200297e+02,1.597020917265071205e+02,2.228206305720920284e+02,2.175576882373410399e+02,1.712889374942740517e+02,2.045839851965104970e+02,2.059737784351069934e+02,1.870808267377850029e+02,1.772527039123701798e+02,1.828990865259003726e+02,1.883358564475564094e+02,2.076351945477421452e+02,1.995234441240995409e+02,1.873843362170081264e+02,1.864330501485350737e+02,2.308761800222333136e+02,3.083434361878065602e+02,7.435645447759961257e+01,4.374253073071382687e+02,3.035433482393910367e+02,2.887490281902425977e+02,2.649113378968896768e+02,2.435478753709370494e+02,2.475570960754839120e+02,2.539362853041709513e+02,2.871967069353059969e+02,2.861927028856342758e+02,3.173098875206937919e+02,3.471128671287841030e+02,3.051062116921137886e+02,3.294171687235539707e+02,4.173473612409125622e+02,3.181836911864721174e+02,2.504222526726267120e+02,2.713185856402128024e+02,2.643709821050859432e+02,2.385227877393849383e+02,2.489035103694552049e+02,2.719272557906303973e+02,2.730390825279996534e+02,3.297186668451602248e-14
-8.811829059499056099e-27,2.574372400461784893e-26,-1.040593270149699298e-25,3.694941067582785591e-25,-1.396544786223503763e-24,4.854831385467237358e-24,-1.817694310918735631e-23,7.282077051380617089e-23,-2.524048132059040731e-22,1.014577693696803018e-21,-3.448757807414467866e-21,1.349464644671817930e-20,-5.116396531655671569e-20,2.004843675035938539e-19,-7.050204906562856932e-19,2.545118252767273970e-18,-1.104741332161878371e-17,3.817567041690548363e-17,-1.392683295006405432e-16,5.180396032100890075e-16,-2.195862668455764749e-13,1.603547721826513103e-02,-6.688441927534080622e-02,-6.836962242629301967e-01,-8.582340056863518640e+00,7.890045074261147420e+02,4.467728899467276733e+02,3.831995203208422254e+02,3.278813977042332795e+02,2.414959470577042282e+02,2.648023487204800972e+02,3.232748856981719427e+02,3.227507479516438593e+02,3.461638212788042779e+02,2.991025697563414951e+02,3.022848751891900747e+02,3.292135761667753968e+02,3.616861762444585793e+02,3.367191986634574050e+02,2.729850964266050255e+02,3.555361221789521551e+02,3.082531768681654967e+02,2.642645777830269367e+02,2.654867401048622924e+02,2.613204755157086652e+02,1.996719035786880738e+02,2.263229889508772033e+02,2.111697727537010962e+02,1.787253195876127450e+02,2.333123867558176983e+02,3.320460995414880472e+02,3.636629739973336086e+02,2.957892425672565651e+02,2.083607108791177041e+02,3.018033703499066291e+02,1.893006040131373595e+02,1.985817161128742612e+02,2.249310807266324730e+02,2.334797545872175135e+02,2.073522482402527203e+02,1.907781117453995421e+02,1.802234249630010368e+02,1.569766012095656436e+02,1.772227023227420375e+02,1.836205668632624679e+02,2.119678199208764795e+02,1.939356827008029143e+02,1.671692978436113890e+02,1.525445878570072011e+02,1.898328727934356834e+02,2.068661862977527903e+02,1.948848035455688432e+02,1.640425002277338251e+02,1.658464990385288900e+02,1.428339198681956077e+02,1.934803798845544804e+02,1.834465834567755564e+02,1.930350108534049411e+02,1.962827440118973357e+02,1.734151038367956232e+02,1.491212248049669995e+02,1.622835177703354645e+02,1.578750859325803333e+02,1.582163921738787167e+02,1.183279831110020979e+02,1.377771472138133788e+02,1.480844420117710456e+02,1.743487688646172558e+02,1.879187809233726512e+02,1.754965188361069579e+02,1.476364299844863410e+02,1.206616823885370025e+02,1.648533996756939644e+02,1.937277120575263041e+02,1.733306984453517430e+02,1.689110926518947338e+02,2.260443223583226313e+02,1.954127107644666808e+02,2.036624068678170261e+02,2.071973989628058916e+02,2.117086338992984338e+02,1.885096782295145488e+02,1.723379466832607250e+02,1.531850481587049160e+02,1.551664808388283916e+02,1.488757169474466764e+02,1.625279419305156239e+02,2.076769955878124847e+02,-2.837464383760427200e+00,4.512477654956382755e-01,2.707141625200632689e+02,2.303245753545413663e+02,2.226097423195347176e+02,2.350391233731878060e+02,1.892283943365512471e+02,2.024115622327206552e+02,2.137177241026943761e+02,2.367707659562001652e+02,2.555181224073234887e+02,2.410997269808595718e+02,2.042889234453223821e+02,2.285634601987297003e+02,2.862473047608148704e+02,2.244237407189836233e+02,1.996024026349388123e+02,2.250756727707120604e+02,2.016105484866716608e+02,1.778199665219569283e+02,2.213150949576319420e+02,4.077516935489869638e+02,-1.170152464018464400e+01,3.937926184796671336e+00,-4.405286781807967955e+00,1.312073657105635061e+00,1.618841531354230590e+00,1.573352109799753817e+00,1.263914577328249189e+00,2.854981212003295923e+02,2.056743890160052786e+02,2.184159284635709923e+02,1.793573020719438773e+02,1.904517508055424457e+02,2.373733406923859945e+02,1.721170689201586868e+02,1.703728452563241262e+02,2.154778601497320381e+02,2.599012378749243339e+02,3.109130289244850474e+02,3.733203674012049760e+02,2.772893696143268585e+02,3.396137790993619774e+02,2.606248340391574629e+02,2.022755176961225629e+02,1.990467353430910862e+02,2.003751803330564201e+02,2.579988616254348699e+02,2.294283192654483514e+02,2.025201836026389515e+02,1.669764216734611182e+02,1.758308834329736499e+02,1.873024889139979337e+02,1.872222689244794935e+02,1.877626060934736074e+02,1.534057072990011363e+02,1.944081738434236399e+02,1.703009250059540705e+02,1.671466285158450944e+02,1.473915484517704897e+02,2.044122883298309716e+02,1.512047488911658775e+02,1.544711850238414570e+02,1.229200642456861488e+02,1.667083116493434432e+02,1.525857774907180442e+02,1.496508308363501101e+02,1.768357211843942594e+02,1.464817633719805485e+02,1.899600443829689311e+02,1.583717615631074693e+02,1.756851043480496060e+02,1.920521788441424178e+02,1.485501043411363753e+02,1.585983468921736232e+02,1.806666821766354474e+02,1.870201613364862112e+02,1.890285486244353592e+02,1.901621285922334437e+02,1.875764967605070979e+02,2.065612188772409752e+02,1.914720898921370349e+02,1.899355150129275103e+02,2.085812753442473593e+02,2.146955846341233496e+02,1.771353500675999726e+02,1.868600679097655473e+02,1.803341685641247523e+02,1.733843221255536662e+02,2.020431497634511686e+02,1.922041793871687219e+02,1.674068001543068362e+02,1.753339600637754927e+02,1.737588336227113643e+02,1.789273999101444872e+02,1.854872230302341620e+02,1.447742242742001793e+02,1.779502472224329495e+02,2.112160779801474462e+02,3.173610200495008939e+02,3.745673793784732766e+02,3.207702292125193253e+02,3.348323400235292411e+02,2.566428843727604203e+02,2.326905710597118571e+02,2.504375364220199174e+02,2.598782802186952381e+02,2.341844104612890476e+02,3.291192025237962184e+02,3.365822934305277840e+02,3.517470335957456768e+02,3.314206692384953499e+02,4.642729661777713659e+02,7.203962598328513423e+02,3.248855589858626445e+02,2.776429820832839255e+02,2.514679088063743109e+02,2.706589638940945974e+02,3.014194455136766351e+02,3.286654354210592714e+02,2.817890986072842452e+02,2.783719668174450703e+02,-1.082495745934802574e-14
-8.293647779017178229e-27,1.943816798717635580e-26,-8.056618571520008833e-26,2.551667544237913397e-25,-1.059654279888020051e-24,3.556935361780633420e-24,-1.642511082916206028e-23,5.118336483853999837e-23,-2.255314760898841903e-22,8.509425395209966924e-22,-2.132682387727075927e-21,8.923866652667061392e-21,-4.055080603778914292e-20,1.270213361336062028e-19,-6.369411279474957722e-19,1.648249127760454953e-18,-8.178669836689607358e-18,2.857276522228131505e-17,-1.078471145284124615e-16,3.767948407530149388e-16,-3.343918700307174419e-13,2.452367588434891527e-02,-1.022889308310135498e-01,-1.045603094872920913e+00,-1.312531818175202858e+01,5.864896361527268027e+02,4.018274679601728394e+02,3.617847707934007531e+02,2.873280443713733234e+02,2.596588832417000958e+02,3.104799599997662654e+02,2.942173336072678467e+02,3.596231396877391830e+02,2.751508570814246468e+02,3.445343103130290388e+02,3.816307294841253679e+02,3.013029950899034475e+02,2.703483023096220563e+02,3.090742120550905838e+02,3.013799692238275156e+02,2.956739049656210909e+02,3.162455674033702735e+02,2.867988244197091490e+02,2.660324064399706572e+02,2.326427847401820088e+02,2.033065099809162746e+02,1.943754323014364047e+02,2.058077872920982827e+02,1.810835864598908813e+02,2.199762865667101721e+02,2.661368751737426805e+02,2.379895597942246468e+02,2.892791073667634123e+02,3.409744753887653133e+02,4.279397026627154332e+02,2.425249982468247367e+02,1.746466533155097807e+02,2.081564587144487746e+02,2.036071145829918407e+02,1.926271723979246246e+02,1.769787510547815259e+02,1.896578953420599589e+02,2.285403885218076709e+02,2.446479752922934949e+02,2.223662654318082730e+02,2.011809462702596534e+02,1.851337276240371637e+02,1.591503105342163167e+02,1.449733649018533015e+02,2.163308533210529561e+02,2.082960830328321720e+02,1.655957491826351884e+02,1.615859725617434890e+02,1.569408307545441517e+02,1.786766808493386804e+02,1.832808193021507179e+02,1.990883953269007236e+02,1.549831380356913542e+02,1.734177224026880992e+02,1.590105433672275410e+02,1.503972403270757923e+02,1.310325287166773194e+02,1.436172749872394263e+02,1.698501543587323681e+02,1.620251928711554399e+02,1.839674302568685391e+02,1.993564740370766515e+02,1.595205221298577101e+02,1.899610896009146472e+02,1.935443309018243383e+02,1.530883437089453594e+02,1.597906997229893307e+02,1.716625762560932174e+02,1.601786037713914936e+02,1.661342827170416854e+02,1.910402832760464378e+02,1.906622808285007409e+02,1.867024557804963933e+02,1.985669442758616299e+02,2.188773563637851680e+02,2.056275290975938788e+02,1.790173771521974970e+02,1.461938129716205594e+02,1.649705341193111394e+02,1.622906489780417871e+02,1.695801275383082611e+02,1.991560440728538026e+02,1.941623927389705102e+02,1.398821069397810675e+02,1.742460275082753469e+02,2.410487728823902671e+02,2.384356415268052558e+02,2.256693260087009776e+02,2.104240424246373493e+02,2.164358565660544116e+02,2.452424454906733615e+02,2.089955769682499067e+02,1.972840781468252374e+02,2.160470026901280676e+02,2.381059072691677727e+02,2.501595499762408394e+02,2.229073661113671960e+02,2.083015019639480272e+02,2.126405479729062620e+02,1.889946030809490196e+02,1.897034664870000995e+02,1.776028663681583737e+02,1.559398830175954345e+02,2.052752261363624200e+02,3.063753641730713184e+02,-5.315077356849791101e-01,1.872690818426252068e+00,-1.154300244822515964e+01,1.580401974435591939e+00,2.073011047894268266e+00,1.869477416764609323e+00,2.003573159715373198e+00,1.774638704761560177e+02,1.956584463195214880e+02,1.571374108193591610e+02,1.916770039976854036e+02,2.156150198456140004e+02,2.513933578010761778e+02,1.931732676583224588e+02,1.978852910472468238e+02,2.076631345541074722e+02,2.196104120445952788e+02,3.226320602372774715e+02,2.947753196070505055e+02,9.018776980255120534e+00,1.026941958440228575e+01,7.667152026478813553e+00,2.409835097103783141e+02,1.852907103152635386e+02,1.823074944104858162e+02,1.920027451095998572e+02,1.808453651442346484e+02,1.955018014424668706e+02,1.611078204179957538e+02,1.760535572414277965e+02,1.650572791095105458e+02,1.806983241120263131e+02,1.343933812882025620e+02,1.530012953322357703e+02,1.864755263338237228e+02,1.845184084843486403e+02,1.743418091020066072e+02,1.661751857086388213e+02,2.120445228850970238e+02,2.289217562587480472e+02,2.303259353884980669e+02,1.467904731761208836e+02,2.013798156487155495e+02,1.795017030848352704e+02,1.543309668689675505e+02,1.940939257128219140e+02,1.424504745329146544e+02,1.906248513674425169e+02,1.658126073352519541e+02,1.933077160425029888e+02,1.678050004423065218e+02,1.869420383385092350e+02,1.785878506642428931e+02,1.674072447820157663e+02,1.575119270765923716e+02,1.518405276573633671e+02,1.542095112478397425e+02,1.491355301375809290e+02,2.186079474342002413e+02,1.997103025222724000e+02,1.986752260304379547e+02,2.332225340460230996e+02,1.848493494738007143e+02,1.724501083495379703e+02,1.810128216338850962e+02,1.743747946368958139e+02,1.624292657628569998e+02,1.621616513823785795e+02,1.788366221549484010e+02,1.713427449969387339e+02,1.954436474055038673e+02,1.962116484919525590e+02,1.902534029542545113e+02,2.238938630097279940e+02,1.913533855382775926e+02,1.658579946414423887e+02,1.718780279417230759e+02,1.892690882050269749e+02,2.824490735171615370e+02,3.309745981747079782e+02,3.251152667996877881e+02,2.727666031984311417e+02,2.103784315728964316e+02,2.165340338730890153e+02,2.512773885315375537e+02,2.224547231562139586e+02,2.594368398244470200e+02,3.014236545003748233e+02,3.064122567727227420e+02,3.088345703384239300e+02,3.784883309053363405e+02,3.631047583576836359e+02,2.722630004722779518e+02,3.624957860819804978e+02,3.500934021787595611e+02,2.857583087921693163e+02,3.658772099585452224e+02,5.341455325025634693e+02,8.726848555009878439e+00,1.076638393991498610e+01,-3.301762268025983795e-14
4.274878996808945392e-27,-4.207371337340662055e-26,1.666453035893930555e-25,-5.635190866797187653e-25,2.101971327334515787e-24,-7.598796978306663374e-24,3.090400539426263057e-23,-1.141560682204995540e-22,4.191028225873113699e-22,-1.606922975206609420e-21,6.365931102862034313e-21,-2.205685642332613924e-20,8.143797811681537321e-20,-3.225415391203435452e-19,1.223974771415136310e-18,-3.875402398002657445e-18,1.620209367675726538e-17,-5.204251449464527080e-17,2.162540929654991202e-16,-9.118530955011509589e-16,3.872555851697881747e-12,-2.849902852008796561e-01,1.188702366965591617e+00,1.215098118324931775e+01,4.359703132140231787e+02,5.502829938870347632e+02,3.968523203860034414e+02,3.193265646870674459e+02,2.950177063476266994e+02,2.981606951869146656e+02,3.047484513054940862e+02,3.004441325613413483e+02,3.157923408120747126e+02,3.164269018362693942e+02,3.135333808538381959e+02,3.013471950328417961e+02,2.724011114944657379e+02,2.635372122487751767e+02,3.082074386083731952e+02,2.793887868930794411e+02,3.299992604316567508e+02,2.452680239114903600e+02,2.319817305315420128e+02,2.443965123782883495e+02,2.518319421331237038e+02,2.009632963555766594e+02,1.693437959369795749e+02,2.466537656430107006e+02,2.220587028841288202e+02,2.345179015637517921e+02,2.209584302582299529e+02,1.909540186962972825e+02,4.056823310270661977e+02,3.049856163301069500e+02,2.862629832480747041e+02,2.102283425653978384e+02,2.229210437423902817e+02,2.217488716798764017e+02,3.359190504143214753e+02,2.617561173382360380e+02,1.969041728857775126e+02,2.890903055019504677e+02,2.389740742782785787e+02,2.421459397042816306e+02,2.124751445628441786e+02,2.083966082696312583e+02,1.822954652535652826e+02,1.774636288558524200e+02,1.589431701468092513e+02,1.993782593899044002e+02,2.049635818748315046e+02,1.740566975963137395e+02,1.633412551085846189e+02,1.905319797601572702e+02,1.633484757848252968e+02,1.470965725050947981e+02,1.804777605723822944e+02,1.589680055190745520e+02,1.710885716721183485e+02,1.493103533524162003e+02,1.634051083675690563e+02,1.754969270962097880e+02,1.903836561588704512e+02,1.611553876361224695e+02,1.685684849306762771e+02,1.900886492715144698e+02,1.591852772581873126e+02,1.732231265727274376e+02,2.045906685079061162e+02,1.819655531813090761e+02,1.885970947192992355e+02,1.640009761349604673e+02,1.671555179357181657e+02,1.749184214804380986e+02,1.737629063876360078e+02,2.036320465211281601e+02,1.951376010768814240e+02,1.777784057383605614e+02,1.885423667996752783e+02,2.032253040028133739e+02,2.031611046016404600e+02,1.834523573084890415e+02,1.666047067815079572e+02,1.763313327129637287e+02,1.870370275284687125e+02,2.161320241260698651e+02,1.914095210332690442e+02,1.814614361893669070e+02,2.023173193819174003e+02,2.115701206165293797e+02,1.990416135199408814e+02,1.949807210159535202e+02,2.030329065817562366e+02,2.106767413609757966e+02,2.125768313059011234e+02,2.269538458267989824e+02,2.069574299125754635e+02,2.130789672644896768e+02,2.479961411888962459e+02,2.451960486676438506e+02,2.355942222765711733e+02,1.987706106900946281e+02,1.951810459421048165e+02,1.778425978244207215e+02,1.583080449402930867e+02,1.841647704341445717e+02,1.717127269001922798e+02,1.673323072500404010e+02,1.933909533703495072e+02,2.994413799516457857e+02,-1.606585924951846778e+01,-1.644699067251114144e+01,3.774330231161236497e+02,-1.781994835048445225e+01,-2.357461876277678314e+01,-2.103774674019424040e+01,-2.337403688369291999e+01,2.422688214682465571e+02,2.286641523349071861e+02,1.886170508285297558e+02,2.032257217945283116e+02,1.964557973075504549e+02,2.024054500995615911e+02,2.265230071949522710e+02,2.019810150593462481e+02,2.010216106193936696e+02,2.475743517770272319e+02,2.809195631458650269e+02,3.363766688441551622e+01,-1.248233203707226124e+01,-3.724255609214177198e+00,-2.233151157575376800e-01,3.184141353161062966e+02,2.425423324877818914e+02,1.715826265891623734e+02,1.491071983383488373e+02,1.649101996109235131e+02,1.968459307825359019e+02,1.495535939536644321e+02,1.644072515101600231e+02,1.573023085072374272e+02,2.117752258024240462e+02,1.289350830535342709e+02,1.615876399574318896e+02,1.700378894013621505e+02,1.514792005781818887e+02,2.457384971400200584e+02,1.608356212405115286e+02,2.057210787654578894e+02,2.203898763100447979e+02,1.637599646944067047e+02,1.849532355859048778e+02,1.745450605821664283e+02,1.673347972010286639e+02,1.824888160760497442e+02,1.760880683631020815e+02,1.505030529872958880e+02,1.914132410639170985e+02,2.247170063822599104e+02,1.970489497102785208e+02,1.636559063566119505e+02,1.553918094323448429e+02,1.697405827121637572e+02,2.202895029588947864e+02,1.530109746963334203e+02,1.293723346775291247e+02,1.510033429851153812e+02,1.890082797680174451e+02,2.413158405872101753e+02,2.142186903688723589e+02,2.036507081822615532e+02,2.206978924692769510e+02,1.801653581577340901e+02,1.878708973696422220e+02,2.131837259748766087e+02,1.825936555888190753e+02,1.400959811288479386e+02,1.624221637938760239e+02,1.852357173866876110e+02,1.831544493746328897e+02,2.285530023236275667e+02,2.214910973076277116e+02,2.074772635421970506e+02,2.175902461286192704e+02,1.976955414578749810e+02,1.840398740029372959e+02,2.427624063671047452e+02,2.893612267013087944e+02,-9.855862065461735710e-01,3.454907788177609405e+02,2.885301180871276756e+02,2.444140968136873084e+02,1.993699847293707705e+02,2.432146419212728574e+02,2.712055532826355488e+02,2.480381938954383543e+02,2.847037438547403099e+02,3.105200038999700496e+02,2.742076211443736611e+02,2.761748241971374682e+02,2.672776461796183298e+02,2.558253268734072776e+02,3.047013030880991664e+02,3.271437063309764426e+02,2.882451013403086790e+02,3.286883344038316181e+02,4.974855845539341459e+01,7.919634237925464504e+01,-5.112437205232139625e+00,-3.109923918136261989e+01,-1.728531530793623955e-14
1.301352505721915896e-26,-6.211171550598780230e-26,2.126636557984327884e-25,-8.107572307787669980e-25,3.341365790590966806e-24,-1.119761273911529030e-23,4.128106410394535770e-23,-1.704961053218689644e-22,6.322247559048620014e-22,-2.415478380563738186e-21,7.618518641334625058e-21,-3.415326293806546695e-20,1.119215252678327605e-19,-4.555668481407601874e-19,1.636654000884083932e-18,-6.304501458103659611e-18,2.148071012233988774e-17,-8.635394502782209383e-17,3.167251255419198923e-16,-1.214373664914447424e-15,-1.894989858472907566e-11,1.395910224243753328e+00,-5.822380178539892981e+00,-5.951669144208293716e+01,5.184012731523240518e+02,6.520560846198624176e+02,3.876606319722731655e+02,3.156589993463198880e+02,2.916068180965610281e+02,2.686814621312421991e+02,2.680919404524798892e+02,2.951328941656442453e+02,3.192176499663384561e+02,3.423937979015578890e+02,3.499898363751755141e+02,3.476564415414719633e+02,2.997831341399792109e+02,2.872780161330852593e+02,2.852273186049491187e+02,2.799239930828223351e+02,3.301488534337621559e+02,2.207885131364362792e+02,2.146258215459058647e+02,2.198626357436712340e+02,2.316543205222679092e+02,1.677158557536133685e+02,2.175207231051563497e+02,2.515651992287693872e+02,2.207060003499402967e+02,2.166601747681271775e+02,2.353273248069257875e+02,4.181273928782831604e+02,4.335969988606629499e+02,2.554284130698188164e+02,2.083300010318900775e+02,1.724750386598956311e+02,2.293181783330634289e+02,1.889480785783123622e+02,2.140790108246977468e+02,2.087133114943228520e+02,2.011408607229016638e+02,2.549849696177555245e+02,2.292501843748786143e+02,2.056644411052543262e+02,1.830286779675061553e+02,1.548147608640699673e+02,1.617385327996015860e+02,1.983493327705351135e+02,1.840659499833835184e+02,1.877939371251767113e+02,1.994856045411970911e+02,1.876631293545767107e+02,1.968895663261905042e+02,2.026581080784728215e+02,1.679532480409608866e+02,1.780534389958033046e+02,1.982428949356796579e+02,1.548121597100505085e+02,1.638765369458150190e+02,1.625667895832707188e+02,1.945697669164460422e+02,1.824407900952330408e+02,1.849214024940855268e+02,1.625808456635705568e+02,1.689309754157057171e+02,1.946012376158596737e+02,1.466547226489023785e+02,1.512803216470058203e+02,1.530505382957246070e+02,1.624994751761852854e+02,1.936276751300044054e+02,1.947677611564304527e+02,1.777587052922609416e+02,2.037945497222451934e+02,2.159112271670063024e+02,1.985615940210764165e+02,1.883310576865092116e+02,1.855275681085717281e+02,2.050258802500824231e+02,1.755128899373787590e+02,1.733592700851820609e+02,1.828405480237646827e+02,1.553066074000618926e+02,1.763048220773200967e+02,2.035737522438802216e+02,2.266470505638115469e+02,2.013547529839094068e+02,1.774807658945888988e+02,1.845113319583718692e+02,1.977149681746946328e+02,1.906556418045458372e+02,1.798515976142347483e+02,1.918478408700598834e+02,2.190855507425764301e+02,2.285902608697823268e+02,2.186838692701974480e+02,2.145223851846789671e+02,2.180725113510831648e+02,2.090423256673203980e+02,1.905126049928501288e+02,2.045276653625402901e+02,1.734302279657676991e+02,1.693503726543931123e+02,1.808119253576041672e+02,1.645574546417583690e+02,1.812446819975471612e+02,1.888072738277705866e+02,1.999472613048281175e+02,2.243541027923637046e+02,2.884943497845997058e+02,1.682339871982436250e+02,1.443347315621958558e+02,2.962834816862871889e+02,1.571189469959536495e+02,2.080529382769613562e+02,1.880114253592872444e+02,2.056791794745024902e+02,2.047178314345304102e+02,2.219145907817830619e+02,2.453129139720240062e+02,2.229618655522702113e+02,2.045684075570414677e+02,2.216359752254508919e+02,2.540982235302273580e+02,2.001505896167696790e+02,2.106361101667199875e+02,2.472677465739971296e+02,4.558539638954665918e+01,-6.476153766251531607e+00,1.353036247299633565e+01,-4.138297451281277972e+01,-4.474100350235819690e+01,2.882630732445575745e+02,1.948900583922437306e+02,1.525825210890017729e+02,1.773299994120561394e+02,1.797009798627955774e+02,1.721337868710404848e+02,1.724628192799937381e+02,2.000429019606338557e+02,1.796070935179457422e+02,1.783029934833526795e+02,1.463242874735087469e+02,1.851706556074329342e+02,1.669759476127471203e+02,1.662841561499774627e+02,1.690394333914481422e+02,1.691164988471510071e+02,1.708873690042787530e+02,2.065374843993259049e+02,1.835713810431169577e+02,1.659761041217383308e+02,1.679871993760251030e+02,2.073297219286534983e+02,1.663964882356664532e+02,1.383147659293407514e+02,1.640459531689357107e+02,1.865970153100846289e+02,2.075198403734532349e+02,2.215717729366514277e+02,1.999997084025049787e+02,1.193671183852025308e+02,1.745820813794755963e+02,1.730057800157878489e+02,1.897897613222686175e+02,1.854880053844105419e+02,1.823311860667695612e+02,1.916354619062910274e+02,1.877089285365481999e+02,2.213515569417565700e+02,1.852028722117304369e+02,2.194550918199753653e+02,1.731800716417655792e+02,1.835318024630071534e+02,2.127491436844345003e+02,1.790335028822674133e+02,2.074192670225492634e+02,1.833443920710608950e+02,1.866264099532380385e+02,1.920656368933576346e+02,2.282005989409303197e+02,2.158103614619377026e+02,1.995054285096639717e+02,2.071766269722404843e+02,2.221499636907764454e+02,2.068396279137109559e+02,2.513931274012648487e+02,4.118171722624511517e+02,2.945280255807063554e+02,2.808531087732607148e+02,2.305220267176850086e+02,2.322893044795484059e+02,2.634689562520154595e+02,2.477193362920462505e+02,2.307100462983503064e+02,2.422077306523437699e+02,2.713098746523046430e+02,2.855125472881383644e+02,2.506487667160232888e+02,2.608371065534080913e+02,2.516523897097165730e+02,2.492278916316323603e+02,3.198207175024979279e+02,2.871667138515437614e+02,2.701119628008648306e+02,8.274121894032275293e+01,-1.346943104128915003e+01,-2.893605921902696565e+01,-2.462366908032045032e+01,1.884731786361438139e+02,1.203398517280703907e-14
-4.906929182650692775e-27,3.276602116916483747e-26,-9.465320638310234974e-26,3.910832441122382223e-25,-1.417980981781286379e-24,5.125744318159214878e-24,-2.177333328165291381e-23,7.286860207036916387e-23,-2.630836300993994321e-22,1.264016049045470367e-21,-3.813598720819697926e-21,1.208455470291114445e-20,-6.315934493041948582e-20,2.049774412340861966e-19,-7.431978928498566276e-19,2.686498967228927674e-18,-9.677537324320202353e-18,4.166150162697650711e-17,-1.517642987556554079e-16,6.070290568051607609e-16,7.201786222809765884e-11,-5.303964953872346122e+00,2.212298461516541082e+01,3.330160146469165170e+02,5.786800958818158733e+02,5.662359965475114905e+02,4.115138013600177942e+02,3.206917811076221483e+02,2.652344264146018418e+02,2.626642466128976707e+02,2.706213320122050732e+02,2.843397483280428446e+02,3.161451407431738971e+02,3.178906586278653776e+02,4.096816620398287796e+02,3.528774274618594404e+02,2.647892299601354011e+02,3.044890618862806946e+02,3.060247049765322913e+02,3.526495881459145494e+02,3.153702146412981051e+02,2.645802446724489414e+02,2.694284436576946291e+02,1.979859705263895933e+02,2.179498850281985938e+02,1.774915951987877918e+02,2.323898715198663467e+02,2.176746408985447374e+02,2.558293643839208755e+02,2.185163151467851321e+02,3.023316425858247953e+02,3.708200062235213750e+02,3.739484680075262872e+02,2.727023614417578870e+02,2.338850311088475848e+02,1.558222609414891622e+02,2.191872099870518582e+02,1.930903464575913802e+02,1.342238551018449471e+02,1.905272952001560043e+02,2.056262926349769202e+02,2.450682438716217746e+02,1.966718255113799501e+02,1.960541510005712666e+02,1.628049822804952669e+02,1.647652503156452326e+02,2.083586795386243864e+02,1.843209184325617116e+02,1.929552339966718364e+02,1.703472644881416329e+02,1.866383001800757313e+02,1.748804637065265126e+02,1.910228536630722544e+02,2.046913818473944673e+02,2.096503600122374849e+02,2.069663964770782627e+02,1.761369711375622273e+02,1.745556026029739769e+02,1.629120963261044039e+02,1.333122600259417823e+02,1.874060299402375449e+02,1.473099709945558402e+02,1.534526593508601024e+02,1.548645486343118023e+02,1.765245671232146094e+02,1.827226712513119651e+02,1.581760016382739309e+02,1.592120085027055438e+02,1.538189269207288987e+02,1.798771613119270967e+02,2.065207640877077893e+02,1.939163313932931203e+02,1.927470952291900801e+02,2.050846020397672760e+02,2.145213726002930628e+02,1.830653418949951288e+02,1.985108478959128888e+02,1.983000698897485847e+02,1.917340977299766109e+02,1.637081833999939988e+02,1.713482520884104758e+02,1.727603799691368920e+02,1.551438328496139150e+02,1.584381908573646740e+02,1.619986369632685808e+02,1.884431128933991602e+02,2.004540714298629780e+02,2.144319792511038543e+02,1.866698260622709995e+02,1.897337659621331909e+02,2.244450771820486068e+02,2.333255090438232457e+02,2.094783116620281760e+02,2.115933312050935911e+02,2.245965737325759619e+02,2.254773261480886504e+02,2.195977357644108849e+02,2.209965071833447894e+02,2.108895757408849363e+02,2.049928522280226275e+02,2.196171332865887393e+02,1.997801124597138767e+02,1.583570939311447319e+02,1.781902056444852178e+02,1.946831029228536636e+02,1.783470036237707177e+02,2.011419570879436947e+02,1.696601049881760446e+02,1.968281935662079150e+02,2.373249586820609807e+02,2.437909816355901853e+02,2.120000377105406528e+02,1.486958873947871211e+02,1.973658694650652592e+02,2.582742367715725322e+02,2.542055647651110348e+02,2.484258517378938791e+02,1.933134606157153712e+02,2.052282321488926868e+02,2.667163084321940687e+02,2.407064314089954848e+02,2.280352478460467296e+02,2.544350650634730187e+02,2.508008232787979352e+02,1.973098469606773051e+02,1.939338704771774076e+02,2.079132311431750395e+02,8.521662235086705550e+01,-3.295465907615484724e+01,-3.325744045396439930e+01,2.561380543660113176e+02,2.676759727529359907e+02,2.768243913438224695e+02,1.686925927994375911e+02,1.535947802227801162e+02,1.977779107065122730e+02,1.846584154274811169e+02,1.821548872143681308e+02,1.900429066080702682e+02,2.013202081687240366e+02,1.636110240396658639e+02,1.459230647895117272e+02,1.833478446246537885e+02,1.683007192672735641e+02,1.714307176321164263e+02,1.823789238198363023e+02,1.483226118336742445e+02,1.726052218623666192e+02,1.425763596363675276e+02,1.853011400137075668e+02,1.925542538178758889e+02,1.834899503940931140e+02,1.707731219498926407e+02,2.304534185748174764e+02,1.627855434555862644e+02,1.858499755205237136e+02,1.639770634411478341e+02,1.519858211217370467e+02,1.441174728298178422e+02,2.285744946123519696e+02,1.939902696366683870e+02,1.433399424308360608e+02,1.885416635250123534e+02,1.595533323950765805e+02,1.817365674171182945e+02,1.718199943767925788e+02,1.758027068149316392e+02,1.820339011750939449e+02,1.895066493925193640e+02,1.764495429910018345e+02,2.159122113930641547e+02,2.003618165501639226e+02,1.779631031606206477e+02,1.925562394996838407e+02,1.864775881341727768e+02,2.136679232740711996e+02,2.141512373484153500e+02,1.901238732729447918e+02,1.794284305799388619e+02,1.894186640264028654e+02,1.953106897618709183e+02,1.969739214851911413e+02,2.243053509263017133e+02,2.058749992126069515e+02,2.014991286065578038e+02,1.735550073133029230e+02,2.076672144116564027e+02,3.156278992064762861e+02,3.564562548607068493e+02,2.108614142752241492e+02,1.995162584390013194e+02,2.558372594186892286e+02,2.310546006306378786e+02,2.098993542749171297e+02,2.118300432609255495e+02,2.263506789737593294e+02,2.409759931219090845e+02,2.710702125899730959e+02,2.597718706676347438e+02,2.546392399208701534e+02,2.764965570443182514e+02,2.824778267703010783e+02,2.953222733585093351e+02,2.730064662283584767e+02,3.025678384017004419e+02,-2.115977485096848199e+01,-3.307747963593969587e+01,-2.175347874469272469e+01,1.630174548236786052e+02,2.666127461608055000e+02,2.741243799216488178e-14
-1.139778188032704163e-25,5.244357790757147644e-25,-1.736580466014016148e-24,7.203830257784382607e-24,-3.024529134755307261e-23,1.010077344261405549e-22,-3.768875736540830124e-22,1.517384762272297097e-21,-4.782752801626775405e-21,2.307963593198520876e-20,-7.250095611255023616e-20,2.444778154159767438e-19,-1.032465247639501790e-18,3.776962957893480261e-18,-1.412282042898065853e-17,5.339194511583259876e-17,-1.976018163411243697e-16,7.400510863316242926e-16,-2.785153934173071416e-15,1.021321451497882474e-14,-2.311735333094336417e-10,1.702212116201800285e+01,-7.099973847109700387e+01,6.868547824255939531e+02,7.489242760400248926e+02,5.737187233734600795e+02,4.256013973328928728e+02,3.619170678851774028e+02,3.044643726753619717e+02,2.921883835671459906e+02,2.835729751825577978e+02,2.968925185359033208e+02,3.182264947103677173e+02,3.097333417587092299e+02,3.868438655887509867e+02,3.032362726746639510e+02,2.337566019310405352e+02,2.945834444846889824e+02,3.368810300439761249e+02,3.307500711453949975e+02,3.336528552050681355e+02,2.734799106947479572e+02,2.649780200888465060e+02,1.893493733950187732e+02,1.782355600160460085e+02,1.870076246937302642e+02,2.500350508211139413e+02,1.943866867419414177e+02,2.510680842738035778e+02,2.330795328905007864e+02,2.792126915108792105e+02,2.480646211341118885e+02,2.976638368168428315e+02,2.946512301410141390e+02,2.390907667873192111e+02,2.034795485827745551e+02,2.021231524776122797e+02,2.389119175931326140e+02,1.864356408114273336e+02,2.124697219111482411e+02,2.177595094829880225e+02,2.470893058785012499e+02,1.461713815153330813e+02,1.728294595906824895e+02,1.844635531827867112e+02,1.845840615659715525e+02,2.183208008689480835e+02,1.601937277183735375e+02,1.887433433431667709e+02,1.605233309562944157e+02,1.894242917638255790e+02,1.826464237359319611e+02,2.081147862215196369e+02,2.214100691235128693e+02,2.228996218390605293e+02,2.193039632369568892e+02,1.499445365725788690e+02,1.944235836453023580e+02,1.494351952807988084e+02,1.780618939656563384e+02,1.610429163748660244e+02,1.496077402335163526e+02,1.576313161092972166e+02,1.740961881072112760e+02,2.258886202789604170e+02,1.708994387438777949e+02,1.869746610464651724e+02,1.942727563229229872e+02,1.468522472041092328e+02,1.756840205082864372e+02,1.764021392856154478e+02,1.820629042717664277e+02,1.976142051436701763e+02,1.649791994548020853e+02,1.630071786779602974e+02,1.543224422668082241e+02,2.041801710180410510e+02,2.034372011995680509e+02,1.693339538821161057e+02,1.589742651030972524e+02,1.724054886253423149e+02,1.761148916205625596e+02,1.701824670735842062e+02,1.767417426725052962e+02,1.592713202244608510e+02,1.697031116618887552e+02,1.966581076515439293e+02,2.236065111305319704e+02,2.015428706717449074e+02,1.681146374633239020e+02,2.052461646096740822e+02,2.462542379194002820e+02,2.356732928949888333e+02,2.135706417510994015e+02,2.281469124249883578e+02,2.178199135180419148e+02,1.945067027719050827e+02,2.051479270843053939e+02,2.173614872427201021e+02,2.353090887485618907e+02,2.300409655634019543e+02,2.180596395181516129e+02,1.837664663047441991e+02,1.958592634925306015e+02,2.207416744401254221e+02,1.878481723971654560e+02,2.089517195162170538e+02,1.728171496801410001e+02,1.715566023618725637e+02,1.714868413592871832e+02,1.704589558145941623e+02,1.807607155990397985e+02,1.815213807497431446e+02,1.782105692602166300e+02,1.910610667825328335e+02,1.982510618036722008e+02,2.167006779313881282e+02,2.598680758905746302e+02,2.263517038814915736e+02,2.459719801868189961e+02,2.462561343149608604e+02,2.176394917066186281e+02,2.240696670348245618e+02,2.196312101378626380e+02,2.026825572928401584e+02,2.286044130812907156e+02,2.863910647956166144e+02,3.440180816498721015e+02,1.568339146514702520e+02,1.254845520286155534e+02,4.065605643467966388e+02,4.374621852672250952e+02,2.833966456488550989e+02,2.009604846318979696e+02,1.777534878092145334e+02,1.655159500542779654e+02,1.823862602273720483e+02,1.663495446008166994e+02,1.835783407835055243e+02,1.682498479474067210e+02,1.366731566744529971e+02,1.488902229122956271e+02,1.713869015354514147e+02,1.347860705704618169e+02,1.559916337437739742e+02,1.617567507054806129e+02,2.086881614778649805e+02,1.695696165609248851e+02,1.613894748298802426e+02,1.665146260618604686e+02,1.750786718875189365e+02,1.682848806800989507e+02,1.458831402056101183e+02,1.939524439954537627e+02,1.764239089305644654e+02,2.165850451978798219e+02,1.544042377232101728e+02,1.483333726472233707e+02,1.402626646732295796e+02,1.958433266473840604e+02,1.541627867713483226e+02,1.767661345423700254e+02,1.921948633877836699e+02,1.628444901632347523e+02,1.525328456826337060e+02,1.979203163415591575e+02,1.851322137781902768e+02,2.001749009049163703e+02,2.091369937058597657e+02,1.781235354722669513e+02,2.277266024020942439e+02,2.144347418804548226e+02,1.741385419940197608e+02,2.127509474172449870e+02,1.721373045697210955e+02,2.146996810754892238e+02,2.002824226580399625e+02,1.921448564934032390e+02,1.900579734891450414e+02,2.195765351708461139e+02,2.264477140562135276e+02,1.895554512834301875e+02,2.183791139893859565e+02,1.839398018910054873e+02,1.813098972687103867e+02,1.803836343817959573e+02,2.059652439633647987e+02,1.878679991140766106e+02,1.893903371990237474e+02,2.013973191054906806e+02,2.230736464126746341e+02,2.454400327113264950e+02,1.904636017916767798e+02,1.773271427468959587e+02,2.095921016551792775e+02,2.207801643719464835e+02,2.425556841828227164e+02,2.738519596053775444e+02,2.827309225545624827e+02,2.312861628592319221e+02,2.616554670022699156e+02,2.824588641444311179e+02,2.647641878261072748e+02,2.394808318147922819e+02,3.033607409115836049e+02,-1.389251004555572422e+01,1.626704136960650828e+02,1.359692368004303944e+02,2.947498624024951255e+02,2.011114952085128209e+02,3.332335113284420764e-14
1.366098630549035685e-25,-6.521185103397390157e-25,1.840977402518979560e-24,-4.472587332160991394e-24,2.616940973282843581e-23,-8.771979422843048966e-23,3.904706258788592230e-22,-1.316171212289378034e-21,5.180271049923272965e-21,-1.381317204654524750e-20,9.747979240289684363e-20,-2.860028678008659255e-19,7.483760813670531268e-19,-4.052589777907175087e-18,1.382890350795535665e-17,-4.599109119020349005e-17,2.602326617864040220e-16,-4.680173001274573938e-16,1.827809611482537938e-15,-1.257127806350839792e-14,6.221632574447084917e-10,-4.581673621942829300e+01,2.116646291203433350e+02,6.215240651821076199e+02,6.906381090837427337e+02,6.047720196986640531e+02,4.289561952936816169e+02,4.182524634620525035e+02,3.322840890028610374e+02,3.341821057484108906e+02,3.102867050817912968e+02,3.168091468300759175e+02,3.294113469528401765e+02,3.078483378924087219e+02,3.259348085210767181e+02,3.097848712595333041e+02,2.522193749582700946e+02,3.064039004492108234e+02,2.895367813935696972e+02,2.857617529472557862e+02,3.148882352586581987e+02,2.779026214403505151e+02,2.404485597606952751e+02,2.295176101980634087e+02,1.826493099469437311e+02,1.975544441992926750e+02,2.292335642225782522e+02,2.137995518462803659e+02,2.592957196524275787e+02,2.549185677894382707e+02,2.353176119281272349e+02,2.618177751312823602e+02,2.399456773254497648e+02,2.290802811697740538e+02,2.179536405308395501e+02,2.310702746674175216e+02,1.737680110996163307e+02,2.214076535479218251e+02,2.107405899457935163e+02,1.879445781729223484e+02,2.355920820952691201e+02,1.840446393605025435e+02,1.456337513345609409e+02,1.620184198114854155e+02,1.803780548514818918e+02,1.687277314371563079e+02,1.656737868647988989e+02,1.969251269138491125e+02,1.876203204800678463e+02,1.907209389948541514e+02,2.184615610527768013e+02,2.383690821831441156e+02,2.354279274015248973e+02,2.078183047746246359e+02,2.417105139400144651e+02,2.294204043452613746e+02,1.845514008544853368e+02,2.208980009102082249e+02,1.391020943096561098e+02,2.334941040799271263e+02,1.796995828729603772e+02,1.834207108006805811e+02,1.677565595227510471e+02,1.846983509117598317e+02,1.930491714605414870e+02,1.851762094302673916e+02,1.956755750262847471e+02,1.888203105611474655e+02,1.294933574002908472e+02,1.427514183108487487e+02,1.264954070265477668e+02,1.738718646788972251e+02,1.880910918184805496e+02,1.447055868439566382e+02,1.608567866234578787e+02,1.512283762697780674e+02,1.937756168419629148e+02,2.009570214455100370e+02,1.765188108460293961e+02,1.653448644481490817e+02,1.591738908061976758e+02,1.999491507525425220e+02,1.706868843360985011e+02,1.924357694830900130e+02,1.926750254427871596e+02,1.981121202479490648e+02,2.194360787637750718e+02,1.937127240669809396e+02,1.919475775197526559e+02,1.740832262835681092e+02,1.817187060317102123e+02,2.099712827257722836e+02,2.288593194963674478e+02,2.234208860539080206e+02,2.352108534487596785e+02,2.185758740516299383e+02,1.941100362125198160e+02,2.101885956798145401e+02,1.997900034809384238e+02,1.957892387327486290e+02,2.155743261638041304e+02,2.427160809494656917e+02,2.278935700192261038e+02,2.300912950256486909e+02,2.283195388082443174e+02,1.994149937860385648e+02,2.118173644686431487e+02,2.104146938883295661e+02,1.836629836196016754e+02,1.510359473584266823e+02,1.689289471851077167e+02,2.014814683626295562e+02,2.165659440015559198e+02,2.186190562496617815e+02,2.094040938600858510e+02,2.042285549478801272e+02,2.576688342965948095e+02,2.524761132119811577e+02,2.481526457560341896e+02,2.425685573763118441e+02,2.601586888858722659e+02,2.292690114480249974e+02,2.050256702446321810e+02,1.891975074567468198e+02,1.935128623045710867e+02,2.773580172001499022e+02,3.249089382569090958e+02,4.034491486436454011e+02,4.758568422684992356e+02,3.310796941709642169e+02,2.498531409144215729e+02,2.571894647948012107e+02,2.742824687422358352e+02,1.836738280654949733e+02,1.815592883205001726e+02,1.417512032634560057e+02,1.544838558012490637e+02,1.519463980551302313e+02,1.574351915268306925e+02,1.819072423311102966e+02,1.529548542149209709e+02,1.574974532842170731e+02,1.351735380312011046e+02,1.333570575610609126e+02,1.372469374557917661e+02,1.714606407305338678e+02,2.008175877732084018e+02,1.774365632810987279e+02,1.623156020866288713e+02,1.693143870625685565e+02,1.697986237162692760e+02,1.625943390483674875e+02,1.507756010453024089e+02,1.528531738989101711e+02,1.577656152663834064e+02,1.692819698986386356e+02,1.706984322909951857e+02,1.659588555825296226e+02,1.878170977214908532e+02,1.549942961123527141e+02,1.621668652839379092e+02,1.700740447475431836e+02,1.586059886186049539e+02,1.402752904452853784e+02,1.473305176471536129e+02,2.521415263243601999e+02,2.053020091514107435e+02,2.099536025485758444e+02,2.036715453179597546e+02,2.023315287025977796e+02,2.232792549264144668e+02,2.385029067253859978e+02,1.648375595524331061e+02,2.006487871923249884e+02,1.945431901258158973e+02,1.613102894327070089e+02,1.979812532880390847e+02,1.904888758292549653e+02,1.830490885352723467e+02,2.106030005283866444e+02,2.251000909657857392e+02,1.689941871543582295e+02,1.831811135424079282e+02,1.807647663802308671e+02,1.978843431463403704e+02,2.141377526046073854e+02,2.026695136538080817e+02,1.825721531005532938e+02,2.121868511885172381e+02,2.033560856669121790e+02,2.133766026844076293e+02,2.080344499524223636e+02,2.136127227371335380e+02,1.871587620555021090e+02,2.078978171822704439e+02,2.161577153713347172e+02,2.447112265653919678e+02,2.494173204058088515e+02,2.388854995818522582e+02,2.068377186942339279e+02,2.292884092424640414e+02,2.097944225435230408e+02,2.140004149074953546e+02,2.021418918028619771e+02,2.656225449659490891e+02,6.551945435134176421e+01,3.727115181287113046e+02,2.992269846741657489e+02,2.147380472374354952e+02,1.874274628151171953e+02,1.701181766108122462e-14
2.701273095256122308e-25,-4.863709737340227220e-25,2.812830901866759770e-24,-3.017000636367426235e-24,2.490859538388865687e-23,-1.496474129820789756e-22,1.571439193356932060e-22,-1.802520642022107304e-21,5.039994628104943138e-21,-1.793725011922072531e-20,1.157409638384712296e-19,-3.100571990456117703e-19,1.257895521536528203e-18,-1.585173641654640414e-18,2.003885979475121454e-17,-6.463487948912247203e-17,1.379002490822399247e-16,-5.009523248649002341e-16,3.532327789487581154e-15,-5.851593490260308574e-15,-1.268919979728368892e-09,9.741369606528726877e+01,7.624296024043604803e+02,5.234379365963370674e+02,4.484046568944193609e+02,3.959090957246567086e+02,4.204366968851787760e+02,3.784489618627306982e+02,3.103493031543976031e+02,3.662792823028424323e+02,3.423663770208199821e+02,3.257806269199319900e+02,3.063707008908271519e+02,2.773911602660109565e+02,3.144245209298463237e+02,3.176362826695674926e+02,2.885012803309058995e+02,3.226643657417897089e+02,2.395452917874896173e+02,3.181629541422786929e+02,2.818228544919335263e+02,3.024831024268648889e+02,2.777064694699294591e+02,2.731752181469962011e+02,2.521657193737571276e+02,2.583075398169270329e+02,1.602783946375623430e+02,2.410984209965359639e+02,3.015468163166948443e+02,2.463445118126583679e+02,2.555474752252491157e+02,2.110922422207567593e+02,2.031752775797108370e+02,1.427331490848816316e+02,2.143841104070519918e+02,1.948707387099501886e+02,1.884931354268889265e+02,1.667688499076266453e+02,2.125445858284260510e+02,1.708010708913610358e+02,2.464123678724916147e+02,1.642264640605571344e+02,1.846958824491777591e+02,2.011395367882521441e+02,1.532771019604456342e+02,1.915531139525591584e+02,1.659898536636634105e+02,2.365179676478987858e+02,1.892193936188824352e+02,2.260574028004435263e+02,2.448491089723859488e+02,2.737088217277366198e+02,2.169875446116259639e+02,1.906467760530582325e+02,2.759966938843712114e+02,2.228685762253032010e+02,2.300904943535958580e+02,2.762179162912137826e+02,1.697494095162024905e+02,1.997309124881346065e+02,1.995311458453325599e+02,1.825367272064966926e+02,1.665429630651327386e+02,1.443511507916406060e+02,9.970313418197919475e+01,1.812585954869280158e+02,1.636120822543008444e+02,1.671824325614389295e+02,1.869377270015243937e+02,1.506099066419255905e+02,1.359922889381479649e+02,1.582106753110139721e+02,1.701381219528533961e+02,1.662389025332076642e+02,1.936349114068449069e+02,1.770563558434486708e+02,1.831671928923900339e+02,1.918019140743116964e+02,1.832438234973973579e+02,1.747747690731275725e+02,1.672654951493400688e+02,1.992933799631270517e+02,1.769521082181913414e+02,1.804580053604909438e+02,1.956093910744832272e+02,2.236956914944338450e+02,2.335552771647494410e+02,1.924457725823424994e+02,1.856008734018643054e+02,2.042233600192326151e+02,2.246091704587410618e+02,2.241359648916055107e+02,2.174297973095918053e+02,2.222132274080971399e+02,2.109602257766697733e+02,2.291199030732151698e+02,2.261763695543878327e+02,2.476901364031769788e+02,2.369526398938980662e+02,1.856818973296317665e+02,2.208459299423418258e+02,2.836505721596539047e+02,2.468075251076610357e+02,2.213085365016865467e+02,2.147342474348662051e+02,2.052204806334050318e+02,2.033739868397626935e+02,1.957213342500464819e+02,1.744213715869540238e+02,1.872937574947061421e+02,2.051383904465362775e+02,2.171777102087292803e+02,2.381600497142459290e+02,2.096838222964426848e+02,1.965315686410094713e+02,2.048716282548677725e+02,2.359288915467526238e+02,2.568701161750799429e+02,2.552507323290651868e+02,2.642462530846185018e+02,2.679261494523504439e+02,2.739955159102478888e+02,2.161760221623356415e+02,1.776312118571202348e+02,1.892658365105994847e+02,2.512305999925901006e+02,2.239708124429819804e+02,2.910501435541561932e+02,4.579815009718981855e+02,2.880502864124138114e+02,2.786135435695961746e+02,2.407606856391460042e+02,2.572008780866097482e+02,1.647468121930601228e+02,1.581907930014683643e+02,1.710331847299019898e+02,1.417454978061701638e+02,1.953556803535232689e+02,1.324850853479227908e+02,1.963599946454164069e+02,1.762761634204123879e+02,1.590079173297723401e+02,1.576445074329318459e+02,1.661656380712823591e+02,1.610572722427546637e+02,2.091103105464815997e+02,1.758374534789226402e+02,1.832448147813285857e+02,1.273442970848387290e+02,1.600577487397897301e+02,1.464910781497801224e+02,2.322056038799815383e+02,1.828410572171227955e+02,1.595729439872418709e+02,1.587739667133058674e+02,1.566333817541649296e+02,1.860245084323526896e+02,1.631423708935406864e+02,2.084104399815417992e+02,1.637042160883013366e+02,1.865749256055248964e+02,1.532752847584593781e+02,1.226710018002523128e+02,1.782405291076396168e+02,1.647792972166818117e+02,1.916065569774263793e+02,1.902383115209812274e+02,2.197696180478200461e+02,2.260683771996160658e+02,1.737847521949676661e+02,2.338174173430360838e+02,2.079844809144907742e+02,1.777737073647870716e+02,1.709666491912063009e+02,2.123414034702494746e+02,1.725684850868294404e+02,1.681881120349293042e+02,1.809468405752404010e+02,1.653159585938063856e+02,1.693918396420906447e+02,1.436831835227673935e+02,1.715092865010659864e+02,2.098179136524248634e+02,2.016847889200989243e+02,1.817297359176381519e+02,1.907269827056034615e+02,1.827577665631783361e+02,2.060541467921179901e+02,2.151376904508526309e+02,1.926788500051204949e+02,1.640472741175561850e+02,1.934432503331044018e+02,1.947936819064044300e+02,2.087794810439891933e+02,2.208166336367568476e+02,1.991997507300233963e+02,2.396923650823348169e+02,2.333431449485535154e+02,1.764794027962686016e+02,2.035875574460613109e+02,2.065492577195566923e+02,1.773981641096046644e+02,1.842393944916683211e+02,1.929751180510484119e+02,2.146173910720362414e+02,2.551980113364095359e+02,2.649443266652572788e+02,3.290711273018006295e+02,3.350511469337421886e+02,2.837956804972520217e+02,3.185797753909337546e-14
-9.210256958068364124e-25,5.355960768283514931e-24,-1.491937348614325523e-23,7.345000911093136536e-23,-2.366944264738288277e-22,8.121174421716144370e-22,-3.561023268947839390e-21,1.169820022294719497e-20,-4.937272771634340603e-20,1.741461174776049072e-19,-6.175655373413873842e-19,2.428251103708084292e-18,-9.339395533238456690e-18,3.417040274339569599e-17,-1.171505892875274621e-16,4.535135950051038225e-16,-1.783641870355859480e-15,7.021058840676841034e-15,-2.455198714636919879e-14,9.129794931671092624e-14,1.039800599558319315e-09,7.784320976654233846e+02,5.604477869575813429e+02,4.033582668596371263e+02,2.973200065322066621e+02,3.012071956176590675e+02,3.442915202579296192e+02,2.843736706801448122e+02,3.527524585113682178e+02,3.457653100219114322e+02,3.047171875214618808e+02,3.028075458855608986e+02,3.140511428610343501e+02,2.700138153782037875e+02,3.161959862962051488e+02,3.010533327335857052e+02,3.623290942658616132e+02,2.673806254185161038e+02,3.068712512236597831e+02,2.930074127858799216e+02,2.998655562422432581e+02,2.603428930276762117e+02,2.814152013689182468e+02,2.408697794928831115e+02,2.209392664164593612e+02,2.682344598304707688e+02,2.189814335998678985e+02,2.111839843613347227e+02,1.936183693837702435e+02,1.663716745892511994e+02,1.892626055359662303e+02,2.064786508390561437e+02,1.870866679151426695e+02,1.754778478544657787e+02,2.104312627036244123e+02,2.281618457124989732e+02,2.287695562588094162e+02,1.800541600964378972e+02,1.955247485447924873e+02,1.888090509317239025e+02,2.185379220602604562e+02,1.737841045178645913e+02,1.869720931660547478e+02,2.276831450891671125e+02,1.847321866053174233e+02,1.805808184407790691e+02,1.854587056692689941e+02,1.885217019594989267e+02,2.270879064369242712e+02,2.388470873974765425e+02,2.549226653537877496e+02,2.433722745788984696e+02,2.569636645891244484e+02,2.338370200354767974e+02,2.403401894548568691e+02,2.220703579554766804e+02,2.496384281521449395e+02,2.777728889671078036e+02,2.119675461193198203e+02,2.448699654751209209e+02,1.720442032415275548e+02,1.697574599407923586e+02,1.883674219648316921e+02,1.467744369963244253e+02,1.838447831114117719e+02,1.571731424300136837e+02,1.637552652042548686e+02,1.746361613400133308e+02,2.070591038171263847e+02,1.760058118508355278e+02,1.468565222827145647e+02,1.781299883330314060e+02,1.611587724300913180e+02,1.536202303867428896e+02,1.607317174656062093e+02,1.686972675295167505e+02,1.529223137000631993e+02,1.722152656714942225e+02,1.674563814080883049e+02,1.550359782466197203e+02,1.725370449044060308e+02,1.631549312110370522e+02,1.796786138952895726e+02,2.134414912986233901e+02,2.291129358937036500e+02,2.186187700513287382e+02,2.122713642902119773e+02,1.995567084113549186e+02,2.004634908408939964e+02,1.919894339074297136e+02,2.169663772383247533e+02,2.484847859415098981e+02,2.485414417930743127e+02,2.321037594115805405e+02,2.224738478470537189e+02,2.188289400408476126e+02,2.118198609015037732e+02,2.244161663378258709e+02,2.505862893129720419e+02,2.328152776760201448e+02,2.322485871817489169e+02,2.416902413861643595e+02,2.093257272039698478e+02,2.048497797245615573e+02,2.026559396144083962e+02,2.144003820785434868e+02,2.068144299724172868e+02,2.080377462824823169e+02,1.943135134192783653e+02,1.977974031361187599e+02,2.023031139930374422e+02,2.167197037217655975e+02,2.206381556627968905e+02,2.470025563259244734e+02,2.201760703738716813e+02,2.229509748209551390e+02,2.725983016388066744e+02,3.489970754830367810e+02,2.996794791107469109e+02,2.832621068945766183e+02,2.556492638780837581e+02,2.464148005337704035e+02,1.873281226047849088e+02,1.968154896532342946e+02,2.444584397254784278e+02,2.424053961433008908e+02,2.512569449070092276e+02,2.520727652716713578e+02,3.111549269718797177e+02,2.572412771559716589e+02,2.716095604093755469e+02,2.436296810154847492e+02,1.914091498576590880e+02,2.075567649035503450e+02,1.611240882412853921e+02,1.895399427622041060e+02,1.967196191161661147e+02,1.806791449338032578e+02,1.539533807730084050e+02,1.490895619834244599e+02,1.716637310044176559e+02,1.507069540344575671e+02,1.800629765319654325e+02,2.051873349281577532e+02,1.994940589269559439e+02,1.916136107074177630e+02,1.951932430872101634e+02,1.767063362814587606e+02,1.546845862662646311e+02,1.491348707539563350e+02,1.597378700070344451e+02,1.990005441868776188e+02,1.580239999915540352e+02,1.866119082905265429e+02,2.079188307455776510e+02,1.900963267279501849e+02,1.653377980757021248e+02,1.816388450814812074e+02,1.752248041330707053e+02,2.146540254034593715e+02,1.663211148079712132e+02,1.592502573226885829e+02,1.512207348576056916e+02,2.175049854254761499e+02,1.966861114600837652e+02,1.541837217410371750e+02,1.971227582534351086e+02,2.396840945473536806e+02,2.114815636797059994e+02,1.937672379693021583e+02,1.794510100921096125e+02,1.918977914322310312e+02,1.821398598609188184e+02,1.825126677575020153e+02,1.941585789912365385e+02,2.373749066049229839e+02,1.976186172735437765e+02,1.839366874453484115e+02,2.065206061775821240e+02,2.253004586695662681e+02,1.846644257567541842e+02,2.351517098050715902e+02,2.399458518854109457e+02,1.897524698836347739e+02,1.579996179632527742e+02,1.916048998020433487e+02,2.151508291465403602e+02,1.969959777008106983e+02,2.015175616030701633e+02,2.075350320585511099e+02,1.972434863560985150e+02,1.938678300467620943e+02,1.856736708021737456e+02,1.991117683899004192e+02,2.007816306217176532e+02,1.814478347544260259e+02,2.269715418977485228e+02,2.345046947362976084e+02,2.050145760271332165e+02,2.123019405520641385e+02,1.936444220249605905e+02,1.907197719325033063e+02,2.239672837425379157e+02,1.932283877051563934e+02,1.817601383763213221e+02,2.128845462893181377e+02,3.862921627184045974e+02,7.255533179094090883e+02,6.286117308291505879e+02,4.371691647704208776e+02,8.187033603836422292e-14
-1.260484239266622639e-24,4.785196179559441329e-24,-1.654905668064361339e-23,6.241915691456402281e-23,-2.642502415249201030e-22,1.002440025004370234e-21,-3.419600697146667554e-21,1.215980206134921222e-20,-4.254615980847879437e-20,1.864004409055850191e-19,-6.611274729247734513e-19,2.712219334969798864e-18,-9.598214935665427908e-18,3.272618948766891665e-17,-1.238002080117268927e-16,4.145529065353793768e-16,-1.890029730705035872e-15,6.819438002801124968e-15,-2.408321022656490625e-14,9.861723169399544656e-14,6.200074373140058981e-09,8.104754986168672986e+02,6.176481001463558869e+02,3.745031934494822963e+02,3.181514260775629168e+02,3.333575369507681785e+02,3.333318452762082984e+02,3.178690905794995274e+02,2.906724736948013401e+02,3.555926079213011235e+02,3.012631191011188321e+02,2.484842436384606117e+02,3.434332516735836975e+02,3.197819907832483182e+02,2.819539755895455642e+02,2.769575455088400986e+02,3.244784074806540843e+02,3.294078290867378200e+02,3.508185629047737848e+02,4.100029793053468552e+02,2.347193255343414080e+02,2.986346819917249604e+02,3.280715062612753172e+02,2.421483096955072085e+02,2.404957042165373764e+02,1.951131360841892501e+02,2.107516461860383288e+02,1.912077114292756903e+02,2.125130524986397802e+02,2.087383938158113779e+02,2.042032821141931720e+02,1.965577299840834087e+02,2.348328674898095869e+02,1.678369023377459257e+02,1.734037145401767646e+02,2.209990565903302127e+02,1.888292799929519106e+02,1.900845672894191409e+02,1.910161892924497806e+02,2.317070144103448683e+02,1.859829476034814491e+02,1.261976770572301660e+02,2.057849147231445102e+02,2.393451765535966729e+02,1.718424148494433439e+02,1.445176890096257409e+02,2.060954046256705396e+02,2.272702769147280151e+02,3.109997373618478491e+02,2.837304230769956916e+02,2.603549315123997872e+02,2.396460079880550609e+02,2.779991580565693425e+02,2.161273037166175186e+02,2.426798451881421670e+02,2.217914297189560671e+02,2.673539534261889798e+02,2.651583182413459099e+02,2.508350439071683127e+02,2.558183800485405754e+02,2.196469046490858545e+02,2.155158359672574306e+02,1.987460530829342815e+02,1.887568681194741487e+02,2.013591831787329340e+02,2.248861776085404642e+02,1.514665535414669080e+02,1.573137656335987913e+02,1.976931009359961422e+02,1.689108604141220553e+02,1.684357966508390803e+02,1.604363822090717235e+02,1.705377843568826108e+02,1.649347472762078155e+02,1.739877985777304445e+02,1.692131056059818945e+02,1.644827573923061834e+02,1.571969731832751620e+02,1.544434986650393569e+02,1.630169807211122759e+02,1.701756055564447365e+02,1.810086692227578737e+02,1.381763857877880355e+02,1.817803070076011807e+02,2.137009195606831611e+02,2.010029172020193471e+02,1.891199496413906616e+02,1.964838991476393062e+02,1.601774892009823361e+02,1.738931765068831510e+02,2.072231387041337314e+02,2.240100944851775182e+02,2.426680956345176412e+02,2.616837770010948816e+02,2.638069079232966487e+02,2.445221411437310337e+02,2.544985116623946908e+02,2.443914385101770392e+02,2.238796558361544555e+02,2.288541806787517601e+02,2.236324237726442448e+02,2.411552507026463559e+02,2.205940677124984290e+02,1.977255675087361055e+02,2.040039648581303027e+02,2.236275853402729581e+02,2.244043111437716220e+02,2.170837729859910326e+02,2.259836305266649958e+02,2.313605578103814935e+02,2.440555934386989350e+02,2.700550978689923909e+02,2.505817359355544625e+02,2.566823640304102696e+02,2.571206824865263911e+02,2.210544851717999677e+02,1.814651082053190976e+02,2.507410875205311811e+02,3.226646029402017462e+02,3.672871278447317991e+02,3.016884285735619642e+02,2.260325758435219825e+02,2.461597609676984462e+02,2.543260957447017461e+02,2.526320056933231513e+02,2.447631563054306412e+02,2.100923933235990830e+02,2.489664609605210615e+02,2.502341287741266740e+02,2.339032176114784534e+02,2.691328171812035066e+02,2.404715174441963086e+02,2.111156576465996864e+02,1.604674699287036788e+02,1.911321153315782908e+02,1.630552029614414664e+02,1.900210057026068853e+02,1.942979546731921516e+02,1.853948201245569294e+02,1.857390159205574207e+02,1.711187492207396019e+02,1.630435236861646615e+02,1.722044355595092497e+02,1.853186780989750559e+02,1.834821340798441156e+02,1.631376266948226998e+02,1.410345080889800329e+02,1.694203982750627233e+02,1.636145772028318959e+02,1.851778473533967428e+02,1.700817666634337684e+02,1.549248779637453310e+02,1.615837362892106910e+02,1.501498070181596063e+02,1.739194765765829516e+02,1.931362056479627256e+02,2.045395766413566605e+02,1.670757054854994976e+02,1.216390404153995206e+02,1.916004074065836562e+02,2.026771699403010132e+02,1.616216862962386642e+02,1.513404551515472178e+02,1.882452923053737095e+02,1.784623159529503766e+02,1.615040225034577759e+02,1.730121161383618187e+02,1.737163353765857323e+02,1.733362131477429955e+02,1.988551474148025875e+02,1.859387406767195046e+02,1.864723569905041529e+02,1.672920465865994402e+02,2.075584508292329815e+02,2.464253477733003024e+02,2.084124087623148682e+02,1.839912283883662099e+02,1.950983842847032861e+02,2.054016960519580550e+02,1.756967458451826758e+02,2.102840017940517612e+02,1.844888046371170560e+02,2.113160660315224675e+02,2.366359662144949993e+02,1.963062647750912220e+02,1.924766015162318809e+02,1.850066442697920195e+02,1.927074258238829145e+02,2.226522576915655804e+02,2.109599091534036575e+02,2.154191357176983672e+02,2.320201747460262425e+02,2.207125663012444932e+02,2.147985829380363896e+02,2.057337247544624290e+02,2.168081494780401499e+02,1.789218652213052110e+02,1.660013543189887457e+02,1.853492769365751940e+02,2.449365548742665055e+02,2.668801523789318253e+02,2.044383850511205480e+02,1.954961769682847148e+02,1.892653045990092266e+02,1.668948782693341570e+02,2.221393582614991260e+02,4.335636188058759330e+02,6.595362575372085985e+02,6.213794255948689624e+02,4.090679299689630852e+02,9.672545339718304686e-14
-3.502792793811836327e-27,3.822874324096170326e-25,4.582940635754960427e-25,-2.021593230644485663e-24,-1.227595463055478374e-23,4.295700320390247162e-23,-6.153115559752131296e-23,-2.997581932460580050e-22,-1.598172268401510547e-21,4.257227543495985823e-21,1.855645910299636798e-20,9.537044846846370339e-20,-1.662571595346642549e-19,7.831104923782769534e-19,5.032621419751700765e-19,-5.235613948371342717e-18,-8.429473621058952753e-17,5.098101482662588256e-17,2.261800193418421603e-17,-1.210042656997732608e-15,-4.452685323616930456e-08,1.300893109260511551e+02,5.526974126152997542e+02,4.656999157982234578e+02,4.419318109277596704e+02,4.061835085454241607e+02,3.970055896763289525e+02,3.117750376551737190e+02,3.028386200383042137e+02,2.744517949725441213e+02,2.769951836631054221e+02,3.474323482637976213e+02,3.338728480290023413e+02,3.558557785281153656e+02,3.189509647922286604e+02,3.356222319764601139e+02,3.168643339885528576e+02,3.232501719019179518e+02,2.528835656091207511e+02,3.442735840264543867e+02,3.325626129746919446e+02,3.161688423178144376e+02,2.924712706380827285e+02,2.707209632827118071e+02,2.055212489449603481e+02,2.298390641443916422e+02,1.692606230902283926e+02,2.400064444332681717e+02,2.769147619486729468e+02,2.204210998901381515e+02,2.115580912870192662e+02,2.142397184172779134e+02,1.896546263523653977e+02,1.668868762535819599e+02,2.010435536726938608e+02,2.339167434951268376e+02,1.852585550573911348e+02,1.790134721216608114e+02,1.995997359737613976e+02,1.874821037443395255e+02,1.708168002103298022e+02,2.491035725533103573e+02,1.850779913700653765e+02,1.571465186668611409e+02,4.690901226908550257e+02,3.743294594854572210e+02,2.407440759786558999e+02,2.454442662970849369e+02,2.251528904153528572e+02,2.584157663570231875e+02,2.130229642775607317e+02,2.410772703183866952e+02,2.133622958012394975e+02,2.805012219821680333e+02,2.500353368055189947e+02,2.671198467846336939e+02,2.979139892332102022e+02,3.610049967516439438e+02,2.765881925223133067e+02,3.056954993207300504e+02,2.663537014166307131e+02,1.961329714933375215e+02,2.333068125984436563e+02,2.676923162164225687e+02,2.899170521035399020e+02,2.900066726557990933e+02,1.689849217808104527e+02,1.451730203287319227e+02,2.083282046409626957e+02,1.766175472386528327e+02,1.934563229037210021e+02,1.883964676308821709e+02,2.019606646427382657e+02,2.130387357183846291e+02,1.937952572006522303e+02,1.569045803367934866e+02,1.491557938777553431e+02,1.823514509617422448e+02,1.916152131994908530e+02,1.886034427097042396e+02,1.755616269288010187e+02,1.734239588318551739e+02,1.576306977716498068e+02,1.784341419041696497e+02,1.684531731245457422e+02,1.763820552818475278e+02,1.683471733777622603e+02,1.824852140378976912e+02,1.830625067676139111e+02,1.844436910705911998e+02,1.844643782988273131e+02,2.161931501389335892e+02,2.760647990657690798e+02,2.799370028690204322e+02,2.642042053349935600e+02,2.730707423005604255e+02,2.521241919887004315e+02,2.439177473302548549e+02,2.419267724579217713e+02,2.467570091595372617e+02,2.262955023783920581e+02,2.152443330498727221e+02,2.257971613781755593e+02,2.114947067561815857e+02,2.064374349049888906e+02,2.078380794095868112e+02,2.027742877608553727e+02,1.943745806285597268e+02,1.904810878053341980e+02,2.165538507217068513e+02,2.390579071214266662e+02,2.344800989802018023e+02,2.386209681697347946e+02,2.406781260970354595e+02,2.277277103589442220e+02,2.073560661593708971e+02,2.015461448453162916e+02,2.208206460193923988e+02,3.387941309537309280e+02,2.086941224413985481e+02,2.608136679243409048e+02,2.609194900467936122e+02,2.879741966804406275e+02,3.095594737494947708e+02,2.499964617967867184e+02,2.841561437353100246e+02,2.083828612031655609e+02,2.408843532193703538e+02,1.990543012315334579e+02,2.276192420848826714e+02,2.278960721443733348e+02,2.161594515755865302e+02,2.003001612923635548e+02,1.592501774630959801e+02,2.090818517656474853e+02,1.448865512920015988e+02,1.711581276321869041e+02,1.541619436745009466e+02,1.596792121241568907e+02,2.041151367566248780e+02,1.338178078111629645e+02,1.731398889309652986e+02,1.463039495578126150e+02,1.635514859561073422e+02,1.959148843437114920e+02,1.319467234806805038e+02,1.466848814793500537e+02,1.625728597645033631e+02,1.461838417295553256e+02,1.574833130002093355e+02,1.709681447184507306e+02,1.771560372722968282e+02,1.561955848612544742e+02,1.843922112904070048e+02,2.311800191560109852e+02,1.585457556675295052e+02,1.953757953557762335e+02,1.667688458429581999e+02,1.615208071612972276e+02,2.107006326103036145e+02,2.108749755627916045e+02,1.403772367766926834e+02,1.653116682625596354e+02,2.240291854758382044e+02,2.187750196374703933e+02,2.035760275184912018e+02,1.583769326115030367e+02,1.725604092177940174e+02,1.691948126586676153e+02,1.867971539146884936e+02,1.738326065297873129e+02,1.947930027463852980e+02,1.619782808639677967e+02,1.832190144101382145e+02,1.875351993766261955e+02,1.947866357561892983e+02,1.884826457883463888e+02,2.050886705814413915e+02,1.910979440485412510e+02,1.960510559899506688e+02,2.026991586723155478e+02,1.742318802508584952e+02,1.961591870073762323e+02,2.416671907462523166e+02,2.382574684049072573e+02,2.351413419874614874e+02,2.225357236355821158e+02,2.230152823055812803e+02,2.169631285389648099e+02,2.321522150149361892e+02,1.991917129400160320e+02,1.952404159760704090e+02,1.954930150340196349e+02,2.155929384843004470e+02,1.977995485641583571e+02,2.388009554638672398e+02,2.078142459457647817e+02,2.102660886668496119e+02,1.966816219704885214e+02,2.175108270789937706e+02,2.279457622837959434e+02,2.094913336340383978e+02,1.889890106226602882e+02,1.608674995111424266e+02,1.594148843093086896e+02,1.814635338501085471e+02,2.322811197821784788e+02,3.099121483216327988e+02,3.769191911603392668e+02,3.408105937677981387e+02,3.466990101754363327e-14
1.765549404690147104e-25,-4.434411841447372077e-25,1.521277200816980477e-24,-6.691799256153396075e-24,2.227000832316637517e-23,-8.433986329425440720e-23,2.886713640404389029e-22,-1.158647123257536967e-21,5.484944832475227652e-21,-1.512652553923087815e-20,7.286178877599199034e-20,-2.062286531794437211e-19,1.012727213459293800e-18,-1.333227512048730996e-18,1.519947400926986470e-17,-3.706234113604898897e-17,1.370343335188103231e-16,-8.295051709981849741e-16,1.987496599001886120e-15,-8.791019990185837303e-15,1.964083783601317696e-07,-5.344243152181739021e+01,1.387355149393691818e+02,5.301855358444330477e+02,5.461906518799880814e+02,5.266470496180149894e+02,3.379996622660685830e+02,2.805805262596716716e+02,2.809054548550766981e+02,2.859216443415138542e+02,2.670378163332070471e+02,3.104541155477404004e+02,3.003246351978703501e+02,3.824592373864158503e+02,3.090843750083630539e+02,3.146756236440230623e+02,3.094260627946655973e+02,3.261496800644466703e+02,2.392968601925984160e+02,2.811761728179095599e+02,2.944336676191329047e+02,2.674870700732117825e+02,2.410078015637172086e+02,2.349866808857186129e+02,2.317509472230202050e+02,2.082741179010174903e+02,1.883557269385160282e+02,1.772635924796327345e+02,2.881302472461641742e+02,2.119557683363242404e+02,2.085831771731162974e+02,1.896039009807633136e+02,1.904235302126707552e+02,1.694116388379602824e+02,2.472281833940412525e+02,2.017642398632138452e+02,2.081413214313420212e+02,1.867876146060135625e+02,1.775502487416307247e+02,2.079370199779471591e+02,2.128024994741137448e+02,2.616403174573213164e+02,2.231328740132477151e+02,4.656758050588331344e+02,1.266814933198275384e+02,6.069208435633082672e+02,5.391879357594059456e+02,2.925152218201374694e+02,2.395985388342351712e+02,2.836878281869201146e+02,3.140183983185636407e+02,3.007959329337334111e+02,3.140814494753063855e+02,3.319975573011216738e+02,3.593525542328167717e+02,2.916539379212716199e+02,2.840338590744932503e+02,3.292901723606607902e+02,3.127134071775211623e+02,2.887350235926743380e+02,2.359303947319206713e+02,2.044886313673507061e+02,2.556760838635299535e+02,3.237081213337368126e+02,2.753011010320520882e+02,2.720159002152090579e+02,1.893859790714354006e+02,1.309478937144769759e+02,1.671105188855624988e+02,1.571485525138050434e+02,1.871278619332230164e+02,1.841659329721748293e+02,1.967832208623655390e+02,1.762143807846384220e+02,1.707234006492053311e+02,1.361311209081909226e+02,1.577159006677300681e+02,1.900953039236836446e+02,2.306261370686194709e+02,2.256476723927400485e+02,1.870512831581938258e+02,1.784852064411273886e+02,1.937466179230132752e+02,1.901313061769508295e+02,1.580956774146920623e+02,1.620854089696487392e+02,1.976374830961540283e+02,2.034701810250644769e+02,1.879965195325923162e+02,1.945892266028398296e+02,1.932068434789089793e+02,1.867249600670537859e+02,2.286771711440375725e+02,2.639976910862471300e+02,2.480453592874804087e+02,2.421967021897270342e+02,2.335144412501552438e+02,2.109920405262768384e+02,2.154523697701037577e+02,2.314147646226443840e+02,2.368351267796993511e+02,2.194704050448513897e+02,2.084736953348235318e+02,1.961572751916581012e+02,1.970940465266795343e+02,1.734301021946503170e+02,1.738545161346024770e+02,1.979101896721503522e+02,1.970669701506778893e+02,1.921783488451287383e+02,1.767809265407624366e+02,2.380649369683110308e+02,2.676352309219450945e+02,2.238110270121007659e+02,2.415283705496576090e+02,2.415050277990412155e+02,2.295960883429729904e+02,2.342601067677233004e+02,3.245236305478159125e+02,3.287235814301458277e+02,2.906661717407862398e+02,1.716194796391602893e+02,2.441434053755525326e+02,2.685741178629650108e+02,2.414204655328386764e+02,2.231159233451569435e+02,2.018307635322024964e+02,2.261419910717353616e+02,3.960556726189549295e+02,2.665062763401396069e+02,2.372800243760058834e+02,2.089995770321061457e+02,1.748858897067737814e+02,2.010597028843652936e+02,1.860253396396954884e+02,1.785123202941218210e+02,1.770314384636072305e+02,1.626133379120036864e+02,1.948381685912248429e+02,1.556786813155722200e+02,1.426939321276713315e+02,1.755064748191940396e+02,1.594433946790478842e+02,1.516009443886954386e+02,1.781478483860667552e+02,3.374020816344130935e+02,2.009689171469479732e+02,1.712064971559859714e+02,2.006806225358833728e+02,1.595647996289742423e+02,1.958707442164925396e+02,1.557238124749395070e+02,1.920294236337319091e+02,2.034672337248320844e+02,1.926694093129699468e+02,1.712397589046256314e+02,1.762738094878399409e+02,1.734039946445201679e+02,1.323267620496340555e+02,1.876747322963238105e+02,1.793195417171935162e+02,1.739318572602099096e+02,1.578369339874399770e+02,2.184065206228250418e+02,2.416024236832806480e+02,2.202476529929619460e+02,1.769916208966841396e+02,2.194172562690065433e+02,1.705394825607523615e+02,1.687382317632265369e+02,1.591200235714650262e+02,1.893355748652125783e+02,1.892609630465589703e+02,1.812679331345163973e+02,1.738523594294285033e+02,2.098048941305431754e+02,2.411676646696915896e+02,2.104905624602053820e+02,2.029597421859814119e+02,1.972974086006836103e+02,1.833975486365430925e+02,2.108943477171077348e+02,1.589530568352786588e+02,2.031261420768888115e+02,1.855228466645054937e+02,1.837328911062244572e+02,2.109450473541816962e+02,1.829060405112905414e+02,1.762819088246986894e+02,1.927263099386219380e+02,2.038276895693457789e+02,1.860756180988143740e+02,1.758424765864161543e+02,1.789910030478815202e+02,2.091460011757672532e+02,2.159085147362009991e+02,1.906827943072736957e+02,2.065629558152942593e+02,2.148047382882636498e+02,2.009821182505816068e+02,1.934825853153697039e+02,2.030498623311144684e+02,1.834942212057800077e+02,1.518567343627292416e+02,1.763689138458845207e+02,1.993467550829393531e+02,1.754706439711527537e+02,1.927831584016959710e+02,2.281234285299628368e+02,2.790964874474921658e+02,1.452249972100440498e-14
-6.151835312326014776e-26,2.957744043906380370e-25,-1.171157594610622173e-24,3.790482889336366646e-24,-1.652320679511154663e-23,5.825368293357488512e-23,-2.002193313266213879e-22,7.239086810138983800e-22,-3.105696976555274211e-21,1.152972078994010290e-20,-4.424237657345893650e-20,1.349532168476412671e-19,-5.860706672753078200e-19,2.637822244445859028e-18,-8.662905154104641330e-18,2.701799804906684328e-17,-1.328363952726064542e-16,3.519971778071455729e-16,-1.349853845640227019e-15,5.382219946082766941e-15,-7.030160245358196829e-07,1.863001428111041236e+01,-4.139562947366016488e+01,2.124639415592718024e+02,2.216937831610204057e+02,1.473262000965375478e+02,3.904987966060724034e+02,3.759311763996584546e+02,3.033678739440802019e+02,3.056640719766112397e+02,2.696979051208330134e+02,2.658608231814337159e+02,3.135393304369042085e+02,3.528245453514069823e+02,3.011031340183199063e+02,2.614742751085547638e+02,2.676992869378539126e+02,2.775137994931391177e+02,2.850802358463761266e+02,3.223010487365542645e+02,2.634980527238536183e+02,2.681068775873509367e+02,3.098107408709057609e+02,2.222039274398665896e+02,2.414352192979720826e+02,1.928524805265067243e+02,2.293878460637496630e+02,1.469371065932746774e+02,2.589964548763180119e+02,1.802799136165586731e+02,2.259774415289253966e+02,1.857903981325769109e+02,2.067559009793424991e+02,1.622475865518059663e+02,2.472970765045305654e+02,1.419175987280419520e+02,1.857658169651404592e+02,2.067194631070621540e+02,2.389021930957602251e+02,1.809328568538824413e+02,2.117629680316392751e+02,2.059158084798712309e+02,2.455028505161150747e+02,5.044325368764523319e+02,1.611506514856501724e+02,5.897257806155896560e+02,8.320827789118743567e+02,4.343407644061639985e+02,3.469245528688373952e+02,3.337408835673921317e+02,3.404364358389524909e+02,3.981531433992228131e+02,3.264646223519421824e+02,3.087461486754377802e+02,3.777744948374804039e+02,3.101201887419727541e+02,2.892589498890251321e+02,3.038613228064800751e+02,2.670077212820847876e+02,2.505437153727408770e+02,2.682241227878008090e+02,2.769166670517806779e+02,2.287904407679059204e+02,4.058092797921584065e+02,3.244969667647001188e+02,2.907818252846065548e+02,2.350300785776557007e+02,2.114477799961996993e+02,2.402125307899866584e+02,2.082718310101838597e+02,1.922097664597812070e+02,2.116608533190884884e+02,1.887567697027077429e+02,1.577307567299048401e+02,1.325967191044502442e+02,1.255300999921494167e+02,1.640975588091520478e+02,1.592579344813035789e+02,2.062446563696178998e+02,2.303178065908828671e+02,2.235336592312227992e+02,1.989429149927755418e+02,2.055125486967031065e+02,2.054580141384675187e+02,1.806985359391834436e+02,1.907890920482326464e+02,2.135063254459939515e+02,1.987028252097068730e+02,1.722474377201615994e+02,1.705346177931243972e+02,1.825871437447351582e+02,1.830947060161921627e+02,2.009919883617761514e+02,2.598212687932472136e+02,2.438541988789055210e+02,2.201207310389083034e+02,2.393823763858279960e+02,2.242601890457077332e+02,2.283339204449347619e+02,2.520217934673537457e+02,2.210946498711470838e+02,2.030945197231280872e+02,1.875278054956611129e+02,1.928865830944000663e+02,2.073443475363697530e+02,1.924929151839403403e+02,1.709113034393347732e+02,1.900053389173670837e+02,1.880618873935138708e+02,1.850116048676619016e+02,2.006337355546949652e+02,2.392143942635067901e+02,2.365281634997240303e+02,2.222821735548759250e+02,2.456526213537303818e+02,2.446196722144001683e+02,2.987396994391111207e+02,2.494954386059416720e+02,6.974476069322233798e+02,1.760887337419170535e+02,1.248197279765342955e+02,4.779946556661887485e+02,3.321851382248070195e+02,2.807960219043218899e+02,2.626603451178585260e+02,2.054788078127922688e+02,2.147525696290950918e+02,2.338240045021692879e+02,3.488784907346180262e+02,2.308584789435195432e+02,2.134680805417318368e+02,1.890575669556976379e+02,1.764565969339901415e+02,1.970487650889627105e+02,1.752638425708162799e+02,2.066034835029142016e+02,1.502389710437791166e+02,2.162932490547762256e+02,2.313062557206111194e+02,1.482696470535181561e+02,1.878357179874094811e+02,1.654976099225555686e+02,1.816103518586062648e+02,1.858947875187912757e+02,1.742201466534297651e+02,-3.745365213741962407e+02,1.405581049953086392e+02,1.688563290075356349e+02,2.451025290005763679e+02,1.645896050423708061e+02,2.127198349713297603e+02,1.583275933381466416e+02,2.075603954819321189e+02,1.669177275590113254e+02,1.576470421145181433e+02,2.083251398636292890e+02,1.511637332504367635e+02,1.625620564644023887e+02,1.350021033507800041e+02,1.681284078133130038e+02,1.688052236688129426e+02,2.081435304028734095e+02,1.684351122564754064e+02,1.812401885797354737e+02,1.634192337305295553e+02,2.334853717580544981e+02,2.568280145063279178e+02,2.694031129909364495e+02,1.801357872713700772e+02,1.564821359835560770e+02,1.601437640056083751e+02,2.134838520682130252e+02,1.603005006219899542e+02,1.750797433195920405e+02,2.025293751098112693e+02,1.824133164412164945e+02,2.209950234999337795e+02,2.197093900399468112e+02,1.896066264040532587e+02,2.119038939384956564e+02,2.053006543109076176e+02,2.088751900098313286e+02,2.045379342203183057e+02,2.014122411665796051e+02,1.835737041703701777e+02,1.723398021305815462e+02,1.902541742055207692e+02,1.883167725009888329e+02,1.910103964524414550e+02,1.892615320460182602e+02,2.275530297595469165e+02,2.286660793205714413e+02,2.048032879138132500e+02,1.966529459922667229e+02,2.028549635604131254e+02,2.159692799092931921e+02,1.925724161523895646e+02,2.072214106949853658e+02,2.060498036786071623e+02,2.145721000993672192e+02,2.237051015723349394e+02,2.062578267847480618e+02,1.954049555572730981e+02,1.693815312765545684e+02,1.801906184195110825e+02,2.012781659010045132e+02,1.883228772642400486e+02,1.910080183543544194e+02,2.068083380025198608e+02,2.431334085595979104e+02,1.531842509306938443e-14
1.010990777413878495e-26,-8.237010565394652476e-26,3.403668366950097600e-25,-8.332015030589678368e-25,3.897193214069702541e-24,-1.697720561071394852e-23,6.339770611790688543e-23,-1.952481258847266712e-22,9.954919403218714369e-22,-2.715158850628596053e-21,9.571184152006480752e-21,-3.642591648654285224e-20,1.852397132196005132e-19,-5.182055403306143864e-19,2.152094955662614034e-18,-8.901790664467071657e-18,2.456672747019267353e-17,-1.197270152106340166e-16,4.109563058139781386e-16,-1.367905506494948210e-15,2.136469051471693025e-06,-5.501140026105320047e+00,1.222345133106693815e+01,-4.783772459036134705e+01,-3.628738200847242013e+01,1.915084221766727808e+02,4.387250158846049430e+02,3.701687807132994976e+02,3.113709219823085732e+02,3.264932282383504685e+02,2.725453247412529549e+02,3.301879712180135584e+02,3.292487876817450569e+02,3.225488122155327915e+02,3.686024024064420246e+02,2.966560976104836413e+02,2.985874899579985708e+02,2.193717293915981088e+02,3.300099162534040147e+02,3.137324481961658762e+02,2.939996765779657153e+02,2.710547351631782362e+02,2.793583919056127911e+02,2.065439241960364143e+02,2.150465211700551151e+02,2.029375489078019257e+02,2.112979085856992754e+02,1.786195216223071043e+02,2.118917939230317131e+02,1.937989524557251855e+02,2.306659578449382195e+02,1.923164585922741310e+02,1.824255335218356606e+02,1.789429687725584017e+02,2.268755646593547510e+02,1.762330597708981088e+02,2.232683571942466756e+02,1.948860200425145592e+02,2.716279903046948903e+02,2.514010100659724856e+02,2.387113348121160357e+02,3.564747097527614983e+02,3.026463306225262500e+02,2.642390250190222218e+02,3.735075589675341803e+02,5.200779036856291668e+02,6.534404929010644310e+02,4.163843510580739462e+02,3.485263628962081270e+02,3.455435714909017406e+02,3.228697487024156203e+02,3.614183416048010145e+02,2.960129259336573568e+02,3.369585534900500079e+02,3.309419815252168178e+02,2.835893058343835946e+02,3.115309005624357610e+02,3.394899545313620592e+02,2.766443616977251736e+02,2.829207859975490464e+02,2.886288977769030453e+02,2.932546772713532732e+02,4.463757011415953571e+02,5.103791541281848936e+02,4.384932872194476658e+02,3.777828041842109315e+02,3.206158952701632643e+02,3.317845783581070123e+02,3.896221054286506842e+02,2.916385989505870953e+02,2.017030696609697316e+02,2.023587736962588792e+02,1.943596166727197669e+02,1.656144247685040227e+02,1.509074555930263273e+02,1.486071317473429474e+02,1.613199745702279131e+02,1.544922123348681282e+02,1.651460293304657512e+02,1.872613777684999548e+02,2.300960965467534436e+02,2.132547766937118183e+02,1.968449904451890973e+02,2.053753954841793359e+02,1.696826192708959695e+02,1.832319542055140289e+02,1.870275882496748636e+02,1.630496266312537159e+02,1.791363149469553093e+02,1.752564389848486144e+02,1.746254645937835903e+02,2.105183511304225021e+02,2.192741018460655198e+02,2.433468429095742920e+02,2.369912492874513248e+02,2.145918012390558829e+02,2.326809030968329637e+02,2.434517681603050221e+02,2.410739487752578611e+02,2.434772174663575584e+02,1.715419527945071820e+02,1.637332459534894440e+02,2.069521598100641029e+02,2.148044043383699204e+02,1.933684859926753177e+02,2.004059417205058082e+02,1.805378830471629215e+02,1.922420243326292564e+02,2.065386930140219874e+02,2.159575180638729250e+02,2.296521723536727393e+02,1.895916849287278581e+02,1.729566749906566088e+02,1.924479261097523590e+02,2.004908520100823353e+02,2.198226766845432678e+02,3.982088344040952848e+02,6.414640331086798142e+02,5.318859793109062366e+02,-1.206407662519156077e+01,-1.481220633997893721e+01,6.875659402231248123e+02,3.577371024089831053e+02,2.760653526268345104e+02,2.748268214660490116e+02,2.297938203159783654e+02,2.560244736988150862e+02,2.331099877045470805e+02,2.130599899880834869e+02,1.989246646672548593e+02,1.840261730230928094e+02,1.488801071967290284e+02,1.815863489394373289e+02,1.704163469878572528e+02,1.874875972292635709e+02,1.986876692341518549e+02,1.719894771135923861e+02,1.860232371294867448e+02,1.887502545621044590e+02,1.591033656802444511e+02,1.860593147489759929e+02,2.806831616128806672e+02,1.248803343702649755e+02,1.905864011240781508e+02,2.127405331446410628e+02,2.060999543027787695e+03,3.149616370737415991e+02,1.877783345680554703e+02,2.325158722832497915e+02,1.765512599839670429e+02,1.725702424140061453e+02,1.752064143132830338e+02,1.654298173900177176e+02,1.527095703238233853e+02,1.631635304300411065e+02,1.855780029012564398e+02,1.600658967896077911e+02,1.446026192015137894e+02,1.789937024533946612e+02,1.829272608699046714e+02,1.812380006884227157e+02,1.977035824876725201e+02,2.101163206279551332e+02,2.126345961077481093e+02,2.605094368008400920e+02,2.877194710926002585e+02,2.537014437057228236e+02,2.524493854191985065e+02,2.150806543754564188e+02,1.736476272252650688e+02,1.893325958666165434e+02,2.099798673722052058e+02,1.583606341465484206e+02,1.868284392484743535e+02,2.164884663105592324e+02,2.145800407964169096e+02,1.866871171309066710e+02,1.961307891207334819e+02,1.792853887375528927e+02,2.228327301357803947e+02,2.352615057378029633e+02,2.051563979579839270e+02,2.222145880942936174e+02,2.240111694174075581e+02,1.971518472032035447e+02,1.764926228551469762e+02,2.187764877979955713e+02,2.335998750745458779e+02,2.104388980620320808e+02,1.917045664582224731e+02,2.185457601590668162e+02,2.156107221637746534e+02,2.043501227225424373e+02,2.068864820254226515e+02,1.876547851323914529e+02,2.178859649137147301e+02,2.232837437230494686e+02,2.200521151028807481e+02,1.767529134652784535e+02,1.888959273272394626e+02,2.025180520031215963e+02,2.044869164643006343e+02,2.181338372117674282e+02,2.262988269395332850e+02,2.056223842428124442e+02,1.921252482428884321e+02,1.947649219449513680e+02,1.947632062361620058e+02,1.949808969776084666e+02,2.186800123836210048e+02,1.457767928939884617e-14
-1.118596507131225436e-26,3.161273063569060100e-26,-1.634801359985583912e-25,4.910161151807994867e-25,-1.963455702660190881e-24,7.014243771322627453e-24,-2.515001649643702504e-23,1.028754482343081004e-22,-3.666157640131629789e-22,1.109022774305149525e-21,-5.577011999585328293e-21,1.996239020826938803e-20,-7.258179166143383524e-20,2.847511016509882193e-19,-9.142213822327618053e-19,3.701206727288354972e-18,-1.503579407160847079e-17,4.650966121964160859e-17,-2.218112751150599151e-16,5.784129159309380411e-16,-5.342979969416997705e-06,1.352932679392283344e+00,-3.006185389477948888e+00,1.176513210190609726e+01,-2.487111588770663673e+01,4.101321718828875191e+02,3.761953964776695329e+02,2.598348071731740561e+02,2.666826250855766034e+02,3.105291446403938949e+02,3.274071912434264391e+02,3.503446957573882514e+02,3.199756033819376171e+02,3.344112724798208092e+02,3.756465530768898589e+02,3.284202719114520619e+02,3.693341247717293072e+02,2.455200805776455297e+02,3.618274091888995940e+02,2.862967000398808182e+02,3.160792480508908397e+02,2.795712922367895885e+02,2.050013388349753995e+02,1.944106919467951400e+02,2.346608040919960843e+02,2.036426915104741511e+02,1.860613735812110576e+02,2.030989880619484040e+02,2.010559835502801320e+02,2.204992383250804551e+02,2.179592383017142367e+02,2.041752718155709658e+02,1.657167928364429486e+02,2.238028282277454935e+02,2.008273203456040505e+02,2.547167587386000491e+02,2.686819659011104022e+02,1.952484128722003902e+02,1.929597528263166168e+02,3.079685728232690849e+02,2.712295370338991347e+02,5.090628359074525520e+02,3.293040366271621338e+02,2.609138424157920326e+02,2.335573233586326296e+02,4.373349404439066461e+02,3.149398763019622152e+02,2.680925455601272915e+02,2.758114510915398796e+02,3.281088532699750431e+02,3.630197700712976712e+02,2.805005154784871024e+02,3.779595607463051010e+02,3.558937979260516613e+02,3.352250874619912224e+02,2.802985592307401248e+02,3.148254518569581819e+02,3.133745194471479749e+02,3.410755807796081740e+02,3.177768039663442892e+02,3.554761834274716534e+02,4.203967828365196056e+02,4.589879990388580495e+02,3.410366682323882515e+02,2.930011017015893913e+02,2.729234753064495749e+02,1.980160135445075014e+02,3.732054570267350755e+02,3.827340300621641518e+02,3.051954885278809115e+02,2.396935143226534137e+02,1.755234686089114575e+02,1.921355538609731184e+02,1.722281560675169203e+02,1.938306755063403557e+02,1.700587923807710240e+02,1.619059407477386401e+02,1.693738077270170095e+02,1.593352747206084246e+02,1.569171401354583679e+02,1.947976526707544735e+02,1.935650578219871250e+02,1.730174494068759259e+02,1.812078456355557705e+02,1.437534429379511778e+02,1.468119292334426689e+02,1.789544003326356858e+02,1.673322495449056078e+02,1.847441140441639789e+02,1.877054261480154480e+02,1.834209086798075532e+02,2.123287838867880453e+02,2.102149546162088996e+02,2.076062159699634435e+02,2.103820916577070363e+02,2.237707352441082662e+02,2.353942519098113735e+02,2.229562782119217843e+02,1.990879761659997484e+02,1.916752052793280257e+02,1.758792558955209131e+02,1.897145553318321447e+02,2.493505141997923147e+02,2.300193987088894971e+02,1.686124293574451372e+02,1.672593143872253734e+02,1.999940067101819920e+02,2.375396483310471467e+02,2.459643433952496139e+02,2.169625933678490526e+02,1.857206823020224249e+02,1.654672172132661672e+02,1.804289623581999251e+02,1.766205021049189554e+02,2.027312587162222428e+02,2.141625715649479673e+02,3.149466947313665628e+02,1.274966999185783152e+03,-8.812881461653272197e+01,-6.841320876314756561e+01,-2.978103463853893373e+01,5.607474144708246513e+02,2.820008936414983509e+02,2.287951451265539049e+02,2.357971776241413124e+02,2.068209990630282391e+02,2.326239356882181255e+02,1.885384610042616487e+02,2.527798585091750851e+02,2.017667321778867517e+02,2.063376368349526615e+02,1.587392637040240970e+02,2.045475888792804824e+02,1.750773327809392015e+02,1.928937687764818634e+02,1.837642807773443110e+02,2.344915915156225878e+02,1.506640036697068581e+02,1.570669832969658444e+02,1.680636539494344959e+02,1.421729875386931781e+02,3.179705232250552172e+02,1.384992903464102483e+02,1.811420128284866280e+02,2.238123207157163677e+02,4.022243655587388275e+03,4.475900131612833093e+02,2.020461375604335785e+02,2.119879703872352934e+02,1.982752557575909691e+02,1.344654584616243085e+02,1.549482077878417385e+02,1.609364281159151631e+02,1.748880727284242198e+02,1.593912235861525915e+02,1.495293701999498239e+02,1.672351920679626573e+02,1.359752913600375450e+02,1.927064309340506156e+02,1.806045604597915144e+02,1.886926710131789093e+02,1.871934901565815608e+02,2.033694059823968416e+02,2.329232074529519423e+02,3.613630151121568588e+02,2.910849911658256133e+02,2.129046227505493505e+02,1.847022030816326321e+02,2.199579187175264394e+02,1.951584074503309978e+02,1.885078496258498149e+02,1.731243069880168832e+02,2.077261651084953655e+02,2.241686059483782287e+02,2.165668651872136650e+02,2.598372279299596244e+02,1.975769217498974228e+02,2.005242002462069593e+02,1.856943753355125466e+02,1.915613286312603236e+02,2.106736710535002999e+02,2.073121971063202125e+02,2.124112142411579214e+02,2.265022076044966752e+02,1.665424228757949834e+02,1.481505395529487998e+02,2.157174114858092651e+02,2.082795615909103901e+02,1.896620196187649583e+02,1.823605325825369903e+02,2.020646994629014443e+02,1.779981659327178249e+02,1.792424689555044210e+02,1.972949546588706369e+02,1.985345549272063863e+02,1.829034339044862634e+02,2.121436298841087478e+02,2.025461666882551128e+02,1.825318627757452816e+02,1.755470625111241247e+02,1.512329359832888542e+02,1.817979022646828184e+02,1.978086205158294035e+02,2.434069211618848385e+02,2.266234347473976811e+02,2.034945848125936152e+02,2.237098653276115954e+02,2.111722002545990904e+02,1.769801561502164304e+02,1.907323510855181041e+02,1.008817512517093892e-14
3.462081508210121626e-27,-1.539500961467805080e-26,5.568905422332659626e-26,-3.042585699887356161e-25,7.223346656452602268e-25,-2.584322786123293028e-24,1.085572739767745441e-23,-4.580732503487331009e-23,1.541755992656491889e-22,-5.575697093473769975e-22,2.222074766845326068e-21,-7.219412205068934594e-21,3.258521827451679044e-20,-1.188350109587484227e-19,3.784994355773577468e-19,-1.787762502403050627e-18,5.690677742154290424e-18,-2.400605586796362368e-17,8.774416600994380737e-17,-2.921644200232357909e-16,9.289060971704151738e-06,-2.384039413379587247e-01,5.297091956084513109e-01,-2.073297603929637134e+00,6.446967778260514592e+01,1.942158200303339655e+01,3.975430795309768541e+02,3.092360221863515903e+02,2.800420435301295470e+02,2.431876464096917800e+02,3.746173219896130036e+02,3.045106811158881897e+02,3.140815689143288409e+02,3.131484561130073985e+02,3.119938570818483754e+02,2.890095285586047567e+02,3.479963778441522209e+02,2.973801685319182297e+02,3.222269226975079732e+02,3.248841883662026930e+02,3.620725102606014048e+02,3.397042654550902512e+02,3.171705029788287220e+02,2.657976716010906557e+02,2.515276049565226799e+02,2.198660239312564784e+02,2.225986604013336603e+02,2.297654903644762214e+02,2.135701250599196328e+02,1.731152303289125030e+02,2.163153003637685856e+02,2.237131347387502274e+02,1.844110172419671017e+02,2.295833571109599234e+02,1.721008288932840742e+02,2.255397850058400877e+02,2.096805763049588336e+02,2.246546279601417950e+02,1.898194902218644415e+02,1.263747159534834879e+02,2.322454600736099621e+02,4.088719307917212973e+02,3.635256532210852924e+02,3.389468097331174476e+02,3.478428608306391538e+02,2.681905828904144755e+02,3.199730776617080892e+02,2.690463701786332535e+02,2.506784052421920421e+02,2.992769640075533744e+02,3.186980756270943402e+02,3.215746174336904915e+02,3.620880960812895069e+02,2.834381618129299341e+02,3.377748513904589913e+02,3.948173099001554078e+02,3.473651306454658538e+02,2.655060427160277072e+02,3.055779417015576769e+02,3.096135632890878924e+02,3.923225556309126318e+02,5.004778157432189118e+02,-4.093298051060806841e+01,-2.823826832792421015e+01,-3.214306883385691549e+01,-3.254456218990145544e+01,1.443014149480404740e+01,3.530145153932899689e+02,2.736288406302337535e+02,2.687586097044047051e+02,2.982398014943747739e+02,2.414267284249204408e+02,1.957716352844936694e+02,1.947284160682497145e+02,1.857710138708140164e+02,1.658025632179877675e+02,1.655821572252865508e+02,1.651848189630333366e+02,1.741857603865115891e+02,1.750305799650443248e+02,1.851007650228433192e+02,1.653819997419579124e+02,1.650522505722732376e+02,1.625218679698911615e+02,1.612290494597452835e+02,1.858545064906494986e+02,1.973720897654674502e+02,1.874722329779841345e+02,1.718075034882298837e+02,1.569931425709323776e+02,1.698531069735012125e+02,1.956607409181354456e+02,2.066967094463185788e+02,2.022919835093819074e+02,1.851451068643428073e+02,2.469511088302345456e+02,2.541179583695816291e+02,2.030128671434367220e+02,1.814784618288835816e+02,1.914009984782609877e+02,2.256587399550555233e+02,2.388600948559517576e+02,2.464715116393602727e+02,2.298627581110087021e+02,1.871840898406912288e+02,1.739822294011170243e+02,2.210272981289418794e+02,2.479537518186394038e+02,2.021111320187458773e+02,1.597442754461285119e+02,1.661270173417797196e+02,1.907789943750894963e+02,2.081930165350676418e+02,2.279797638360073506e+02,2.614576247539377505e+02,2.805496078802871693e+02,4.129495246254279550e+02,1.081627445021067615e+03,1.713851102569712381e+01,1.383744756967713272e+02,6.443235376143499593e+01,5.672581403779304310e+02,3.250559750475943019e+02,2.527312816317921715e+02,2.084078852696334820e+02,2.116232823062656223e+02,1.689352009938368440e+02,1.568058395623716024e+02,2.029998075749629720e+02,1.595059413227200764e+02,2.110049562172583251e+02,2.002387334280577988e+02,2.469211454390132587e+02,2.046037496516647423e+02,1.880231650142630144e+02,1.655675825207967478e+02,2.105405650566054305e+02,2.217246033660426860e+02,1.790247905693562132e+02,2.005720044886486448e+02,1.374327948487850790e+02,1.736971201735311467e+02,2.635946929373270677e+02,2.136897851946895344e+02,1.890491166977584783e+02,2.388816236379718418e+02,1.543529496844518860e+02,1.735027613983528454e+02,1.965110463012215689e+02,1.708026081886517886e+02,1.540454062720114621e+02,1.751644420285356034e+02,1.959142075856247800e+02,1.683894195501152069e+02,1.822952306110119878e+02,1.605380765293039644e+02,1.279819888935354726e+02,1.517840369592796890e+02,1.837461106166442448e+02,1.877402936638125368e+02,1.860655269793077480e+02,1.905270066551516663e+02,1.707165196190250356e+02,1.863155801566604453e+02,1.667465935716348611e+02,2.167251967223580777e+02,2.512860807023337770e+02,1.746949226102281614e+02,1.963478690020781130e+02,1.986413198213821545e+02,1.492704246356848330e+02,1.865686099093219070e+02,2.171263964126681572e+02,2.325218051571214630e+02,1.842044053373005852e+02,1.846532619982951360e+02,1.964583132037711835e+02,2.496345566814602819e+02,1.803607285844277897e+02,1.932521693078965939e+02,1.907706106842004488e+02,1.894642205580259997e+02,2.825680816464323470e+02,2.127073893346612863e+02,1.711709558249679617e+02,1.641400962080507497e+02,1.659775848190331544e+02,1.549771946502079629e+02,1.851011971040130391e+02,2.089391689466326625e+02,2.124957772194930214e+02,2.089373753192774927e+02,1.960428469219114334e+02,2.176269177379374753e+02,1.963505950270073015e+02,1.634574809628911396e+02,1.862961094736560312e+02,2.025177467831946103e+02,2.179423762404928766e+02,2.164393809138127267e+02,1.815522984225317771e+02,1.892321451653218105e+02,1.774758298353799546e+02,1.870776383567611276e+02,1.810518498758129340e+02,1.676467968317251689e+02,1.956376431484144405e+02,1.789386508005122778e+02,1.883289786214104140e+02,1.999597097286435314e+02,2.105643620698286907e-14
2.072238094257286124e-26,-8.816255435724102068e-26,2.774017707175148683e-25,-1.042447161253422659e-24,4.215504301074702755e-24,-1.313123305224804658e-23,5.503027038491084004e-23,-2.038879211903214613e-22,7.646573174391401787e-22,-2.858050071016451270e-21,1.064107318702496689e-20,-4.028857782832075228e-20,1.623716993878182319e-19,-5.532940452041684012e-19,1.803470860830599674e-18,-8.185248703175970615e-18,2.711571129386187966e-17,-1.086259532004099414e-16,4.008828884728648717e-16,-1.470659902516779601e-15,5.237917880454905427e-15,-2.195807124125194004e-14,7.420211635746398842e-14,4.839144753702189617e-14,6.886339056376572216e+02,6.023141913130610874e+02,3.916511775523712799e+02,3.179411717387890235e+02,2.937720944170886810e+02,3.590692805467876951e+02,2.644127075188584968e+02,3.172408971752453795e+02,2.867703177337336342e+02,2.769261282105321698e+02,3.678437887296848885e+02,3.104066926251142036e+02,3.359857784724747489e+02,3.186258838096047725e+02,2.543846390045756891e+02,2.758542911642111335e+02,3.268446982983363682e+02,2.861120921889439046e+02,2.860607954695916533e+02,2.881586632860492614e+02,2.163188541557610733e+02,2.071658196923554556e+02,2.113090128077111274e+02,1.857641457825146460e+02,1.599203025439221335e+02,1.753654665608189021e+02,2.212707621636623685e+02,1.623833708834445133e+02,2.091155260165294578e+02,1.933110176578805124e+02,1.837399845873163144e+02,1.658006350579507568e+02,2.316851766136434776e+02,1.874473179108727834e+02,2.724855345352825111e+02,1.749883783951217424e+02,3.146096773324973697e+02,3.678339135653873768e+02,6.227095045080958471e+02,3.246232635267580804e+02,3.460642024172537958e+02,3.032186860599944112e+02,3.264962344058674830e+02,2.611174439339897617e+02,2.415697284673046852e+02,2.956779321179419640e+02,3.045100343206426601e+02,2.919555618766057137e+02,2.800441918327810527e+02,3.460338663967702360e+02,3.626657812608865470e+02,4.288396538725876326e+02,3.902620306692232361e+02,2.842928619835804511e+02,3.345679680155434426e+02,3.806380044613548534e+02,1.645167409911486672e-14,-6.836360687221622024e-14,-1.179461828150985400e-14,-9.106090109624564138e-15,1.110619205395823521e-13,6.372636932036235921e-14,3.252406179952783987e+02,3.170253611473823980e+02,2.826835874675537070e+02,2.282340930489388029e+02,2.505765568634184319e+02,2.339012690401356735e+02,2.076060921162439854e+02,1.609501651582590966e+02,1.800824746934625011e+02,1.959427798059922452e+02,1.926322920689637783e+02,1.931390180233465799e+02,1.965793383964511065e+02,1.946605630753827256e+02,1.857667389573213654e+02,1.959970725432139602e+02,1.946212951036702634e+02,1.713399929215000270e+02,1.724943785939791780e+02,2.043086841142186643e+02,1.711497368778165651e+02,1.590981255900408939e+02,1.681698453725565230e+02,1.727034332358679762e+02,1.743557444372189309e+02,1.922814683364635471e+02,2.168533427041018342e+02,1.951256149548980829e+02,1.881524953295116518e+02,1.984836313268688741e+02,1.858693649603877986e+02,1.695188274433334925e+02,1.634842367477134530e+02,1.543398802367552491e+02,1.656107678656895246e+02,1.875691831367549014e+02,2.007105665024610062e+02,2.133577534451006272e+02,1.821871230087754157e+02,1.934319273796742493e+02,2.117289249150118451e+02,2.000394578989480863e+02,1.806831260498548204e+02,1.751139068129590157e+02,1.604918653837425211e+02,1.958863626327881491e+02,2.117489986416123600e+02,2.299478118158256166e+02,2.528210648501730589e+02,4.246916728398959435e+02,1.025845061958331826e+03,1.428124788760719850e-13,3.483856335481775778e-14,1.187731728419767933e+03,5.721019793370145408e+02,2.734287833492332425e+02,2.423603351483627648e+02,1.994117386402547822e+02,2.236813467013126342e+02,2.344326291034159055e+02,2.006764177906099746e+02,1.792444859003800559e+02,2.162866152993661615e+02,1.898430947687139394e+02,1.997361109497689426e+02,1.723146196839230981e+02,2.209267878621291743e+02,2.391870649304228778e+02,1.786593412927680617e+02,1.549041744461322310e+02,1.878909541598748945e+02,2.217434679438528633e+02,1.604207801845800532e+02,1.741848659760793794e+02,1.720157274749668943e+02,3.010682957227590464e+02,1.865381791348773959e+02,1.667583965357270870e+02,1.840546152853086426e+02,1.954887613222775826e+02,2.443420974897183271e+02,1.990247309767380841e+02,1.795807742237813898e+02,1.531059590042346201e+02,1.484411523834057789e+02,2.258888417415050185e+02,1.642339014405880278e+02,1.533357290845974603e+02,1.807202904253526867e+02,1.420245988249888569e+02,1.609670335202528975e+02,1.865267063040833477e+02,1.404081272317992557e+02,2.253092637006921279e+02,1.772226457082663558e+02,1.893442634522491232e+02,2.108822000004322774e+02,2.272539630828364920e+02,1.822160435371086464e+02,2.239873789693799324e+02,1.784182146721083200e+02,2.086524695066522384e+02,2.369065521977226751e+02,2.214598236877624231e+02,2.031764573196843173e+02,2.024119943290527317e+02,2.442180038452360975e+02,2.399365296613322300e+02,1.431726480025790522e+02,1.715141133828937257e+02,2.239194604453127511e+02,1.980802829046930071e+02,2.149234197440862886e+02,2.242117911410046531e+02,2.337004342542692541e+02,2.196929362852760903e+02,2.223294532657053253e+02,1.869284663387338128e+02,1.638243287090644458e+02,1.597667111771226018e+02,1.805935997640116568e+02,1.583337099104133756e+02,1.744366274484868313e+02,1.704920092902439421e+02,1.974707387058299162e+02,2.016116962848789456e+02,1.898009615262687646e+02,1.721942607283047835e+02,1.689378831507529526e+02,1.740037831412017795e+02,1.866039736193922636e+02,1.995357083495083828e+02,1.953244202938113006e+02,1.834852892611443451e+02,2.019361933708790957e+02,2.397370175351605894e+02,2.234711377690885286e+02,2.064559460825989561e+02,1.768152355642699263e+02,1.485197490101624282e+02,1.650484518094458224e+02,1.790726827768122860e+02,1.985298551492129207e+02,2.396018138692506341e+02,2.481949785525051214e-14
2.046036433188969138e-26,-8.104434874043332267e-26,2.836231656520539809e-25,-9.201623753216404577e-25,4.346991570363375846e-24,-1.477466858981238367e-23,5.276127943993043819e-23,-2.038184722594557290e-22,7.132953631509874251e-22,-2.695685094647463380e-21,1.205467848556613158e-20,-3.571597550518837207e-20,1.622553217020032372e-19,-5.332606977872931828e-19,2.062267027750634171e-18,-6.878938861327994094e-18,2.809623121299476042e-17,-1.190043030380955824e-16,3.739783927758761545e-16,-1.531200445696836959e-15,-8.627988112944877418e-05,2.556963202652975942e-02,-5.662006495957354335e-02,2.237140164559499600e-01,6.699031721028417223e+02,5.533250363603383448e+02,4.492422106565841773e+02,3.357161625774822369e+02,3.576348420422192476e+02,3.492330785574484366e+02,2.346899332244863956e+02,3.118880772632448952e+02,3.294828668933512290e+02,3.003135750173063911e+02,2.942278574234456414e+02,2.926789243097437634e+02,3.587456155477080415e+02,2.826905931223242874e+02,2.599743652211565745e+02,3.141365491459295072e+02,3.324914582909732417e+02,2.911519853392939012e+02,2.338515907671199443e+02,2.616090166561768342e+02,2.502334881893288525e+02,2.546939745209612056e+02,1.430415185843942822e+02,1.880570915427098839e+02,2.262408635611974432e+02,1.772273452450236277e+02,2.621486887904466698e+02,2.061721359084682490e+02,2.051894013991134216e+02,2.475405320584710864e+02,1.706779413076374681e+02,1.795447459935335530e+02,1.999677396300537850e+02,2.045887027449688276e+02,2.562772157542394780e+02,2.765041751381181712e+02,3.275625600479560831e+02,3.052224946542444854e+02,3.426168001412127069e+02,2.740300050098642828e+02,3.248996196582694438e+02,3.222625616478814550e+02,2.920534712878834398e+02,2.937048732995061187e+02,2.937232952723619519e+02,3.217965924521629404e+02,3.875035585384127899e+02,2.924497528896799849e+02,3.537646548818207179e+02,3.678969714955957784e+02,3.194912941511618101e+02,3.492793150215171067e+02,3.328761139907630309e+02,3.207448675538221323e+02,3.372990627957422589e+02,4.951695750719721332e+02,-1.202774148377151242e+01,-1.551542159397560106e+01,4.406924843655467328e+00,3.040187269137622383e+00,3.287244296049304353e+02,3.574127574198117259e+02,3.379909823625585545e+02,3.107113968755139695e+02,2.821359015529175167e+02,2.814417463388552960e+02,2.423820313083159590e+02,2.160643256704649104e+02,1.929101266372769885e+02,2.028929747576445095e+02,1.907003112234960440e+02,2.002752838496787149e+02,1.755909913258007009e+02,1.813066060845017944e+02,1.713770651546293777e+02,2.103418411505203380e+02,1.839390695893987697e+02,1.777561718190017075e+02,1.727171311963960818e+02,2.086134711761750680e+02,1.791134432570083277e+02,1.244937216566042224e+02,1.181712145803549703e+02,1.746587390539706632e+02,1.472695644549089309e+02,1.386641165942860709e+02,1.486928007194969155e+02,1.831097326624338564e+02,1.949348688238305272e+02,1.793348725829112311e+02,1.900763003048739677e+02,1.858317055118280337e+02,1.557928063158682619e+02,1.478559925979576803e+02,1.587689777376526479e+02,1.458888054576342768e+02,1.465816637192680787e+02,1.539930354529254259e+02,1.552789045807350021e+02,2.042455911006539395e+02,2.043264940823992220e+02,2.159394262558377591e+02,2.207434882922239865e+02,2.068436770043819593e+02,1.703888515155607024e+02,1.597456007396107793e+02,1.859936419120240600e+02,1.712302574833144035e+02,1.846347279136432178e+02,2.004064879692682268e+02,2.226664631256114717e+02,3.119121620682387857e+02,5.877137306080801409e+02,-4.612844743636146916e+01,-1.827760991253229150e+01,4.519215369706206502e+02,2.871766715969135362e+02,2.183933107223550394e+02,2.201577220684645511e+02,1.756052852660112364e+02,1.983190409943418047e+02,2.054995634035185219e+02,1.878231073240904436e+02,1.680125236263195916e+02,1.913613492650183616e+02,1.787415635763287014e+02,1.708579080651400091e+02,1.938387798061945375e+02,1.911511354874668029e+02,2.133752133023485555e+02,1.868584416697287338e+02,2.239689290837844169e+02,1.939138668226909772e+02,1.920210830526877146e+02,2.041660110575698468e+02,2.025566371205993619e+02,1.636764898395562398e+02,2.177058996046491472e+02,1.828672273921168596e+02,1.824278968189376258e+02,2.020962784486978308e+02,2.446328304562126164e+02,2.007840342628319945e+02,2.033941426635851712e+02,1.661694711970230571e+02,1.983021337562356905e+02,1.343821278334643239e+02,1.732078001158842540e+02,2.077481897848270194e+02,1.881336079827810863e+02,1.831867200359753269e+02,1.657147484347252657e+02,1.739196262691354491e+02,1.582996832912525065e+02,2.183676431751136704e+02,1.645442329774478196e+02,1.984008466724010020e+02,2.318671800663763634e+02,1.674626929392133547e+02,2.347586778936349390e+02,2.207680887862214547e+02,1.967157906516472679e+02,2.003726696858616947e+02,2.145936658091746381e+02,2.268450149947365446e+02,2.132791633419460027e+02,2.318052240140115146e+02,2.281605692252047675e+02,1.767212861118663056e+02,2.138195223339635618e+02,1.681074378555309465e+02,1.837398472010523562e+02,2.041035060678380830e+02,2.170419257437199576e+02,2.170758572473012862e+02,2.095042292581530035e+02,2.096913634913492217e+02,1.936774165815710091e+02,1.998728954084788541e+02,1.865256114009737303e+02,1.933700835350306306e+02,2.395136589030179550e+02,2.062591784365144463e+02,2.132624105536598904e+02,1.855595998192308400e+02,2.000477035671218005e+02,2.136479256992962803e+02,1.516548406741343626e+02,1.731594484456906002e+02,2.196597785163563969e+02,1.916608426960324039e+02,1.711892083244513003e+02,2.185599309636461953e+02,2.170432804483019993e+02,1.952761922913426815e+02,1.855123282784701075e+02,1.888207405433313681e+02,2.160398200242983364e+02,1.974399572440944155e+02,1.966416738009702669e+02,2.071520841029622773e+02,1.874456627399582942e+02,1.842182662921625536e+02,1.826094897021531835e+02,1.775921501447381559e+02,2.044757811780457359e+02,1.942816292334494537e-14
-4.944620350929683135e-27,-1.692070032954973027e-27,1.539750249019406642e-27,1.401134688077432735e-26,1.635483511794372971e-25,1.484745445842019839e-25,-8.091453178008095542e-25,3.281977182686151819e-24,8.153956747743635947e-24,-1.170277125648463318e-23,3.463683161479211742e-22,8.331473809562776672e-22,7.689812498955780803e-21,3.444970272945433226e-20,-2.097478017039095096e-20,9.137754884119733236e-20,1.337672018052641944e-18,5.189891932884212300e-18,3.842297227126202438e-18,5.087929486055781354e-17,4.896152387982732499e-04,-1.420487382346952848e-02,3.045475769689501983e-02,-1.312513366955315453e-01,1.232706579266294540e+02,5.800372197690840039e+02,4.570926498223670364e+02,3.953107951842218881e+02,3.167463911576593887e+02,3.099448625796514420e+02,3.647491399360594073e+02,3.227755324744638301e+02,3.120045391721258738e+02,2.604804492325281444e+02,3.277302676670258279e+02,2.847609555233200922e+02,2.855288584839155419e+02,2.902380951708399834e+02,3.213522087026505574e+02,4.129652238937879360e+02,3.514721975369604365e+02,4.128572059720174821e+02,3.154222610537340188e+02,2.686165800956819680e+02,2.668171100386043690e+02,2.587521432635876977e+02,2.699852141035854629e+02,2.568996564022144184e+02,2.862541841901189628e+02,1.541498866881582899e+02,1.760396307025909550e+02,2.024816638967876088e+02,2.452927384969647733e+02,2.808963602390269898e+02,2.054893235482936120e+02,1.945916919080329706e+02,2.221059815740933630e+02,2.591596185836793893e+02,2.198965719952334439e+02,2.700321558762051382e+02,3.123159040051365309e+02,3.048262035057778121e+02,2.874842210813600332e+02,3.422926751819591118e+02,2.520362345647787379e+02,3.022841012665321045e+02,2.439095036163647308e+02,2.894156379809741111e+02,3.212489849621211420e+02,2.358689967211446969e+02,3.024729080030351156e+02,2.511582575772754353e+02,2.867009197452576359e+02,2.967512468246782191e+02,2.665390626851473144e+02,3.365732381825266657e+02,2.791719669737764775e+02,2.915796540421677605e+02,3.621158489391885951e+02,5.124579057807550271e+02,6.918243081755569790e+00,8.924323676882460532e+00,-2.534821466902199560e+00,-1.748686947622059451e+00,4.795759970924331128e+02,4.296575979729794881e+02,3.412616555782894352e+02,3.448608096067620181e+02,2.814031634747891530e+02,3.239615276744623316e+02,2.336852898220248278e+02,2.258775337307791915e+02,2.112234966223736592e+02,1.766280120237045708e+02,1.481061797645441231e+02,1.660156024173381866e+02,1.749485586476790502e+02,1.626710095239569398e+02,1.507044635370918400e+02,1.797078486078711421e+02,2.036568749602837158e+02,1.946311506713468589e+02,1.696234235012657621e+02,1.836913117956527515e+02,1.627361460807993581e+02,1.538449077346143952e+02,1.362905590315916413e+02,1.601041561043150807e+02,1.600398229271546882e+02,1.435898843523378616e+02,1.492847098194452542e+02,2.304263333508833682e+02,2.514862185132656123e+02,1.727762212855554083e+02,1.849660452154712686e+02,2.188091935230908973e+02,1.957913025573253378e+02,1.868888049317622233e+02,1.871146919585269472e+02,1.524142030718406602e+02,1.601683948908397497e+02,1.754463669619373150e+02,1.867539345205386780e+02,1.931549483069973405e+02,1.871420738555710273e+02,1.873563151285591175e+02,1.777090861589227018e+02,1.948311618522001822e+02,1.891894608664290729e+02,1.665507678494794845e+02,1.862815434469414697e+02,1.655179505698545768e+02,1.430398091900810016e+02,1.697360011534089494e+02,2.133148282107928253e+02,2.601385640345618526e+02,2.640676281152037745e+02,2.030066319898184020e+02,1.990329110615733157e+02,1.938386619182905974e+02,2.023337415541764983e+02,2.028875450272128091e+02,2.352304293846091525e+02,1.995413982794249250e+02,1.773463258937352975e+02,2.143319608689166955e+02,1.884030663048606016e+02,2.053810349015612928e+02,1.768717253104190661e+02,1.840224456274594331e+02,1.520818913093362710e+02,2.064710493938666787e+02,1.847638155817194843e+02,1.735654039606430672e+02,1.921952989794558277e+02,2.259617434124912450e+02,1.753724444736394901e+02,1.818801818348166819e+02,2.241188973132920808e+02,1.943119477311013839e+02,1.534456089751787999e+02,1.802176398047457440e+02,1.882202223544415176e+02,1.989516760186854185e+02,1.879452974818067048e+02,1.738416872957453734e+02,1.848351306864482524e+02,1.784783024953811434e+02,1.537652582847162250e+02,2.143381615327574821e+02,1.647586164648346312e+02,1.541259277481691470e+02,1.638533004447557175e+02,1.840834125697724062e+02,1.638294922329106100e+02,1.928096368887090364e+02,1.783396497430796614e+02,1.504045380909724940e+02,1.810962811667968992e+02,1.793218644901306789e+02,1.889353101652220630e+02,2.195337701693191548e+02,1.857321588534999535e+02,2.449729763566932093e+02,2.167579294156054175e+02,1.969141166008608366e+02,2.073815778686831663e+02,2.323378128201098605e+02,2.654600204349233081e+02,2.435499749548777686e+02,1.825726023891415650e+02,2.223268735575412904e+02,1.933745561244311659e+02,1.630185783617922652e+02,2.373138433589067517e+02,2.193390432705977560e+02,2.259981921823519144e+02,1.618269049249174998e+02,1.892357238904629355e+02,1.983912754510128025e+02,2.465270115498346115e+02,2.119192631151395574e+02,1.899721663063346568e+02,1.848981431622399043e+02,1.934225390233619635e+02,2.291352210976960464e+02,1.900575065504834811e+02,2.136123866415282464e+02,1.984492862906925836e+02,2.012840268240162231e+02,2.040067885036621362e+02,1.987089954147317883e+02,1.921155231902345406e+02,1.744292541834202268e+02,1.885485363179743672e+02,1.879013297506269566e+02,1.872541019639762681e+02,1.996918627717955701e+02,1.528454160913755118e+02,1.802659894200546944e+02,2.144149451922007472e+02,2.263555358656307419e+02,2.407605073257352046e+02,2.011986006395876529e+02,2.103409245252285018e+02,2.194084793518078982e+02,2.003662719763287612e+02,1.777343545356481229e+02,1.869025840810415389e+02,1.918766327174839148e+02,1.411546326135296608e-14
-7.336159317534216154e-27,2.686813540569478263e-26,-9.596488583843621255e-26,3.439152495831065644e-25,-1.324225732871905823e-24,4.884729125497552420e-24,-1.962348274987268059e-23,6.715331568695821468e-23,-2.501530027343628322e-22,9.549653911768719981e-22,-3.753342657959897069e-21,1.154543053972661801e-20,-4.930721347493755238e-20,2.008506070717959220e-19,-6.934264799651568497e-19,2.510174874692013059e-18,-9.407412358057951385e-18,3.862280282738358061e-17,-1.344044075524941524e-16,5.276038452714434207e-16,-1.990809353886694322e-03,3.629816591425789104e-03,-3.559086408079497645e-03,6.298052591213372520e-02,-4.969705551944030475e+01,6.069023065300219741e+02,4.531834359946402628e+02,3.866715427981124549e+02,3.248326983544614563e+02,2.899654341100999204e+02,3.420666596984554531e+02,2.980273480134835040e+02,3.135945791546840269e+02,3.223701531013153385e+02,3.261123752310621740e+02,3.195341577138510161e+02,3.091868760041672317e+02,3.660676681972539086e+02,3.218977108508508422e+02,4.401564901166976824e+02,3.104976233243008892e+02,3.430929658292823206e+02,2.901231881537396475e+02,3.337159995232528331e+02,2.712684769949234465e+02,3.104271218943184749e+02,2.763792394915445811e+02,2.820998418770811895e+02,2.837643983435627320e+02,3.165003211576240574e+02,2.470121819162609427e+02,2.783416506631207881e+02,3.304604997464281837e+02,2.299760057791625911e+02,2.872002849199319030e+02,3.387620010193651865e+02,4.025389457571563412e+02,3.912894466056660576e+02,2.797153898395280294e+02,2.878272032625103520e+02,3.355508991085751518e+02,3.896331282397936207e+02,3.208140724237811696e+02,4.194125720124023928e+02,2.453370788376350902e+02,2.434541051788669677e+02,2.515421125968012461e+02,2.450265397514865811e+02,3.057654029676785967e+02,2.433845374064242435e+02,2.051193595931972595e+02,2.454692447663070993e+02,2.410499395483540752e+02,2.554570075892773389e+02,2.277788658009340566e+02,2.825354406138382615e+02,2.217416728464526159e+02,2.801294083308453651e+02,4.417119922293714467e+02,1.616505775966195131e+02,-2.766361151708931487e+00,-3.568521954672573493e+00,1.013585609762560180e+00,6.992381709418153957e-01,2.763766969472222002e+01,3.776162794607446358e+02,3.935269354680851848e+02,3.589293185706061422e+02,2.980256582244297761e+02,2.942101939525671241e+02,2.422235397745363912e+02,2.607570952691237380e+02,2.147911832539989234e+02,1.712327237021701762e+02,1.412439952703717836e+02,1.519792340774789352e+02,1.774849232464663658e+02,1.880486968602252489e+02,1.962082979547787431e+02,1.945339452279538932e+02,1.970145373152774653e+02,2.031218045906594227e+02,1.873597992551203504e+02,1.672588788006066522e+02,1.564371279051786985e+02,2.135049614533574811e+02,1.761956068703750589e+02,1.679367540080169761e+02,1.861155549429966527e+02,1.833320547558262206e+02,1.778024563411675558e+02,2.127637731724990431e+02,2.184986590954452765e+02,1.716966221357721736e+02,1.842090929876785594e+02,1.992805168065697501e+02,1.938268619229609158e+02,2.214873468417349898e+02,2.153637669549555937e+02,2.050553513585292649e+02,1.961515909816328076e+02,1.824264727750619954e+02,1.763635045581561371e+02,1.658919800549680303e+02,1.661489406538464380e+02,1.873844963235091541e+02,1.779312359813033311e+02,1.649754927972636835e+02,1.751168569714298258e+02,1.803623072789002038e+02,1.869930522236350328e+02,1.778635746646936582e+02,1.627105027726841229e+02,1.953367643947276804e+02,2.029249016696093975e+02,2.435297316284686815e+02,2.711944033752327528e+02,2.755400631481620053e+02,2.785790975740113140e+02,2.719923362369455617e+02,2.420103486296292772e+02,2.199996706016050041e+02,2.285556351881484716e+02,2.262679183704989612e+02,1.916965596601455104e+02,2.144447421233137732e+02,1.908780420769609520e+02,2.001004894072757452e+02,1.986338232539126807e+02,2.292166768164165092e+02,1.793637707579396476e+02,1.939652479532778955e+02,1.646490904711731105e+02,2.001948121571013530e+02,1.829919763530025705e+02,1.774976339187730616e+02,1.992563319960873116e+02,1.537657505638285613e+02,2.011005758769980218e+02,1.420540077233317504e+02,1.684785563500527985e+02,2.077248353098683538e+02,1.843171021060060184e+02,2.099947855747286951e+02,2.299858242973606082e+02,2.149093770860191910e+02,1.771730992804944265e+02,1.524661852664826824e+02,1.728145752074278505e+02,1.895830793978419706e+02,2.050240749408680188e+02,1.830722832463590350e+02,2.705817409882216111e+02,1.374700730017671333e+02,1.638718750634013190e+02,1.518919390293189906e+02,1.734243277057167631e+02,1.904698749206243349e+02,1.485539672240639106e+02,1.863360802385593331e+02,1.778776462405848520e+02,2.095365397729509596e+02,2.196973235692545359e+02,2.064222937487597562e+02,1.796923740361019668e+02,1.634767131661654389e+02,1.656185537834815875e+02,1.996417001441254797e+02,2.499893384094384601e+02,2.293604586946787549e+02,1.998249256787825914e+02,2.005152374024272603e+02,1.923079824725429035e+02,1.858912141637086393e+02,2.078750422966469671e+02,2.394555494964016020e+02,2.040240885777617450e+02,1.518060913167537080e+02,1.747438402445750398e+02,1.915797493914872121e+02,2.145939898811689091e+02,2.286533961785227120e+02,1.918306868455925382e+02,1.706466002830048296e+02,2.030462105024696484e+02,1.863416904244086822e+02,1.970537553925415466e+02,1.932757186036660357e+02,1.943957970097848431e+02,1.857141060992096300e+02,1.993423283193386055e+02,1.939194391245100064e+02,1.848807989179298943e+02,1.616263595425323558e+02,1.677613710160112817e+02,2.108911324398520719e+02,2.136664812353640173e+02,2.294801385725232592e+02,2.668945148670581489e+02,2.126414215205223286e+02,2.229784730636342545e+02,2.064371322671526059e+02,2.224036583158587632e+02,2.030576469236351329e+02,1.809787680712607880e+02,1.972773475102717953e+02,1.961535636908033098e+02,1.971344104588782784e+02,2.122404944477963227e+02,1.904522127325850818e+02,1.849935729352703873e-14
-2.337666694938646326e-27,1.240438237177478466e-26,-4.773424667356779295e-26,1.673244685811162672e-25,-6.688195513172567325e-25,2.493413452482877180e-24,-9.146506719492773116e-24,3.370487251335398466e-23,-1.283096215364359559e-22,4.543046049495224891e-22,-1.767490956454191512e-21,6.661981335170212921e-21,-2.587305111929029413e-20,8.687758601175293764e-20,-3.354015783206038370e-19,1.212377079907947405e-18,-4.768216625487475549e-18,1.680339230386859086e-17,-7.420894616145459789e-17,2.442630696487475913e-16,6.742019229570911029e-03,5.757842197296404903e-03,-2.805480595008324682e-02,-5.632186511377228200e-02,3.227160200658345701e+01,5.518838097322104659e+02,4.123584082319334811e+02,3.474040869029682881e+02,3.163881535550076478e+02,2.938167162508320303e+02,3.101960446611089424e+02,3.062263418831169020e+02,3.682896403459702697e+02,3.600898305719065320e+02,3.088280660508239066e+02,1.476710318747227006e+02,1.563070406534354788e+02,1.771345398033216441e+02,3.368352063846961642e+02,3.384949741865234500e+02,2.600014539392442998e+02,3.019068971355002304e+02,2.960966340644038723e+02,3.540415494763947777e+02,2.836994236505742606e+02,3.330697132578064270e+02,2.529674861540322297e+02,3.264085633446830457e+02,3.229179694601152733e+02,3.753850289845868815e+02,3.162372215943698848e+02,1.083612360203562162e+02,1.138620033350913587e+02,3.163144728292702439e+02,3.389224307457752730e+02,2.075748838285120996e+02,1.754875544868192492e+02,1.461419275171605534e+02,3.993555691260917797e+02,3.272699973596933205e+02,3.352915599927055723e+02,3.676880872181682776e+02,3.654051482482956885e+02,3.859571236109879919e+02,2.855439201402808749e+02,2.144247917600406765e+02,2.496809689552772511e+02,2.586129835708569544e+02,2.982304307633411327e+02,2.826769018891803853e+02,2.551013630437280710e+02,2.824239910772638495e+02,3.010238212735545176e+02,2.545274492335787784e+02,2.272076693438124835e+02,3.127671512088501800e+02,3.968261711859421439e+02,6.754403431784711529e+02,3.632780085213288146e+01,-5.072959433233127413e+01,9.102852141290873611e-01,1.174240308294567825e+00,-3.335255026928822808e-01,-2.300878784612913064e-01,4.388337233084951094e+02,3.169148288728050602e+02,3.606637722329721214e+02,3.405430636684571937e+02,3.024289133361314157e+02,3.329301908911261876e+02,2.734715961692027690e+02,2.530578463967290475e+02,2.588265275455159440e+02,2.239738557218972801e+02,2.124609086471645014e+02,2.213134032357936860e+02,1.863025622397432244e+02,1.856296068112828550e+02,1.957683673735350283e+02,2.042182408678695822e+02,1.893665461385502624e+02,1.928711953360230495e+02,1.961225134792103404e+02,1.816313276887447898e+02,1.498863680561686635e+02,2.116849800656794116e+02,1.964560242304156645e+02,1.845175342425240785e+02,1.826916196951303277e+02,1.947109457278004356e+02,1.967133012015950726e+02,1.816882006824108373e+02,1.702097723797178048e+02,1.650838937313565680e+02,1.658608256172427957e+02,1.683913827312121327e+02,1.842499259171105450e+02,1.974132256355267714e+02,1.851486440394523640e+02,1.912542506532878406e+02,1.979978864233915203e+02,1.703047699632047340e+02,1.603063906883646439e+02,1.805954865645497023e+02,1.633594658449610222e+02,1.748289361670923654e+02,1.939989411256654819e+02,1.742922268143437350e+02,1.625649671078913627e+02,1.669838819575111017e+02,1.671230902247740460e+02,1.890457546883032762e+02,1.791778494432285811e+02,1.941870138132391048e+02,1.867912700286612164e+02,2.024612999542285650e+02,2.448705817738740222e+02,2.393644979364542849e+02,2.236025783011989176e+02,2.066266460683657726e+02,2.256887172701963209e+02,2.139579354828012754e+02,1.978187934860772543e+02,2.142133912640497897e+02,2.171382200632901913e+02,1.982142571713960990e+02,1.887559228858654308e+02,1.920800140831883880e+02,1.983132682566585743e+02,2.268336762811442782e+02,1.902705062839200139e+02,1.882418611913313669e+02,1.711256701012875112e+02,1.786776638221736846e+02,1.898464550744514270e+02,2.232851083397474667e+02,2.087019509564158284e+02,2.079760028936228764e+02,1.581304575686693852e+02,1.452473299752409446e+02,1.641667831638424389e+02,1.646513904920115579e+02,1.688824909240072998e+02,1.860061472243243372e+02,2.549809753068796851e+02,1.975492624540518420e+02,1.894621024187356966e+02,1.616330733244757880e+02,1.944880587104651397e+02,1.838328035919028878e+02,1.830763000835781611e+02,2.031015272771360856e+02,2.700117314568469169e+02,1.848829138527464124e+02,1.717020978710808663e+02,1.558470170232854741e+02,1.476371938190438868e+02,1.997493275902644143e+02,1.914941122801047300e+02,1.839061301086210563e+02,2.044205908015980810e+02,2.061733710072267058e+02,2.033330610324477163e+02,1.676631555374742959e+02,1.704146013488040126e+02,1.609076066639236444e+02,1.737586935666106740e+02,1.748124843469487644e+02,2.105737495699376609e+02,2.096261427120055032e+02,2.299923983298497774e+02,2.253758673339548864e+02,2.174211770278560891e+02,2.210116739093384410e+02,2.436640650965744044e+02,2.160875847943086967e+02,1.888999475766561602e+02,2.130954310730263046e+02,1.790310183505793873e+02,2.103702481011021916e+02,1.792110835021067601e+02,1.986322630859959872e+02,1.883133183240705648e+02,1.523790844111216529e+02,1.948191916636950225e+02,1.800270619843907980e+02,2.152257659326116368e+02,2.078077217107357342e+02,2.021709766021699863e+02,1.795878434964545818e+02,1.803039951047144598e+02,1.814997042693068465e+02,1.871828693339232359e+02,1.914675298211456607e+02,1.818722092494543290e+02,2.102395329689683479e+02,2.272850389055557798e+02,2.221665314785163901e+02,2.835403093566542339e+02,2.063842262669794252e+02,2.146221095534713186e+02,2.094899217181979907e+02,1.794253130407537924e+02,1.848329309661600348e+02,1.739595402832434274e+02,1.731600807823053287e+02,1.808128908411769942e+02,1.936156620230082979e+02,2.075184394147378555e+02,1.912952147554173905e+02,2.456593885769191485e-14
-7.825779549812912053e-27,2.642021476475779707e-26,-8.692462280647592948e-26,3.808530520234367668e-25,-1.345610809005810520e-24,5.096909824899470246e-24,-1.774309643494239438e-23,7.341057430734534888e-23,-2.413127114320655521e-22,9.046615709154886355e-22,-3.627142117220903536e-21,1.385206108173403419e-20,-4.567981801152409957e-20,1.861255072646687425e-19,-7.037985296122698309e-19,2.679043555072414446e-18,-1.011571371024241173e-17,3.523593618055630205e-17,-1.395287534461789480e-16,5.137025168637707481e-16,-1.934029043356877420e-02,-2.154697721162733906e-02,9.165497851788184658e-02,1.178260713716069441e-01,-5.466876751141992230e+01,5.714557868315807809e+02,4.261394348135063979e+02,3.323312053648973574e+02,2.862101792857930604e+02,2.830762229991914296e+02,3.131478870735956548e+02,3.277098884128439522e+02,3.554941751627043232e+02,2.858846378227077594e+02,3.440723910710389646e+02,-2.967552220496326854e+01,-3.185516850813844414e+01,-3.582689981072948626e+01,3.561271524241244606e+02,2.916803183088526907e+02,2.837727482295757113e+02,3.192707892802960714e+02,3.153588933519371267e+02,3.198695694618510288e+02,3.132891002129388767e+02,2.895003611742058069e+02,3.169603305546170873e+02,3.276385546589916657e+02,3.528770895339665117e+02,3.304072403777427667e+02,2.904939230540576887e+02,7.922781268120606057e+01,9.246605971000175828e+01,3.799493109170306866e+02,3.035662538017657539e+02,-7.551147587291359287e+01,8.128781253727463252e+01,1.073449338695071873e+02,4.259045822533923342e+02,3.234987817068824825e+02,2.871385088984134768e+02,3.235185396947729259e+02,3.826600750346818245e+02,2.956363087261258897e+02,2.704464700822720147e+02,2.855786122040447594e+02,2.561816168865927352e+02,2.868950943413461800e+02,3.117636991219050060e+02,2.664965935322978225e+02,2.892209729832499647e+02,2.738413890098561865e+02,3.070327254506874510e+02,2.466434271125150985e+02,2.652902533285114828e+02,4.055511274766262204e+02,5.242175477691015431e+02,1.034441210088461276e+03,4.041447044722405053e+02,3.248252973379501896e+01,-2.543151695019164604e-01,-3.280588527726619463e-01,9.318023996313389012e-02,6.428187251440774241e-02,6.659565048168836938e+02,3.679127839758766640e+02,3.623070126490541725e+02,3.186385508377586007e+02,3.180520375913040994e+02,3.997763853352220167e+02,3.625240324486846362e+02,2.841897302181920963e+02,2.977126643973497835e+02,2.921811900425715862e+02,2.967898214701725692e+02,3.315013599826519908e+02,2.677825816523233584e+02,2.234879643395581184e+02,1.822281704513685270e+02,1.830618672428719549e+02,1.923781093964024649e+02,1.999536918651837993e+02,1.895606871274856644e+02,1.837745740251301640e+02,1.741682440102168528e+02,1.912526540968185316e+02,1.946398736862537362e+02,1.831564296612397698e+02,1.853419602835174373e+02,1.866906983744166268e+02,1.957543305668970390e+02,1.944176517068228804e+02,1.852023080563364488e+02,1.725663508593782183e+02,1.605692413303426349e+02,1.744468820552350508e+02,1.933121535101245740e+02,1.669919143909610284e+02,1.532014917276284791e+02,1.509567683721247420e+02,1.600655232277711377e+02,1.620419150411317730e+02,1.832505829269857998e+02,1.965909723851818569e+02,1.641837556926882371e+02,1.575294732219937259e+02,1.762003135969315508e+02,1.745447702672769594e+02,1.589005644893561566e+02,1.463571705594138734e+02,1.538174643725664055e+02,1.859708525240213248e+02,1.677947275103831828e+02,1.594821225977877077e+02,1.819326986704710691e+02,1.853166750051590839e+02,2.139551331867128283e+02,2.173405221930329390e+02,2.086238937674599470e+02,1.863467399756836187e+02,2.137142520922234326e+02,1.757597119859146346e+02,2.048988603606325114e+02,1.787319121076724855e+02,2.125815016186747926e+02,2.038243633825567542e+02,1.900508597516084990e+02,2.078212861554205233e+02,1.889125592239021785e+02,2.151407055525718590e+02,2.083542617116924873e+02,2.213567367628016314e+02,1.748908709686669454e+02,1.237665046376889535e+02,1.863764953526078330e+02,2.401622290131177806e+02,1.757159312178793300e+02,2.303324283126231080e+02,1.693829453897714927e+02,1.939402960499427877e+02,1.622519279449277008e+02,1.552031019877894664e+02,1.606418151180234304e+02,1.764160352255894963e+02,2.134052050325300343e+02,1.834479167167392859e+02,2.188407587785598878e+02,2.098775772765746979e+02,1.919714314692414234e+02,2.042971478099440503e+02,1.486274954964387689e+02,2.008050863905378947e+02,1.674042660445512070e+02,2.769236502205539523e+02,1.858817461651590008e+02,1.918577581673256702e+02,1.509983651107336300e+02,1.794933873010458854e+02,2.186590253752313231e+02,1.824471146433828892e+02,2.074944517990785755e+02,1.946124360519706613e+02,1.811637874682637630e+02,1.974706227683305713e+02,1.926777005020533124e+02,2.093978450922549541e+02,2.160211063347488505e+02,2.285335721504020512e+02,1.948266469680602597e+02,2.164875311994406673e+02,2.091824098334166138e+02,2.298854358792085861e+02,2.440135788606472715e+02,2.323177092011747789e+02,2.951725835066711738e+02,1.756213942937108925e+02,2.008384495655712101e+02,2.261471807159390721e+02,2.168714118144949339e+02,2.308739345294663394e+02,1.979405358576968013e+02,2.031128235444531356e+02,1.843347293651679877e+02,1.663050637888993037e+02,1.958513730617718807e+02,1.973019015978384800e+02,2.149927391892771595e+02,2.354907982265137321e+02,2.260432782307870241e+02,2.037594784710294675e+02,1.877316884977665268e+02,1.984479451064693478e+02,2.142133015653004406e+02,1.964665751161884941e+02,1.946213306097549207e+02,2.001306182711428505e+02,1.930680683477972650e+02,1.784388841736422364e+02,1.813100251688814240e+02,1.836532862383022575e+02,2.122208069216197259e+02,2.252573720612581667e+02,1.921455485152707183e+02,1.755960450855704380e+02,1.831475354437601766e+02,1.833669772112770602e+02,2.060943619628003489e+02,2.227203314214555405e+02,2.274243799519577749e+02,2.369056015123978511e+02,3.619486300872277904e-14
-2.588509985326152449e-27,1.553472396927311038e-28,-1.010876171056802086e-26,2.425635689573015925e-26,1.841990500340047297e-25,5.826110673875795148e-25,-2.515451113151269105e-24,-1.619894852087199911e-23,-1.384292771305543180e-23,-1.665151853743956895e-22,3.104124293408576285e-22,8.808820441366029640e-23,1.436619147664085519e-21,-4.138678752259913210e-20,-1.204793044449116298e-19,-3.450635843110224018e-19,4.158961944930560776e-19,-5.003114514217408047e-18,6.592912056128558218e-18,1.880368597401643657e-17,4.424281933415672580e-02,5.040933940638941957e-02,-2.121550974022035352e-01,-2.598122547265215299e-01,1.234859185025039210e+02,5.565540487904575002e+02,4.290526666602563637e+02,3.415451950441949975e+02,3.321264712769779521e+02,2.712948064718836463e+02,2.890063287982864608e+02,3.035717656459680143e+02,2.839819700957839359e+02,2.612270261852218027e+02,2.095596099170073785e+02,6.004753792228904707e+00,6.548349853138452303e+00,7.276552287503744942e+00,3.510301547020139310e+02,3.601483831725192317e+02,3.585777715807729464e+02,3.053493006344042442e+02,2.601394051177429105e+02,3.129557505579290364e+02,2.908546736471488998e+02,3.042250450364755920e+02,3.282835144767126394e+02,2.555131183926736753e+02,3.404073440663406700e+02,3.637487173170518986e+02,2.770208703672835213e+02,3.427872284722196810e+02,4.116682892203847359e+02,3.066831420967396298e+02,3.294812499986082912e+02,9.310800151663558211e+01,3.749084088754436266e+02,4.104118793797850913e+02,3.101273421756703783e+02,2.793898481057976824e+02,3.028121568733424738e+02,3.311031318324313588e+02,2.726311714977236988e+02,2.990570657104171914e+02,2.524758442468485384e+02,3.130210395257783489e+02,2.800324020133492127e+02,2.790957337109921923e+02,3.253975204506380692e+02,2.856476403811418550e+02,2.657331983872848582e+02,2.416374445887369120e+02,2.588875383416463478e+02,2.715392966546473303e+02,3.108125659265890590e+02,4.067618821349105360e+02,4.687076477627761051e+02,4.851537752444581315e+02,9.417778301171507565e+02,-4.916987798835789647e+01,5.765472241330801134e-02,7.437284268530007514e-02,-2.112450012201497543e-02,-1.457307363451240678e-02,-9.847100087266767332e+01,4.972478524767282124e+02,3.902433333680198757e+02,3.316656490345561679e+02,3.877518304594225356e+02,3.898748256681696489e+02,4.195485899319693885e+02,3.335265492177222200e+02,2.781735152860429707e+02,3.314423550893386050e+02,3.382001619808722808e+02,3.729349543678038685e+02,3.480740730269304208e+02,2.840977448241076786e+02,2.103944874531691482e+02,1.861890822129048786e+02,1.959678648054351413e+02,2.014243074363188839e+02,1.783840013514634677e+02,1.774050212457778741e+02,2.163375953311408182e+02,1.963511531404360255e+02,1.894758122176966140e+02,1.819177117375089381e+02,2.066899694823293032e+02,1.985079999382962512e+02,1.881491067165076458e+02,2.138157021293664002e+02,2.044745354043057262e+02,1.934703086153011498e+02,1.843547672646874105e+02,1.741919887149852002e+02,1.830236924638419680e+02,1.707865442097440791e+02,1.556866770917271481e+02,1.630218494363530510e+02,1.465275971063331895e+02,1.707249232778953285e+02,1.933918680822612259e+02,1.663860599218946561e+02,1.691059186473628984e+02,1.793639607412623320e+02,1.628631658846195762e+02,1.601885850070928541e+02,1.603252718952396947e+02,1.612062345689073197e+02,1.760415306325034805e+02,1.872172843562441926e+02,1.587156928492264001e+02,2.014046652324799709e+02,2.086332905561995119e+02,1.925832549468028105e+02,2.361582697847519796e+02,2.239097495878184532e+02,2.017283756172696485e+02,2.073618348874447861e+02,1.907534376997269021e+02,1.821301202278436051e+02,2.234080962007113271e+02,1.899270667748137384e+02,1.299466193126766882e+02,1.492866156667798805e+02,2.160035364549374322e+02,1.946436531897428210e+02,1.993379724429040891e+02,2.336819977131686983e+02,2.499385800348393332e+02,2.344755502832447291e+02,1.590445676356232241e+02,1.643142149831639642e+02,1.972522315411742113e+02,1.834200440604295466e+02,1.625762200275052010e+02,1.486777629921289190e+02,1.993674751869522197e+02,1.847185462021930675e+02,1.743014078536154159e+02,2.318068367974671844e+02,1.620182373560754172e+02,1.920286617216825391e+02,1.874872063539142459e+02,2.255992003993175103e+02,2.255940610965386668e+02,2.329391899910069696e+02,1.907392172028535526e+02,1.969220023815356626e+02,1.583475003558081653e+02,1.844373817352563663e+02,1.746181400809027480e+02,2.600037710247909786e+02,1.880763532379870924e+02,1.806062749890668329e+02,1.959250658422245408e+02,1.855727759059019206e+02,1.847278473639134120e+02,1.742108754724750384e+02,1.921965156755669284e+02,1.989744267399720172e+02,2.031764296698621308e+02,2.465175555904379507e+02,1.863895801424217780e+02,2.422192787339993458e+02,2.221098620484530670e+02,2.787272699537112999e+02,1.592224712655793439e+02,2.140149259859931874e+02,1.909450985898699287e+02,1.831565475884633258e+02,2.106394829862158247e+02,2.389811234574052037e+02,2.386219673436117432e+02,1.841994498483955169e+02,2.070930678814702048e+02,2.043874634589455752e+02,2.252765334297355651e+02,2.231382768362295792e+02,1.986649162466975440e+02,2.275267557728537042e+02,1.906176180456028248e+02,1.869195522227969093e+02,2.094672222035606239e+02,2.036053846280505297e+02,1.970404322044824426e+02,2.202589553375603089e+02,2.355435612607591622e+02,2.299989053494018947e+02,2.281739278927078942e+02,1.876725026329646369e+02,2.185563033386383438e+02,1.842304168582293471e+02,1.749958959167597357e+02,1.956970618217646631e+02,1.918547955716613274e+02,1.840996694838408416e+02,1.909603122957564665e+02,2.124322851374362813e+02,2.079331911553905741e+02,2.009214497140937681e+02,2.079808298922174572e+02,1.947223527811145516e+02,2.039654602167621817e+02,2.143583468544806294e+02,2.482011712643941337e+02,2.686060534559656503e+02,2.476248221875494266e+02,2.524555787437687684e+02,4.799210690992960218e-14
1.918825940061555541e-26,-7.519323227771888140e-26,2.819881720632805264e-25,-1.234530363478239287e-24,4.126189147496684288e-24,-1.409391470996637493e-23,5.752284707159023810e-23,-2.248898671097313322e-22,7.998617192370680099e-22,-3.120105254730927752e-21,1.079387338181808265e-20,-3.984394022845753476e-20,1.613905725222425472e-19,-6.404533181428393921e-19,2.163284907681188182e-18,-9.015361563894191266e-18,3.059094767512075790e-17,-1.187744163175814908e-16,3.881193107800128044e-16,-1.650636027275986638e-15,-5.982726282486139358e-02,-6.831517514082388609e-02,2.872179277689180243e-01,3.500327402636529417e-01,6.971781848197222189e+02,4.662396486656982688e+02,3.037403725699534789e+02,3.549523701147168140e+02,3.677714984364171755e+02,3.197898562263068243e+02,3.676069837180564264e+02,3.098784553699418325e+02,3.006871334820676793e+02,3.037419155527565522e+02,4.589529934624553498e+00,1.371705428309037689e-01,-5.112815336836603469e-03,1.253638661248680231e-01,3.882214846941927817e+02,3.664299299160832106e+02,3.875856575455056827e+02,4.119552199906866008e+02,2.913373772602229792e+02,3.136662941209159499e+02,2.415020726553351551e+02,3.497509371272735166e+02,2.801735556074161195e+02,2.713175818438414808e+02,3.589049981573473929e+02,3.271702137393784255e+02,2.382037944649065651e+02,2.450943557093904985e+02,3.062908914392730821e+02,3.563615051332631083e+02,4.570619757294970213e+02,4.365988000414300814e+02,3.302396774977055998e+02,2.696454042331122878e+02,2.418214160203641541e+02,2.342958130308944646e+02,3.540254275542793607e+02,2.494668715864488888e+02,2.641580814792756087e+02,3.679113597486137337e+02,2.766211265440007310e+02,2.093300315511147858e+02,2.520744608423649140e+02,3.203803994068636030e+02,3.472240192567759323e+02,3.430339475238093314e+02,3.294878982477663385e+02,2.528788157722941037e+02,2.683248913751742180e+02,3.090730330984535499e+02,3.518391951344954123e+02,4.090740972874097565e+02,6.767318324849007922e+02,6.210616894196189008e+01,-1.757791397215679297e+01,6.365807729235360313e+01,-8.027981209597171222e-03,-1.035585220435860689e-02,2.941425621993460325e-03,2.029190497959836720e-03,1.371133728557428633e+01,6.042268165869070344e+02,3.486517299229105333e+02,3.746501998136704401e+02,4.202777856598337394e+02,4.074162801174718425e+02,3.424181457105654545e+02,2.818009070976088992e+02,2.911023940660617200e+02,3.100007194719081554e+02,3.244924371406725072e+02,3.245613469491348155e+02,3.095159471225999823e+02,2.420811619588930057e+02,2.091191746081559586e+02,1.986545307657443686e+02,2.085249035724321800e+02,1.877416402841712681e+02,1.853178013648727642e+02,1.956751627457922496e+02,2.129499914055296586e+02,2.101545927407622969e+02,1.935039234075315164e+02,1.750093995402794178e+02,2.024581497991690071e+02,2.099987729640959913e+02,1.900755844546381184e+02,2.310423312246666114e+02,2.141299181969488075e+02,1.940751058528976216e+02,1.882488999065978703e+02,1.641103662683801758e+02,1.867369081492016676e+02,1.764954529207624887e+02,1.466091029486169646e+02,1.547829942640475167e+02,1.613247781259891553e+02,1.858007599224769990e+02,1.871673903424637899e+02,1.761156937779923339e+02,1.952573317524468735e+02,1.982574769708267013e+02,2.341803244935460668e+02,2.264340595533840599e+02,1.954965765742688575e+02,1.816662209631323321e+02,1.571402121741331257e+02,1.451170860279749206e+02,1.967444344235028382e+02,2.728300833148202287e+02,2.745227834840011951e+02,2.042156634924398304e+02,2.012933497747069396e+02,2.134412817685739867e+02,1.948799115822770887e+02,1.881265405265024242e+02,1.872251265841388488e+02,2.119405179413543863e+02,1.889026249453031596e+02,2.332749846905212223e+02,-1.217236058050924186e+01,-1.413291679097051734e+01,2.491857882798298931e+02,1.883403793577263343e+02,2.067278692961097022e+02,2.206341259577247342e+02,2.366635157621905421e+02,1.864699148936581139e+02,1.854333779287721313e+02,2.102950379399310918e+02,2.417585656229610152e+02,2.185641354648973049e+02,1.714266810137243056e+02,1.643506572889795905e+02,1.577682714557072643e+02,1.470018144299272649e+02,1.664397165981120281e+02,2.245696907777538343e+02,1.511253033535435577e+02,1.817800703519716023e+02,1.888337990850351389e+02,1.995160639570930243e+02,2.165628495969113771e+02,2.054897138409331205e+02,2.039254412835565802e+02,1.723799429946110706e+02,1.906984189376744609e+02,1.661260244251922416e+02,1.729106944880034007e+02,1.847296719276028512e+02,1.595039990457313763e+02,1.756014730613918573e+02,2.074647555545143121e+02,1.990233031697656543e+02,1.812128914526583401e+02,1.820122329812369060e+02,2.139728057405800712e+02,2.207768877733928718e+02,2.279325636439413927e+02,2.396965624060191544e+02,1.681257038241562896e+02,2.419365753183045342e+02,2.118403565072311210e+02,2.366859509808834900e+02,1.477610241836624425e+02,2.084904205225558371e+02,1.982147524158811791e+02,1.815373186877640421e+02,2.015905360708412672e+02,2.109935404443685343e+02,2.092978070910475594e+02,2.213975619293410944e+02,2.311431705108327890e+02,2.266554714261482673e+02,1.768368694825756791e+02,2.136576687781658279e+02,1.932585179315838104e+02,1.892696867576241857e+02,1.921441862271910850e+02,1.699829840898021018e+02,1.725221381360563839e+02,1.849284020117199532e+02,1.744646383392772577e+02,1.835446754085390069e+02,2.181164540227309772e+02,2.070412970567383013e+02,2.053778140303727184e+02,1.886707721984340083e+02,2.005829146026453884e+02,1.827035458150064926e+02,1.853967353611564306e+02,1.971847646945608403e+02,1.999676897472608346e+02,1.985890199317437919e+02,2.132928601744308423e+02,2.101885499733375866e+02,2.051841396758090355e+02,2.022004784799503909e+02,1.967021897096449834e+02,2.064864510316415362e+02,2.399639228458963771e+02,2.331467530930724479e+02,2.219976789471124903e+02,2.115521525195545962e+02,1.975917803475165044e+02,1.913414490542526210e+02,2.156879181576983402e-14
1.765855309113342012e-26,-6.766609493921465485e-26,2.530058266657251907e-25,-9.944404128743577743e-25,3.601971202655866320e-24,-1.271551075590748967e-23,5.160277003687749206e-23,-1.930751839321876961e-22,7.198707850793202293e-22,-2.514354388974063723e-21,1.051545196309244664e-20,-3.293000856297149654e-20,1.428039224437782072e-19,-4.806874407988488851e-19,1.888366058000167921e-18,-7.208302062762511046e-18,2.792062414828682794e-17,-9.948686453695148032e-17,3.635216209646061407e-16,-1.322191660648141719e-15,-9.149614835870689689e-02,-1.045003692087508734e-01,4.393053269254645898e-01,5.351157561001761431e-01,6.285244060253123735e+02,5.258947683336947421e+02,3.818714267946404561e+02,3.101212883041960708e+02,3.529030456732291441e+02,3.487186455471924660e+02,3.895605625113895485e+02,3.423529851506923478e+02,3.336959643159510165e+02,2.804095788031136749e+02,2.730241406192816385e+02,1.500395717028388809e+00,1.375452224142505786e+00,1.749303418822840017e+00,3.766593677943199623e+02,3.567521712544223647e+02,3.312935647048671512e+02,3.774174501372556279e+02,2.935142884880945076e+02,2.852568268319345748e+02,3.670839012016173797e+02,2.806515359814720796e+02,2.475740132518980090e+02,2.871734930506353294e+02,2.909192784371791163e+02,3.173718089406185072e+02,2.759723982346311004e+02,2.705559898830373982e+02,2.293822872982447905e+02,3.398219398650940661e+02,3.548453033487032258e+02,2.948190022182765233e+02,5.970785542008895845e+02,4.942682391005939166e+02,3.423896927564185262e+02,2.634400193692562198e+02,2.278395194070152172e+02,2.624978888500962171e+02,2.505636179160167671e+02,3.008110524251403604e+02,2.402163309996515466e+02,2.574647114981972891e+02,2.808892858120582332e+02,2.908652571235181199e+02,3.119185166600718162e+02,4.091517254840379678e+02,3.353732035464544197e+02,2.433770691250152822e+02,2.671593398454746193e+02,2.955903611353189717e+02,4.163989086826930475e+02,3.665732366495656720e+02,6.998069322631173463e+02,1.132266922994278730e+03,5.995294628421469270e+02,7.913214667364800334e+02,-1.346305431405437746e-03,-1.736693178018655030e-03,4.932815096104094634e-04,3.402999386524606785e-04,2.299413447423999557e+00,7.961309581106603446e+02,5.415341176041764584e+02,3.267717303177891495e+02,3.036141576374359943e+02,4.267405005431968448e+02,3.255923424766256744e+02,3.222391849517466653e+02,3.016830364706788714e+02,2.800175549784252098e+02,2.680688777328754213e+02,2.808923232587304710e+02,2.958029769221523679e+02,2.774799374962596517e+02,2.463196635442650688e+02,1.984234918298820105e+02,1.955530632986393584e+02,2.146557673839764107e+02,2.098125187127803031e+02,2.113108356379698876e+02,2.255970858157339194e+02,2.096528576364807464e+02,1.810228491350217155e+02,1.780049455939829954e+02,2.121849024843813254e+02,2.020738444766292048e+02,2.091128240770426601e+02,2.206245536084315120e+02,1.966679200486176740e+02,1.947927616244946876e+02,1.943191516379160362e+02,1.952689528973738788e+02,2.223543585927714616e+02,1.908489406257354517e+02,1.830759524360041723e+02,1.839518307773178663e+02,1.630052182151520697e+02,1.703392714070804459e+02,1.952329773740325436e+02,2.371676200080706849e+02,2.472544789235728331e+02,2.479677997452686782e+02,3.409326698218300749e+02,3.313128518052248523e+02,2.529475768297146487e+02,2.067587244734297371e+02,1.780816146828281319e+02,1.877562628277872818e+02,2.923012821093309981e+02,3.207557590500562696e+02,2.733625735056756412e+02,2.210497503067013554e+02,2.197381699336580709e+02,2.341670449713807329e+02,2.425311717681551897e+02,2.084158594458253333e+02,2.266048813699501920e+02,2.375412396456592319e+02,2.043269504222957096e+02,1.898937671471198030e+02,-9.354476017089059070e+00,-1.043411045657875214e+01,2.112434270355863077e+02,2.233887131773024635e+02,2.156871690372515218e+02,2.244879385135562870e+02,2.193428819884963445e+02,2.063105237216005037e+02,2.062548589581787439e+02,1.427240464929539598e+02,1.816562605214876669e+02,1.897694060306007771e+02,1.729051449436280734e+02,2.116710747754807471e+02,1.721109185382767350e+02,1.779051515682280922e+02,2.076762858993180885e+02,1.787411174424582327e+02,1.747638013511163990e+02,2.335896256381604701e+02,1.715802994320533799e+02,1.571019326194970347e+02,1.706829939564928225e+02,2.130674487117236993e+02,2.134605017735719343e+02,2.044590574306033091e+02,2.415338799760430675e+02,1.607983357657800241e+02,2.405453222554128843e+02,1.774824450914719023e+02,1.844213903275337714e+02,1.590103520442948195e+02,1.819639846138718440e+02,1.901718969829957473e+02,2.601923051513958853e+02,1.446624871109332275e+02,1.837106937679270970e+02,2.314170760393153614e+02,2.083291720347312150e+02,2.017186183757631284e+02,2.041384528543758847e+02,1.930272777721075386e+02,1.947689877479137124e+02,1.857541881152853023e+02,2.188658138896632295e+02,1.862309491670437183e+02,2.083693358163189657e+02,1.904263694446658803e+02,1.785903719552682674e+02,1.918247939525995776e+02,1.730640786615871320e+02,1.824680909158919349e+02,2.149886059539955170e+02,2.146715966966390283e+02,2.461582746001532200e+02,1.984379374336631940e+02,1.987486989340965522e+02,2.010273059646359570e+02,2.043249393345961380e+02,1.904765048201933837e+02,1.801288029120835859e+02,1.717906486259605856e+02,1.859960836033806402e+02,1.952550081411557130e+02,1.847830262158510379e+02,1.944556540783536036e+02,1.860849787798098873e+02,1.993439298836015894e+02,1.814779531309242486e+02,2.191627888523617855e+02,2.223587001228453346e+02,2.213797355603543053e+02,1.875382602791688953e+02,2.051058476882509751e+02,1.954356167906830137e+02,1.722255309075093805e+02,2.040292044915954079e+02,2.089923842043960462e+02,1.862115159440723176e+02,1.881397648527769775e+02,2.113378120304057575e+02,2.040433378970494402e+02,1.927169300815478152e+02,1.922987428417866056e+02,2.196956765790436918e+02,2.262112414796786481e+02,2.110371592966811481e-14
1.689437456792126548e-26,-6.725109826812274630e-26,2.735165480286470932e-25,-1.084976230666600373e-24,3.471852309365265989e-24,-1.536152302688039258e-23,5.073640943831730925e-23,-1.631822866560745251e-22,7.575026923459500174e-22,-2.228245049836788227e-21,1.098774392438277031e-20,-3.780520326664315242e-20,1.501857062724278533e-19,-5.417617981417107223e-19,1.874559951155692868e-18,-7.837392271625533102e-18,2.313242642630623706e-17,-1.133152507872167245e-16,3.555354672555579713e-16,-9.436083129026329018e-16,1.063279156783224932e+00,1.214431432842827396e+00,-5.105245205222029625e+00,-6.218334482419037634e+00,5.240914054068267660e+02,4.604655387396656465e+02,3.409582503541545861e+02,3.306727309146472180e+02,3.424201252786311329e+02,3.360976058654727012e+02,3.726497410939827546e+02,3.524872707745369667e+02,2.765889840496890884e+02,2.935153634596155143e+02,3.545308347785580736e+02,-1.908935201319769703e+01,-1.775606801346834374e+01,-2.232388263180029853e+01,4.002642489479413825e+02,3.376416537595952150e+02,2.429094652490848318e+02,2.731389615144676668e+02,3.789738154999603239e+02,3.444897572777639994e+02,3.323515695824860359e+02,2.707920302231142955e+02,2.814117099042857717e+02,2.659183504258418225e+02,2.902461102410192098e+02,2.698570284709925318e+02,3.046804033196191313e+02,3.074335689281910504e+02,2.690764387572521059e+02,2.948235573461445824e+02,3.125873186499463827e+02,2.643502520604333768e+02,3.478081417127248187e+02,3.035420542353069209e+02,2.931554593893944229e+02,2.975407219343747443e+02,2.005672428811814711e+02,2.939518145163262943e+02,2.627860238862044007e+00,2.931553147465455140e+02,3.130677262298174242e+02,3.211415145062626380e+02,3.052385809874318170e+02,1.087353383344708924e+01,4.062486215408913637e+01,5.059061607673744447e+02,3.100844661281799972e+02,2.937490537432005908e+02,3.387670474345381990e+02,4.668790572768436391e+02,4.707106042038833493e+02,4.791137912327481985e+01,9.390647062065063722e+01,2.064083533298469888e+02,2.013702318805020184e+02,1.394464324401392901e+02,1.643135695849125277e-03,2.119595406198913640e-03,-6.020352757566354131e-04,-4.153449480449417043e-04,-2.806382861094591785e+00,1.161399136412527184e+02,5.796415928158966153e+02,2.134215105242569734e+02,2.604705899544094336e+02,2.904596232830137410e+02,2.618530653344871553e+02,3.028027247394883261e+02,2.909110322807468947e+02,2.757022278269355411e+02,2.648953667721502256e+02,2.976614175633540640e+02,3.099522725068263753e+02,2.292429041552827300e+02,1.952912860384475096e+02,1.912025401046306854e+02,2.048144652629420932e+02,1.972569302606819122e+02,1.839662086677969057e+02,1.747216619881663178e+02,1.899115224568166695e+02,1.868984555923678386e+02,2.104959340578019464e+02,2.363845472912452976e+02,2.352666049704942566e+02,2.270062621543041814e+02,2.148066396943173970e+02,2.207156528493034102e+02,2.312471888483197802e+02,2.114101109177443050e+02,2.154318307137006343e+02,2.195399012391535223e+02,2.141125212345114903e+02,2.132367485673515830e+02,2.132693844815633213e+02,2.029860333327687840e+02,1.924796328818554798e+02,2.044915801514247278e+02,2.278625521500105435e+02,2.546429338817313521e+02,2.743315447982364503e+02,3.189205734663465819e+02,5.845865724915203998e+01,3.816081377970987774e+02,4.232144655777920548e+02,4.113100001332837792e+02,4.486796371782319284e+02,8.574685189020717644e+02,4.370441935375976783e+01,5.871063801767983250e+02,2.263926067800622377e+02,2.169561890202767245e+02,2.355079081969163042e+02,2.744072908223029117e+02,2.654977348617683788e+02,2.577721418327255947e+02,2.543835775664713879e+02,2.451076474327061590e+02,2.220706426243413603e+02,1.653164314924090661e+02,2.655142163646643212e+02,2.879535865979223104e+02,2.283151506939174169e+02,2.289202008099807983e+02,1.389103040988407827e+02,1.713400742376901462e+02,2.016743576754882383e+02,2.231838996490081968e+02,2.572446440109058017e+02,1.562014986158056047e+02,2.068337630557853117e+02,1.825392094515045471e+02,1.650574629189875964e+02,2.269845091686126182e+02,1.899744562152900755e+02,1.307274135412980627e+02,2.336150824269859356e+02,2.085771242103093073e+02,1.953696118314296370e+02,2.060767349386815397e+02,2.037133327525014010e+02,2.009027487207971490e+02,2.231957423909859131e+02,2.132862955485011298e+02,2.361096920305465119e+02,2.052323368190954511e+02,1.764199868037197234e+02,1.325125351561534046e+02,1.628411680488377442e+02,2.013931669906133664e+02,1.759733988850663593e+02,1.670416257321342925e+02,1.705261857689977774e+02,1.741068137652662813e+02,1.722945000547798031e+02,1.686659654687055365e+02,2.124561359727775596e+02,1.815390764793224037e+02,2.331537133633454459e+02,1.973139463754392295e+02,1.998642499121824017e+02,1.895167707513194557e+02,2.013877555043309826e+02,2.132456568469713716e+02,2.132615275518705289e+02,1.624990849516674700e+02,1.700369196607137496e+02,2.111704330189415657e+02,1.925501647386412003e+02,2.085476874098140456e+02,2.200596600408065058e+02,1.999637126245997365e+02,2.041499095567661755e+02,2.069198427887304206e+02,2.675972398273636941e+02,2.046767260580675440e+02,1.759362845359715664e+02,1.999051744777696911e+02,1.911817750566021630e+02,2.003841779066226252e+02,1.914031329944174331e+02,1.603277230980164347e+02,1.723222538533869113e+02,1.641284488495558662e+02,1.698187841652069778e+02,1.843886544878208156e+02,2.383214749647936515e+02,1.944094967542175709e+02,1.974085283581569001e+02,1.991331466396911196e+02,1.883870767856415966e+02,2.111694950070882442e+02,1.839325058370990291e+02,1.737142462997498171e+02,1.788880051127626132e+02,1.729246201950896875e+02,2.051246398060999354e+02,2.031062980390334758e+02,2.007095293728516765e+02,2.171322240658667226e+02,2.191726319252530857e+02,2.073712785973383745e+02,1.897907630135517536e+02,1.892476987489488636e+02,2.120511018098302713e+02,1.948576351491911964e+02,2.444753133006435256e-14
-6.929875054235093365e-27,2.204676532397575731e-26,-2.471163655542580967e-26,9.941800077222425149e-26,-7.994753698811254483e-25,3.925664091305307145e-24,-1.875086347629911743e-24,4.410653131431269883e-23,-5.543703070198491016e-23,5.746882855190798496e-22,-1.978618315357365820e-21,9.880883817673281440e-21,5.715656711077508056e-22,5.220735748922255916e-20,-3.110449492985140041e-19,7.582915707106314909e-19,-6.191568285497627497e-18,-4.614955782337454740e-18,-5.688061195606254553e-17,-2.449738417973326930e-15,-5.208045057160032520e+00,-5.948419110112574515e+00,2.500602349278809555e+01,3.045787462721914807e+01,5.068095423408029774e+02,5.054868258810266184e+02,3.946438358389501104e+02,3.325369464916349216e+02,3.277769725700599679e+02,2.684911494808812336e+02,2.826734470678970865e+02,3.526293133619430478e+02,3.042159761129929052e+02,3.525183431891261989e+02,3.668048446854700160e+02,1.759580469328874130e+02,1.666458755024489164e+02,2.050795913091419607e+02,3.286366034494810151e+02,3.692967001887307674e+02,2.556128079048449422e+02,3.535719334640836564e+02,3.493197034282247273e+02,3.981414470908502494e+02,2.933436174401914514e+02,2.959285369077433074e+02,2.687260513985859234e+02,2.850557398153777626e+02,3.712827701875343109e+02,2.453572795652120249e+02,3.420663786936453903e+02,3.013230912165445261e+02,3.243164370148113562e+02,2.707442952839689951e+02,2.603582240128392868e+02,2.761819946993829262e+02,2.909391608176900377e+02,1.887155091332627990e+02,2.839448425936183185e+02,2.361252773366319673e+02,2.863053766439144852e+02,3.616822109248342372e+02,2.551673079749109547e+03,2.572108820699593821e+02,2.614538847985666052e+02,2.485448407843486791e+02,3.801799447624112531e+02,2.432425261498924556e+02,-1.913592582097536265e+01,1.327205033397752914e+02,7.345601119995390604e+01,3.927198245541565029e+02,9.121986165070086372e+01,1.344581391649309126e+02,1.191923855775076504e+02,-2.257108680173410065e+01,-4.428164032376750470e+01,-9.825007575246634417e+01,-2.899615743826469583e+01,-6.631661807732986347e+01,-8.055691081209486208e-04,-1.039160742408607807e-03,2.951371552044201743e-04,2.037095303915564099e-04,1.375867122927305841e+00,-5.492271919361103727e+01,1.383456970325884186e+02,5.363923086649912193e+02,3.621578457241358819e+02,2.702531356101227971e+02,2.459279452766214433e+02,2.859034106950684873e+02,2.763229172056159655e+02,2.911675295152747367e+02,2.898468107725332175e+02,3.860862905886564249e+02,3.624104674893212632e+02,2.538696138699781102e+02,2.175017786454653788e+02,2.096744684286579457e+02,2.039521635746599770e+02,2.010035305922710336e+02,1.860390479853911927e+02,2.001824304869534785e+02,2.333504584778678463e+02,2.374321324394727526e+02,2.476728908032278298e+02,2.478619315703149084e+02,2.481823147638380362e+02,2.390277081329371072e+02,2.657217022185045607e+02,2.618918108924104331e+02,2.129886428549011725e+02,1.822093762315538470e+02,2.415678260114225395e+02,2.310255139185640871e+02,1.993826204765528871e+02,2.536748192128586652e+02,2.422880176489013877e+02,2.057510923318233722e+02,1.906899184211749798e+02,2.011796517350748559e+02,2.568487600760349778e+02,2.213689716746460761e+02,2.581837028762862474e+02,3.819063360390551907e+02,-6.261732089038316218e+01,9.568725351512975408e+01,1.209336265322445598e+02,1.229785555707912579e+02,1.393705535687656720e+02,2.834815628247341692e+02,-2.068436427598340543e+01,1.725375237473805896e+02,1.171089823626893576e+03,5.412819364119659440e+02,3.431984929688150601e+02,3.223038363209493582e+02,2.683252550385343511e+02,2.751335826127755695e+02,3.006473170723196517e+02,2.996781359888088332e+02,2.632661409558739365e+02,1.847436446110797874e+02,2.544136370341656743e+02,2.525902280599259768e+02,2.185634957232569491e+02,2.272115598366436586e+02,1.747702226311162406e+02,1.801199900973967374e+02,2.185282406801894410e+02,1.992972483735680669e+02,2.034473505817182684e+02,1.922032601911955112e+02,1.979455233924621780e+02,1.808239784228686915e+02,1.786883119081851703e+02,2.152978404877891307e+02,1.772615526544144871e+02,1.718928482162352225e+02,1.785895922222152024e+02,1.940093740543923104e+02,2.186531456832040021e+02,1.893357715547336113e+02,1.820075740723840454e+02,1.901100452793625664e+02,1.728012971487071638e+02,2.471587032738841856e+02,2.172664608975993872e+02,1.805910553182982312e+02,2.272422122499447710e+02,2.038723718045703777e+02,1.531168653285633070e+02,1.406942775864543762e+02,1.813265805818061835e+02,1.910599483415073507e+02,1.575094759528528812e+02,2.329448604052873293e+02,1.570499547919980898e+02,1.856121189715221078e+02,2.179267400041967733e+02,2.008673790644292581e+02,1.996677872115380694e+02,1.904050707317433648e+02,1.920427278480107418e+02,1.807432696374414434e+02,2.108359714322724869e+02,2.427350876115530411e+02,2.186685096481022583e+02,1.896731236890896071e+02,1.993439505604374062e+02,2.081289147278090184e+02,2.060675740552383957e+02,2.248243696764268975e+02,2.133395772548594778e+02,1.850259261859014828e+02,1.838468871358272168e+02,2.102056921767136544e+02,2.244823296242976198e+02,2.100830518813724268e+02,1.530395513494904094e+02,2.086144936747497241e+02,1.810501371794060503e+02,1.827634624130469376e+02,1.919375823303382731e+02,2.246216513409087554e+02,1.862697181830228885e+02,1.799134067907943404e+02,1.720602901908641513e+02,2.031820383493893871e+02,2.396412931721436053e+02,2.488809308880676667e+02,2.372391627800004130e+02,1.814063371626729406e+02,1.751820741725179005e+02,1.979083329327176557e+02,1.944704984822287770e+02,1.646476378314281703e+02,1.761882202797269485e+02,1.993186213466862284e+02,1.879985694295247640e+02,1.932164717706798740e+02,1.985192122910894454e+02,1.867952777461020162e+02,1.835092566756546546e+02,1.893923310374338769e+02,1.721853226956371827e+02,1.859959127632642719e+02,1.989142885739273083e+02,1.829739200175524729e+02,3.868587090364378547e-14
3.456877444509967448e-26,-2.876490368512153536e-25,1.046557126202378573e-24,-4.486653184695217236e-24,1.540079075232612679e-23,-6.290677411248048072e-23,2.035526715017512117e-22,-8.323676119247210666e-22,3.079595661894163223e-21,-1.299479247294865553e-20,4.106451946779817774e-20,-1.508397689246169203e-19,6.571622463231510933e-19,-1.756137145307323516e-18,1.024340910154182055e-17,-2.864652807912629354e-17,1.206057358022459078e-16,-4.503069681779037419e-16,1.614702644822250218e-15,4.236815015794256118e-15,1.978872851678513811e+01,2.260189385374097171e+01,-9.501405478492166878e+01,-1.157290957879669833e+02,5.572320024010474526e+02,4.875811898241693143e+02,4.520696450581532417e+02,3.496577179658919476e+02,3.204573033117828800e+02,2.931522493199514656e+02,3.057665304673030278e+02,3.250755576164649483e+02,3.164522268384087624e+02,2.760778085875876400e+02,3.616590559121731303e+02,2.668702723232742642e+02,2.745834197376072439e+02,3.029948135044264177e+02,3.023815347882657534e+02,1.051414380930631438e+02,3.082285785111572523e+02,3.877000474033615660e+02,3.558375876313223216e+02,3.139187120605114387e+02,3.404943691812073894e+02,2.983520836459615566e+02,2.976834696739315973e+02,3.008079197169240047e+02,3.070554733673959618e+02,2.789228981563537673e+02,2.853219439758659064e+02,2.707419929559999332e+02,2.995538607301545539e+02,2.376584691308286494e+02,2.229848418676973836e+02,2.608301384394730462e+02,2.914390508182407302e+02,3.178321373766856368e+02,2.839102766457814937e+02,2.317676491114386579e+02,2.501759521405156761e+02,4.410762220157541833e+02,1.765869207149550903e+03,2.522874575549539315e+02,2.005839582158416761e+02,2.321163915838959326e+02,4.948698981781916473e+02,5.234774269483315265e+02,7.109499164496644319e+00,-4.434259444969718800e+01,-2.435265322589874515e+01,1.558736461130829127e+02,-3.053387882308119572e+01,-4.521188793698640040e+01,-3.971942097595311338e+01,8.385751712775219247e+00,1.645179270629781598e+01,3.650248428590059291e+01,1.166418526862244320e+01,2.463836582733875957e+01,2.992906544301300034e-04,3.860797918181585139e-04,-1.095804136783739771e-04,-7.599272234008362182e-05,-5.111741714572860529e-01,2.040522993370352367e+01,-4.589070841535894374e+01,2.726143672129438755e+02,4.874776456353181970e+02,3.614264700662824339e+02,2.741302909875781211e+02,3.069778514287921780e+02,2.259796403942449103e+02,2.357799729883318207e+02,3.592429564903204096e+02,5.085931198329956828e+02,3.864232001544344257e+02,2.883602684445683053e+02,2.270918689462556586e+02,2.342947821365831658e+02,2.255928819646644570e+02,2.053492380867705265e+02,2.095810731842315988e+02,2.615206643725966273e+02,2.782671947560210128e+02,2.719292354999710142e+02,2.761565206923792744e+02,3.132039688135036499e+02,2.842734869976343930e+02,3.010254332722479376e+02,3.343282794229852470e+02,2.720961611816287018e+02,2.163759393528017370e+02,2.122010347399162526e+02,2.394937207807432742e+02,2.084642054942686968e+02,2.194605037071353024e+02,2.939774041852383561e+02,2.815587104377488572e+02,2.752688212552262144e+02,3.701477156936120423e+02,3.856050225469218731e+02,4.034898822523020385e+02,3.414405233419772685e+02,4.029305010436902990e+02,4.791102885107171119e+02,2.087489176195975915e+02,-3.186269501563596052e+01,-4.064274826569845089e+01,-4.145053305924064091e+01,-4.708561789179885437e+01,-9.612069672247291408e+01,7.684784730262324892e+00,-5.809124068977187960e+01,6.313795090774362961e+02,2.657019221574349217e+02,4.430799033302720886e+02,4.171826520269429466e+02,3.106695302935266909e+02,3.019357629145957844e+02,3.771337715564235964e+02,3.387718205164950405e+02,3.204090719056176226e+02,2.460963503618536663e+02,1.763927514497090101e+02,2.010804555272871426e+02,1.979307420063981908e+02,2.021409396797745899e+02,1.926809476646229484e+02,1.703641870760228301e+02,1.849130202819339672e+02,1.540736571487927620e+02,1.446926991651278342e+02,1.836068186298776652e+02,2.116969770923768124e+02,1.750764382708889570e+02,1.921690625865130073e+02,2.174960268973926247e+02,1.636925172115958276e+02,1.937412715160758694e+02,1.533152668840109527e+02,1.666628332836982906e+02,2.202870653424870966e+02,2.062813749555175207e+02,1.548727027020924538e+02,1.928926264809265376e+02,1.674862442296826828e+02,2.084816942453802255e+02,2.053037321917026645e+02,1.690414764813967565e+02,2.400467788992211524e+02,1.980028277496892031e+02,1.580543780067674220e+02,1.696494469502397919e+02,1.838635137736016532e+02,2.080835206417400229e+02,2.078922108078312192e+02,1.945916249100374387e+02,1.684786816267415759e+02,1.650437636259396470e+02,2.355689305417514845e+02,2.088514120137603527e+02,1.870255978888720847e+02,2.198846434553841220e+02,2.459686744142357497e+02,2.100663868578722315e+02,2.058729144251142316e+02,2.140302918863444290e+02,2.234058502136055893e+02,1.943329239241602693e+02,2.064872568299288673e+02,1.961042158252158458e+02,2.409117607827249401e+02,2.362205497335070561e+02,2.110826562213034094e+02,1.985773148492763767e+02,2.217239915767658829e+02,1.974485270430413948e+02,1.923520667690366679e+02,2.219230599479635373e+02,1.928095894129557735e+02,1.949700997605957866e+02,1.681813212620311049e+02,1.713573101103343106e+02,2.024028788121668754e+02,2.251995579800084215e+02,1.891234468261661448e+02,1.893705604943469893e+02,1.911094295708278707e+02,2.253133425614538510e+02,1.919219308965002710e+02,2.112445169684665700e+02,2.162065672973542689e+02,1.822726143583407463e+02,1.949838357739226637e+02,1.916694825153478519e+02,1.854779993574807975e+02,2.025835467620542261e+02,1.889274919556199279e+02,1.873130602610138169e+02,1.898755037899901765e+02,1.942526028785283927e+02,1.995867737505567732e+02,1.802474564442706537e+02,1.658891392011776134e+02,1.949594488943346846e+02,2.253333095276890390e+02,2.133300240521633384e+02,2.127184530765743773e+02,2.148895858222639390e+02,3.031036752100005708e-14
-1.350212349269579697e-25,7.138417530403041560e-25,-2.196895545853045737e-24,7.375806788530260864e-24,-3.123543951789488358e-23,8.530590739348117945e-23,-4.861776605298247290e-22,1.779995395920727174e-21,-5.813240755500480606e-21,2.306115440218300688e-20,-1.014662116669953825e-19,3.607808356371867021e-19,-1.368762185193889037e-18,4.734797144768442604e-18,-1.377571879018061586e-17,5.687329105086703974e-17,-3.243060670068090000e-16,6.835047411878138952e-16,-3.603202649216490108e-15,-1.959941894937320137e-14,-6.350836353265638934e+01,-7.253671335161543254e+01,3.629186080282860303e+02,4.391261325481436302e+02,6.714925871962019528e+02,4.177476540567344614e+02,3.771424349109585137e+02,3.723556226844411299e+02,3.464404596030902894e+02,3.351833642852674302e+02,3.368944385094100085e+02,3.052321749872044165e+02,2.677988004006897995e+02,2.259647958889755444e+02,3.396639963931251032e+02,2.742178877953757024e+02,2.915429574929418663e+02,2.836659343656681926e+02,3.561781851724277317e+02,8.598179022115640180e+01,2.862663841933960498e+02,3.263149521377002884e+02,4.243910599531651542e+02,2.802548206894349505e+02,3.501123716392050937e+02,2.752019069779153710e+02,3.585412848250264801e+02,3.363379444976006880e+02,2.274389004195670339e+02,2.578514492383269499e+02,2.574120878350470321e+02,2.681812812232296892e+02,2.715805031692623857e+02,2.770648806016232015e+02,2.668625674165060673e+02,2.455508915771727629e+02,2.627385611977389885e+02,3.002204693402801468e+02,2.426860172161375715e+02,2.457835497837466789e+02,1.930872521421281363e+02,3.535101660219910400e+02,-6.378184193646354139e+00,2.366943617376676912e+02,2.455458548533232772e+02,3.111756586483099341e+02,2.103608977127817639e+02,2.629291627570093510e+02,-2.215266478785675286e+00,1.381681899020899529e+01,7.588103622337038168e+00,-3.927980850597685247e+01,9.514127037713278057e+00,1.408768430458602872e+01,1.237627289930014562e+01,-2.612937170847181356e+00,-5.126254889925145442e+00,-1.137389963515025748e+01,-3.634472430059634718e+00,-7.677129521675926327e+00,-9.325854026743123678e-05,-1.203132938323944761e-04,3.391706172702969087e-05,2.467209810228464432e-05,1.592889150326995407e-01,-6.358106162556929064e+00,1.429949115199616827e+01,-7.033426913610225029e+01,2.502271121439658828e+02,5.105199692419960797e+02,3.720290234460674696e+02,3.933404010162761892e+02,3.235074668972184213e+02,3.296673708151679989e+02,1.899400640313033364e+02,2.657948084941907041e+02,4.226177395236275629e+02,2.987936759396188222e+02,1.980573873182777334e+02,2.369320622214867740e+02,2.556577840575223206e+02,2.809541090679605873e+02,2.728194232351664255e+02,2.519482720289574331e+02,2.632136377017784525e+02,2.492053460035556895e+02,2.743449081193185179e+02,3.077877024671262234e+02,2.968886352085505678e+02,3.456960558760991375e+02,3.583042050141822301e+02,3.097935449660853919e+02,2.889591969394145963e+02,2.468773857100820805e+02,2.166327134888263402e+02,2.330618593740440190e+02,2.950581549873103313e+02,3.665586725282627754e+02,3.451210511181323000e+02,4.056473794663726267e+02,2.470554161941272184e+02,2.578337308691072280e+02,2.417132110933462741e+02,2.143896812103302523e+02,2.500114363113373770e+02,2.519211520987974495e+02,1.970927822156292279e+02,9.928176146025073479e+00,1.266397474607256157e+01,1.291567440703777514e+01,1.467152446696429635e+01,2.995048630449100102e+01,-2.394521136852233223e+00,1.810079378010109252e+01,-1.636526964819070145e+02,-6.834670118733090760e+01,2.189661706521390556e+02,2.232442266867084300e+02,3.492025813950151019e+02,2.996590113676895157e+02,3.497637314669770490e+02,3.501843385353035956e+02,3.140631353853685255e+02,2.504225195163035096e+02,2.033711480625246111e+02,2.504182513113087225e+02,2.052337974788899828e+02,2.022093254163654024e+02,1.852998453732305109e+02,1.617094777234329968e+02,1.933334053690669521e+02,1.786025594073821594e+02,1.561814707472198336e+02,1.593002111810551753e+02,2.070328971301224783e+02,1.718172737411439641e+02,1.863261426554605578e+02,2.396376319517011950e+02,1.767722215676641042e+02,1.959249686297767710e+02,1.676141671221065792e+02,1.804957886082703453e+02,2.132167536380034107e+02,1.749452774541853159e+02,1.689844966122041399e+02,1.949379322601292301e+02,2.024849229897157841e+02,2.033010280875202795e+02,2.103234421267940490e+02,1.827282998195871926e+02,2.049138859183530883e+02,1.575398200388177088e+02,1.742908819592286989e+02,1.994591555842698369e+02,1.855224905356247689e+02,1.965797614086786496e+02,2.100199171662088418e+02,1.496674446225487429e+02,1.790799299336472075e+02,1.907830943539018449e+02,2.536322743061466554e+02,1.959808245989837872e+02,2.178060557266293813e+02,2.202587287306833161e+02,2.319038400739884196e+02,2.216372275952910229e+02,1.986262543119470081e+02,2.225157933496529097e+02,2.297291154653885883e+02,1.954557539761891292e+02,1.829934481099824950e+02,1.998058345084703831e+02,2.737876300018212987e+02,2.147772552208460581e+02,2.106626848468455933e+02,2.240066087418080656e+02,2.023542821310410034e+02,2.025172084243714039e+02,1.824201123913132108e+02,2.117297183208572164e+02,2.219046698581459509e+02,1.980391144759773283e+02,1.816758843048648373e+02,1.854930374263322790e+02,2.074700138379096472e+02,1.879750443301069254e+02,1.912781814779824288e+02,2.023943661814243740e+02,1.829706798143607784e+02,1.944995433796559610e+02,1.823760788514320836e+02,1.938008566957096832e+02,1.866145832342398023e+02,2.019178232311468832e+02,2.117103095130452175e+02,2.006503993317993206e+02,1.842373456049755873e+02,2.215681775615370839e+02,1.859098068011435316e+02,1.762954824007559580e+02,1.938051632947259293e+02,2.078609185789001685e+02,2.269606842825751585e+02,2.072205482719501788e+02,1.893531944575947250e+02,2.023379439401077491e+02,2.050945613451793008e+02,1.964776360622823859e+02,2.028069002570010184e+02,2.244557477590318229e+02,1.927863973417754355e-14
1.460586192074680000e-24,-3.299614153989204325e-24,1.649415894606204661e-23,-6.641387467095264145e-23,1.894363145720056840e-22,-8.842195627067793062e-22,3.634060018504735607e-21,-1.164238521311458163e-20,4.213973308467757830e-20,-1.516821482093601815e-19,6.527067560468119894e-19,-2.377088559212627623e-18,8.647700892252767771e-18,-3.130993085507810307e-17,1.270749022832788732e-16,-4.076413968204333063e-16,1.683251405196551036e-15,-6.103970140344230932e-15,2.561834165846779011e-14,1.546752979235976769e-14,1.863991286780156713e+02,2.128976318642787078e+02,5.858082521942510539e+02,6.427898382368132388e+02,6.312233834301748630e+02,4.514157451372545893e+02,3.620315694807575255e+02,3.744479332194692347e+02,3.876981859949772797e+02,3.661566150342067658e+02,2.926246434668716461e+02,3.167663700428791458e+02,2.243505097567154962e+02,2.714216385264900850e+02,3.147497654705854870e+02,2.874331581640760760e+02,3.221016574679774749e+02,3.402676596186621509e+02,3.638289427187819456e+02,3.429097009712418753e+02,2.777941558134597813e+02,3.392325746835834366e+02,3.955840556973127491e+02,3.457106306463061856e+02,2.592228730972763060e+02,2.570195330790709818e+02,3.162041209666615487e+02,3.287531349644489751e+02,2.369576506492966246e+02,2.254449327657453921e+02,2.581086156650461589e+02,2.731353691439824729e+02,2.703614123540135097e+02,3.402109590615691559e+02,3.292024952662108603e+02,3.228637534729741105e+02,2.548550131895555637e+02,2.017095740890647733e+02,2.344156380769752559e+02,2.248250372466837348e+02,2.374938579444808795e+02,2.253893877099654617e+02,3.764629500992774638e+02,2.211983084700792972e+02,2.581602561777908704e+02,3.826385711686506284e+02,6.079222033517218193e+01,-4.712948507903205098e+01,5.830191477565567215e-01,-3.636343577441786934e+00,-1.997055321006327544e+00,1.033775425995773567e+01,-2.503950784937226004e+00,-3.707630562237699046e+00,-3.257217197498641692e+00,6.876790612555143678e-01,1.349140047547382260e+00,2.993410245619206211e+00,9.565292047320045343e-01,2.020485374015285274e+00,2.454890919934740436e-05,3.170127927459783927e-05,-8.314848729201245334e-06,-9.164887117105769722e-06,-4.195132011165542130e-02,1.673314621139996516e+00,-3.764158374281588504e+00,1.850309225097391774e+01,-4.508926704455765844e+01,3.547643879986629827e+02,2.660803718061462178e+02,2.697716937592376212e+02,2.739199153755834004e+02,2.859505072710574041e+02,-3.440174283719618842e+01,-4.803963891472015746e+01,2.682457866900366525e+02,3.046365714806076994e+02,2.276840328360073897e+02,2.361769654580383531e+02,2.662597587952973299e+02,3.266590111824399401e+02,2.963810300623779312e+02,2.962976103485729595e+02,2.418884391919098960e+02,2.615237779409438303e+02,2.559695831003861031e+02,2.584744431053066478e+02,3.753232007478997616e+02,4.238541359472292811e+02,4.053213643424929842e+02,3.487141775769136416e+02,3.303705430530681042e+02,3.099461637054498055e+02,2.928723868208168142e+02,3.036641409902497344e+02,3.867967826684065926e+02,4.450729988918790809e+02,4.436356831036172252e+02,2.773694352071848925e+02,-4.610848022669667756e+01,-4.813185240775538887e+01,-4.452586718326750770e+01,-3.973786174665763582e+01,-4.626844552852202952e+01,-4.558527860958519540e+01,-3.796826252562584614e+01,-2.612921155411415342e+00,-3.332935277065812052e+00,-3.399178180477422817e+00,-3.861287012432667254e+00,-7.882440853057389951e+00,6.301958234255982116e-01,-4.763810359774010905e+00,4.307050935606424957e+01,1.798764881444210317e+01,-3.922456697888198818e+01,-4.049869557716005630e+01,3.967042349371123464e+02,3.331577686701331800e+02,3.376284634191913483e+02,3.298444013156519077e+02,2.476146684396601074e+02,2.285241249966139208e+02,2.265118211961138286e+02,2.238245395348832005e+02,2.009525057998491206e+02,2.133928152576840773e+02,2.055300978444684858e+02,1.927557948380037374e+02,2.498346950967092255e+02,1.947590609241776178e+02,2.004337026155929493e+02,1.467821151184177211e+02,1.759187550605408603e+02,1.628580534562775597e+02,1.800198823250649127e+02,2.270914564683837966e+02,2.195587598799244802e+02,2.496423060866238472e+02,1.936496933366603912e+02,1.748540319715819180e+02,1.970075824705542402e+02,1.487009072525234785e+02,1.637744149029500136e+02,1.728871809753763102e+02,1.837039052544566573e+02,2.463455787337344418e+02,2.069684296766001523e+02,1.978149714040462186e+02,2.098828455386141627e+02,1.773309703853255996e+02,1.898628092579129429e+02,1.530812850690647338e+02,2.141469163493027281e+02,1.904804753100544588e+02,1.677623821622244122e+02,1.801025303946553606e+02,1.986527263985386469e+02,2.232701485067477165e+02,2.023802782600308490e+02,1.907549010178449009e+02,2.093460070974895189e+02,2.119649712148652441e+02,1.801255433054568869e+02,1.977634797705770495e+02,2.062117050627110757e+02,2.297511737103544363e+02,2.173249000916149782e+02,2.355220510731965362e+02,2.033620460307788562e+02,1.973866576917846771e+02,2.294192804157064813e+02,2.021398475540578374e+02,2.331644691899133761e+02,2.351720481039535287e+02,1.706421487213354737e+02,2.160042628611344355e+02,1.729034549416674338e+02,1.742893951287032621e+02,1.899813342369845088e+02,2.049312061762195469e+02,2.131850178899393597e+02,1.945543271955139915e+02,2.110755453583284122e+02,2.094332271376195820e+02,1.975143005949790052e+02,1.962349968279972927e+02,1.776219199853781561e+02,1.902023706125913236e+02,2.240556810503890688e+02,2.427385643505502912e+02,2.051888763031134033e+02,1.989407097015862576e+02,2.043259168620203923e+02,2.085963939118472297e+02,1.922703607296290897e+02,1.991177299134149621e+02,1.685386895866080579e+02,1.779130183288114040e+02,1.921823882002354082e+02,2.044897776502820363e+02,2.258812547117034057e+02,2.097584503914440575e+02,2.148306903498999532e+02,1.979786345834524468e+02,1.573227608836654952e+02,1.682597934529158294e+02,1.793079774733178340e+02,2.041962994127487434e+02,1.540543305522065405e-14
2.276344324610102498e-24,-9.208282344199792024e-24,3.429796294462966884e-23,-1.401843824952801762e-22,4.664798778395503282e-22,-1.752166134373404458e-21,8.031206697477550783e-21,-2.645490062993838208e-20,1.025538867287705376e-19,-3.189578695316676304e-19,1.397739668059064432e-18,-5.207685855717366945e-18,1.798264512109462609e-17,-7.263216704562155493e-17,2.168209960109520804e-16,-1.001947037212678894e-15,3.378079248634760237e-15,-1.387042026754649135e-14,4.710730005514057036e-14,6.008235696674961983e-14,5.154263309023134525e+02,5.886993467020907929e+02,-7.110700130522842244e+01,3.757469879121863254e+00,5.750061936091437929e+02,5.353470859574306360e+02,4.945295516544215388e+02,4.137782677749901268e+02,3.985989528109094522e+02,4.060288766022410414e+02,3.186928646077287794e+02,3.269346549394933277e+02,2.739034412594007222e+02,2.932546837972671483e+02,2.734354281051076327e+02,2.573669062626320851e+02,3.111642757931919618e+02,2.294309615212552842e+02,3.081240139894650270e+02,3.205996650712864948e+02,3.321726583060298026e+02,3.615723670219136352e+02,3.063303061471123101e+02,3.468539832872983197e+02,1.999336144088015885e+02,2.700126965218647115e+02,2.610299179731444497e+02,2.864255487419684414e+02,2.555925683202295602e+02,2.629820563701165952e+02,2.153822362415033922e+02,2.741431393725752628e+02,2.460344448246811169e+02,3.168169779045209680e+02,3.253433582008851772e+02,4.059941273353552447e+02,2.269541892542755477e+02,2.523838265009265740e+02,2.654522696924147454e+02,2.465588752169286124e+02,2.515877762581563104e+02,2.477374370346076944e+02,2.785164937158926932e+02,2.848648577822996231e+02,2.237780203113861148e+02,3.926655187075888307e+02,2.996876930029075652e+02,9.621998006051315500e+00,-1.190297128698425133e-01,7.423991709796535776e-01,4.077206098438747595e-01,-2.110565193923709781e+00,5.112088424097972483e-01,7.569531886236028351e-01,6.649963827652850545e-01,-1.403971473301514339e-01,-2.754416121302807330e-01,-6.111374184684564836e-01,-1.952859208265747826e-01,-4.125041170003638791e-01,-5.021902019627547184e-06,-6.547311449402430757e-06,4.534251687234072174e-07,7.306507907190326862e-06,8.624391552772192951e-03,-3.415704522797455289e-01,7.700889527523915312e-01,-3.762045141797972114e+00,9.198531764513328213e+00,-3.907290961767141368e+01,-2.947206793520615875e+01,-2.966445008484056345e+01,-3.118566674052584631e+01,-3.267859258480618223e+01,7.025161964641502443e+00,9.809569917081880419e+00,-2.910205093340048776e+01,3.099439800173518051e+02,3.388212327943182913e+02,3.077927146137737395e+02,2.595014601940460466e+02,3.483147447675273156e+02,3.792844920119483163e+02,2.902465872649981975e+02,3.631205862891590641e+02,3.125105921281160022e+02,3.056736803118119497e+02,3.392321225809005227e+02,3.534575841409396162e+02,3.777710764789828772e+02,3.293983252802497077e+02,4.104707600311877513e+02,3.804824564655504560e+02,4.280890875583789921e+02,3.761033454459998211e+02,3.185286374676448418e+02,2.888581701464387379e+02,3.139637237757396520e+02,3.508868323073091915e+02,-3.044270951310572570e+01,9.413548737567966285e+00,9.826642220231859071e+00,9.090441028888697872e+00,8.112917589925304540e+00,9.446207433260539688e+00,9.306731307235899919e+00,7.751634470738664184e+00,5.334561939461539559e-01,6.804550887889667665e-01,6.939792641440261090e-01,7.883238178381459793e-01,1.609286197765156690e+00,-1.286613547275955449e-01,9.725838366878665209e-01,-8.793313848011758083e+00,-3.672374513170537647e+00,8.008122855893009984e+00,8.268338267396037722e+00,4.278774345004212023e+02,4.008383389231586875e+02,4.153579406841939772e+02,3.086957038181320740e+02,2.368645665459431484e+02,2.624118989318214403e+02,2.203417520312017928e+02,1.894751055971979383e+02,1.743245531918996676e+02,1.861413381629326409e+02,1.993127547007825058e+02,2.033202199004421118e+02,2.135982759613019368e+02,1.369169192583683810e+02,2.156814759872164018e+02,1.534447853137186826e+02,2.024515708125347544e+02,1.629480504594054935e+02,1.775918144463921067e+02,1.735633360806417897e+02,2.288203051993555732e+02,2.397150847547085277e+02,2.034249975824940861e+02,1.414518472101223097e+02,1.521476705107778002e+02,1.514851858412732781e+02,1.565250376718469454e+02,1.868806327687058513e+02,1.828165452006747103e+02,1.988204352307634224e+02,2.008975298232794842e+02,1.859282824834158419e+02,1.848118753296716363e+02,1.760498518187871184e+02,1.777144935596656126e+02,1.874106282536463368e+02,2.116757028594699079e+02,1.964886216019969822e+02,1.839854899860283695e+02,1.921922919099606872e+02,1.936484035396955221e+02,1.901550321629644316e+02,1.580631885225253370e+02,1.985162660436990620e+02,1.772648440306527107e+02,2.349010639489206369e+02,2.173491203258401185e+02,1.923022205048884530e+02,2.300749836807815143e+02,1.951560823381417720e+02,1.760787843722595198e+02,2.392264956784337357e+02,2.181224539499988566e+02,1.878420996705253856e+02,1.587816781327700539e+02,2.168945912268103484e+02,2.662304432780046568e+02,2.267387900400104854e+02,1.972700584648932534e+02,2.057279914239601339e+02,1.851313629973051889e+02,1.691930313973068394e+02,1.619989065340432717e+02,1.638325793739585947e+02,1.955899757295979668e+02,1.862542681886862397e+02,2.126870520899512655e+02,2.222191795474405751e+02,1.825345483982730457e+02,1.708560014327675276e+02,2.078118400697597110e+02,2.227602917203348341e+02,2.379147357540510370e+02,2.200656909386792393e+02,2.119236737522529666e+02,1.908424135818354159e+02,1.955231086075628468e+02,2.006108676087437743e+02,1.803506933855563261e+02,1.904501419622789058e+02,1.764533912954192090e+02,1.748641664554829731e+02,2.045686130749261054e+02,1.842402720876978037e+02,1.933632637928708959e+02,1.942810585591436165e+02,1.977151032541158600e+02,1.951597490317982420e+02,1.966657049977022496e+02,1.950412480534149893e+02,1.832381595563822145e+02,1.886824640851513095e+02,1.210187905233063069e-14
-3.142923319937149533e-25,6.300710874979976947e-25,-9.329134980106341717e-25,3.566859377331133156e-24,-2.925779655689218346e-23,1.461622471748907337e-23,-3.360907814041008055e-22,7.573386238315900373e-22,-3.844699126596074008e-21,3.637960702162474467e-20,-5.993506893690851963e-20,5.472564847509556843e-19,4.865499729816623154e-19,8.809362438422048630e-18,-1.029498774270436872e-18,9.440479063317361307e-17,-6.520638953900330737e-17,1.257563051522112945e-15,-2.349084508842317708e-15,4.208075274407912952e-15,-1.774978113942742297e+01,-2.027309032287462998e+01,6.118822793865006382e+00,4.993441055870632113e+02,6.539630978010574154e+02,6.384869690302359686e+02,5.154890825122972728e+02,4.641289869153433756e+02,3.737750456944134498e+02,3.298732831959563327e+02,3.838064013474667036e+02,3.373662483413738187e+02,3.777142973208956391e+02,3.370441295434094400e+02,2.840308256284226900e+02,3.049683549911873115e+02,2.989090762441295510e+02,7.823450462927779014e-01,2.814792513843837582e+02,3.055235846155468948e+02,3.056322762756907423e+02,2.731228538751753945e+02,3.004294595160722565e+02,3.356435353467070399e+02,2.773812269430662809e+02,3.068025886319141478e+02,3.277940609829526579e+02,3.421610294283000258e+02,2.947032050895981001e+02,2.549009050942862302e+02,2.449916093418723619e+02,2.987968001945485526e+02,2.483699450562297670e+02,2.970131193189245096e+02,2.707459024558929741e+02,2.996170074838909727e+02,3.048987292866789289e+02,2.291148149869978852e+02,2.495711214866405498e+02,2.617159064208694872e+02,2.236043545888588255e+02,2.465867350840714778e+02,2.906402568331328666e+02,3.092964758332246333e+02,2.903394746494992091e+02,2.596604374254667960e+02,-1.078734282405753220e+01,-8.279817690512056849e-01,1.024261614681085293e-02,-6.388413077285545749e-02,-3.508473449475814354e-02,1.816160730561398873e-01,-4.398999146147605094e-02,-6.513651964252181736e-02,-5.722354488225971092e-02,1.208128111664920692e-02,2.370197789161580457e-02,5.258901296773294681e-02,1.680458117196070161e-02,3.549636496827243692e-02,4.402672609669618254e-07,6.246388865578229136e-07,9.747863334151505886e-07,-5.057830059682276539e-06,-7.906800722202857266e-04,2.934766336355291994e-02,-6.756656535693135457e-02,3.110459120652157572e-01,-7.858922676888766556e-01,3.361122046803751928e+00,2.534468842191762494e+00,2.550699552993206165e+00,2.681804733446503608e+00,2.810630847480668937e+00,-6.058834774588808258e-01,-8.455518428440204071e-01,2.502323440758500883e+00,2.634498848959041197e+02,3.409762373888310094e+02,3.331425058692793755e+02,3.663145125691538624e+02,4.217903767839463285e+02,5.187968244016307153e+02,-8.886157246603870519e+00,4.703165650134608882e+02,3.590950386021943359e+02,3.175238841886195473e+02,3.089952384189615486e+02,-1.081448025027545690e+01,-1.143768635416186719e+01,-9.781702625887449543e+00,4.621589859615370415e+02,4.083412775552854441e+02,4.115971959883233922e+02,2.868764748655940480e+02,2.264589959993789421e+02,-8.365295684886454808e+00,-8.964936564644387929e+00,-1.031982592686852662e+01,2.619623120658574056e+00,-8.100445173646155794e-01,-8.455915917145923055e-01,-7.822407954741152913e-01,-6.981240474751325698e-01,-8.128548574616270006e-01,-8.008526829952584691e-01,-6.670351786593761156e-01,-4.590428472054398218e-02,-5.855380916809945629e-02,-5.971754811405799446e-02,-6.783598322701413219e-02,-1.384805502922627496e-01,1.107143542031266588e-02,-8.369176104285201701e-02,7.566727125459468128e-01,3.160111802124795921e-01,-6.891063535745517443e-01,-7.115699771961501163e-01,3.975453907863411587e+02,3.354045530287403949e+02,3.388304363989199715e+02,3.481290885506878112e+02,2.857215484124656086e+02,2.689284057583478784e+02,2.017319464557113236e+02,1.940378877741767383e+02,1.726995140913365390e+02,1.731952098234870903e+02,1.927257011896541599e+02,2.026549653729026090e+02,1.585991528839839191e+02,1.687227378245939349e+02,1.792251095297215500e+02,1.807268938739405826e+02,2.169510440302773588e+02,2.009532092240883969e+02,1.744006604653411046e+02,1.644233355983685954e+02,1.716068626546035887e+02,1.467247926395218371e+02,1.771698877939834915e+02,1.576333677290160153e+02,1.316452525108745704e+02,1.035340725172018352e+02,2.123498643737027010e+02,1.973438110137442152e+02,1.948571922257644360e+02,1.408078904290684648e+02,2.059162185062410799e+02,1.654165353796454099e+02,1.378342355368053234e+02,1.730093074659781394e+02,2.195987817478696513e+02,2.577735243373868457e+02,1.497704194910234605e+02,1.798193834084965772e+02,1.778200846816508545e+02,2.069190174492007657e+02,2.086817026641427333e+02,1.717946370612627334e+02,2.110256709877758965e+02,2.452140735737040416e+02,2.019535674345180780e+02,1.995401372809182590e+02,2.288049352677390686e+02,1.840695902625282656e+02,2.411777128411571880e+02,2.343629588758613238e+02,1.807747651916747600e+02,1.815031732364650736e+02,1.770211313461952045e+02,1.932934066497010406e+02,1.712616631209779712e+02,1.825653415058093856e+02,1.988842795649923687e+02,1.732854292983323887e+02,1.782960826586470091e+02,1.984621461350989762e+02,2.228763495883113421e+02,2.288343879602516608e+02,1.775662254511787808e+02,1.626940392425927371e+02,1.830979267447892482e+02,2.076981662731002132e+02,1.795859061451363345e+02,1.807181621628131154e+02,1.846929854764048855e+02,2.223761491897808185e+02,2.083981550336508235e+02,1.862779913993651633e+02,1.904488042112377286e+02,1.935664754036955628e+02,1.865799975651527234e+02,2.210854858718077480e+02,2.112484949793578437e+02,2.082060243359629510e+02,1.868049573628211704e+02,1.972303301801675843e+02,1.925668575889082490e+02,2.000754335930671459e+02,2.041678465215315725e+02,1.863243119858525461e+02,2.086448595740801295e+02,1.869648320590556807e+02,1.529009662295599128e+02,1.723788176663184970e+02,1.549901161055318539e+02,1.863948694640416193e+02,1.825586363420202645e+02,1.785189466863656662e+02,1.552862624115774720e-14
-6.429276464579810708e-26,2.085671380358308363e-25,-8.612564605624589905e-25,1.695188578480434350e-24,-1.344167154876337217e-23,3.992228236970046992e-23,-1.938103431518375900e-22,5.417588269002413672e-22,-1.817715009289158958e-21,6.305584736629243542e-21,-4.680390910512786546e-20,2.736601594082281160e-19,-2.279088355856217799e-19,1.810268781934210866e-18,-7.155467827289943080e-18,2.700133790741052781e-17,-1.571199765543498406e-16,1.660629758398102631e-16,-5.505000137043114138e-16,1.536984817666525677e-15,-1.160618059187718032e+01,-1.325611541880177668e+01,4.000959887755632494e+00,4.403085027378093486e+01,4.489534465341113645e+01,6.696260357812325310e+02,4.681770400599980917e+02,4.108338800124728323e+02,3.685002057451840187e+02,3.331438848703162421e+02,3.698898883472003263e+02,3.564071734296236400e+02,2.565616096558979962e+02,2.932962796977872131e+02,3.623679561002195442e+02,2.791934677864490482e+02,2.680406679754980814e+02,2.465947832977246890e+02,3.047827192659188995e+02,3.016547341373503173e+02,2.876524143882555791e+02,2.708584444120470494e+02,3.093545488771673604e+02,3.590327068346334727e+02,3.580751352817532052e+02,3.286593913267791436e+02,2.760914771792093916e+02,2.589341726269471451e+02,2.277217479090879522e+02,2.589612225307145650e+02,1.950951457813357308e+02,2.491434779162742927e+02,2.705175021677467271e+02,2.722844115623708490e+02,2.422352871449143379e+02,2.872441303222750548e+02,2.799856859483153926e+02,2.296408266355532817e+02,1.973927123070045866e+02,2.197935725660825597e+02,3.031528043884753743e+02,2.535966007667819326e+02,2.369383573365409177e+02,2.444755334301875394e+02,2.963105015283116472e+02,1.483936108690011935e+01,-7.053599587254969272e+00,-5.413985602818551790e-01,6.697415083997197184e-03,-4.177238885004389002e-02,-2.294112305615889774e-02,1.187546380498449572e-01,-2.876406611867063021e-02,-4.259131113952289993e-02,-3.741715355836752743e-02,7.899543674719062061e-03,1.549803382543573672e-02,3.438722107491121172e-02,1.098842198845310925e-02,2.321031028374078570e-02,3.360968109388148641e-07,7.716997745523716608e-07,6.651380302184637384e-06,-2.958106781058379492e-05,-8.049714078026128875e-04,1.892408724037175291e-02,-5.189022399902618737e-02,1.281577555250974498e-01,-4.803617416202853319e-01,2.191012614095345423e+00,1.647564434636247244e+00,1.656255625154516187e+00,1.743187086799488306e+00,1.829550071693655466e+00,-4.042520581278868375e-01,-5.613662174234880231e-01,1.624735407913540985e+00,1.661780726083068771e+01,2.227959038902898214e+01,2.228768665447464770e+01,6.310674582707298441e+02,2.910880006862804592e+01,3.717605613106724149e+01,-5.369941365820463552e+00,3.134099310274311279e+01,4.298975474168342998e+02,2.147321231268862363e+01,2.007771959813715057e+01,-7.048956454139451822e+00,-7.478733653206997012e+00,-6.395935219490432644e+00,3.135074841980854288e+01,2.740037639239808698e+01,3.844937545477340564e+02,3.111195917131240662e+02,1.335082819006746213e+01,-5.469877160459558851e+00,-5.861968775793512165e+00,-6.747900986833819559e+00,1.712912314944001979e+00,-5.296697932894386396e-01,-5.529132252530755132e-01,-5.114895284327624081e-01,-4.564877381163250369e-01,-5.315075851096859871e-01,-5.236588890636280080e-01,-4.361586912957768902e-01,-3.001511610508134087e-02,-3.828715194567432201e-02,-3.904792387107416246e-02,-4.435638258949640977e-02,-9.054926777136662608e-02,7.239406603540215514e-03,-5.472431832545435193e-02,4.947710420299744616e-01,2.066324431666537453e-01,-4.505912081573201222e-01,-4.657058757675478500e-01,4.653091136859391668e+02,3.444319312958121486e+02,3.088198442338795076e+02,3.171766125897095776e+02,2.623593041742763035e+02,2.646533764444283747e+02,2.134581226094160797e+02,1.897230284686108632e+02,1.679638174202337950e+02,1.700935576157323510e+02,1.978726243201093098e+02,2.148721401219896734e+02,2.024046527800093997e+02,2.254743739756655430e+02,1.748657077450457109e+02,1.830911073382177108e+02,1.739734048749957083e+02,2.319159253344116962e+02,2.033157830921425671e+02,2.016397387205441021e+02,1.866648820433819935e+02,1.977677958494373627e+02,2.459529887415767746e+02,1.628067379062776467e+02,1.768309034733458134e+02,1.707056906915618697e+02,1.993995618075301195e+02,1.666654909826464177e+02,1.252913023342730554e+02,1.365242057443555836e+02,2.156186559373926173e+02,1.888910622836962432e+02,1.681781876287806483e+02,2.153464444648558924e+02,1.907939869997835274e+02,1.835596113804786853e+02,1.792112123438722904e+02,2.071994201641112738e+02,1.910312806848019420e+02,1.983073465043181614e+02,2.130609264180535547e+02,1.676324273054651997e+02,2.072328675477221225e+02,2.216697992217436024e+02,2.264003918949862566e+02,2.150758014038709689e+02,1.987394398644649414e+02,2.062943361867872341e+02,2.122195819684920082e+02,2.013092326559614662e+02,1.890860560314311272e+02,1.864634292190731912e+02,1.914699665551703163e+02,1.607188970657549589e+02,1.832423451958052283e+02,1.751197201505555938e+02,2.080947283498679496e+02,2.153366511375566006e+02,3.210601330735541978e+02,1.739287714052568958e+02,2.144598911608935055e+02,2.877965434026756384e+02,2.212861347926402118e+02,2.312962253171705527e+02,2.745076494048634004e+02,2.426119604647821575e+02,1.696052180530406304e+02,1.765042128384261844e+02,2.016977993854476381e+02,2.110899341443106607e+02,2.158399007518005703e+02,2.448386252626687565e+02,1.837817394241021134e+02,1.955217169724412827e+02,1.902675137831807035e+02,1.525530381015576609e+02,1.996940862450374539e+02,2.174791643817544582e+02,2.110194459853131832e+02,1.681530534694408061e+02,1.777213966292019336e+02,1.894862707860904720e+02,1.909573270096732074e+02,1.855777279153836048e+02,2.111449718235171531e+02,2.067345886553665082e+02,2.172156415441687045e+02,2.091621440474182236e+02,1.820938480766034502e+02,1.849655661869223309e+02,2.019715764060737229e+02,1.902436009471859961e+02,2.006998294952276582e-14
2.138934626366016228e-26,-2.060966346541065805e-25,4.667531201113621768e-25,-2.479210729107960095e-24,9.033268315776178826e-24,-2.609291474737923735e-23,1.411693664880069764e-22,-4.456301298690021478e-22,2.147172097564177874e-21,-6.581341263887593473e-21,1.501964921579907511e-20,-8.052290057264122639e-20,3.006133268519517663e-19,-1.299807325758568970e-18,4.735985650309498546e-18,-1.541474455830610768e-17,6.707383542281046129e-17,-2.336360085713180399e-16,1.011235406934039512e-15,1.671554608706702653e-15,8.582878888997486300e+00,9.803021095309865984e+00,-2.958747185131435753e+00,-3.232092428019860364e+01,-3.287495555567674899e+01,1.155915371149984452e+02,6.574616974505778444e+02,5.108745523661855827e+02,4.461383313738541005e+02,4.967956518698216541e+02,3.656956677595138672e+02,3.071334780797669737e+02,2.831017414766592424e+02,2.841958676836450195e+02,3.016768951814789830e+02,3.014321609740071608e+02,2.678803260616822399e+02,3.228825671116286458e+02,3.054385823114263872e+02,3.170974476839291469e+02,3.198040920092430497e+02,2.979981972383783955e+02,3.244085973907260723e+02,3.560047071977525093e+02,3.927700833654601524e+02,2.982809285001188755e+02,3.381032907254409565e+02,2.588405901628721608e+02,2.538326380465105672e+02,2.726931673982880966e+02,2.788166989393505446e+02,3.053398060189935563e+02,2.282655890545023851e+02,2.332239615536702502e+02,3.370319691832904141e+02,2.763975413645007961e+02,2.647429040750326976e+02,2.835805705813720579e+02,2.403260418036371675e+02,2.455084601333379339e+02,3.406980723644318800e+02,2.815344271072463584e+02,2.734187606185544723e+02,2.412674724967580175e+02,2.285532977224246167e+02,-1.084203524841779398e+01,5.216202737218214480e+00,4.003692956189083274e-01,-4.952800650624014991e-03,3.089107192110511838e-02,1.696523529848494027e-02,-8.782011952492956020e-02,2.127133337346408942e-02,3.149677044039726759e-02,2.767012664592960122e-02,-5.840824610576490078e-03,-1.145982890830617683e-02,-2.543295923513395201e-02,-8.128112097716895176e-03,-1.716452872863214255e-02,-5.974206539290111766e-07,-3.199118229940742694e-06,-4.843385697368870324e-05,2.119838755994658775e-04,2.678886413704769341e-03,-1.207212696770527255e-02,9.415995066998009144e-02,4.495502869327894779e-01,1.127261025860551713e-01,-1.571440164491694214e+00,-1.148439099987654588e+00,-1.140961544411529749e+00,-1.213965303449044075e+00,-1.293218148820582059e+00,3.574017003786074120e-01,4.764864843022402208e-01,-1.118461203419519157e+00,-1.216875002116459115e+01,-1.630591618649238228e+01,-1.631266099557548799e+01,1.236792287633020777e+02,-2.074978248777369672e+01,-3.111762804748952860e+01,7.837042809463111714e-01,-1.429421607422056972e+01,8.634192353165344969e+01,-1.831077624414266936e+01,-1.747789672456988086e+01,5.050779752235964537e+00,5.529791166784571388e+00,4.729137627201515315e+00,-2.295450880538405869e+01,-2.005969075584804884e+01,4.070375545877976720e+02,5.682581001870719462e+01,-9.758457683500511237e+00,4.045021157915754451e+00,4.334976574903493862e+00,4.990136700627609834e+00,-1.266714516245858846e+00,3.916957365455155937e-01,4.088844983049418347e-01,3.782509736345967544e-01,3.375784411976228694e-01,3.930560595247887257e-01,3.872464812634478504e-01,3.225395786983490387e-01,2.219169858539914511e-02,2.831471883750018639e-02,2.887608193527496647e-02,3.280171893557939228e-02,6.696178831391377817e-02,-5.353936466177528115e-03,4.047035926068415224e-02,-3.658868092653687620e-01,-1.528057302572614629e-01,3.332174406625689200e-01,3.474787975240741233e-01,8.629208551202115984e+01,3.733126188268572037e+02,3.032743478832868504e+02,3.222565708725291529e+02,3.036596604307643474e+02,2.402013575311147520e+02,2.595452171118688511e+02,2.327754292393424862e+02,1.732511697615558148e+02,1.995935460908089283e+02,1.672040457709552754e+02,2.008589275241718042e+02,1.866340945261035245e+02,1.839291091447655333e+02,1.609701894817129642e+02,1.935089716640257507e+02,1.564543310755223615e+02,2.165477421724745568e+02,1.865423448964310467e+02,2.028848278959174820e+02,1.805559285984458313e+02,1.766502147376517939e+02,1.809637338429312763e+02,1.679803121954156495e+02,1.712716893442963908e+02,1.696231021422433116e+02,1.908884392982726297e+02,1.816212403835948237e+02,1.240188421418413753e+02,1.228322100752987467e+02,1.478811008161064535e+02,2.289041620383863176e+02,1.868955197163835180e+02,1.523460866451122229e+02,1.646596361469044325e+02,1.527973196808642058e+02,1.965469492195246062e+02,1.691281743888513347e+02,2.081197317660034116e+02,2.063696517990185839e+02,1.844854754085151853e+02,2.095653306546439012e+02,2.163573126706710354e+02,1.898023428318517176e+02,1.955616147920322021e+02,2.035567934312450120e+02,1.784435000240897580e+02,1.961946710368754339e+02,2.319005235352487375e+02,2.017516955871030007e+02,2.097970630383270247e+02,1.782834947597821440e+02,2.051609733476873032e+02,1.626498276186966052e+02,2.381507958971749304e+02,1.748173278197505454e+02,2.137165956766255022e+02,2.137049606133469695e+02,2.070373007198600988e+02,2.030547762036386530e+02,2.007270001246021423e+02,2.299212440829602428e+02,2.306989085827666770e+02,2.064717738352084666e+02,1.855651015655496963e+02,1.894005963462345790e+02,1.911007376155691304e+02,1.573930671227462881e+02,1.890608253657316311e+02,2.171971899253722142e+02,2.136583428134725864e+02,2.150149593823309147e+02,2.304380107720573960e+02,1.912433061855267340e+02,1.886422147032197643e+02,2.200737085558910735e+02,2.221805420467800047e+02,1.836368366157117009e+02,1.640382236277058610e+02,1.678274812470603479e+02,2.091559752615146124e+02,1.880210553153188471e+02,1.735977514001352233e+02,1.942499808248843181e+02,1.920572179937050805e+02,1.631355915351381611e+02,1.925916741279436906e+02,2.142069513386901178e+02,1.636954799846656954e+02,1.708580060415746402e+02,2.244155789497307012e+02,2.259644875873438536e+02,3.444769165467149383e-14
-2.671298896003891779e-26,6.596310062666719270e-26,-2.913878002768684043e-25,6.554026128562007964e-25,-3.250299523899788714e-24,1.298395240063054524e-23,-3.822296779953370480e-23,2.304066476896339668e-22,-4.326935866941711611e-22,2.524830887733975359e-21,-9.808905029600850941e-21,4.135954427321744544e-20,-1.462060305250648335e-19,4.257799377178975474e-19,-2.029346346677611611e-18,5.479155390764315255e-18,-2.703284515941692938e-17,7.894885525093906004e-17,-3.942554472271788675e-16,-5.453765853394711274e-16,-3.751916649244430246e+00,-4.285289182809797204e+00,1.293385700575398367e+00,1.412875743607395940e+01,1.437094647235810996e+01,-4.766198137496570553e+01,8.700762612628490160e+02,7.586390424098932499e+02,5.294061546614007057e+02,4.357073742425667433e+02,3.527872289641450152e+02,3.556171406300080662e+02,3.101603302269754181e+02,3.101489860911314054e+02,2.948731581445321126e+02,3.575839627141377832e+02,2.896840064563345436e+02,2.955176497169561571e+02,3.526562253116881038e+02,3.367567269096194877e+02,3.345767537753936267e+02,2.820238135095526673e+02,2.703443497820816219e+02,3.455155466895316181e+02,3.375274254321780631e+02,2.706574923253768361e+02,3.353320896949125540e+02,3.401295295679111632e+02,2.709725508302496451e+02,2.613019288523831847e+02,2.688680387877058706e+02,2.738868876633300147e+02,2.387340617886714824e+02,2.870385843479490404e+02,3.029086185924513188e+02,2.993514418007396216e+02,2.704528264731906120e+02,2.538538581602334716e+02,2.614489720731180000e+02,2.890904170343562214e+02,3.230302454917408568e+02,3.171395214369670725e+02,2.361751861263894909e+02,2.962322221086918717e+02,2.398361912507503177e+02,4.739483468071810535e+00,-2.280209017669789340e+00,-1.750173211828603970e-01,2.165064098104759523e-03,-1.350371418458362095e-02,-7.416445644009685666e-03,3.838946174924762200e-02,-9.298711383098980793e-03,-1.376892246332525951e-02,-1.209478931817162782e-02,2.548995750979719897e-03,5.004620364037254757e-03,1.113232187859885744e-02,3.562296692446319853e-03,7.504570154230427378e-03,1.806677604524282338e-06,1.304252068767285188e-05,2.139454786735893444e-04,-9.348521426538290843e-04,-1.040146563784695444e-02,-3.239135069975196402e-03,-2.882974650256092675e-01,-2.607887598861055256e+00,1.025030897698289367e+00,4.706022832526701727e-01,1.921469918755070727e-01,1.272797223645948383e-01,1.978096995591218932e-01,3.006173859890968192e-01,-4.151852427769544551e-01,-4.800774716000576481e-01,1.210285058624932519e-01,5.373195334258488387e+00,7.130904372945439995e+00,7.117872674252772036e+00,-5.158093597236930350e+01,6.560242578577677008e+00,3.080453214857087829e+01,1.377776136844963695e+01,-3.206589765985673779e+01,-6.881283921894700484e+01,1.947722431805342325e+01,1.997950470703487014e+01,-1.490278695492373906e+00,-2.413737269751213166e+00,-2.064120890021964971e+00,1.003760892191659160e+01,8.771919803597258536e+00,1.188284136717649631e+02,-2.349455562536808984e+01,4.265829114115214260e+00,-1.768221125132261928e+00,-1.894972166387182355e+00,-2.181390719224147290e+00,5.537305592933131626e-01,-1.712256476908849412e-01,-1.787396558864967344e-01,-1.653471358497107246e-01,-1.475755552722833874e-01,-1.718258751971441234e-01,-1.692623814401721938e-01,-1.409778043209492515e-01,-9.679784535761000105e-03,-1.238197192051774739e-02,-1.262189559890659722e-02,-1.433786842689342179e-02,-2.927058726502532529e-02,2.341869637958102907e-03,-1.769658113561331514e-02,1.599392232647749990e-01,6.679349879768206599e-02,-1.456671441913149900e-01,-1.655631973745744778e-01,-4.087064304223188316e+01,4.023419050716822198e+02,2.902232794755673808e+02,2.640187590148771051e+02,2.287283191041848340e+02,2.210582201414092935e+02,2.419856512806053672e+02,2.010854380383797775e+02,2.106032125695321895e+02,1.379706015479403050e+02,1.498811596202205294e+02,1.784033272580598464e+02,1.305300975109465185e+02,1.716134203646203957e+02,2.072560457779406704e+02,1.854895140408426357e+02,2.055154832018297668e+02,2.223557314228906421e+02,1.877062991879099343e+02,1.949388181043696022e+02,1.617396266908135374e+02,1.802178885162844324e+02,1.731992247000850682e+02,1.574415835385553635e+02,1.547683042608008748e+02,1.771813741197318279e+02,1.925622613518047785e+02,2.022964065810522527e+02,1.499239509870552354e+02,1.326413936068984754e+02,1.639001161794544430e+02,1.877437996743023234e+02,2.312310550246732248e+02,1.650282241951871356e+02,1.808782256713062395e+02,1.480690891989585793e+02,1.666257043736916899e+02,1.851617368420421030e+02,2.137765365087229554e+02,2.491295362875893602e+02,2.218759607753884211e+02,1.984391373099531961e+02,2.089715024896183309e+02,2.523869196454549808e+02,2.038869728442719520e+02,1.908445788708097552e+02,1.998559397794043093e+02,2.167240118212631899e+02,2.233383522260675136e+02,2.044185668020198534e+02,1.928431600056015895e+02,1.898946739154845886e+02,1.883944192030458282e+02,1.872748478275238995e+02,2.057987293252250822e+02,2.189335566044582038e+02,2.118560437019581286e+02,1.962876513803349212e+02,1.723265893218761846e+02,1.953189409870047086e+02,1.834394960346743062e+02,2.143828886091162360e+02,1.788611800330606627e+02,1.676016521260992818e+02,1.997011264665154329e+02,1.970638453336576674e+02,1.837223475626184666e+02,1.518835127553954578e+02,1.799818925974178967e+02,2.037441433687665722e+02,2.069337953064498379e+02,1.784460560327661653e+02,1.826883970934353556e+02,1.873829363772309193e+02,1.719258759366050242e+02,2.215025050836674723e+02,2.080414980659483604e+02,1.712467651719097148e+02,1.711820378422775946e+02,1.986714940838712380e+02,2.166417234074408213e+02,2.050151752462442971e+02,1.742027031381737174e+02,1.802465622235452258e+02,1.621180168255700096e+02,1.600940732257983257e+02,1.786054221365025398e+02,1.675278802854699904e+02,1.757842855851712329e+02,1.812273812335150183e+02,2.327223025178944624e+02,2.292982634907738486e+02,2.749136731618241627e-14
5.393506081227314190e-27,-2.735365178786672469e-26,1.064886579817709267e-25,-3.227819808166150841e-25,1.443133206707510512e-24,-5.747422775433144397e-24,2.282529511150108434e-23,-6.071248989983807988e-23,3.053793639456667872e-22,-8.864394964566466785e-22,3.677957165921471614e-21,-1.434775372405647863e-20,4.905437652040578429e-20,-2.370989474965072254e-19,5.939860359804478569e-19,-2.798154466744349940e-18,1.327483242784691431e-17,-4.053149723101220948e-17,1.324593749009366973e-16,1.326838635078486069e-16,1.307916976937067099e+00,1.493850476238698821e+00,-4.508738529281688390e-01,-4.925280447631590341e+00,-5.009707470350096337e+00,1.661495188261438471e+01,3.695911836918899667e+02,3.471959121561932875e+02,7.239719441626006073e+02,4.503438559470612859e+02,3.451300987835384149e+02,3.334519997657788508e+02,3.386919705245698538e+02,2.958028626393272020e+02,3.204613138052137060e+02,3.643833815029357766e+02,3.280060851449230199e+02,2.978203866008769296e+02,3.666345595435059295e+02,3.238469837555658160e+02,3.144225104469339840e+02,2.869202088356249760e+02,2.851569507096864413e+02,3.197812469418288401e+02,2.654930988472068520e+02,2.947059352151106850e+02,2.941155556422910422e+02,2.868329403110254248e+02,3.136481837053971162e+02,2.617641383679133469e+02,3.326444394220440017e+02,2.521511453719485019e+02,2.938719869884384934e+02,3.078968979333251355e+02,2.377671941823355439e+02,3.062521498343424469e+02,2.829111407342396092e+02,2.181559265818521283e+02,2.178780529429645014e+02,2.495031089899515564e+02,2.957578457747915195e+02,3.074548096921811862e+02,2.283570739259452012e+02,2.728059081213035597e+02,1.061204213037313764e+02,-1.652182480622252259e+00,7.948801312034343702e-01,6.101108614089757742e-02,-7.547355400569168062e-04,4.707397393580164437e-03,2.586334142057472151e-03,-1.338185758389540819e-02,3.242131149372671009e-03,4.801403306018171835e-03,4.212940241851460821e-03,-8.733011812479132092e-04,-1.726946568928805796e-03,-3.932963642235332881e-03,-1.274724359398924549e-03,-2.620660019592570104e-03,-6.172285457458246777e-06,-4.630401316153210165e-05,-7.658954999185351147e-04,3.346096719165794417e-03,3.672765252909540590e-02,3.167007313104566041e-02,9.867697596619496858e-01,9.556658787544325406e+00,-4.209959631183125772e+00,6.117643404941732754e-01,1.044299705106891407e+00,1.287814267622460651e+00,1.124740513600545055e+00,8.444582927776916881e-01,1.073370962346248625e+00,1.142022631605012828e+00,1.277138601670085860e+00,-2.065858067293221634e+00,-2.496381241543258245e+00,-2.434531209901753979e+00,1.901349830097770521e+01,6.715460813997431444e+00,-7.242670100894302720e+01,-5.544067724089425298e+01,2.055071258115722230e+02,1.935542650795797499e+02,-4.793319482807733323e+01,-5.121520845356911877e+01,-2.053976053798540757e+00,8.286839810381982918e-01,7.081742381295639266e-01,-3.510880842770566002e+00,-3.068767703502024879e+00,-3.598929017790734974e+01,8.192969572782256904e+00,-1.487139735887047509e+00,6.163367955187218916e-01,6.605222859044235229e-01,7.604469104293349879e-01,-1.930282300773294712e-01,5.968889057993123637e-02,6.230869805418336183e-02,5.763507827134162903e-02,5.146858534749521041e-02,5.991812753000200914e-02,5.893879691234241852e-02,4.908373465773425981e-02,3.298749522629080763e-03,4.332438038176996374e-03,4.396457701406880809e-03,4.994362902898215849e-03,1.019989745660995761e-02,-8.215811917555039924e-04,6.188325397844514006e-03,-5.573895771580093111e-02,-2.327004835002504171e-02,5.079598070553963812e-02,1.067252375294345940e-01,3.276746635119122431e+01,1.225466163633046222e+02,2.842075172815564201e+02,2.274570255702018642e+02,2.155257010214192519e+02,2.123604693162617991e+02,2.029258800169015444e+02,1.893478217852518242e+02,1.824703444540994610e+02,1.548019282382960569e+02,1.615439814079095981e+02,1.909704062883169797e+02,1.661933167070657760e+02,2.174305853017096695e+02,1.865265368506607899e+02,1.857560204108407618e+02,2.100013987668842788e+02,2.049558296507667023e+02,2.290306799723420852e+02,2.422916507281959184e+02,2.102075154109224400e+02,2.063459122345880132e+02,1.869589939741119053e+02,1.851294194331230187e+02,1.598269229893488728e+02,1.830315830327557762e+02,1.645090704510708974e+02,1.541690937954212757e+02,1.615087267847393662e+02,1.664000296448847394e+02,1.892324510910381150e+02,1.297252851621382206e+02,2.225072174460252654e+02,1.701658896679237216e+02,1.804761860705792742e+02,1.641458249929910380e+02,1.612372380076884895e+02,1.933093295276038077e+02,1.965831040366157367e+02,2.732949628061761018e+02,2.479473838307866345e+02,2.213064830123268791e+02,1.795874939948946292e+02,2.374382933382049146e+02,2.227037605102624980e+02,1.993703451551928651e+02,2.080161626303329854e+02,2.108940350024934958e+02,2.055015629861177331e+02,2.334268268549460856e+02,1.895739681934319094e+02,1.780155961598735246e+02,1.903906244790119899e+02,2.074857851447448240e+02,2.086407150841920100e+02,2.013979505341028187e+02,2.238158710851805893e+02,2.448401785959495669e+02,2.183574582182388326e+02,1.781585621461893822e+02,1.695627127001838517e+02,2.246352242589062485e+02,1.830383272655549547e+02,1.944347864019616168e+02,2.230823007608882165e+02,2.245145367508411596e+02,2.143704280572426057e+02,1.766959824298400576e+02,2.110691961958005436e+02,2.084114638513397040e+02,2.105824370959299472e+02,1.927041611023269638e+02,1.777538529915601941e+02,2.153483511263291916e+02,1.705008992555412703e+02,1.790847071692309100e+02,1.954723092255818528e+02,1.912890794865118664e+02,1.783040069789281290e+02,1.999060781916531653e+02,2.000275850505810524e+02,1.927157400650523869e+02,1.814091182307957695e+02,1.913009722479878860e+02,1.584967765694278796e+02,1.641046375657748797e+02,1.819702681805886471e+02,1.624166712156826975e+02,1.890392250377784649e+02,1.746043406627409240e+02,1.964597507742158768e+02,2.183622803515612816e+02,2.285412457882481878e-14
-2.097197348915608311e-27,6.816361184902450856e-27,-3.617285701852731015e-26,9.607174979973493648e-26,-3.957992061792121516e-25,1.419232549970172510e-24,-6.042981301527722525e-24,2.146486776203655133e-23,-9.469039269480100902e-23,3.208749066706919644e-22,-1.023631605418784123e-21,4.315713310168100334e-21,-1.261555016681194141e-20,5.545805951258909560e-20,-1.804076415095476007e-19,7.985081696442849588e-19,-2.192903050737378479e-18,1.125376851713954096e-17,-4.097818029164817237e-17,-7.957275510812804380e-17,-3.862067524770725346e-01,-4.411099108641945432e-01,1.331357644152616759e-01,1.454355742956414232e+00,1.479285678755396960e+00,-4.906126858429877835e+00,-8.383792436225365918e+01,-7.947703808203502263e+01,7.019640357122914338e+02,5.042206496794907480e+02,3.535867177401387380e+02,3.242566275043704991e+02,3.184590264985490080e+02,3.184034303893657238e+02,3.050533978958358148e+02,3.126235186609792436e+02,3.183242203344721020e+02,3.734855173563302060e+02,3.897194782746046258e+02,3.454130555128805327e+02,3.079802492992398584e+02,3.425022337755055446e+02,3.245666534551033351e+02,3.041069799775333991e+02,2.479594622963083737e+02,3.158639030795167173e+02,3.516822615917309918e+02,2.490092629032016021e+02,3.062679069397507874e+02,2.860578159894466808e+02,3.407670271701381353e+02,2.928798922459459391e+02,2.898117506082530781e+02,3.054439092744908066e+02,2.329784337500090317e+02,2.457097953355112452e+02,2.455948849854513867e+02,2.800996681328743989e+02,2.211975148312440069e+02,2.411574438149961850e+02,2.869827694034560182e+02,3.503625665216839025e+02,3.946916607994846231e+02,2.524369115813713051e+02,-2.421229648063985351e+01,4.878628478813933911e-01,-2.347151903048906585e-01,-1.801589935116199720e-02,2.228456139755487318e-04,-1.390039155832308894e-03,-7.666314966487280426e-04,3.949328109466443935e-03,-9.591826995862570270e-04,-1.422522566595834986e-03,-1.233983310886014109e-03,2.114303048519880002e-04,4.562493973176513155e-04,1.320137243929906962e-03,4.764407863274804631e-04,7.877278713748152956e-04,1.867043038626884223e-05,1.406056661790951504e-04,2.327592055100439258e-03,-1.016878201711840339e-02,-1.114666232769620513e-01,-1.021889816791957950e-01,-2.985431396668481785e+00,-2.910848251208747328e+01,1.295425154752554420e+01,-2.538946117229816668e+00,-3.686405824038858192e+00,-4.429802374408907895e+00,-3.960680741842039776e+00,-3.134866142879023876e+00,-3.139792766561583015e+00,-3.299985854566004573e+00,-4.387574282634060907e+00,1.195972098543838236e+00,7.692112064314481357e-01,5.767472772709925088e-01,-8.752636721233296058e+00,-2.934806117999702479e+01,2.437455391929211999e+02,2.001776554638880725e+02,4.487174808031892894e+02,4.263139636474345480e+02,1.662764532818989665e+02,1.784488335803246457e+02,8.429311529375375756e+00,-2.059579289000027236e-01,-1.745269450283734591e-01,1.072495096563995887e+00,9.392277446608505720e-01,1.065888543242739495e+01,-2.427686268007188453e+00,4.393503427661457073e-01,-1.817981153262599459e-01,-1.948457319049450298e-01,-2.245926273742392398e-01,5.699182343090979097e-02,-1.762420160282288789e-02,-1.839908505106740630e-02,-1.700386773954702668e-02,-1.527016598061023411e-02,-1.775268035127873859e-02,-1.720299925253498952e-02,-1.430795234517400275e-02,-7.441990153983004406e-04,-1.328198136700347275e-03,-1.287468962328921574e-03,-1.463162300178138262e-03,-3.000252524985012187e-03,2.584251901954285864e-04,-1.885988318250866966e-03,1.641076780734746984e-02,6.828273141635465664e-03,-1.504926566597889447e-02,-1.804931975374983733e-01,-6.597214550996876881e+01,8.785461358622150385e+01,3.078726953787174239e+02,2.578358205710815128e+02,2.499598136203559591e+02,2.019481403399666988e+02,1.995503342944928704e+02,1.881699790880182945e+02,1.497498743990211096e+02,1.944079525861057789e+02,2.067252593044262596e+02,1.871949174667530258e+02,1.885942929932297432e+02,2.308220707178486464e+02,1.615146402401499586e+02,1.942217771811195632e+02,1.792562340642494405e+02,2.046648306461264042e+02,1.058216881397501652e+02,1.956434929082113001e+02,1.935945974275827268e+02,1.993413594110166116e+02,1.584439506083285210e+02,1.884586018395279154e+02,1.752827587022004820e+02,1.825133845920920521e+02,1.326512661093729832e+02,1.394333941832709343e+02,1.428466322886653472e+02,1.680788230563778143e+02,1.965169813362100797e+02,1.577591454772606880e+02,2.099290080726142094e+02,1.836042303095594264e+02,1.373457770536639089e+02,1.806913547292573412e+02,1.634429003828657585e+02,1.859497343097242208e+02,1.735065282735505718e+02,2.189535892289650292e+02,2.168855295944424597e+02,2.334377603629565385e+02,1.851616555339761874e+02,2.065313883222401330e+02,2.572158392846969264e+02,1.968688555263916271e+02,2.133623018357718877e+02,1.856502649793766579e+02,1.810331834619362326e+02,2.517163596652126500e+02,2.382905862448152448e+02,2.143154277502067657e+02,2.011719961716303828e+02,1.951898511277411785e+02,1.983434760649285806e+02,1.493863186998525521e+02,1.896202105231356256e+02,2.611712786513966762e+02,2.190943329454909474e+02,2.027098793415941600e+02,1.943212391836258632e+02,1.940975248288092985e+02,2.014174744970500228e+02,2.048489026492435414e+02,1.928437202404689685e+02,2.030658363168099072e+02,2.124424400329337175e+02,1.945735148830752905e+02,2.062634914316729748e+02,2.086842140910057992e+02,2.113002595362431748e+02,2.045111570069618949e+02,1.962803385009239037e+02,1.978070626382984756e+02,1.974820358132071476e+02,2.016833249188677826e+02,2.022953858411936210e+02,1.928246766360840354e+02,1.664756010358620983e+02,1.938452457450254087e+02,1.892307737772977418e+02,1.907126878091768560e+02,1.921020636739875158e+02,2.008111395848956136e+02,1.740684943256251813e+02,1.749807977902677294e+02,1.945446186276659546e+02,1.923285994953494082e+02,1.912231344866367806e+02,1.721588883087747490e+02,1.838933391615964865e+02,2.063360361927693134e+02,3.955075904997917402e-14
9.960756097826532922e-28,-2.553121212228218509e-27,5.985456838474550517e-27,-3.809756897515623353e-26,1.378330564660188779e-25,-4.990872254146856525e-25,1.191322535105758882e-24,-5.467846332938929018e-24,1.886959546473152754e-23,-7.828961179361997621e-23,3.240423121610820202e-22,-1.126915618864017413e-21,5.573322366475287642e-21,-1.679855002002743965e-20,7.310793488015835950e-20,-2.582772858880183988e-19,7.330427009220656179e-19,-2.812621632692737739e-18,1.162824813083409485e-17,1.938969238965520966e-18,9.498283246998487361e-02,1.084855935214416173e-01,-3.274311473352269769e-02,-3.576810270638418610e-01,-3.638122402036726433e-01,1.206601962502954706e+00,2.061891324596656005e+01,1.954640654245089593e+01,6.392229243835995476e+02,5.012536565858403037e+02,4.175804202053050176e+02,4.136446958191742169e+02,2.994655484344576166e+02,3.682214785577839393e+02,3.093281903224022926e+02,2.940398157830829859e+02,2.763490510614934692e+02,3.790867416868463238e+02,3.897703740935036762e+02,3.529332230249199256e+02,3.255237845767313161e+02,3.192015636217549286e+02,2.985597423800151091e+02,3.171438606153000137e+02,2.490267700080007387e+02,3.049181694778026781e+02,4.033973176478825167e+02,3.156983082856529563e+02,3.011452911108339663e+02,3.229418312635585266e+02,2.390165187358241212e+02,3.439884514514968146e+02,2.542501349301026607e+02,3.272097940899835748e+02,2.302901677817000063e+02,1.957977992904783378e+02,2.233779153597224649e+02,3.075771277311154108e+02,2.643936313138614196e+02,2.881227924686470487e+02,2.849886887212779243e+02,3.818617264739040138e+02,3.178240564254978722e+02,1.767163056382369462e+02,5.954718362326314463e+00,-1.199840424362653701e-01,5.772515797181655001e-02,4.431567877246879276e-03,-5.476720032274181264e-05,3.419149945925788344e-04,1.958586018311456634e-04,-9.659985229351444359e-04,2.404792166481616088e-04,3.617049414999173266e-04,2.784326454394956936e-04,6.399271299095653784e-05,2.188644132387068748e-05,-7.212797123903575509e-04,-3.670214151930862733e-04,-2.284217737452002900e-04,-4.667071487892908270e-05,-3.516058210368397038e-04,-5.820956914877159667e-03,2.543055197392876318e-02,2.787247212431500643e-01,2.570012460176753222e-01,7.462860236358719312e+00,8.126639226069252686e+01,-3.243545561847456327e+01,6.514482830729456886e+00,9.343571522909948968e+00,1.120350586442051366e+01,1.003672623364676930e+01,7.977792106067830957e+00,7.822486108018976481e+00,8.211349151007363290e+00,1.109552539264391946e+01,-1.757613700090212783e+00,-2.692760482339218164e-01,2.131389720442344871e-01,9.990670315256897638e+00,8.238916113672851793e+01,5.683893200103340178e+02,5.079139491774562885e+02,3.400067372838980191e+02,3.941278368814776627e+02,5.022619013891749091e+02,5.311203056115957679e+02,-2.161120931318752270e+01,-4.610127091034305763e-02,-4.345737706788627142e-02,-3.531524066451922073e-01,-3.135872825553687737e-01,-2.700919510871793605e+00,6.181262085812506690e-01,-1.086073259085273690e-01,4.422104217256741382e-02,4.743083103966588832e-02,5.534805573773286802e-02,-1.400072207341672426e-02,4.332050778063266210e-03,4.525862331529201948e-03,4.144830076761897575e-03,3.936146760422858971e-03,4.515473713000058183e-03,3.729663956235364144e-03,3.055110723814243555e-03,-3.910893075989302771e-04,4.487839694064741638e-04,2.898282646381921692e-04,3.308939466848267942e-04,7.088724874862725256e-04,-1.030821466730082116e-04,6.103836112729810583e-04,-3.916029166937964011e-03,-1.571943728546588851e-03,3.826145279783051308e-03,4.164777341053581550e-01,1.672343188555938696e+02,4.131994544132908800e+02,2.539969436333408908e+02,2.289231818787892507e+02,1.861731065423294069e+02,1.737309314233067994e+02,1.975402265316114665e+02,1.533698677253543394e+02,1.815031086088937968e+02,1.860689066763996777e+02,2.363084091244447507e+02,1.677008458519506462e+02,1.469542372013391400e+02,1.956186038420845534e+02,1.781923057799457126e+02,1.906237697112954095e+02,1.698131947475276036e+02,2.399204207563300031e+02,2.557135729633620613e+01,1.263390485926573916e+02,1.698951599559096621e+02,1.794528736254017360e+02,2.007946650718618002e+02,1.608804363913858708e+02,1.890258454779852286e+02,1.952151666264102516e+02,1.382473743069370471e+02,1.806283654549210951e+02,1.385528643628894940e+02,1.654442758401679896e+02,1.833241122706988619e+02,1.974869535225984976e+02,1.982858880879261392e+02,2.276103912337324005e+02,1.414973043705498696e+02,1.709732494029359486e+02,1.642610021661158726e+02,2.058537145836224340e+02,2.052022237550150123e+02,1.855297429373790976e+02,1.972154997276492168e+02,2.009846257624593022e+02,2.176962013653583767e+02,2.236667561384419969e+02,2.431166569409174372e+02,1.793448065402170926e+02,1.956595495419623205e+02,1.914890582269029267e+02,1.961103028089852955e+02,2.160588838682174924e+02,2.443501509978132447e+02,2.351433971548533464e+02,1.940229999483484562e+02,1.863877522878001685e+02,1.621358492686382249e+02,1.695453221465272122e+02,1.397350239706720458e+02,1.951499846422517237e+02,2.106540345911752468e+02,2.166458974009651968e+02,2.238034682654976564e+02,1.648825129078563805e+02,1.826303740423134911e+02,1.774600358900383981e+02,2.037928897293698753e+02,1.918018468255390587e+02,1.845523606027504684e+02,1.907729507001164109e+02,1.847892508288074680e+02,1.958491408492702135e+02,2.063783996378076040e+02,1.944350488081004755e+02,1.837402011137387774e+02,1.667077117509091124e+02,2.213703402136843010e+02,2.252815513363902369e+02,1.988027648397135181e+02,1.642697270948315236e+02,1.641458652903516509e+02,1.892190411508160537e+02,1.766414347176063018e+02,2.007123934928976610e+02,1.916323544961023799e+02,1.893748404164129795e+02,1.743883304347463934e+02,1.825908338292387612e+02,1.922963790372025130e+02,1.861996358693048990e+02,1.935006623990387027e+02,2.016058927894272017e+02,2.109270677157841192e+02,2.002559145393046265e+02,2.937671036807388012e-14
1.135166104875206673e-28,-3.668375004079717383e-29,7.778915286246368041e-28,-5.946790265396009098e-28,2.030125147345370455e-27,-6.818410546084937766e-27,-3.574568612835770152e-26,3.185619453720661582e-26,1.459249846636628427e-24,-3.930163642187045138e-24,-2.591794413481177012e-24,-2.582041354173074907e-23,-1.480746345444265942e-22,-3.645805017227961820e-22,2.334247725822652350e-21,-1.797230348720667873e-20,2.868619520465519992e-20,3.179064805818419866e-21,-1.566105157830894709e-19,-1.053677552610845759e-17,-1.673785218668208744e-02,-1.911730553329403157e-02,5.769983904349315282e-03,6.303046566722367294e-02,6.411090659103743650e-02,-2.126271113563536208e-01,-3.633459996784785151e+00,-3.444463120129847677e+00,6.481415413363430389e+02,4.359018817958242948e+02,5.524209448677465844e+02,4.168817811193693501e+02,3.658112707927609222e+02,3.544023869748129414e+02,3.455578768341967475e+02,3.398823077565185713e+02,3.037886916345695454e+02,2.803395273053591836e+02,2.902278550504949521e+02,2.877287004327549766e+02,3.352577708949236239e+02,2.662498505990509443e+02,3.135897400400080528e+02,3.090638363455177000e+02,2.796431079967434812e+02,3.080443053078793696e+02,3.315498685539524786e+02,3.049763979149478814e+02,3.865439844047930364e+02,3.296194867861065063e+02,2.962896198866180271e+02,3.610847978568901908e+02,2.974652024013484493e+02,2.684474188279864961e+02,2.430878674785393230e+02,2.080018415409755903e+02,2.569117918920845227e+02,2.472143972702431540e+02,2.587240800189069887e+02,2.728388146587122378e+02,2.845168035202910914e+02,2.760470965741833425e+02,-1.031903523491310715e+01,-1.486335970335598233e+01,-1.049338788150235846e+00,2.114379380223570595e-02,-1.017200943392805937e-02,-7.822770972457913398e-04,9.583562752689552171e-06,-6.034201518990501748e-05,-4.718902755568810342e-05,1.610610370718773283e-04,-5.031302977132095833e-05,-8.427748421279276589e-05,-5.659503618030372037e-06,-2.122591510616960722e-04,-2.362086146832134941e-04,8.143204117101318033e-04,4.975943930694942370e-04,1.003605322857305693e-04,8.113596868254087976e-05,6.112811733514803914e-04,1.012005118505420083e-02,-4.421239540350886676e-02,-4.845719147967332829e-01,-4.470564058279025144e-01,-1.297403525628961063e+01,5.546756272408572386e+02,5.757188206038968303e+01,-1.135389324455143800e+01,-1.626551110611399409e+01,-1.949924673501608652e+01,-1.747183114507198098e+01,-1.389333598397943170e+01,-1.359476441860099527e+01,-1.426882085810139777e+01,-1.931111219906196297e+01,2.845547365116835259e+00,1.862402739598061074e-01,-6.526505920085708956e-01,-1.534184449846119058e+01,4.177354296198106454e+02,2.620496877677339853e+02,2.779256665819673913e+02,2.441306141126055422e+02,3.193779325299566949e+02,4.171559920292805828e+02,4.362845373263585884e+02,3.850587522103985094e+01,1.757731737020889196e-01,1.573319442163383930e-01,2.171135322230884068e-01,1.983767170830469939e-01,6.137023767097451454e-01,-1.454285924066510138e-01,2.009951825391534039e-02,-6.943610460244361952e-03,-7.510775581001201059e-03,-9.947908416298889556e-03,2.439964238398054965e-03,-7.592234957887249126e-04,-7.989882730687601371e-04,-6.661798266528746581e-04,-1.006621138371351348e-03,-1.054618989315730688e-03,2.112123704149354423e-04,2.651942027506039670e-04,1.063708432788015293e-03,-2.907032830480201467e-04,-4.620582164501094906e-06,-8.142273471200689173e-06,-7.466288853211338890e-05,8.665254715488668910e-05,-3.614901872792780331e-04,4.821558214851155624e-04,9.093498985775042042e-05,-8.907688589361273087e-04,-7.181208431446033380e-01,5.649147254167318124e+02,3.046861427018176869e+02,3.040745288775181621e+02,2.094117050883519937e+02,1.608232073965693871e+02,1.772944967337948583e+02,1.790130369349725754e+02,1.635878010117593817e+02,2.052360641883709604e+02,2.201854644664928742e+02,2.044934577364321342e+02,1.822993099010106732e+02,1.575718049341015217e+02,1.835242149832302232e+02,1.499647802134634276e+02,1.841329479650043197e+02,1.719438243510253699e+02,2.505555389104017650e+02,2.256355683812174675e+02,2.073702217434705801e+02,2.589613977344008617e+02,1.765511806476775973e+02,2.760195664318140985e+02,1.907323156125147250e+02,1.867672245704496561e+02,1.818776271700544385e+02,1.787505395108636321e+02,2.025799668851857405e+02,2.005893829611567583e+02,1.892392008070923168e+02,1.379728322526567581e+02,1.876100279556960402e+02,1.452903289752972000e+02,1.745904980734552510e+02,1.859202543579381484e+02,1.825353111211643693e+02,1.919258307074394736e+02,2.160242762535904433e+02,2.443127046355665755e+02,2.379470508621914178e+02,2.150745900690194219e+02,2.144658547390332330e+02,2.178327701460383707e+02,1.794385077021064205e+02,1.547917357241388174e+02,1.906698222259302611e+02,1.797990699565013699e+02,2.053591614745838001e+02,2.426389449050197982e+02,1.909656596931327215e+02,1.831635630612262560e+02,1.609670027557992853e+02,1.867397155495004881e+02,2.138285596484020630e+02,2.026779342827294101e+02,2.070729495745290762e+02,1.756592840811335066e+02,1.602093488022765086e+02,2.215932579928696953e+02,2.126548357752336074e+02,2.069941744747269468e+02,1.794272884384818667e+02,1.934343566854320500e+02,1.948024299849116119e+02,2.072258960148914753e+02,2.035201576860556827e+02,2.190026492808302976e+02,2.028588278892854078e+02,2.213935411965364892e+02,1.994187354328012702e+02,2.186130995748877126e+02,2.027832858659488124e+02,2.145008073785200793e+02,2.116541736760067067e+02,2.115411386559057973e+02,1.996390738474422619e+02,1.842229124551321320e+02,1.561222356939186682e+02,1.620792382910494780e+02,1.745828249983974558e+02,1.669589616373769445e+02,1.755896507462384477e+02,1.847983598604950828e+02,1.836305349756415524e+02,1.610384173214364978e+02,1.451600116446675202e+02,1.427735438951686433e+02,1.686819487348791142e+02,1.915676094313830333e+02,2.193444853815680631e+02,2.113708773752453851e+02,2.047434290585077008e+02,1.317468197821198382e-14
9.839349930511730471e-30,-4.961870902842032977e-29,1.255266137654886260e-28,-6.512806941492292724e-28,9.271179013564770737e-28,-3.246517528529722035e-27,2.563998155704734654e-26,-5.609645286803178495e-26,8.651755226457906095e-25,-3.091406891768470452e-25,2.064522550381076093e-24,-1.195560560440118412e-23,-3.840772746004690848e-23,-3.414752000504171467e-22,4.331984885244610577e-22,-3.396404558875965557e-21,2.064336737425962299e-20,-5.482486770460138790e-20,2.670841515152294171e-20,-1.424884814723530053e-19,7.071165417429476520e-18,-3.536548411484871268e-18,2.819843499232130111e-17,-1.536743628791889389e-16,4.255217060192277633e-16,-1.779171733257189876e-15,6.212668930922240157e-15,-8.927377576322840031e-15,1.261394234778897804e-13,9.094437727980084986e-14,6.701829097293892801e+02,4.615542736016230378e+02,3.445338925595117416e+02,3.657413119675649682e+02,3.352819586480404155e+02,3.523721848971151189e+02,3.610874175873979652e+02,3.634005778738616641e+02,2.946766802568291155e+02,3.102744686182815599e+02,3.283009732115668271e+02,3.777998813355781635e+02,3.821662347338539121e+02,2.998381220803643714e+02,3.733327058120668198e+02,3.183714565086019661e+02,2.926086218310359186e+02,2.812480005006029273e+02,3.073722548855241712e+02,2.714978041331733607e+02,3.236249515025865549e+02,2.556501637794116562e+02,3.700031151791615684e+02,1.985230324755630988e+02,2.875388794729286701e+02,2.098974331523201045e+02,1.983590468080703886e+02,2.880172963429672564e+02,2.731740314221196400e+02,2.656181382869182244e+02,2.995535696996061006e+02,2.407155408449452523e+02,2.144857404979142927e+02,1.018915327325965187e-14,8.277038958932620197e-16,2.802333229086422386e-16,-2.470605008793406431e-17,2.434137959053703506e-17,8.897579610776060254e-18,-1.456548260524186259e-18,-7.348964048929093604e-19,8.005789455574343648e-20,-1.899796794908184867e-19,-4.425119454249423013e-19,6.836515917818204108e-19,-3.547232167170201930e-18,-4.028233308854853909e-18,1.421388170022438870e-17,-1.974298424271511222e-18,3.998198926280934600e-17,-1.219727795337046200e-16,5.120895336750210288e-16,-1.410567665080213535e-15,6.300396086969389177e-15,-3.031519393102824819e-14,1.004336823657187310e-13,1.067224997872974554e-13,7.957279141362911332e+02,5.292451351766849257e+02,3.652695669441761518e-14,-5.894405106519455322e-15,1.150370178988288070e-16,-1.265271124627940797e-14,2.170609249138948185e-14,2.306368973477481878e-14,2.544274973030846864e-14,5.983167105831208499e-14,4.318182421489932802e-14,-1.556405955000050961e-14,4.610981737789400327e-14,1.093794924971927627e-13,4.386634627517733520e+02,3.467782531568017248e+02,2.771945393656758938e+02,2.627533437720310872e+02,3.171869987544685046e+02,2.865280294554314082e+02,3.097105867189411015e+02,3.799552168391604141e+02,1.365267814848757018e-14,1.969656123872611023e-16,3.406959000980484123e-15,3.344780170104126345e-15,2.182676715409509923e-15,-6.528812264703299816e-16,9.170572174961675242e-18,7.085541578413897690e-19,1.868595181597010852e-17,-1.070947862257941511e-18,3.650732184501708423e-20,1.630030516482583091e-19,-2.396330773005021941e-21,1.023870610155192461e-18,-5.437565107748708760e-18,-5.497636487663281465e-18,1.639401135029533972e-17,1.428433682758373404e-17,1.604926219031440347e-17,-3.934274468211208989e-18,2.963573713634351277e-19,2.293971877494001415e-18,-6.443570335675670368e-18,1.715540414990772623e-17,-1.049779746256537381e-16,2.839044511213288244e-16,-1.524472611359092189e-15,4.016656271191627995e-15,-3.275355234894776554e-14,5.809979056107662441e-15,2.368792499877227609e-14,5.687713356788603960e+02,3.583784021726019091e+02,2.454848684264829615e+02,2.515888988673349616e+02,1.904650555195446771e+02,1.816545000066461739e+02,2.087687226646101806e+02,1.794446586939954500e+02,1.884809927726707031e+02,1.713849436393531960e+02,1.724320571357049232e+02,2.079872187344739416e+02,1.799383730325637600e+02,1.812971068644126831e+02,2.092188416985204640e+02,2.544902629587625427e+02,2.269246907139134350e+02,1.987587438609465949e+02,2.078167768637602819e+02,2.011760796977884524e+02,2.057906587185660214e+02,2.077908847416264564e+02,1.916118980491549166e+02,1.785317422038171173e+02,2.174036928549713252e+02,2.467572847814732029e+02,2.386132606847294824e+02,1.643460727430365012e+02,1.845422176133831442e+02,2.175687409587129935e+02,1.976794289601850778e+02,1.382767004953649632e+02,1.311374890918904157e+02,2.094418313937474920e+02,1.932083190775846049e+02,2.154729471380619259e+02,1.884354306249564672e+02,2.201607402986340958e+02,2.280341583870541911e+02,2.265855559112733602e+02,2.025626798781702860e+02,1.784856759916079341e+02,1.978940322606909206e+02,2.123026385865705947e+02,2.716304210045203149e+02,2.126763843335602360e+02,1.773607448018468915e+02,1.959275016453658225e+02,1.901931570621560184e+02,2.080038039838416069e+02,1.932619274484311234e+02,2.079463689436703362e+02,1.800024661240374257e+02,1.899770655687677277e+02,2.247796021217994280e+02,1.733143432621119757e+02,2.351946527052235751e+02,2.530505634754879338e+02,1.892133757831884111e+02,2.018671809276229965e+02,1.959443163648737709e+02,2.149638267965182763e+02,1.841616623066778118e+02,1.816139147399338754e+02,1.845724969497628933e+02,2.291211863050053807e+02,2.124815546105211865e+02,1.666515956760008521e+02,2.319908892617911818e+02,2.157137740904638008e+02,2.081605174580317339e+02,2.164701694367534230e+02,2.020523685336380595e+02,1.967462810922989433e+02,1.749866539173011120e+02,1.933702779102211764e+02,1.977038593578341477e+02,2.013071754134785749e+02,1.776741364081612460e+02,1.751055907120075119e+02,2.054365371838719625e+02,1.645787878802090631e+02,1.850496234857920967e+02,1.619880837262013245e+02,1.405423874721629147e+02,1.837618330645649110e+02,2.172417337355481095e+02,2.233470117578456779e+02,2.155131945447675150e+02,1.947300896956894860e+02,2.164046702482160397e-14
6.650809592764724717e-30,-4.854844093942733271e-29,2.046883529018575276e-28,-7.085259086410349002e-28,2.781468221143632144e-27,-1.004500462866917547e-26,3.906462452535984812e-26,-1.249458034680117430e-25,6.330562981448902586e-25,-1.604938428742120836e-24,6.413949121557407713e-24,-3.375084320937887306e-23,7.443494298787705613e-23,-4.773498279925258744e-22,9.272370442818479203e-22,-6.550246966697612462e-21,1.707969967455831129e-20,-7.921875393395430150e-20,2.641405229377731778e-19,-6.799753281979742322e-20,1.802029945310300004e-03,2.058206552454365599e-03,-6.212077669002305253e-04,-6.785983370648289610e-03,-6.902305756407202571e-03,2.289185121098107067e-02,3.911854189095537726e-01,3.708376450432142590e-01,-1.969017151508761643e+01,-1.275997377524965870e+01,6.813743443443310071e+02,6.955882858228587793e+02,5.259495544518015322e+02,3.604912559414125326e+02,3.021972106149388537e+02,3.517540153890811894e+02,3.649952814171460318e+02,3.142854446072363999e+02,3.141165095177067315e+02,2.891049617078396068e+02,2.897588106277997895e+02,2.966722457266018864e+02,3.979129651521818687e+02,3.882253774415312364e+02,3.049853844063674160e+02,3.130981857864992435e+02,3.375496265301040353e+02,2.672754295142502770e+02,2.804192949103683645e+02,3.107110219957208983e+02,2.750839289044398583e+02,2.698283308577901494e+02,3.350646206892030250e+02,2.860856462315317685e+02,3.234966664472904654e+02,2.305660172731178079e+02,2.427109358682642153e+02,2.747204179725229096e+02,2.958291425304574886e+02,2.395597078707163519e+02,2.637062388768163146e+02,2.328380026971919392e+02,2.917366434743932473e+02,1.603170299719363090e+00,1.129711323424617969e-01,-2.278776217909949785e-03,1.092030708693280837e-03,9.798531725960177307e-05,-3.421899725264965423e-07,7.414320624737335995e-06,1.345692476901949250e-04,7.631152019433016544e-05,8.649077371950863525e-05,2.188926506223762779e-04,-4.428325331482660322e-04,2.076124601462780127e-03,2.399178742923804147e-03,-7.108401552805605414e-03,-4.476340488245464551e-03,-6.248802839701466261e-04,-7.536140715013945387e-04,-5.677777593728778119e-03,-9.399839539992681237e-02,4.106594006990369472e-01,4.500858387971328867e+00,4.152662769618387983e+00,4.300035673584970368e+02,2.857675219083283196e+02,3.735965422346284868e+02,3.719122129010158915e+02,5.208309397051077667e+02,6.234534473313331091e+02,5.520211194041432918e+02,4.448209913497145180e+02,4.377129587067869920e+02,4.644988788701251110e+02,6.199821646168780944e+02,-2.621276566562575283e+01,-1.437939622370677517e+00,6.354149902974565833e+00,5.480229606928295425e+02,3.564170096308678239e+02,3.569317232547581398e+02,3.785692163912225396e+02,3.247756136324727549e+02,3.214652093365222072e+02,2.897680783170890777e+02,2.653171714444527538e+02,3.668168686472803870e+02,-1.731658923516198323e+00,-1.546034341664910494e+00,-1.605668279568263968e+00,-1.483461152691788021e+00,-1.473320560748937469e+00,3.885736859786909636e-01,-1.197926290873455035e-02,-7.926088678292406153e-03,-7.849325437070051037e-03,3.057927574234580240e-03,1.559419851474291315e-05,3.914348973605477736e-05,1.007512270842844123e-04,-5.843726500129649976e-04,3.305981273063503603e-03,2.758545271987521315e-03,-8.895011617202831788e-03,-8.237918091240208421e-03,-1.027748393017731410e-02,2.193232504329896675e-03,-4.740736498392387208e-04,-5.116465230707706573e-04,-5.053702572010460459e-04,-7.090092540571347329e-04,2.633098704006951642e-03,2.072298971687325849e-03,1.891160805874125264e-03,2.307975384835536138e-03,6.663985159736088626e+00,-1.348006995416080045e+01,-3.723354987290456553e+00,3.323218043659687737e+01,3.227057361469078387e+02,2.629474151778263149e+02,2.082141370571875427e+02,2.125288935146481890e+02,1.740056332688479870e+02,1.729735531163488247e+02,1.618028697469286783e+02,1.926162794215622114e+02,1.754339940278296979e+02,1.931289411409528043e+02,2.073109925508023537e+02,1.855823772377208627e+02,1.994672676664931714e+02,2.096774258789643568e+02,1.710772408198356231e+02,1.812654392575299767e+02,1.838749067187097239e+02,2.131224407729568497e+02,2.431188291862940787e+02,1.846923817616919621e+02,2.113617078532317066e+02,2.638962876775855193e+02,2.536085290472292684e+02,1.880336301962998391e+02,1.800222667298311308e+02,1.978040985313988926e+02,1.693295456099818921e+02,1.775787915632716647e+02,1.597799198115983756e+02,2.033443864339062657e+02,2.319020840461530213e+02,1.471007400878322073e+02,1.470573649497813733e+02,2.073178347374621069e+02,1.649625936418318588e+02,2.297352118080521279e+02,2.005181240037589419e+02,2.152013654103239730e+02,2.678896686951151764e+02,2.020908283998700199e+02,1.933439257111172935e+02,2.299260580669589444e+02,1.618876253027922871e+02,2.015592473523965111e+02,1.864611381777392864e+02,2.097344156279629601e+02,1.723061585955780686e+02,2.061348286333507360e+02,1.809348916755083962e+02,2.302691207882853348e+02,2.040160757911969540e+02,2.173698298946744671e+02,1.926835108474110712e+02,2.047698923325703788e+02,1.801254769874596207e+02,1.772991336721408970e+02,2.213087464431303886e+02,1.846098524844001361e+02,1.879033142741517963e+02,1.908509576978113387e+02,1.821386059238319035e+02,1.987402009480342997e+02,1.937245754531690523e+02,1.718293464954481351e+02,1.903810212145032210e+02,1.863327186075432564e+02,1.888909787175205111e+02,2.070320447559120112e+02,1.780432955777354778e+02,2.097116731955897819e+02,2.194891048139691350e+02,2.379879967235345077e+02,2.037717667656295077e+02,2.254179706409798598e+02,2.169759355526961144e+02,2.013186140929439887e+02,1.803045302764435291e+02,1.830085924526451606e+02,1.698501813172761388e+02,1.633695941285138531e+02,2.198332197818522502e+02,2.756932102286870077e+02,2.129363824488125658e+02,1.733082605636726043e+02,1.722126984725269665e+02,1.824925792139773080e+02,2.120954523827999481e+02,2.034493633601762781e+02,2.171630369772970539e+02,3.237589921149774544e-14
-5.870761524333290631e-30,1.631887632995964936e-29,-6.031686421716711083e-29,2.151864268365987589e-28,-8.323777097906789475e-28,2.977062614817660663e-27,-1.287447561338387062e-26,4.204586952866375549e-26,-1.764630965356778054e-25,6.874344784472272402e-25,-2.056286934407588859e-24,8.245340423828100629e-24,-2.759050291655042341e-23,1.285347520557859144e-22,-4.843771561986414954e-22,1.567437133873296104e-21,-5.876361246675376245e-21,2.659668906272685943e-20,-7.938751088207794375e-20,-2.030989444332489663e-19,-1.036510571754682046e-03,-1.183860931959358114e-03,3.573128289704181177e-04,3.903233418364284498e-03,3.970140953882745835e-03,-1.316717618870249032e-02,-2.250061511304210227e-01,-2.133023041555150157e-01,1.132560032543575268e+01,7.339416166628457638e+00,1.404331672568391411e+02,7.844776980024544173e+02,6.448085309074540419e+02,4.911693915609811256e+02,3.588488121203325818e+02,3.170123953680008526e+02,3.127879847486595395e+02,3.285815599747993474e+02,3.101344844315795513e+02,2.978787386808269844e+02,2.953645040512711262e+02,3.670525540863623633e+02,3.096569646153503754e+02,3.382826861669819323e+02,3.062504064440955744e+02,2.999722570226990115e+02,3.043532971281154005e+02,3.494304777156240220e+02,3.375053059095563981e+02,3.257919914477051293e+02,3.073368481805551937e+02,3.847920835550414722e+02,3.192352703159393741e+02,2.965650473880784830e+02,2.911231282433290630e+02,2.818454727090953611e+02,2.810803199571204800e+02,2.639666141004636302e+02,2.568682001053483646e+02,2.147996894406794013e+02,2.672191758547104996e+02,2.715028702569956067e+02,5.981398382490095855e+01,-9.373581823639706156e-01,-6.496580729531731269e-02,1.323081830859757120e-03,-6.120917900864963814e-04,-1.273725811336504511e-04,-3.361034464565882133e-06,-8.999795777715256678e-06,-7.454801864772408462e-04,-5.270748622693496605e-04,-4.680372260822855744e-04,-1.208434338216265308e-03,2.542582265820663486e-03,-1.178770639601446797e-02,-1.362696854795799987e-02,4.031105008988319915e-02,2.539333435385153492e-02,3.527651011840082004e-03,4.276557981611212728e-03,3.221986830520733036e-02,5.334157420264726834e-01,-2.330382215283020475e+00,-2.554116663751263872e+01,-2.356526527426073514e+01,4.181595643684974561e+02,2.866583317259834871e+02,2.949768727142857756e+02,3.378475016225895615e+02,4.121466541016918654e+02,4.870672330260271110e+02,4.044607459871145352e+02,3.602004820803895200e+02,3.720005911594163308e+02,4.092359082358838123e+02,4.965326653450666186e+02,3.110903687523160102e+02,8.142464949739100177e+00,-3.607556963802217354e+01,7.348021633300295434e+02,4.137345735152913448e+02,2.989402598086908824e+02,2.763381905019479063e+02,2.861547969862335208e+02,3.422469963587545294e+02,3.366186845234179827e+02,2.868505632881567067e+02,3.355922214322797004e+02,9.832622637241806629e+00,8.778395457019957604e+00,9.087161767446891858e+00,8.396768382534840924e+00,8.107917888478736401e+00,-2.147508847149495637e+00,5.753091978734468925e-02,4.930936540883242014e-02,4.918420436400608442e-02,-1.201007624114820357e-02,-1.444740494765056312e-03,1.972524600081084292e-04,-1.339513122867852903e-04,3.721145001466517801e-03,-1.839912200763750560e-02,-1.523317003100646376e-02,5.089143330606356319e-02,4.709332253478819980e-02,5.834573718618103755e-02,-1.241569277127021163e-02,2.721158454665467599e-03,2.938577583564506556e-03,2.939535999174776402e-03,4.017705833090695275e-03,-1.489880118149876018e-02,-1.215149148208492617e-02,-1.089543882673539923e-02,-1.274037432728239959e-02,-3.781596428546778554e+01,-2.244685155737070659e+01,-2.090436350589129333e+01,3.181529584915921305e+02,3.605637943330361281e+02,2.120966385374967444e+02,1.940826117060074978e+02,2.006285253610131747e+02,1.856391773842757971e+02,1.663908618685895817e+02,1.771628784611388596e+02,1.715685017297871582e+02,1.885457311679864461e+02,1.587500352796409970e+02,1.806800873689938385e+02,2.150238136793726653e+02,1.877519321579341920e+02,1.678059380707495905e+02,1.717637982924804021e+02,1.809932363719387922e+02,1.757793062088889542e+02,2.537957768381816095e+02,2.614335873592667667e+02,2.174652997030250674e+02,2.158448363280862168e+02,2.316275824156232375e+02,2.059100068637895049e+02,1.888506067503818997e+02,2.135913712661606780e+02,2.218483993330845010e+02,2.020632551304588276e+02,1.374194776231803701e+02,1.593376406010546305e+02,1.894599122932609703e+02,1.783612670091556538e+02,2.041849820799923805e+02,1.912795342380855175e+02,1.867703286732116510e+02,1.641592035188372734e+02,1.998037480046365033e+02,1.776811512508960789e+02,2.153736549960937907e+02,2.139937344074391774e+02,2.030603109139346145e+02,1.765670708486489389e+02,1.916848610168020173e+02,1.806190209208349700e+02,1.782219537476240419e+02,1.893471365371710533e+02,1.787345971222242440e+02,1.919650562388182493e+02,2.344440336685146065e+02,1.869296440304094062e+02,1.835993763387458273e+02,2.157842362864666654e+02,2.007441119387299580e+02,1.865973041189593857e+02,2.009083228195690367e+02,1.961497664675508474e+02,1.841016071588132945e+02,1.798939362638826935e+02,2.569322476508089039e+02,1.951411799778355771e+02,1.898755564792761277e+02,1.914428379042739721e+02,1.995393464352606259e+02,1.763416941116725525e+02,1.569818392936028033e+02,1.514708631076793779e+02,1.827039012359151400e+02,2.153211501831739838e+02,2.100728988867955138e+02,2.308185509601379692e+02,2.339608279921469602e+02,2.166460382029601135e+02,2.216108937401279206e+02,2.054059316813555256e+02,2.076846690668265296e+02,2.088201557725163298e+02,2.112142428831469374e+02,1.824180770094370132e+02,1.869411374638149823e+02,1.631815338612019843e+02,1.292689657971973247e+02,1.714284746415266056e+02,2.196884527595361476e+02,2.142552035833852813e+02,2.082235355183646277e+02,1.974874346292616849e+02,1.902597661588032167e+02,1.960235103627123863e+02,1.880786299378374906e+02,2.095480265527504571e+02,2.612879876405067445e-14
-7.104621244199524641e-31,5.457980545298305309e-30,-2.155903134013804858e-29,7.254440911700957760e-29,-2.654631615070162510e-28,1.064250022907051391e-27,-3.863741463475386118e-27,1.413828034132376877e-26,-5.796528163593781160e-26,1.882888681068210966e-25,-8.860314209824136819e-25,2.447876846575174301e-24,-1.135470606029951446e-23,3.782691796030874047e-23,-1.391774839566669928e-22,6.109068610128835595e-22,-2.032307538564921328e-21,8.285946901696010965e-21,-2.689616766664889200e-20,3.082591612641869067e-19,4.144639824233992565e-04,4.733841890919816353e-04,-1.428767849568210381e-04,-1.560765235770508784e-03,-1.587519196975576167e-03,5.265088875265649254e-03,8.997201573101264171e-02,8.529206054380299162e-02,-4.528707706540263445e+00,-2.934773398339573625e+00,-5.165426616746420052e+01,7.398723187878506451e+02,5.198600373180846645e+02,4.651973640333144999e+02,4.020322043285283371e+02,3.279866681839369562e+02,3.046900984283868183e+02,4.006772290145653983e+02,2.830720060828380156e+02,4.129336946962250749e+02,3.626450800119010864e+02,3.634556555171026844e+02,3.033607364630927918e+02,2.765140693408221750e+02,3.835744843657594743e+02,3.297244606298302187e+02,2.580611554644506782e+02,3.699059280575335151e+02,2.931779839119504345e+02,3.616341929670461468e+02,3.150899575640955845e+02,3.678438514494688434e+02,2.877245128002885508e+02,2.871333945156993650e+02,2.275021319236250577e+02,2.297395130606622615e+02,2.314660277940382684e+02,2.695895152393055128e+02,2.633195024324361952e+02,2.550982138441903260e+02,2.729653864206367189e+02,9.339339353131052235e+01,-2.215704405340348515e+01,4.369498259599414181e-01,2.591993112411242889e-02,-5.794436782580926091e-04,1.793398320601791239e-04,3.406426741177365084e-04,1.585904493641874732e-05,2.291680521416270336e-05,3.023662582723150860e-03,2.182005044719935970e-03,1.893653825767978652e-03,4.899632314955513178e-03,-1.035056599878785531e-02,4.793221427900978826e-02,5.541326901513891207e-02,-1.638962531184317284e-01,-1.032474524247268821e-01,-1.433607305738298851e-02,-1.738877982620208595e-02,-1.310082082045165297e-01,-2.168905223125378701e+00,9.475494928801248662e+00,1.657346214168890697e+02,1.503622675572891012e+02,3.159441942278989472e+02,3.104756608832733491e+02,2.790332758194744542e+02,2.316991795942894043e+02,2.396264504779227593e+02,2.690791083089360427e+02,2.547198407579892603e+02,2.749461889119224907e+02,3.196689229571198894e+02,2.804767391455621350e+02,2.755892826164987923e+02,4.337088518207278298e+02,-3.310060537588636720e+01,2.241409768219343732e+02,4.337491545637307127e+02,3.421514736277648581e+02,2.900478514772734684e+02,2.720119773768649338e+02,3.228625054576798448e+02,3.433162112029376658e+02,3.040163938056947472e+02,2.975509892516476498e+02,3.256357849798279176e+02,-3.998257098880047522e+01,-3.569565598106969162e+01,-3.693886422049122586e+01,-3.413295871643585144e+01,-3.286282312616049239e+01,8.708124034973199201e+00,-2.296041472001206507e-01,-2.022862134221593833e-01,-2.019056773918507519e-01,4.662442222371118022e-02,6.435250994550213016e-03,-9.754649535182565367e-04,3.636221532877029748e-04,-1.529790273273283312e-02,7.466263825971064527e-02,6.176509623269271082e-02,-2.070995352920046439e-01,-1.916275056945200561e-01,-2.372476220821759796e-01,5.047052792241304986e-02,-1.107720305032800640e-02,-1.196298231450211060e-02,-1.198200362930019677e-02,-1.633389892949052569e-02,6.056163630536116199e-02,4.957079950016617109e-02,4.436926126263964626e-02,5.165571022829205244e-02,2.217476777797076011e+02,2.096595492010684154e+02,1.737078975454166425e+02,3.617128366308124328e+02,2.780373870903897568e+02,2.167120153410958778e+02,2.329751197334797155e+02,2.026841241998873784e+02,1.738512878865881532e+02,1.740631295258740181e+02,2.002214939830402898e+02,1.791634157570053105e+02,2.065585791411897958e+02,1.497080418036215406e+02,1.765364306950572484e+02,2.017179793350907460e+02,1.637299937862721606e+02,1.681423702591164897e+02,1.638051569189597956e+02,1.893224550648433251e+02,2.201295789238418195e+02,2.302254397329852793e+02,1.992156803060480286e+02,2.035238315095521386e+02,2.191972235301008709e+02,2.430552771160941177e+02,1.854760137391994590e+02,1.678989547392081647e+02,1.924784009881716997e+02,1.947580255259989315e+02,2.122559519211399675e+02,1.923650492734554973e+02,1.887820303954787846e+02,2.059858616254945218e+02,1.688153505571013682e+02,1.656053925392761528e+02,2.126285903743772110e+02,1.948159106778694536e+02,2.127216953274075877e+02,2.065777795464138364e+02,1.981236348630725956e+02,2.046591757584967013e+02,1.708907921731794772e+02,1.887999634232913877e+02,2.457586268702474968e+02,1.756189932961136719e+02,2.083560907594730054e+02,2.139202981766891014e+02,2.294608323070544316e+02,1.697999690686981182e+02,2.033155751463500280e+02,2.123800142286875143e+02,1.862890060017539611e+02,2.046877474713308516e+02,2.080245713159155514e+02,1.945198136502195894e+02,1.594792155464976986e+02,2.103918906241201512e+02,2.197836894505734051e+02,2.117383612044283439e+02,1.591253083443342291e+02,1.730064721440666062e+02,1.971454095568759044e+02,1.827603669267376745e+02,2.357452730047725709e+02,1.890321924844973864e+02,1.962814448073556264e+02,2.235121072166595297e+02,1.973067711949884142e+02,2.199438871284313848e+02,2.088715167576258409e+02,2.115851098576230243e+02,2.563465263079541501e+02,2.217387601653503566e+02,1.798350913010408192e+02,2.377598711683509976e+02,2.075981606866833999e+02,1.859912163032054764e+02,2.233493151406513846e+02,1.951754660491296818e+02,1.937025203351584253e+02,2.186048940195857995e+02,2.344987065605841963e+02,2.059222084980153227e+02,1.627222738564594238e+02,1.575973413524320392e+02,1.942382886049902879e+02,2.048777907540961678e+02,2.042957905410663386e+02,1.736932942946657192e+02,1.814209309991510111e+02,2.076965969990424981e+02,2.140305462829255703e+02,2.131588776974794450e-14
-2.205510668250513416e-30,9.320601768338221341e-30,-3.325881853760081920e-29,1.263031222273215061e-28,-4.932529148126525574e-28,1.619023558253874124e-27,-7.117223299910658556e-27,2.372440273490311276e-26,-8.611431340787500981e-26,3.741355787364385273e-25,-1.254119946333767017e-24,5.096728088005932156e-24,-1.783789931787501857e-23,7.283677116697272487e-23,-2.449585295198652880e-22,9.555425091116942036e-22,-3.622292850311051300e-21,1.288181056944072594e-20,-4.681637974133206578e-20,1.241573916376089781e-19,-1.363814824958547469e-04,-1.557694763269155112e-04,4.701433314594227086e-05,5.135777430834549901e-04,5.223812701604440764e-04,-1.732504286819726335e-03,-2.960574961614302267e-02,-2.806578654693170014e-02,1.490194316034440636e+00,9.657021208808375112e-01,1.699709913504055336e+01,6.988194329626154513e+02,4.642320317607504876e+02,4.078776504582662028e+02,3.607501682486487198e+02,3.578995977311191723e+02,3.132464337129421210e+02,3.637915964645396230e+02,2.601299520687975360e+02,3.862335666575771143e+02,3.192164540528601719e+02,3.071868969758726848e+02,3.910514747923709251e+02,3.065842659088476125e+02,3.710685388981765982e+02,3.146932573642494617e+02,2.892259218825155358e+02,3.132110891508405075e+02,2.984906093454634401e+02,3.689192122501127074e+02,2.913881892598284935e+02,2.787284011212885275e+02,3.004810146047481112e+02,2.903067291740937890e+02,2.278810636055467853e+02,1.721835024998198662e+02,2.151153332602533226e+02,2.608374903821714952e+02,2.531398154718986575e+02,2.474042887638687773e+02,3.154830087444937021e+02,-2.474448185261708133e+01,7.847165700819726197e+00,-3.544744591393122479e-01,-8.333758860925362388e-03,3.615409386729135244e-04,1.628059781812085563e-04,-1.094497885303098239e-03,-5.443906057548234553e-05,-7.304845745452495328e-05,-1.023734621703526436e-02,-7.402483530334599653e-03,-6.409854409476107955e-03,-1.658830727684178913e-02,3.505702249740705323e-02,-1.623267576558775627e-01,-1.876627178598249124e-01,5.550427083565765418e-01,3.496537324530223367e-01,4.854760947707702917e-02,5.888835496830076982e-02,4.436687305813424298e-01,7.345153714954692603e+00,-3.208944588039778978e+01,3.306985947628097051e+02,2.736186063653980227e+02,3.162499666514153205e+02,3.018338777052338173e+02,2.464212303386329665e+02,2.293966997568685144e+02,2.725011514809120854e+02,3.239428236112753439e+02,3.253997670927107038e+02,3.157850328939829296e+02,3.121130892165597857e+02,2.842973982759181695e+02,3.122363519875970042e+02,3.865454365155676442e+02,1.448549585265708117e+02,3.412449531270364673e+02,2.534437722365369439e+02,2.526492611535523167e+02,2.767918709395875680e+02,2.811113836601552407e+02,3.200750362060176712e+02,2.943149798987249142e+02,2.318000546874411611e+02,2.906771639778006033e+02,3.443719596211471412e+02,1.745348102506643500e+02,1.569808305301472160e+02,1.633618313255864791e+02,1.505313710294862517e+02,1.440529528918937672e+02,-2.948275396595088438e+01,7.761301778630157466e-01,6.856540610516087542e-01,6.844081592379511747e-01,-1.571601878981591927e-01,-2.198046665876375247e-02,3.361314750043148912e-03,-1.171062307780149948e-03,5.186329658552376459e-02,-2.528005587411477628e-01,-2.091139128407499548e-01,7.014146651364360219e-01,6.490079690184432648e-01,8.034594330288095110e-01,-1.709178966536248900e-01,3.751800925284187738e-02,4.051834412232058896e-02,4.058780478377833900e-02,5.531513444814849939e-02,-2.050903671226286806e-01,-1.679291039739659874e-01,-1.502822595259058758e-01,-1.748865841075952499e-01,1.892561772934517705e+02,3.865744232949277830e+02,4.380493700176409675e+02,3.992408598453997115e+02,1.924808431740487435e+02,1.972515034515215575e+02,1.920759804524345782e+02,1.841564715980168501e+02,1.914005015880022711e+02,1.872493480474434193e+02,1.853404904787905707e+02,1.789796225401898084e+02,1.912454670159799832e+02,1.756110838242324519e+02,2.372046992354152906e+02,1.822986391582351473e+02,1.947380789960565153e+02,1.668423859290151086e+02,1.683061626708889662e+02,2.431612343270222993e+02,1.854493520345101842e+02,1.887594228017532032e+02,1.558001323082056331e+02,1.835979038490675066e+02,1.886498424905884406e+02,2.652217418826224389e+02,1.783610308261881698e+02,1.769455570351591120e+02,1.961476158484339862e+02,1.439729461202914536e+02,1.948907589916643417e+02,1.886296447907647860e+02,1.652549243040166971e+02,1.960266914755564471e+02,1.674738279144843887e+02,1.449814960749029638e+02,2.163109570485904385e+02,1.601801441208024528e+02,2.179309978328711850e+02,2.389621253812180726e+02,2.114847742248585973e+02,1.803604415776439964e+02,1.889919178642836641e+02,1.951705897335369571e+02,2.531170732283865448e+02,2.174088410964775733e+02,1.959046540999849242e+02,2.355953734179281867e+02,2.105824107034054293e+02,1.897249998517471852e+02,1.981404539475891511e+02,1.940537275726508710e+02,1.914569611430956115e+02,2.011664451316406428e+02,1.664174326427817618e+02,2.089967711245355702e+02,1.786969309401998771e+02,2.144586526947944378e+02,2.292673349258712676e+02,2.050252444450158293e+02,1.814223897335933202e+02,1.782598599292657866e+02,1.838418445496391769e+02,1.815087657464491997e+02,2.049450392157302190e+02,1.818431428971779837e+02,2.105232727357811768e+02,2.293792519099775973e+02,2.137240797534261674e+02,2.083601552204566190e+02,2.062018150000641867e+02,2.142917790347927678e+02,2.053451292677098934e+02,1.588927837147677451e+02,1.559742094931360441e+02,2.347882238009606795e+02,2.207026966236437033e+02,1.921229684359219050e+02,1.970845904147971339e+02,1.753730833328431800e+02,1.928383361310129942e+02,2.383966846567541040e+02,2.428288040977721209e+02,2.245103740761084907e+02,1.832645696031947011e+02,1.750970995923597116e+02,2.062260022155424224e+02,1.922683823038547644e+02,1.946807724297127038e+02,1.721093622259038796e+02,1.966015714892700146e+02,2.102466031423566903e+02,2.160670547284463510e+02,1.635433833151125330e-14
-9.306725643145349064e-31,3.642443456950059689e-30,-1.339566371851515654e-29,4.559608383455071517e-29,-1.688808195428020301e-28,6.209292496364801778e-28,-2.460233104596666554e-27,8.106328785804422891e-27,-2.380881153427624637e-26,1.315544080897270720e-25,-5.154976009640590668e-25,1.599493068808190162e-24,-7.231590905264918380e-24,2.307828028689733224e-23,-9.190253912161911097e-23,3.519118782272006172e-22,-1.131464642946854232e-21,4.885322020355820299e-21,-2.011257472941683330e-20,7.591369040404370616e-20,3.810221159196226949e-05,4.351882262870963690e-05,-1.313484819639640965e-05,-1.434831729188754481e-04,-1.459426992806502912e-04,4.840264507495361970e-04,8.271244127640905303e-03,7.841009775936222739e-03,-4.163299745946985597e-01,-2.697975258167372159e-01,-4.748643700309924220e+00,3.705743314040560676e+02,5.218999275612255815e+02,4.832493347598663718e+02,3.688868975075657204e+02,3.695583964206427936e+02,2.707060777670612879e+02,2.918314159255497771e+02,3.094636209463741920e+02,2.976324857899902554e+02,2.790050471169732873e+02,2.802069254458059504e+02,3.901883783212692833e+02,2.955435480893475528e+02,3.014132286462391335e+02,2.502350881906708651e+02,3.444282821256512079e+02,3.647877575814842999e+02,3.221201789120765966e+02,3.167110549548397103e+02,3.143712061811945659e+02,2.881051918318474350e+02,3.055950056294291244e+02,2.801577737529795513e+02,2.380719239531682092e+02,2.660002591680629394e+02,2.883548271333074240e+02,2.323057371333281367e+02,2.790840211846788179e+02,2.179877911598508433e+02,3.733105057219649439e+02,3.837568484979265726e+00,-3.787686212568560418e+00,7.032816795442884406e-01,1.768106445128241316e-03,-5.910508890450496839e-04,-6.816381094031189782e-04,3.123226050315502846e-03,1.563687442757104708e-04,2.082773098144496331e-04,2.936635694179937084e-02,2.123852463602751012e-02,1.838656066288426108e-02,4.758425226541474623e-02,-1.005664103175290675e-01,4.656540053898015064e-01,5.383334758500332162e-01,-1.592205504521878145e+00,-1.003023315800715798e+00,-1.392639317773531893e-01,-1.689283061057651469e-01,-1.272716943319373017e+00,-2.107045401225650494e+01,1.063321061338782556e+02,3.237373241834827127e+02,2.617277826928541344e+02,2.871460266838596453e+02,3.319206991916940979e+02,2.691856604375568054e+02,2.244703959050219169e+02,2.776333277591475053e+02,3.100921478975351420e+02,2.951458413109142498e+02,2.920538495665319374e+02,2.488649083384694052e+02,2.742682010097299212e+02,3.188543271611679870e+02,3.545370957430066028e+02,3.226181637631689796e+02,2.540588117737834466e+02,2.748831595422308283e+02,2.529998170562647601e+02,2.495764991884617530e+02,2.176323421332250518e+02,2.543303333595598872e+02,2.701092359036481980e+02,2.450301835202336065e+02,2.843237038966603336e+02,3.402614830459716018e+02,3.801694114664952622e+02,3.637129139026653206e+02,3.951477007721244377e+02,3.561630727755733119e+02,3.257313888499496102e+02,9.740740238680865559e+01,-2.226020971405726190e+00,-1.967047298468412198e+00,-1.963485209352562322e+00,4.506275316974809875e-01,6.310572005921995242e-02,-9.658449829557130828e-03,3.342509935185293372e-03,-1.487916462887678426e-01,7.251748211069868333e-01,5.998521574043242932e-01,-2.012107989353081994e+00,-1.861770436467764078e+00,-2.304820620408573717e+00,4.902973123065549332e-01,-1.076260954804392211e-01,-1.162330772644635662e-01,-1.164337389431269187e-01,-1.586778744118989282e-01,5.883246405379332078e-01,4.817398207789665987e-01,4.311089650949511687e-01,5.016694234810481490e-01,-4.036697022078590180e+01,3.392928817443267917e+02,2.851267417487967464e+02,3.556415777603193646e+02,3.771661216465118969e+02,2.404240733274513957e+02,2.274515749594121132e+02,2.193960337827820410e+02,2.358234740224582708e+02,2.210251828149827418e+02,1.912912119037421519e+02,1.977092893545767254e+02,1.631898398113322628e+02,1.789597313301602526e+02,2.337138053351125961e+02,1.765145620471740244e+02,2.088239213413689868e+02,1.500489017232380320e+02,1.931713671909661230e+02,2.244409323853957687e+02,1.168201220144282360e+02,1.557570769139078664e+02,1.659180237108175788e+02,2.016379909090807132e+02,1.722116099615788585e+02,2.112606356502607525e+02,1.859671562679569661e+02,1.914486039574732672e+02,2.341459000025173225e+02,1.684364610965294276e+02,1.770906052389242404e+02,1.382947655989717930e+02,1.330119397057714252e+02,1.654155724421600553e+02,1.571561647466435829e+02,1.853075988233978251e+02,2.202004790106065286e+02,1.651693728391311708e+02,1.793994103156814219e+02,2.110716692253377289e+02,1.955262888620169690e+02,1.753033370125165789e+02,2.192979572597577089e+02,2.039539970540437821e+02,1.833513662643762814e+02,2.309565376772743264e+02,2.045902709079005888e+02,2.075249003198252922e+02,1.772742535466327922e+02,1.846817959793602313e+02,2.000573212789291233e+02,2.026099314879008944e+02,1.802984999890965980e+02,1.834030076606813395e+02,1.599721940239343496e+02,1.820566588168157693e+02,1.904939189558504609e+02,2.154581623174476306e+02,2.341368517647398164e+02,2.114247332609936336e+02,2.242695711048321812e+02,2.656448209828132576e+02,2.041902362901430195e+02,1.972629727948066432e+02,1.819218366663125153e+02,1.919542470019692644e+02,1.983912544512338059e+02,2.108449409527003127e+02,1.999966856464487250e+02,1.777232752998237117e+02,1.858558017976901624e+02,2.072363310939642815e+02,1.783952162879178047e+02,1.667439979798591594e+02,1.975693634641905021e+02,1.971192608343880863e+02,2.004793184681000469e+02,1.828239340224259593e+02,1.429222442006447977e+02,1.764684024391669368e+02,1.974549398554015056e+02,2.066656998502107854e+02,1.915813634448763310e+02,1.845004840923821519e+02,1.861466410586582185e+02,1.901599578533493116e+02,2.023766094124842425e+02,2.123159848758066914e+02,2.201948827254882133e+02,2.092639621974258546e+02,1.988346166001151119e+02,1.901834513718016524e+02,2.065631819238034268e+02,1.274446564826299789e-14
2.132595700575264439e-31,-1.383450007281024769e-30,4.876493236263791005e-30,-2.157441532534799035e-29,6.919517218516356058e-29,-2.709611507323715821e-28,1.008498780873927781e-27,-4.229583568443347813e-27,1.363801469347610174e-26,-4.941706010149363998e-26,1.767490395573085163e-25,-5.186322937257322785e-25,2.660589698032613778e-24,-1.131241997571519421e-23,3.958854100040606830e-23,-1.520072510819281060e-22,6.346229902672180152e-22,-1.582555627464898878e-21,7.786350216608439791e-21,-2.877626966612408820e-20,-8.637992129695483361e-06,-9.865969235227153443e-06,2.977746188601089025e-06,3.252846663311153636e-05,3.308605550968128487e-05,-1.097316008035072291e-04,-1.875138966799966625e-03,-1.777602346518543548e-03,9.438441743009078067e-02,6.116466229240361679e-02,1.076545040200754366e+00,-4.824088061522481041e+01,3.295983557446224381e+02,5.622627457373972675e+02,4.510743323289193540e+02,4.039005046212445791e+02,3.041141504879882973e+02,3.417887430602702352e+02,3.462081624314582200e+02,3.308134629519497025e+02,3.411178297611342032e+02,2.441364766304270972e+02,2.836237348660452540e+02,2.927666101037328872e+02,2.694439713922830606e+02,2.888698244233832497e+02,3.600821400242688242e+02,4.152359401112175874e+02,2.940484185971736792e+02,2.872603026619855768e+02,3.477503766491582269e+02,3.722603889420472001e+02,2.833992254238335704e+02,2.874599885771765457e+02,2.416031465609981126e+02,3.460907307139139562e+02,3.114429276431240510e+02,2.599023546624187020e+02,3.435619139846683652e+02,3.220729378706712396e+02,4.206587712259590717e+02,6.152260930474789724e+00,4.501289776115438457e+00,-1.539097114299105895e+00,8.781899911804053613e-04,1.252893584037134559e-03,1.607037238739531361e-03,-7.141024249789222449e-03,-3.577542175050381812e-04,-4.761722392317369805e-04,-6.717827879877603936e-02,-4.858602050810619660e-02,-4.206087393328654389e-02,-1.088533758176581101e-01,2.300558222818203380e-01,-1.065229456462380320e+00,-1.231490955285119426e+00,3.642326686965552174e+00,2.294514555690538415e+00,3.185798040340512283e-01,3.864401392056044382e-01,2.911465367087636480e+00,5.109559418732608549e+01,3.774789077335541378e+02,3.160134829434963422e+02,2.715199153741605755e+02,2.759116132243752872e+02,2.641026053480272822e+02,2.814255357526541275e+02,2.139065963468526377e+02,2.413384035207469935e+02,2.072750911949158592e+02,2.222101792001835747e+02,2.454410587086935607e+02,2.496647951931963405e+02,2.747744829363306280e+02,2.839880002812774364e+02,2.860845430877974422e+02,2.756799881330546782e+02,3.054703988056170374e+02,2.478792257948239239e+02,2.277829621351798437e+02,2.087745400084409937e+02,1.957793632990174331e+02,2.303419835235854407e+02,2.515209707306847520e+02,2.690851806044489081e+02,2.759427236505829342e+02,2.962342244760532708e+02,3.040917430323939357e+02,3.168091239718473844e+02,3.436575303840681954e+02,2.955810914938008409e+02,2.694967773222340384e+02,3.353225016456888739e+02,5.092152949391199890e+00,4.499851452044764777e+00,4.491705475131576364e+00,-1.030809209734729004e+00,-1.443721395262289875e-01,2.209823893269799791e-02,-7.642579829913364632e-03,3.403790070814652902e-01,-1.658905742598384858e+00,-1.372217297862052376e+00,4.602898755903151340e+00,4.258986203822133554e+00,5.272504390989229073e+00,-1.121603135847100807e+00,2.462055584856688573e-01,2.658949129972749681e-01,2.663542588815871470e-01,3.629912180877434835e-01,-1.345850193398876238e+00,-1.102030637628401699e+00,-9.862056187709654642e-01,-1.147615170733406353e+00,7.904158547836196647e+00,2.174354521098060786e+02,-3.972578191847345863e+01,-5.154823973630327316e+01,3.916534578549418484e+02,3.798958379887332057e+02,3.191657385618859166e+02,2.681632624266904372e+02,2.348220302279648593e+02,2.118525276107631896e+02,2.145408651477667377e+02,2.155106465130644438e+02,1.690550009174225465e+02,1.813904995421473529e+02,1.639295975085569808e+02,1.855281777180961171e+02,1.796331352145174094e+02,1.638813273551116367e+02,1.878398630194303394e+02,1.672509788339810939e+02,1.769384284640637190e+02,1.748489195709499029e+02,1.835904964711521643e+02,2.093830273439623681e+02,1.872777923189298690e+02,1.719014613283324593e+02,2.147712266790890112e+02,1.494330547262300968e+02,1.978899123001837665e+02,2.045422709163345019e+02,1.905796865982595989e+02,1.716534787271763491e+02,1.622023145029113209e+02,1.733584128279038907e+02,1.960315111412901103e+02,2.214509846881960300e+02,2.104477512303936635e+02,2.380883417453252378e+02,1.652281703949668668e+02,1.671121192504679698e+02,1.970601408753830412e+02,2.139003067347381943e+02,1.924964406241657855e+02,2.004271344780773347e+02,1.759527830144858456e+02,1.998289769367914914e+02,2.331720616110307844e+02,1.602672396668185968e+02,1.618856724337149160e+02,1.780252322957557567e+02,2.035918093364251718e+02,2.128762760755697911e+02,1.569319215410700679e+02,2.330555604703704091e+02,2.016637525991394568e+02,1.673162999217779827e+02,1.830840716629579390e+02,1.995754818432768332e+02,2.554184569956960047e+02,2.286811054068975011e+02,2.125910393450900528e+02,2.194030713680449765e+02,2.239785937120122412e+02,1.923210365934404535e+02,2.032896540929653781e+02,2.089139715898743930e+02,1.816219592744571116e+02,2.189074280606505170e+02,2.200363849520955739e+02,2.155664550523957530e+02,1.646994117233908526e+02,1.967303546934135738e+02,2.160911166989439494e+02,2.229869758673170281e+02,2.207718548643494216e+02,1.848880425500271656e+02,1.866934273708178296e+02,1.789168631964036820e+02,1.546531900725677531e+02,1.774910798740391726e+02,1.936262082290940043e+02,1.715236107588798973e+02,1.880259626430994047e+02,1.910362603515054900e+02,2.041091593045879051e+02,1.846576983117545296e+02,1.831369917379593630e+02,2.288916683935413801e+02,2.216036065035881961e+02,2.108448984343361019e+02,1.790850356066520987e+02,1.873628233786535304e+02,2.051914675257295073e+02,2.326323402566007544e-14
-2.167109400930579385e-31,5.945045619694049084e-31,-2.919353442628605134e-30,7.046160009844539106e-30,-3.729541521329088344e-29,1.557433507060650680e-28,-5.044253128685724315e-28,2.024463241225221991e-27,-5.504524173618601967e-27,2.862692614072646858e-26,-1.022379118661172993e-25,3.181246205207363017e-25,-1.504687076117723497e-24,3.694064593078000785e-24,-1.603745602568420748e-23,8.247944341749080266e-23,-2.644562813690467128e-22,8.363793115396557515e-22,-3.785818919259959341e-21,1.283546357936306698e-20,1.202774648604713010e-06,1.373761112753581547e-06,-4.146284891046033007e-07,-4.529341360450839310e-06,-4.606981366958386078e-06,1.527929009611026087e-05,2.610988269048682814e-04,2.475175950143925700e-04,-1.314231163952859181e-02,-8.516713617141267317e-03,-1.499007018058545193e-01,6.717175399001774849e+00,-1.810447980018508574e+01,6.737543271056720187e+02,5.904756990933116185e+02,4.441296110173370835e+02,4.167522251055143556e+02,3.996866608055179313e+02,2.790115919542849383e+02,3.252017440753623418e+02,3.025749557475041343e+02,2.717363845799760611e+02,2.402998472006937334e+02,3.636770848507159144e+02,2.845248324192470477e+02,3.297414420160628765e+02,3.214663798446700298e+02,2.865137156524997977e+02,3.280622493560090902e+02,3.088960636968784570e+02,3.352933153385001788e+02,3.853102406443728682e+02,3.582553991478178546e+02,3.181494448489337401e+02,2.754376489858524337e+02,2.869846922356976506e+02,2.341826741093013595e+02,3.341130209913413864e+02,3.228369968176936595e+02,4.048893895684437325e+02,4.579683287935936846e+02,-1.031171189807878186e+01,-5.531314275935485192e+00,2.071936660198357316e+00,-1.844419239491871566e-03,-1.680986912382299685e-03,-2.179480763263594387e-03,9.655946807989453443e-03,4.837784622952237242e-04,6.438652342955545043e-04,9.084167071607873734e-02,6.570045502500256041e-02,5.687670560848793327e-02,1.471967185014150248e-01,-3.110925534516089108e-01,1.440454381868410350e+00,1.665281163726435754e+00,-4.925328853385828154e+00,-3.102752650166765047e+00,-4.307988737251169931e-01,-5.225628954543638516e-01,-3.937023145081701703e+00,2.953816318690205094e+02,3.527755567236307570e+02,3.190363565489923872e+02,2.456202036309996402e+02,2.749119682403747902e+02,2.503545574848755564e+02,2.233215592609249995e+02,1.799773239736686890e+02,1.933698133153538663e+02,1.713355091916342303e+02,1.943295520760225941e+02,1.948150762098481437e+02,2.025228085709709660e+02,2.514679485230759610e+02,2.692204144531881980e+02,2.684916314938042774e+02,2.925144836588792145e+02,3.149233860004607095e+02,2.238031064219181587e+02,1.879224790674284975e+02,1.520524796250047075e+02,1.795980098376996068e+02,1.884667260370221697e+02,1.726474037147177967e+02,1.928092722159773018e+02,2.530641727496281419e+02,3.002270460459766923e+02,2.971716874942644040e+02,2.812546783367390617e+02,2.799677930507931478e+02,2.500599234205319590e+02,2.871457612320295993e+02,3.520755495813367020e+02,-6.885841597911272594e+00,-6.084919949122914673e+00,-6.073904922318822841e+00,1.393903573891026593e+00,1.952284796277771184e-01,-2.988277701389559574e-02,1.033416392993106482e-02,-4.602772846099369430e-01,2.243251517981499354e+00,1.855577581585412084e+00,-6.224260991637653895e+00,-5.759205860732667936e+00,-7.129733409651017872e+00,1.516685533927141449e+00,-3.329310029920569125e-01,-3.595558975393793877e-01,-3.601770887834054302e-01,-4.908541328363242306e-01,1.819923148419884562e+00,1.490219144096713633e+00,1.333594736837402817e+00,1.551859883187756806e+00,5.787777625536930648e-01,-1.246396313390684973e+01,7.341963889715119151e+00,8.815570469105072249e+00,-2.219706474862385903e+01,3.036716861132284748e+02,2.405006584040901885e+02,1.881232741872287022e+02,1.980858838001581432e+02,1.586219175224555045e+02,1.793991483819164898e+02,1.552152873696152540e+02,1.924842652958930671e+02,2.061277219320546124e+02,1.880637687863513179e+02,2.160842370061120619e+02,1.830219141176864355e+02,1.891812245063345017e+02,1.827693020328824218e+02,2.381458688022741796e+02,2.528923817760060615e+02,2.352381903801806118e+02,1.959358072219739313e+02,1.925994049566160982e+02,1.740360752046327661e+02,1.829516317045722360e+02,1.683758463656613742e+02,1.487039391503778347e+02,1.738383825192042593e+02,1.921014564275487260e+02,1.951735450391442726e+02,2.180577431503822368e+02,2.051316330220996917e+02,1.836364439580270016e+02,1.968771095234810105e+02,2.511175793257826570e+02,2.264210164027200562e+02,2.172069092967372512e+02,1.799764985819316792e+02,1.791816230956542313e+02,2.177304552920698768e+02,2.625660692408082468e+02,1.568669367674168882e+02,2.129247123483457926e+02,1.877773419490069671e+02,2.008099419996661936e+02,2.041629603502014163e+02,1.776071550089999960e+02,1.543115392792502121e+02,2.035790763255017453e+02,2.105555254510909151e+02,2.338941640271143285e+02,1.883115024939475575e+02,2.451118694499167532e+02,2.129855784051124772e+02,2.295924948744482492e+02,2.283878315183814891e+02,1.923466868835562309e+02,2.491227889544383913e+02,2.098588916361921122e+02,1.714861831144592372e+02,1.893080057112359498e+02,1.947909428681498980e+02,1.785304605447488484e+02,1.650855768592634831e+02,2.114055008528355586e+02,1.705214222173278245e+02,1.564721320058860670e+02,2.067051025875873052e+02,2.390260015633796797e+02,2.007658842386809681e+02,2.269965550802963321e+02,2.393496793275526784e+02,1.947951901385516180e+02,1.811873323535698148e+02,1.947962749340865400e+02,2.350039005674615851e+02,2.141819666706793157e+02,1.957833825069945419e+02,1.737667942765148439e+02,1.825096126032641450e+02,1.844863929829083133e+02,1.803818492438611258e+02,1.761231614874277227e+02,1.965682686354575708e+02,1.993288819037090320e+02,1.977587321488009877e+02,1.981067311163104421e+02,1.670843277207504798e+02,1.760298889513488234e+02,1.977295347970596708e+02,1.877192630889752820e+02,1.898100706655555996e+02,1.287482022845509755e-14
-1.169485455686084935e-31,6.172465005413886729e-31,-2.191899390986685489e-30,8.076419427665188967e-30,-2.962035506792206160e-29,1.332827374674101505e-28,-4.167289618796074085e-28,1.710371849187547545e-27,-5.414917868574534765e-27,2.408934026332361302e-26,-8.367249829742938495e-26,3.106081471049935178e-25,-1.149085499980914094e-24,4.027069517440314660e-24,-1.718274533699594622e-23,5.663718429682168872e-23,-2.581777259265888900e-22,7.642750929176115293e-22,-3.050424326051191111e-21,1.269309854042285912e-20,2.017072532763623782e-07,2.303819597736505007e-07,-6.953386801513797770e-08,-7.595778694082631856e-07,-7.725982240407903929e-07,2.562361653453465379e-06,4.378669542931309114e-05,4.150910088297539316e-05,-2.203986911087982628e-03,-1.428266643832247582e-03,-2.513859005971191135e-02,1.126481175073225760e+00,-3.036150534707080961e+00,7.501016968682532706e+02,7.328102233770953262e+02,5.145833381679532295e+02,3.403691317890580876e+02,3.255365173495635531e+02,3.119797189550627081e+02,3.018024833084331817e+02,2.518446524036957612e+02,3.221477212424598520e+02,2.878535066817237862e+02,2.251816813018681955e+02,3.583296577021588973e+02,1.470440202466956805e+02,2.471750636309561173e+02,3.028916091369541164e+02,2.492472956009451650e+02,3.351145889179406367e+02,3.324053080046652440e+02,3.031090789488053474e+02,4.003156435306403864e+02,3.221402651475759740e+02,2.275244490954767969e+02,3.717764583660012363e+02,2.382099333146453830e+02,2.800286136704419846e+02,3.688672939977976171e+02,3.008938122759716975e+02,3.899013753711065533e+02,-1.608150909900898640e+01,-8.372418980763045582e+00,3.167238620267129878e+00,-2.923416023893464326e-03,-2.568729515832519992e-03,-3.334159607414855560e-03,1.476713674300848649e-02,7.398620697286633664e-04,9.846821259710568982e-04,1.389276793700064960e-01,1.004782652408754973e-01,8.698374296198144173e-02,2.251136321208910551e-01,-4.757658865842558371e-01,2.202942633024806529e+00,2.546778932409888618e+00,-7.532496021315960633e+00,-4.745159703166027754e+00,-6.588373862691597749e-01,-7.991756592510479429e-01,-6.021041858935753055e+00,2.857948731272767304e+02,2.952766753178954104e+02,3.025575568383099494e+02,2.467524242009062050e+02,2.101912615774625408e+02,1.794117800694170626e+02,1.629766593517580588e+02,1.678455317947770880e+02,1.543427168849343616e+02,1.797405513201656788e+02,1.772609420212033058e+02,2.417446484787953693e+02,2.220046112061179429e+02,1.996999619738456033e+02,1.923050241654058254e+02,2.150109031654423291e+02,2.265882058413462232e+02,2.445162249507687307e+02,1.775259901226344539e+02,1.733622082896033305e+02,1.961795801333992415e+02,1.659557095136630949e+02,1.757319188935809677e+02,1.891116426150674101e+02,1.942139590740154631e+02,2.048950596631653696e+02,2.349212940856177454e+02,2.000015535452595827e+02,1.805391887850216790e+02,2.187946326172843783e+02,2.478809882916658864e+02,3.122364238819338311e+02,4.253904565045064032e+02,-1.053078217633709279e+01,-9.305904337014217376e+00,-9.289058685568022611e+00,2.131749727556623952e+00,2.985707109633407019e-01,-4.570096209505428164e-02,1.580435880983098104e-02,-7.039199363038043389e-01,3.430691296077038821e+00,2.837806531543034083e+00,-9.519003287884842734e+00,-8.807776466167856810e+00,-1.090377722896175250e+01,2.319525877503521905e+00,-5.091642728466121426e-01,-5.498827552128051632e-01,-5.508327735407082537e-01,-7.506822204256987652e-01,2.783278894351762567e+00,2.279049878503685900e+00,2.039518070443776754e+00,2.373319312898350297e+00,2.646249183258896576e+00,-2.624678549436138209e+00,3.979417376861370315e+00,3.964576289849414348e+00,-1.438594612261377526e+00,1.140886309115744268e+01,3.120412893284663483e+02,2.043962122428993382e+02,1.646981945245655936e+02,2.053100710993960263e+02,1.962586059129332909e+02,1.671034282233806607e+02,2.013277142977004246e+02,1.736426817407500494e+02,1.795140969274005158e+02,1.636288018328038163e+02,1.561807906050297845e+02,2.050097098917822223e+02,1.614486216616194838e+02,1.753691846117993123e+02,1.974613828516957028e+02,1.412285408324019613e+02,1.598287254349233137e+02,2.000235036701934348e+02,1.781013718566465798e+02,1.458507706643203221e+02,1.556460661165384067e+02,1.938183394052643393e+02,1.711699899962333689e+02,2.144749890629502431e+02,1.194551600737371473e+02,2.460071491047713437e+02,1.853000795392684381e+02,1.532659140356484784e+02,2.080116177215734865e+02,2.096757471299126223e+02,1.894561429279926017e+02,2.207193810006379238e+02,1.893377391114983368e+02,2.210292063916462268e+02,2.216044710446952877e+02,2.485650782840292550e+02,2.608342484299952275e+02,1.920309655737282242e+02,1.805535777103881401e+02,2.112697045293123210e+02,1.557023300035164652e+02,2.358502564346942165e+02,2.799079355954311836e+02,2.378273413385363995e+02,2.131613844788653296e+02,2.240346835034891058e+02,1.823803570642016894e+02,2.439633132098020099e+02,2.012061168665869673e+02,2.436601363069456170e+02,2.023753609948942938e+02,2.350871234716155129e+02,1.695087266568019686e+02,2.131071717366233997e+02,2.226456950076635337e+02,1.794599186664385684e+02,2.111831978482425427e+02,2.373385400089387360e+02,1.934867905532946111e+02,2.152716626547686189e+02,2.277983531934904988e+02,2.152831561795752009e+02,1.947063865334924060e+02,1.857779647635803713e+02,2.061020089150883905e+02,2.402086422480435317e+02,1.998552499601607906e+02,2.117659529319803369e+02,2.185776395908179950e+02,2.223685436915705225e+02,1.957101017141457078e+02,2.065109639876234269e+02,1.804167207299964559e+02,1.698410432939953978e+02,2.105450084395009185e+02,1.972407122231404344e+02,1.891432317325229633e+02,1.853534924938312543e+02,1.608582421515058059e+02,1.834502932454056463e+02,1.646300921922149882e+02,1.805430275385733410e+02,2.015929279159034024e+02,1.744702334682243361e+02,1.995682833284054141e+02,1.898400260259176378e+02,1.735019286477339904e+02,1.790027546534491353e-14
-2.380169447782223855e-32,1.011724579775636956e-31,-4.340438038975202370e-31,1.309905782999951994e-30,-5.699210822297965086e-30,1.949013333985122169e-29,-6.703511904001772338e-29,2.525946473463247197e-28,-1.123992617640892859e-27,3.886810694057349334e-27,-1.410770579650009832e-26,5.385667703823081118e-26,-1.726423307298289252e-25,7.514193323874617400e-25,-2.626239845681761208e-24,1.021882914490066079e-23,-3.886946219333565234e-23,1.456726099347184698e-22,-5.429937969329851873e-22,1.870629119532256400e-21,-2.461791909342820769e-07,-2.811760288320548884e-07,8.486453061192215929e-08,9.270477997482084911e-07,9.429388513287269349e-07,-3.127305084337661979e-06,-5.344068237217418366e-05,-5.066092917165912186e-05,2.689916727275154257e-03,1.743167492033346902e-03,3.068108688010880852e-02,-1.374845077594592180e+00,3.705553816473958761e+00,1.044705024864307887e+02,6.410526279773449687e+01,7.729955370162375630e+02,5.174412528758667804e+02,3.537089232532969731e+02,3.348734268282743187e+02,2.837590294815184393e+02,2.785469529808582365e+02,3.235498549854228258e+02,3.709887094655632040e+02,2.893370977028523043e+02,2.257925598063098391e+02,2.903596261362971518e+02,3.504167716012793221e+02,2.906624060444626707e+02,2.876420975042849477e+02,3.508610637643344603e+02,3.336473344361970703e+02,3.076111603374158108e+02,3.841878204132958103e+02,2.982319085353560695e+02,3.632870602641871756e+02,3.670058902171757040e+02,2.942153373329387023e+02,2.754857734805609084e+02,2.587343640770262709e+02,5.310636578366688809e+02,5.273165320552938056e+02,4.680704470364323129e+02,3.185546094974479274e+02,-3.680470077980822197e+01,3.410461546407271560e-02,2.984862349251272626e-02,3.874763183150704143e-02,-1.716091882778461586e-01,-8.597957865032103061e-03,-1.144300944398548604e-02,-1.614482227337489695e+00,-1.167660595782685107e+00,-1.010840369281444939e+00,-2.616051457150945669e+00,5.528887941261094063e+00,-2.560045452658567200e+01,-2.959618524493214053e+01,2.595283302778287862e+02,1.780953119208079443e+02,7.656366663645759907e+00,9.287241444947747837e+00,2.162464088219882683e+02,2.632187392290053367e+02,3.065837376398855554e+02,2.582839106130128926e+02,2.582378006963388657e+02,3.015136822319371390e+02,2.279408101738968639e+02,1.746688431260125185e+02,2.076541755514708711e+02,1.701013102597812860e+02,1.946037124578674025e+02,2.050477844460926065e+02,1.986165247112199097e+02,1.958675254358209372e+02,2.231128051608426688e+02,1.689273976647301367e+02,1.849937634444485184e+02,1.889687309045378925e+02,1.716722949795616842e+02,1.646193288931559664e+02,1.948810439389178839e+02,1.698419390062765899e+02,1.405104549832266798e+02,1.786093967358957002e+02,1.909795343320282370e+02,1.697176243557343582e+02,1.882836389521172293e+02,1.834433780552334667e+02,2.291967969629137372e+02,2.573417452910543375e+02,2.327136884193138542e+02,2.954229712378652266e+02,2.920981199564696453e+02,3.299442861947286474e+02,3.446149398914446920e+02,3.083057141843314071e+02,3.072637260542420563e+02,-2.477311867056760519e+01,-3.469698427930635543e+00,5.310921833555838356e-01,-1.836627712314201355e-01,8.180272265022360045e+00,-3.986815408475339950e+01,-3.297822456255657642e+01,3.181640730549790419e+02,3.026527972210135431e+02,3.036268692861745535e+02,-2.695527148166162945e+01,5.917011470469159207e+00,6.390202030511856535e+00,6.401242226943005598e+00,8.723697910182302451e+00,-3.234455753668770228e+01,-2.648489892453617855e+01,-2.370129340418677089e+01,-2.758040634071630137e+01,-3.300801497377348426e+01,9.446559204240683627e+00,-3.695939576051915054e+01,-3.388111196599293606e+01,-2.492347414199254274e+01,-3.837135979621000104e+01,3.420827089684642601e+02,2.397837108989449746e+02,1.708252845723584130e+02,1.573513345642996910e+02,1.829830224132154228e+02,1.805119546071942978e+02,1.580921155413203678e+02,1.486297325800686622e+02,1.710391143036559356e+02,1.476514671457070165e+02,2.318460656854196316e+02,2.002137913124478246e+02,1.466118581037827369e+02,1.430736541868185725e+02,1.845610521029179836e+02,1.519913535074444439e+02,1.666863606059132223e+02,2.122307645878505582e+02,1.742731921101047305e+02,1.535750931771281671e+02,1.506416583095005137e+02,1.322419600273784113e+02,1.322696083056366660e+02,2.019633951048072902e+02,1.556194558976066276e+02,1.722723232587293580e+02,1.575135938626371228e+02,1.629257343821272457e+02,1.956610279546953279e+02,1.819283426675059161e+02,1.826912373649913661e+02,2.095989201911798148e+02,1.857828363991037577e+02,2.057152107478588334e+02,1.800247382332935899e+02,2.092396440093595800e+02,2.363779124934077061e+02,1.732077905260652528e+02,1.641513399259870596e+02,2.357882664644942281e+02,1.653224561994560418e+02,1.947396894459443502e+02,2.050146805352393358e+02,1.722258950132512325e+02,1.751805655521500569e+02,2.253553276750523082e+02,1.863875191015017094e+02,1.864348735246214233e+02,1.659249714883206366e+02,1.815352911255440063e+02,1.951383221809792019e+02,1.716218486976281383e+02,1.578605610387182026e+02,1.970798066910608384e+02,2.448512625084866556e+02,1.613416456268267893e+02,1.837056940709158823e+02,2.199646772944616941e+02,1.883157476574125440e+02,1.794052160167670138e+02,1.937663553154470719e+02,2.166010809617106929e+02,2.244392505885231799e+02,2.035975805738058568e+02,2.267433894203839486e+02,2.093227592758120750e+02,1.676219330569908266e+02,2.034341011318691699e+02,1.775609945411748072e+02,1.650568800186738656e+02,1.768312777992681220e+02,1.583221009942339492e+02,1.572538569518972338e+02,1.505716792137196194e+02,1.563905907274312312e+02,1.958497125310510683e+02,2.075181690285478169e+02,2.155521666143563095e+02,1.795361091632574926e+02,1.607629594319536466e+02,1.847552975885504623e+02,1.984224464491117033e+02,2.152471446463743234e+02,2.087222539527323306e+02,1.918601871101245138e+02,1.903809121686851995e+02,2.075434012465934757e+02,1.830039098305434062e-14
1.677893528281637727e-32,-1.078700028066475230e-31,3.533120589664306046e-31,-1.501052715408818124e-30,5.603135740048038529e-30,-2.250770098269147672e-29,7.807980309401753336e-29,-2.909208470413457018e-28,8.855287379846861546e-28,-4.461306733506431385e-27,1.351868692746698625e-26,-5.650492984437226772e-26,1.977587998532518103e-25,-7.869863643222113973e-25,2.727639529741883811e-24,-1.014618997451982097e-23,4.093642944553675628e-23,-1.529403682569990014e-22,5.693257787222069337e-22,-1.967089453435980533e-21,1.206925971481417758e-07,1.378502587759162096e-07,-4.160595607788264927e-08,-4.544974179478902196e-07,-4.622882156963317859e-07,1.533202588204712679e-06,2.619999978223424964e-05,2.483718909161613039e-05,-1.318767174004119042e-03,-8.546108673092176139e-04,-1.504180773701470700e-02,6.740359429303587335e-01,-1.816696660205580516e+00,-4.932742318594956998e+01,2.823043794881487543e+02,2.160114830955989191e+02,6.655338834858383734e+02,4.462768328117165311e+02,3.656939635948343152e+02,3.339055290927114470e+02,3.320258255638256628e+02,3.097645599958397611e+02,3.159529191034295081e+02,2.866213325620873889e+02,2.134605083897190525e+02,2.938315013223727306e+02,3.363935316863487515e+02,2.651456470961505829e+02,3.050448238808200472e+02,3.520637733324074929e+02,3.376803923485164205e+02,3.406272467736764611e+02,3.221188764311028194e+02,3.038675194062028027e+02,3.583468877529349470e+02,2.944447021745729103e+02,3.578061494859093727e+02,2.902769829545766811e+02,2.216299605966168542e+02,4.223635176631945569e+02,9.325000524453984099e+02,1.693877545716859458e+02,5.498614648091654544e+02,3.033131266224619367e+02,-1.671157630167304786e-01,-1.462000995452667207e-01,-1.897903409043354694e-01,8.405584979739730844e-01,4.211363717682536228e-02,5.604897287881432932e-02,7.907891477075034814e+00,5.719315541282841586e+00,4.951194756682478548e+00,1.281367528888342555e+01,-2.708103260945269142e+01,2.270525116227849196e+02,2.639737197782912972e+02,3.227451559673822885e+02,2.950553119497460557e+02,-3.750163097030336701e+01,-4.548981478048057880e+01,3.387330638865983587e+02,2.349682345734591422e+02,2.364873709686929715e+02,2.853243706845874499e+02,2.329090259587069625e+02,2.317709651765449621e+02,2.152446628943662859e+02,1.936631319423644300e+02,1.744921975199924304e+02,1.952169010235107862e+02,1.672124265202565709e+02,1.821049320542569490e+02,1.561718085191349417e+02,1.538054736744886952e+02,1.777333914089788607e+02,2.138418158866016938e+02,1.676873774088712707e+02,1.754071912439756886e+02,2.029029734065694868e+02,1.773462245400723134e+02,1.479546483112271176e+02,1.600238243386968406e+02,1.852498469843224882e+02,1.584707312030734556e+02,1.383266211417851821e+02,1.499008192207354853e+02,1.802623488065657114e+02,2.064008298643475428e+02,2.616862622054433132e+02,2.709573409121217082e+02,2.776125621275944013e+02,2.950193468203508473e+02,2.609861615340250864e+02,2.991859924307087226e+02,3.630238891992107142e+02,3.464211147113159086e+02,3.456028505636684258e+02,2.350705603444951350e+02,1.699492160870750013e+01,-2.601341383804122831e+00,8.995981223071664035e-01,-4.006777177482920393e+01,3.499719978756083947e+02,2.929102634886543228e+02,3.793810121074696440e+02,4.072231100122258454e+02,6.417534590847004949e+01,2.426609816535502659e+02,-2.898209952600645423e+01,-3.129983306016941214e+01,-3.135390902383199574e+01,-4.272952355994301143e+01,2.945723654020678168e+02,2.430455633360355137e+02,2.152723834115821262e+02,2.445748862448763532e+02,2.907932524425273755e+02,-3.537956360982269644e+01,3.259040516792065887e+02,2.965971232635426986e+02,2.674311708363207458e+02,2.493158158584010664e+02,3.021248646518852752e+02,2.284452816831600899e+02,1.938846604472730917e+02,1.750170817539102188e+02,1.669014867856077728e+02,2.063302440358829131e+02,1.526876856430598934e+02,1.591210415695959171e+02,1.889345791217262445e+02,1.899711431827295200e+02,2.360006234487038341e+02,1.988292759546623074e+02,1.975227259798881789e+02,1.679802333498743110e+02,1.865969178085633757e+02,1.502471141157815282e+02,1.849408462877288741e+02,2.457305638273992088e+02,1.631281928615004801e+02,1.512057976160633643e+02,1.902788375426895584e+02,1.654732509494406543e+02,1.421622005820685786e+02,1.818387571797651674e+02,2.003408741279166065e+02,1.831553494007119696e+02,1.738140131264273407e+02,2.024076729533239245e+02,2.242757986605153064e+02,2.154722052370495646e+02,1.884865619752680743e+02,2.496843454918869725e+02,2.326416923187714474e+02,1.716600856479536787e+02,2.036649074385271945e+02,1.650050938450299043e+02,1.764101919374402314e+02,1.913965740128420236e+02,1.905216232812475425e+02,1.761134577352834754e+02,1.899132661845252983e+02,1.644467310709484877e+02,1.693343002676568858e+02,1.441810952529269230e+02,1.876846796054837228e+02,2.262862940272397623e+02,1.799960818339158379e+02,1.852397368967679938e+02,1.679500647863407323e+02,1.637251143427185127e+02,1.952779887295244805e+02,1.516174431471695812e+02,2.121828324255048130e+02,1.908126902205243596e+02,1.829347894498773996e+02,1.869872217354684949e+02,1.851200549202872594e+02,2.004041292809010884e+02,1.664554169395157714e+02,1.786411106999838978e+02,1.920842807595007571e+02,1.893846950271052947e+02,1.845208814333060161e+02,1.795607676644767423e+02,1.892863426079702833e+02,1.883137829010813959e+02,1.854862542102510190e+02,1.819884349240011261e+02,2.255255014018756299e+02,2.655049743275044989e+02,3.181024738054869090e+02,2.687621311505776589e+02,1.808544329546528786e+02,1.625905303580814518e+02,1.694924278048628139e+02,1.992458177682668179e+02,1.687819605474139451e+02,1.683137970815323001e+02,1.977393768683015196e+02,1.906178757075610122e+02,1.918840294841186846e+02,1.732942346553948028e+02,1.695833064266680594e+02,2.134251626506124921e+02,2.133050797013448232e+02,1.787838679469226406e+02,1.866189965205767862e+02,1.870056991883785652e-14
9.724611219285997809e-33,-6.616449166121743908e-32,2.314008989176022163e-31,-1.050659873362539150e-30,3.071251531520399288e-30,-1.326774308800310021e-29,5.537537648126565953e-29,-1.547930587402025175e-28,6.797224336921008547e-28,-2.604944879776676419e-27,8.542566231289108721e-27,-3.468920923005496701e-26,1.310646627447590143e-25,-5.443858083309787243e-25,1.636472848255966369e-24,-6.128935019878668206e-24,2.531678431951921525e-23,-9.768679096191382668e-23,3.498044207691265148e-22,-1.247854742856756493e-21,-4.484047056897562263e-08,-5.121499261453891685e-08,1.545770571767358630e-08,1.688577309186923207e-07,1.717522169570296295e-07,-5.696250404567653820e-07,-9.733988222144664064e-06,-9.227668248125973056e-06,4.899566506197923586e-04,3.175103887800790540e-04,5.588426739285235097e-03,-2.504220604707836362e-01,6.749505359035355978e-01,1.832643359972182040e+01,2.237706274528239874e+02,-7.248872309068775621e+01,8.816244214878980756e+02,5.121691479269321690e+02,3.845514713236379407e+02,3.732153187965174652e+02,3.688801774585847397e+02,3.197345200850373317e+02,3.109423950139512840e+02,2.613784122743630292e+02,3.033650913400848026e+02,2.714591010162944258e+02,2.886335268054078824e+02,3.540192337221233743e+02,2.748724913355635522e+02,2.878709059066494547e+02,3.328635734844212379e+02,3.981798332634153326e+02,3.279661321662686078e+02,3.179772619677805778e+02,3.090974355861071672e+02,3.728008779753685644e+02,3.687141028976751613e+02,2.736052869547764317e+02,2.550626723866834311e+02,2.779759382493733142e+02,4.047078022936348134e+02,-5.795327049851126588e+01,2.133441691566171414e+02,1.885739203392279819e+02,6.350067098597030890e-01,5.555081273815024590e-01,7.211363956391076968e-01,-3.193824868219761193e+00,-1.600169209450890695e-01,-2.129662643112351372e-01,-3.004718965720900670e+01,-2.173137546395203756e+01,-1.881278825222125306e+01,-4.868743238644614735e+01,1.589722204989992065e+02,2.916616890577857362e+02,3.436952916427962919e+02,6.667491067291592799e+01,1.076491366628575150e+02,2.128615038391541816e+02,2.471763303717325471e+02,3.314256543143227987e+02,2.287280102338915526e+02,2.722498614454290760e+02,2.981823729787661250e+02,2.069665199032615135e+02,1.749644085191725651e+02,1.740974178064606974e+02,1.460313327843238653e+02,1.675534958913835055e+02,1.682082312500637329e+02,1.503836054473256638e+02,1.614378597710945940e+02,1.642222967330795029e+02,1.588948745352167293e+02,1.634857524626253280e+02,1.721776816141549205e+02,1.716011455443721729e+02,1.802915266983348204e+02,1.811200151009635704e+02,1.554381336765216588e+02,1.579274519727182167e+02,1.741069551385748753e+02,1.834839035143045010e+02,1.646249600941092126e+02,1.786262426108174566e+02,1.875004800036375343e+02,2.193238202613294732e+02,2.527695702022255944e+02,2.684303460545767166e+02,2.597878377568185897e+02,2.838366666322643255e+02,2.941362543863077121e+02,2.698829028025824641e+02,2.547188250544606660e+02,2.412462423784512850e+02,2.481358932778980773e+02,2.714552729637483139e+02,4.228921897468300699e+02,-6.457468906387872210e+01,9.884176875763785119e+00,-3.418154550989592977e+00,2.200128404556651560e+02,4.089070937795451641e+02,3.701332637548478033e+02,3.396485051598164091e+02,3.970887516764300358e+02,1.966265767287731876e+02,3.448196283599414187e+02,1.687733148861684924e+02,1.761465521537823520e+02,1.731136774917996490e+02,2.292732499741917991e+02,4.326382360505383531e+02,3.731755209556358182e+02,3.202959236882560958e+02,3.182749806435634810e+02,3.359307020272437967e+02,1.879841068678952070e+02,4.658331611929758083e+02,4.397602866092898921e+02,3.842219812807406925e+02,3.169892675599308518e+02,2.236747154144731837e+02,1.988044015761792878e+02,1.994924982684513566e+02,1.743850658939093705e+02,1.502636168255752693e+02,1.881964759676525887e+02,1.536715212930240000e+02,2.182775284433157879e+02,1.799340501520356383e+02,1.888939813544599531e+02,2.106706523568682883e+02,2.164583479474771650e+02,2.060628174016343621e+02,1.779696739598540773e+02,2.032986309082804439e+02,1.732171035884674666e+02,1.685316710712047552e+02,2.281861100528069528e+02,1.794899791512567617e+02,1.597165916259980349e+02,1.872440904217633033e+02,1.729395183359933412e+02,1.634042851605832141e+02,1.642952624251275608e+02,1.691064186593567626e+02,1.985877914341612609e+02,2.043927752016547572e+02,2.034215713300276605e+02,2.180881671749380644e+02,2.143512081307201242e+02,1.971996688824463888e+02,2.122982911298149986e+02,2.367114637022312138e+02,1.820405097181958354e+02,2.045796992800492262e+02,2.534012167504742479e+02,2.298618025872318640e+02,1.732162574476159591e+02,1.818110405453161604e+02,1.679346143414285280e+02,1.882666413935687046e+02,1.744096520149165315e+02,2.008486349621735201e+02,1.936660254277668969e+02,1.909487882701777153e+02,1.732121092876219848e+02,1.982876681373542453e+02,2.297360242822886107e+02,2.134660238138869204e+02,1.931505877997129517e+02,1.977865449961572040e+02,2.075336253526639325e+02,2.185602436436020639e+02,1.969165451421525006e+02,1.748615747290490674e+02,1.910713844385799689e+02,1.973877147756294619e+02,1.638971945589550501e+02,2.177153048641080204e+02,2.064310269335466046e+02,1.988165150335230464e+02,2.355583173179938967e+02,1.871456902077318318e+02,1.668577405397068105e+02,1.842023347445547188e+02,1.856449633783574313e+02,1.915121187290635021e+02,2.115098339097136488e+02,2.694767119535033544e+02,3.058869677176947448e+02,1.542213941351278379e+02,1.315570441720315387e+02,2.201653767132006010e+02,1.669064190785327355e+02,1.760852997919593008e+02,1.897881356245501649e+02,1.788091235542202355e+02,1.854445551622651465e+02,2.148346258982854806e+02,2.085657504570133085e+02,1.899217324564310729e+02,1.936795898591111609e+02,1.853574731998118921e+02,2.114340495094905634e+02,2.548099164871234166e+02,1.994202180585297413e+02,1.662533076976544351e+02,2.693806299938966936e-14
-1.383759755721862294e-33,7.811047100364748836e-33,-2.171735609962484872e-32,8.574496532380408737e-32,-3.431218100643865976e-31,1.004882427572670456e-30,-4.894365997056782743e-30,2.114254247844478926e-29,-6.218836002168627697e-29,1.592388438385979080e-28,-1.134069397134402815e-27,3.997399434061401241e-27,-1.099484306895956965e-26,5.136681342592652406e-26,-1.800962094979987888e-25,5.264424600000438931e-25,-3.034572249527732125e-24,7.362448479189788548e-24,-4.503809455961179722e-23,1.465829161175681330e-22,1.397195344512632978e-08,1.595820658041275290e-08,-4.816504865238436594e-09,-5.261479920508677744e-08,-5.351669928887042430e-08,1.774908792306487346e-07,3.033037533942173069e-06,2.875272037369776384e-06,-1.526668080357718160e-04,-9.893384958037634218e-05,-1.741311749006928906e-03,7.802963095910993296e-02,-2.103095116029110589e-01,-5.710378901501772297e+00,-5.949663921245107900e+01,2.258694102600250275e+01,4.833420438428216812e+02,5.488338121098205420e+02,4.308189753166827813e+02,3.630662718854095488e+02,3.288375777093590386e+02,3.377361466398832590e+02,3.518220707017323434e+02,3.207093020268101213e+02,3.319968825438188560e+02,3.221755489831939485e+02,2.968350258372497592e+02,3.729535482326777469e+02,3.303165848614389688e+02,2.900184219448242970e+02,3.243459443091908838e+02,3.486129572369038101e+02,3.093171475171256475e+02,3.278658565098607482e+02,3.060512549647468177e+02,4.432377510869401362e+02,3.219179539253990470e+02,2.685269009689909012e+02,2.895758425036098060e+02,3.690215582465338002e+02,-1.031706267511805351e+02,1.882231523487287106e+01,-5.574763775332505844e+01,-5.105792866353169757e+01,-2.037947922728339023e+00,-1.782803216543677349e+00,-2.314357584657362743e+00,1.025000623453643200e+01,5.135455155504806690e-01,6.834769052161732139e-01,1.220490718965924515e+02,9.171207782647590534e+01,8.191912163386183465e+01,1.858485879311510018e+02,4.151464128114184859e+02,2.916029295468639475e+02,2.446923612815353124e+02,9.970079426170848080e+01,-1.689008515108563202e+01,4.793651076648388880e+02,4.173201794950248313e+02,3.098936751125605156e+02,2.441194512959336862e+02,2.885944114328063961e+02,2.738574611873210074e+02,2.067959756073912558e+02,2.067550075993944176e+02,1.844898132049901847e+02,1.478533804640476319e+02,1.791365082768499235e+02,1.733451235819970861e+02,1.653142473518476834e+02,1.808531674061806314e+02,1.653077182614414653e+02,1.692483251923628416e+02,1.790405882217154101e+02,1.282240562548674916e+02,1.515423526556926106e+02,1.976679875269070976e+02,1.720274584817092887e+02,1.549338474335319233e+02,1.854771785400490387e+02,1.769469937665671750e+02,1.649897057809907324e+02,1.806738813117442248e+02,1.978995323841382969e+02,1.968749258627082384e+02,2.025626761911621543e+02,2.381719816848180926e+02,3.002012012668988632e+02,3.069987622398957114e+02,2.666502112452578217e+02,2.711698496398199154e+02,2.754884941246573931e+02,2.453862058080695761e+02,2.716422888400843476e+02,2.448741848669468197e+02,2.679196358381810796e+02,4.038752467308415248e+02,2.526397410920237121e+02,-3.172148720075537653e+01,1.096995198698225416e+01,4.004949549471654677e+02,2.423513008194448446e+02,2.381264207812098164e+02,3.710169378506484463e+02,4.295134954527158015e+02,4.308115334782189620e+02,4.108022046216618151e+02,4.468065476465906727e+02,3.855623947275183809e+02,3.295655554284801951e+02,3.497685622980484936e+02,3.339854687539881297e+02,3.188285143520016049e+02,3.637321717698372368e+02,3.758365538302882669e+02,2.706293248887595269e+02,3.401683503125584593e+02,3.329252114984614650e+02,3.766007039809426828e+02,2.909180528620141786e+02,2.507970124429080840e+02,2.302192768444600972e+02,1.989964308613330104e+02,1.779456641493217433e+02,1.610579341079987330e+02,1.836800864299417810e+02,1.832935398003922387e+02,1.653959994603914936e+02,2.033306757222151191e+02,1.609325776784269237e+02,1.605341268621472750e+02,1.683573786749854833e+02,2.356203029827303510e+02,1.951721656512764298e+02,1.491805306108752234e+02,1.939827881392600375e+02,1.923187427104409437e+02,1.674313645973249436e+02,2.067571216654108071e+02,1.686537495855154418e+02,1.751465323434709376e+02,1.621557442324945271e+02,1.727187528586501628e+02,1.747013137635087787e+02,1.700388837646609090e+02,1.731876916806764939e+02,1.902281416401802687e+02,2.239784435543349161e+02,2.110173773883140314e+02,2.468064480743471165e+02,1.911823746535905855e+02,2.103798797986039517e+02,2.040444966105750382e+02,1.762934224341875051e+02,2.045283942807166397e+02,1.963244998070408940e+02,2.548938904804902847e+02,2.182645251051738740e+02,1.820907353186393323e+02,2.006822906968648397e+02,2.194275869622060782e+02,2.117887793375030299e+02,1.882536679596294675e+02,1.877918775345223708e+02,1.908784797133646407e+02,1.863427399970755118e+02,1.981392649166849935e+02,2.033684309763901297e+02,2.010056278655265203e+02,1.995744020551356641e+02,1.803424750423148168e+02,2.211334629807246017e+02,2.302477637279567091e+02,2.006459242437564399e+02,1.976300650362514659e+02,2.111734023488599519e+02,1.996808083895118955e+02,1.910112875614175891e+02,1.673095744864240544e+02,2.382012050304148829e+02,2.310000140607648120e+02,2.095357648860213828e+02,2.471193627466865337e+02,2.035139375553343655e+02,1.800205194213174593e+02,2.023183425661546835e+02,1.952578660922366680e+02,1.873262233303886433e+02,1.930063864714345243e+02,2.271913633681990632e+02,2.711711845240910179e+02,-6.335815652236051676e+01,-5.102842050421534736e+01,2.958040851024042013e+02,2.102915280676958218e+02,1.936394128825563428e+02,2.015891051935456062e+02,1.910688536580500738e+02,2.020874273232115286e+02,1.884020122566605835e+02,1.950746792071648770e+02,1.974183760620111059e+02,2.116284209201645297e+02,2.278839030628929549e+02,2.185527275512070560e+02,2.473596864012653498e+02,2.253701339369614232e+02,1.987052935423649842e+02,2.178833533983144036e-14
-1.462113751897120713e-35,7.036098589440964611e-34,-1.976219936297287265e-33,7.795599830020800221e-33,-5.573285510218198928e-32,7.663136492188382935e-32,-5.155598236899886318e-31,2.132556384594816531e-30,-1.048447827537146857e-29,1.218443982646707850e-29,-1.076576332503907822e-28,3.681069066606802346e-28,-1.036110818754626068e-27,4.080836677773134818e-27,-1.951395262251209392e-26,6.592543713540003496e-26,-2.184015106492236149e-25,9.112801304223595204e-25,-4.666480187911073405e-24,3.760187791294072657e-25,-3.677172235550148477e-09,-4.199919102015191710e-09,1.267619308379244476e-09,1.384728911214555185e-08,1.408465334041026147e-08,-4.671247551262816873e-08,-7.982420964258126338e-07,-7.567209944526078417e-07,4.017921688644850083e-05,2.603764793966052804e-05,4.582826046502334340e-04,-2.053602551997710246e-02,5.534976193382918491e-02,1.502871222233946646e+00,1.565846827931377838e+01,-5.944485340079034508e+00,-8.799229962778713343e+01,6.380189077638851813e+02,6.233148087679442142e+02,4.130221330651892231e+02,3.411147532731630463e+02,3.312716646449716791e+02,3.412858776068006819e+02,3.566000017593713665e+02,3.205374041170188093e+02,3.287233793491339497e+02,3.248061959756459487e+02,3.138335188460006862e+02,3.611399702160701395e+02,3.178189474450368266e+02,2.828793085717967415e+02,2.667303160621834763e+02,2.581366667257140648e+02,2.999523974087947522e+02,3.312290208670327161e+02,3.324765149249124647e+02,2.776461828054617058e+02,2.550832492427599050e+02,2.776302704862297901e+02,4.322697401411469400e+02,2.781324382693350827e+01,-7.009891246371633855e+00,2.037495299742410282e+01,1.790149564250825875e+01,5.485342145336892905e+00,4.798592560615091429e+00,6.229324202043894587e+00,-2.758891370813250532e+01,-1.382258955803851830e+00,-1.839646233170612488e+00,3.712705592876445735e+02,3.551581700695309678e+02,3.716785759127283768e+02,2.972851299354200023e+02,2.841778108732553960e+02,4.073626460899510562e+02,2.953500764163207464e+02,4.987861165575708355e+02,-2.208997981136225519e+01,5.173732874687013918e+02,3.123976117586674945e+02,3.099468355574454108e+02,2.742115679848786272e+02,2.302819248684885167e+02,2.621332021576055809e+02,2.662896465660753051e+02,2.540981608814740014e+02,2.136470515584801717e+02,2.150589423563243940e+02,1.888072484303345391e+02,2.021744967753289473e+02,1.557562882423353869e+02,1.890991739866059334e+02,1.729899662355448982e+02,1.688929600741968500e+02,1.595662434145962152e+02,1.705896460417574474e+02,1.554549434549417413e+02,1.905781699146267272e+02,1.952325342221115250e+02,1.810916164899365413e+02,1.721976585545130263e+02,1.746979385789649939e+02,1.875584739369768101e+02,1.987537560771953054e+02,1.515954133552348537e+02,1.621889615155083106e+02,2.118070871186283171e+02,2.595235289773139016e+02,3.002875439818030259e+02,3.070004931556802603e+02,2.528096456489092532e+02,2.576235654420383980e+02,2.671419851869370632e+02,2.842218314592655020e+02,2.994352330897029901e+02,2.667542463659047485e+02,2.782976789075935358e+02,3.538369451928500666e+02,5.529326630604897446e+02,9.619304405147970272e+01,-2.952671947966786448e+01,3.076241776962386894e+02,2.360302513794726167e+02,2.556460603749102916e+02,3.786676938006499995e+02,3.935710515370009830e+02,3.130992843362685676e+02,6.510248333017650566e+02,8.486136802550936409e+02,5.927563458614147294e+02,3.201282984748755780e+02,2.361517574705323170e+02,3.218210664728254642e+02,3.163513030941891202e+02,3.666310873734052507e+02,4.741013449021527890e+02,3.572008315571130197e+02,2.605833483420061043e+02,2.927024494003180735e+02,3.646194060421139511e+02,2.754131686228690228e+02,2.638513823463721906e+02,2.584541008167502127e+02,1.967595213808816368e+02,1.739237359151960334e+02,1.958743882719747376e+02,2.073097253596249914e+02,1.901035670502952257e+02,1.636326978837654735e+02,1.674633419820454492e+02,1.630522455454742783e+02,1.543223956187243857e+02,1.721463582815270286e+02,2.330317819685676000e+02,1.989998723065770321e+02,1.555930988360462379e+02,1.693125475548734755e+02,1.851278042049890473e+02,1.860664467201585524e+02,1.770428635206209265e+02,1.628810731696047185e+02,1.862991348983775026e+02,1.697648853875276984e+02,1.889130276847716061e+02,1.830364589225430620e+02,1.553616809179485188e+02,1.952043603937107434e+02,1.824982066865690626e+02,2.244813867786362209e+02,2.164415020234498570e+02,2.680807285612630722e+02,1.700311789803399734e+02,1.979058722928404848e+02,2.673628853238834608e+02,1.512941459223271465e+02,2.079547452115132558e+02,2.314873747624216378e+02,1.641084491793628501e+02,1.464010212790461196e+02,1.922900421026228059e+02,2.082268043049671462e+02,2.030186929511293101e+02,2.101417782271394401e+02,2.093343566254540633e+02,1.652454557894729419e+02,1.467483538938654135e+02,2.062790784687012149e+02,2.339740990564821175e+02,1.893676050358673990e+02,1.862887607806744654e+02,1.756512044035756901e+02,1.795061688425537056e+02,2.228884418989748326e+02,2.071254569269598562e+02,2.133896032146807045e+02,2.038526068337578181e+02,2.057848644649755556e+02,2.013422639341315517e+02,1.901735919601680962e+02,2.282110616213387573e+02,2.036929079071676085e+02,2.122947755127853497e+02,2.314700109801663643e+02,2.341289622578549086e+02,1.961675435484719685e+02,2.198404537963097880e+02,2.206709443976851048e+02,1.939640324998426308e+02,1.940090689507348998e+02,2.294976951875640907e+02,3.006982405808500971e+02,2.887065668318944063e+02,8.783855579609326014e+01,6.552323346241055901e+01,2.764803366689588415e+02,2.089071355437696695e+02,2.182807665917821112e+02,2.085259678406972625e+02,1.774854294913516810e+02,1.797390786832512504e+02,1.837051134963793118e+02,1.728529332814097756e+02,1.737226700108018349e+02,1.895546723601611632e+02,2.294434216189216613e+02,2.108418362961247396e+02,1.967398401369133012e+02,2.075626269546737603e+02,2.291603332727307532e+02,1.427677035130705988e-14
-2.477956208020848121e-34,2.385466156388033719e-33,-8.848650685336469224e-33,3.491108644458830368e-32,-1.191432546921855643e-31,4.312701861046927345e-31,-1.641347517313467480e-30,5.881389726196961899e-30,-2.471963767397418466e-29,1.035964201221376980e-28,-3.352354107263045701e-28,1.048821333130858326e-27,-4.639339725566513644e-27,1.850620009520689516e-26,-6.812308599168114571e-26,2.034978626460150977e-25,-8.476266882004584765e-25,3.497283661397347309e-24,-1.285701316053002451e-23,4.261196095240528613e-23,7.507347864792581188e-10,8.574592562735425166e-10,-2.587982965882484838e-10,-2.827074982885865337e-09,-2.875535476974958215e-09,9.536860958351434647e-09,1.629698233940462942e-07,1.544928379231964261e-07,-8.203025008881136338e-06,-5.315869590585488035e-06,-9.356338819908073523e-05,4.192653415803637360e-03,-1.130025711207109824e-02,-3.068275386238676905e-01,-3.196846948483233142e+00,1.213631466421359439e+00,1.796458692749227737e+01,5.020579508883116659e+02,5.640606260825778691e+02,5.146742621331623013e+02,4.586651095396096025e+02,3.558592965208671899e+02,3.341623458131589928e+02,3.101457586339006411e+02,3.223284955157753302e+02,2.860826972708446760e+02,3.420682245491012168e+02,3.262054626213060828e+02,2.936664038779150019e+02,3.228814459249744573e+02,2.898625845741773901e+02,3.287143409046881857e+02,2.945497021966629632e+02,2.931911078156582562e+02,3.633405725017606756e+02,2.530289944583225861e+02,2.849330684471614745e+02,2.187859031844716924e+02,2.320675453660584822e+02,3.625623762573077329e+02,-7.022261065892068999e+00,5.614443278942717441e+00,-1.576278602329966638e+01,-1.273664473259717944e+01,-1.118856644331730976e+01,-9.787788655476560962e+00,-1.270608163928646128e+01,5.833713930494896971e+01,2.819422230050371514e+00,3.752364535900182929e+00,2.856795721850907626e+02,2.803452215005177095e+02,3.339049205493129193e+02,-3.284268825042834550e+01,-2.819156340235608837e+01,2.906550903060582982e+02,3.699993883486706636e+02,4.560637925456043718e+02,6.064147951281340454e+01,4.992382913009860772e+02,3.539253750811035388e+02,3.281383672618375158e+02,2.973141499081642110e+02,2.443860911574179795e+02,2.474378312097925914e+02,2.947041658217926852e+02,2.659274845824246540e+02,2.124839501303748648e+02,2.102628355057806857e+02,1.987679872679981941e+02,1.748591831490279560e+02,1.358553904796030167e+02,1.779266917734525748e+02,1.914560077222016332e+02,1.774150705273655149e+02,1.511890312827360674e+02,1.852581871834379399e+02,1.944458409842660842e+02,1.669850654049369041e+02,1.622024650382851121e+02,1.921131274505246438e+02,2.053123139364321617e+02,1.738440276416945665e+02,1.847950093230506923e+02,2.175187724736970267e+02,1.707356266208177829e+02,1.727018196689179774e+02,3.054780558137927073e+02,3.537485847774940453e+02,2.801483794139892893e+02,2.640170463429522556e+02,2.503920260511623610e+02,2.978410077466302255e+02,2.802480603548529530e+02,2.741456997399677675e+02,2.621479358765321308e+02,2.638904654812928925e+02,2.857507729390501368e+02,3.030585436454573482e+02,3.066417254269544515e+02,4.327250177065555476e+02,6.247032174520031589e+01,3.021538414672644990e+02,2.327964488988995413e+02,2.877741531079230413e+02,3.575963802455446512e+02,3.210928693512699965e+02,3.148512160060971041e+02,6.841061490410197621e+02,1.026110623295007827e+03,7.103895804519560215e+02,3.473001617006833612e+02,3.019710801743869411e+02,3.226862781506002307e+02,2.991524352172752970e+02,2.097750141898076777e+02,3.030275728804851383e+02,2.767843400508116360e+02,2.373985740083750215e+02,2.750333408398713004e+02,3.071846464177873486e+02,2.602783565316964882e+02,2.272901539034745042e+02,2.023302694367768879e+02,1.793001452162795033e+02,1.865784024697128132e+02,1.860581514548080406e+02,1.424282043679272647e+02,1.429172818614712526e+02,1.542972250483294374e+02,1.996326289975001202e+02,1.696435648098033369e+02,1.741780775384010838e+02,2.410377426477908784e+02,1.970120373645251561e+02,1.831086289450074673e+02,1.902931330270127148e+02,1.656172065931898203e+02,1.678230614640397391e+02,1.704571290307159188e+02,1.450006413559893019e+02,1.931452153216514489e+02,1.951735461615212159e+02,1.743231472441176209e+02,1.561683796431928215e+02,1.882927168477382622e+02,1.153354109471303843e+02,1.767332996561256948e+02,1.745954970387325034e+02,2.207708379999958481e+02,1.715481171715158553e+02,1.925787844563211877e+02,1.702760051621019670e+02,1.814368000555561764e+02,2.451468986538151285e+02,1.935414213981422620e+02,2.223224924531896249e+02,2.401575145798525170e+02,1.921251250876901508e+02,1.802294493315244210e+02,1.761213064950539149e+02,1.758559728043293831e+02,1.523867908617732212e+02,1.814864600633863461e+02,2.247183265365338514e+02,1.726816329191012755e+02,1.840496479211026895e+02,2.113217742158128374e+02,1.804128458813502505e+02,2.020070303531589389e+02,2.231718662940322133e+02,2.167374318976188476e+02,2.115772142674950658e+02,2.046643300282765097e+02,1.825649778769788725e+02,2.004347670453674937e+02,2.132789698828643168e+02,1.879810418267849457e+02,1.747274376134078011e+02,1.887339082371914571e+02,2.382574982159859189e+02,1.967067434933308334e+02,1.709110947769354141e+02,2.218735353096801930e+02,2.697405193907821399e+02,2.293765776495779392e+02,2.578855435590366483e+02,2.679220501832600121e+02,2.083703315534031617e+02,2.384772476465991531e+02,2.636741997867086411e+02,2.942803133973175136e+02,3.372123264294332898e+02,3.027646746470500716e+02,2.494622110029634996e+02,1.676848501083627525e+02,1.482553694616786402e+02,1.936800295900283402e+02,1.856128431505213427e+02,1.888438484868125329e+02,1.954232328386721349e+02,2.467394330983363204e+02,1.822011150309551795e+02,1.511270574367884194e+02,1.940161024283659970e+02,2.163918812115098831e+02,1.915704434961397453e+02,1.784858949571216442e+02,1.811953237904262153e+02,2.174041917545632145e+02,1.084168883710635710e-14
7.756838761735163288e-35,6.612221222403221863e-35,-4.263177047297538213e-34,2.361370223623784899e-33,2.252924617696839035e-34,2.832268309925731374e-32,-1.504939326882796660e-31,1.114294613328454384e-31,-1.053272571861263917e-30,2.721144085704248555e-30,-2.235448719229975177e-29,5.987553089671482007e-29,-4.675371697800744702e-29,1.237855491566499590e-27,-2.910423643843395384e-27,1.484671602796346361e-26,-7.806911955861940603e-27,1.747081011384129184e-25,-8.622791586007993993e-25,1.242854983329175193e-24,-6.460141813518556494e-11,-7.378515681699386384e-11,2.226983119931635837e-11,2.432723997328452898e-10,2.474424697677555673e-10,-8.206556477144486783e-10,-1.402370303620380944e-08,-1.329425064767349939e-08,7.058778387724424426e-07,4.574354623771307802e-07,8.051215518503948877e-06,-3.607816785476702145e-04,9.723975069213924025e-04,2.640279160498342978e-02,2.750916171096953189e-01,-1.044341027434678992e-01,-1.545869210578372455e+00,-1.478050279566462599e+01,-1.707895881312038355e+01,5.726599293729259443e+02,4.608864881147814572e+02,4.572622944912349112e+02,3.321715689008191248e+02,2.980589871684097716e+02,2.995901865550244452e+02,2.478776769165517635e+02,2.997696732707150318e+02,3.081073935879311989e+02,3.364650788013061629e+02,3.928186214718347173e+02,3.877344917384016867e+02,3.624040013329047838e+02,3.232018633372996419e+02,3.536751323279476082e+02,3.176130666517061627e+02,3.210031106427543932e+02,3.266477635156645078e+02,2.792081774908014609e+02,3.114003755244753506e+02,2.538085826227637938e+02,1.699352308041422788e+00,-3.891938566183391401e+00,1.084251182888245957e+01,8.519362976943499532e+00,9.191593098926697181e+00,8.043441614647905524e+00,1.043912198513577394e+01,3.993662150405692159e+02,-2.310097420061022699e+00,-3.074504961021673477e+00,-1.024551452391120421e+01,1.214617730081762481e+01,1.179353041183298956e+01,2.978957027414359526e-01,1.627919948396593930e-01,-1.076569153195686290e+01,4.095317463095250901e+02,-3.683472648839245522e+00,4.142755745995907546e+02,3.792520149227880211e+02,3.403090788173752799e+02,3.300908159510985342e+02,2.754091099766804405e+02,2.568913785276822637e+02,2.179196476581830098e+02,1.957158896364502425e+02,1.767519158318134487e+02,1.801620109824948770e+02,1.484730011537567407e+02,1.455581890685825783e+02,1.676419169192211882e+02,1.850092657709711830e+02,1.965010231511639631e+02,1.638316770767366393e+02,1.684893284250466934e+02,1.652387287873847868e+02,1.433339880528112360e+02,1.578018649459682479e+02,1.673966121649754939e+02,1.649448777945590336e+02,2.173354148666311687e+02,2.489688021728388776e+02,1.740185080402348774e+02,1.624285978524990242e+02,1.774542290074625726e+02,1.896218116412139807e+02,2.046611606820801512e+02,2.789435518184791931e+02,3.509924806106375854e+02,3.319438800693301914e+02,3.110681490680815955e+02,2.748654271172761696e+02,3.033385358041701920e+02,3.087205850430011083e+02,3.033673964292431720e+02,2.968067499342024576e+02,2.710501466807230031e+02,2.677739112712149563e+02,2.571788857088798750e+02,3.088552018573643068e+02,4.922058219508267030e+02,4.351176688916534658e+02,2.991705818681663231e+02,2.676237337221778034e+02,2.475303287195343103e+02,3.133781202869084836e+02,3.348013493297127638e+02,3.246514646362410872e+02,4.329795559204247866e+02,3.697833676454727652e+02,2.916311865046153571e+02,2.564540811973116092e+02,2.764166500508142690e+02,2.941473715702448999e+02,2.460549543790138216e+02,2.072576531326585609e+02,1.897510215190009717e+02,1.600113198425989935e+02,1.934024894552069895e+02,1.935943026041587132e+02,2.187769460824839030e+02,2.087065436010049098e+02,1.846552728664143217e+02,1.892516566533947753e+02,1.898167498467106782e+02,1.619102839163059286e+02,1.220989911056032042e+02,1.029318924854628108e+02,1.340543678934251659e+02,2.033137900020171287e+02,1.681099908310083606e+02,1.746715073666444482e+02,2.248114449848182517e+02,2.127011707782601491e+02,1.534445199561544939e+02,1.722763977175972343e+02,1.665208578491702553e+02,1.563641648134448587e+02,1.347257036118335520e+02,1.540982674345125076e+02,1.925084505654579345e+02,1.620836793909838320e+02,1.758664759962431106e+02,1.717967057902003489e+02,1.626229060105726205e+02,2.128355411576644372e+02,1.600501883778239289e+02,1.982214473144948386e+02,2.093059119801794168e+02,2.358090565033021448e+02,1.676816190379088596e+02,1.833545473600137825e+02,2.382128853494355667e+02,2.245049506404724013e+02,1.943608367909048980e+02,2.308921169394631363e+02,2.320725079562618589e+02,1.998162878305554386e+02,2.161144943213540444e+02,1.940501244008384276e+02,2.435501003802263824e+02,2.239970521977389240e+02,1.824651056208313094e+02,2.427852059252049344e+02,1.972424663176981028e+02,1.646900577693812977e+02,2.350196075579837043e+02,1.998200387371372813e+02,2.137561155362490979e+02,2.096109629910552030e+02,1.664718221483706486e+02,2.074420656985427058e+02,1.752434781135575577e+02,2.382610742003386690e+02,1.771819732248667947e+02,1.669359932844858747e+02,2.086390020186563277e+02,1.994838370155560483e+02,2.013231596603000924e+02,1.907581159217387210e+02,1.888050861272226371e+02,1.792168482614752634e+02,1.899235013145711548e+02,2.109155106144789897e+02,2.368532065927821577e+02,2.477150851352419636e+02,2.133477714879641098e+02,2.668500977022986831e+02,2.979489837042034424e+02,3.556557610599624013e+02,-1.153795581923602143e+01,7.607243635269210769e-01,3.496275464399445241e+02,2.425613554919333126e+02,2.601497932364383132e+02,2.110078634043806289e+02,2.107989474105862371e+02,2.115571544358002143e+02,2.077478855215974249e+02,1.805527050486066685e+02,1.747835982752681332e+02,2.227739602809058397e+02,2.263205668201167100e+02,1.964502126809040021e+02,2.045759427068305172e+02,1.933607796006691899e+02,1.841747923078179383e+02,2.045494075393749540e+02,1.995606817625040890e+02,1.932384395578240230e+02,1.344448662652319722e-14
-3.821867314022360412e-35,1.451792847402288146e-34,-7.610463755255713637e-34,2.622906104240917601e-33,-7.509740074316567525e-33,3.006420786655780248e-32,-1.481360541200300957e-31,4.176500767956424388e-31,-2.167265598443386333e-30,5.974192750734434956e-30,-2.574776564046388553e-29,8.912826075891098490e-29,-3.453592041417687613e-28,1.381449838098138461e-27,-4.694501830634641588e-27,1.576203768882249071e-26,-7.766496388446569959e-26,2.173496354221939430e-25,-9.230000324330864484e-25,3.205479056582302572e-24,-4.224140678011185623e-11,-4.824644587393942431e-11,1.456173913452852371e-11,1.590703221719326615e-10,1.617970366869351846e-10,-5.366081742731762566e-10,-9.169782361095808671e-09,-8.692809935910986945e-09,4.615575599630077434e-07,2.991067069394337053e-07,5.264507801971776317e-06,-2.359069828846109410e-04,6.358287453669687330e-04,1.726418850407441044e-02,1.798761890305557165e-01,-6.828709868984862708e-02,-1.010808927076956909e+00,-9.664636613697551226e+00,-1.116754503896389217e+01,7.284276497857056256e+02,4.482454119471033209e+02,4.603045633507226739e+02,3.009581138878726279e+02,3.582783100358471415e+02,2.875437454361763230e+02,2.818677392577911291e+02,2.530266856155669757e+02,3.168721900981571480e+02,3.497092289935872600e+02,2.342200256527995350e+02,2.691984623461191291e+02,2.803916038555973387e+02,2.717308505721853749e+02,2.449903398736827569e+02,2.834762086166554127e+02,2.624060210701464371e+02,3.578142488195863393e+02,3.897367890206529637e+02,4.048659207817223660e+02,1.997183725184126146e+01,7.607297019561709561e+00,-2.276626564453342993e+01,3.525701483877195983e+02,2.615351838402046383e+02,2.790217944751148025e+02,2.682672495917990432e+02,3.248764958475307481e+02,3.107371164385588145e+02,-1.377504560457821015e+01,-1.833318615993841050e+01,-1.794365617872311347e+01,6.100103229927276516e+02,6.351687784041647546e+02,-1.480303880246960979e+01,-1.331860246114149504e+01,-2.084657686359875228e+01,4.736552607756132147e+02,3.140724274456918579e+02,2.786471563232760786e+02,2.533954180109231515e+02,3.229745030104149350e+02,2.862082211394950946e+02,2.735501831988836443e+02,3.074910194413402564e+02,2.400292158234716169e+02,2.397690646531343361e+02,1.700199817916500820e+02,1.523882425328510237e+02,1.428790970792742883e+02,1.589790866232747817e+02,1.938193643162957471e+02,2.192747594509362159e+02,2.199475237333452071e+02,1.849051262874239114e+02,1.713937735997470213e+02,1.569200033541097241e+02,1.599429567251426079e+02,1.816879853706174401e+02,1.573418705145024887e+02,1.594322676498602789e+02,1.918109456955152154e+02,1.890511633546260555e+02,1.872403370188247038e+02,1.746782965849492939e+02,1.432851092463198199e+02,1.568242829495943340e+02,1.926646089174118401e+02,3.039661503282787294e+02,3.294520914918531957e+02,3.077510324695269333e+02,3.161716963234885043e+02,2.952586356204684535e+02,3.398498006488237593e+02,3.723356373576711462e+02,3.296570190811546013e+02,3.163740792558373300e+02,3.073895246974136057e+02,2.862970299969838948e+02,2.784870263595140614e+02,2.771226737426239310e+02,3.929852734370238636e+02,3.506397474782285144e+02,2.438988760677664800e+02,2.033792953727732424e+02,1.962769632737941379e+02,2.459120696939323523e+02,2.791245567402661436e+02,2.858946351074704353e+02,2.698232137403225011e+02,2.394315115548447466e+02,2.363322011540168717e+02,2.309183284607086648e+02,3.110692253093081945e+02,3.538263152719948152e+02,2.612127223196799832e+02,1.759821709789699753e+02,1.693631617199170876e+02,1.926639460279418188e+02,1.611026103817754063e+02,1.664768560064936764e+02,1.681902837159039734e+02,1.745860678162616750e+02,1.456356963955628316e+02,1.948758793790775314e+02,1.629774749992292016e+02,1.641980493611901579e+02,1.625855922575988188e+02,1.243838543001363632e+02,1.908545994420234706e+02,1.722998046373726595e+02,1.697516393262083341e+02,1.819209997269064161e+02,2.345930025909338212e+02,1.923006076141479355e+02,1.619651666271223007e+02,1.472391083545892911e+02,1.908678370639410673e+02,2.069540985235972812e+02,2.156628174408824066e+02,1.784285212700181660e+02,1.491010930916306165e+02,1.604564066541588545e+02,1.643193248790915106e+02,1.958102437953235437e+02,1.810302942606303702e+02,2.251831943790887465e+02,2.324091841728553050e+02,1.680868147132491117e+02,2.320292618673948084e+02,2.246557030746251371e+02,2.287355302139902165e+02,2.141228714184455555e+02,2.207900518980559070e+02,2.511104480389812181e+02,2.341903606632841388e+02,2.335616135760751035e+02,1.761305132261897768e+02,1.961467911166154749e+02,2.493208868013103654e+02,1.698028184454327913e+02,2.185039283583570011e+02,1.470158399663536954e+02,2.129444432040830861e+02,2.183672599223248199e+02,1.820272103914861077e+02,1.977920414797821991e+02,1.912172701532910253e+02,2.229409901928307534e+02,2.163397171059470168e+02,2.057181491095699073e+02,2.197690023889582278e+02,1.891670117578393615e+02,2.137104719994412676e+02,2.382792234782987464e+02,2.581106349081406393e+02,2.278722400790499307e+02,2.176308691215431850e+02,2.011622316897326641e+02,2.007195274792952659e+02,2.404379603008433435e+02,1.917779520912096984e+02,1.946600322093580075e+02,2.160139832363343544e+02,2.328876525855272916e+02,2.036643432546915733e+02,2.061032436111157438e+02,2.139547318225568802e+02,2.024177781619245309e+02,2.853789952729887318e+02,3.448363247945168837e+02,-2.520536941690586019e+01,3.135840486945035082e+02,2.194619439317245906e+02,1.653753634383759561e+02,1.786644218877897003e+02,1.864609380385693669e+02,1.938601378157371187e+02,2.361149553704216260e+02,2.157001270145714784e+02,1.969638265307803238e+02,1.639274452698049629e+02,1.621350157623374457e+02,1.807371806338091744e+02,1.970780683220154970e+02,2.152145825195822795e+02,1.805117977512236394e+02,1.793624219816043706e+02,2.387874240684634799e+02,2.304201681180815342e+02,1.765484761021028817e+02,1.317034922140690746e-14
-4.820388933319386814e-35,2.190769965570105499e-34,-8.395769217588738469e-34,3.102367187636698244e-33,-1.109442787376731993e-32,4.064941707550672916e-32,-1.619032621279506717e-31,6.293044187911878770e-31,-2.289447608938757239e-30,8.590115775184232625e-30,-2.754739123842143509e-29,1.211730603892978604e-28,-4.512283935296124795e-28,1.588682774650019933e-27,-6.220624788969313999e-27,2.131219778731205459e-26,-8.710610202974206093e-26,3.428641848871093959e-25,-1.093711355719364788e-24,4.607841511927886731e-24,3.123791462869189526e-11,3.567869709449095185e-11,-1.076854202119441790e-11,-1.176339881333079753e-10,-1.196504189772082641e-10,3.968267540196335340e-10,6.781139653983152899e-09,6.428414093461822368e-09,-3.413261241383687298e-07,-2.211922018769931387e-07,-3.893152662667031529e-06,1.744554159862979348e-04,-4.702012925293780603e-04,-1.276702855640466858e-02,-1.330201208952589698e-01,5.049894692714825689e-02,7.475026372664215213e-01,7.147088993220809705e+00,8.258503803045671887e+00,6.108510901949789513e+02,5.095574049738843883e+02,3.786497666222492740e+02,3.172708829946407718e+02,3.803361755886110700e+02,3.457907778326008383e+02,3.145231727590197011e+02,2.931430924081153648e+02,2.842442516368168413e+02,2.990569880666722042e+02,3.292970233088242935e+02,3.039760577269808550e+02,2.664796737761725467e+02,2.932350477553827091e+02,3.110036691823532919e+02,3.192246007187700911e+02,3.006832450175958797e+02,3.759787975885543005e+02,2.908956225476244413e+02,3.260055378618375244e+01,-4.637127830263433736e+01,-5.262935636093644121e+01,3.756779608473219696e+02,4.377530251534936951e+02,2.843516588117277593e+02,2.565464094043231285e+02,3.469707779400726508e+02,3.315981347088472830e+02,2.956104364049140258e+02,2.313861349284298967e+02,3.036356644302490508e+02,2.301834490007409215e+02,4.300125034192149087e+02,3.768836891948361654e+02,2.822416472346318983e+02,2.513657600073125309e+02,2.614123346235779763e+02,3.421427052190577456e+02,3.204169344245413527e+02,2.377818675405776503e+02,2.442029022452969400e+02,3.122880319179378716e+02,2.997856149200940763e+02,2.100619236750636958e+02,2.632328877930465865e+02,3.083137193106721838e+02,2.527086803969863524e+02,2.004219707298924504e+02,1.551834824299716047e+02,2.053620890300388169e+02,1.861337924061875242e+02,1.846464866920859151e+02,1.608953227843555851e+02,2.055346748344055641e+02,1.801432992874788113e+02,1.716380852942862703e+02,1.563938959365814299e+02,1.924296838712025988e+02,1.973853981549958405e+02,2.023004227326539137e+02,1.764387418682924533e+02,1.765385239072584511e+02,1.617180552611972075e+02,1.753028876248504844e+02,1.648969990951668478e+02,1.789138690126514746e+02,1.780426586934458157e+02,2.136622844753124184e+02,2.486510398413942937e+02,2.499056144718526866e+02,3.097826444035939062e+02,2.936289987575524378e+02,3.141336852051699111e+02,3.968619567485637276e+02,3.665035913328565584e+02,3.086811074071798657e+02,2.996720348228627699e+02,2.951709152111055232e+02,2.720334877179560067e+02,2.632756886006187074e+02,2.607695277532739624e+02,3.022669878680056286e+02,2.879948651671072639e+02,2.089894677737316613e+02,2.104634599317850245e+02,2.556759754090108743e+02,2.529016445637595041e+02,2.259365976708929225e+02,2.453538431541994100e+02,1.849681242943049710e+02,2.030960425339731046e+02,2.233578875760586868e+02,2.830807780376940741e+02,2.728796855418997893e+02,2.403951698984095344e+02,2.133651608976378498e+02,1.994763657264519736e+02,2.241645746565509398e+02,2.131222620039186779e+02,1.952983841722613363e+02,2.129517015473327035e+02,2.346732695574889931e+02,2.331414676107681601e+02,1.794153276862561484e+02,2.301849971524017917e+02,1.840387782716451284e+02,1.582401603946322552e+02,1.649085899172931988e+02,1.447863557145352615e+02,1.644862596218465001e+02,1.792440155863290556e+02,1.806858249213596253e+02,2.095171855502511278e+02,1.883849006862506883e+02,1.913110791416038978e+02,1.554820540945065090e+02,1.789780117025104857e+02,1.870002778739088853e+02,2.304327508973370300e+02,1.422405341587970611e+02,1.619054939782671454e+02,2.209280710354722146e+02,1.800506442471208004e+02,1.883065096984014417e+02,1.806141939765714426e+02,1.747116984968450026e+02,1.847294943682165922e+02,2.474379947831301081e+02,2.487152274791540947e+02,2.595825369742273665e+02,1.952286929129549833e+02,2.264594485788320526e+02,1.727064747066209520e+02,1.549442610737496011e+02,2.275071184193108706e+02,2.447007956825636938e+02,1.904989316803145130e+02,1.459667097444746275e+02,1.945531070565755556e+02,2.216331353749351649e+02,1.904709885000896463e+02,1.963082159170884609e+02,1.586401683936900326e+02,2.212079992258157120e+02,1.913565225469100426e+02,1.910282765102350027e+02,1.942017793263927103e+02,2.005686407788064116e+02,2.351179856972332232e+02,2.263944409702977509e+02,2.083394459234710894e+02,2.297648554478531935e+02,2.141027829186198801e+02,2.016764093598953878e+02,2.061706457591004948e+02,2.067046969546686341e+02,1.859652939440135810e+02,1.693091600256621518e+02,2.117572446543331637e+02,2.280492752023560001e+02,1.694399310571267847e+02,2.164797090924406291e+02,2.263895182790525951e+02,2.344270177698507496e+02,1.856136841024103887e+02,1.939579081941543279e+02,1.897281955505154940e+02,1.892823414067933641e+02,2.405521253384076203e+02,7.637717931952810346e+00,1.833634559416097787e+01,3.304730666717766212e+02,3.234187240923154718e+02,2.505913867739394334e+02,2.364506388819200424e+02,2.127619321962286847e+02,2.286849388425817153e+02,2.160046901599073124e+02,1.762930484619467393e+02,1.726853709597561135e+02,1.885782120887720339e+02,2.155979066777328512e+02,2.165122851143151763e+02,2.091831398919175342e+02,2.113560178113796155e+02,2.282634596208534106e+02,1.991914898089394228e+02,2.051927187343756032e+02,2.408934223821395051e+02,2.332058065467253414e+02,1.846465623639224418e+02,3.062220684260668047e-14
1.486777625801485690e-35,-2.483496071194073543e-35,5.926946770811823263e-35,-2.692308762483967149e-34,8.559060146123217801e-34,-4.896757928763718184e-33,1.959779417541680709e-32,-5.336845085405688935e-32,2.226686619093999263e-31,-7.113503784206176677e-31,3.014081816472556720e-30,-9.964470303332839952e-30,4.290816760574532924e-29,-1.427355383943441853e-28,6.570127439752668589e-28,-1.734319855736320124e-27,8.608984071182440037e-27,-2.172067262831695569e-26,1.401708885093468545e-25,-4.700068207914863987e-25,-1.365533097913818578e-11,-1.559657305937366623e-11,4.707356659602596683e-12,5.142248006818667451e-11,5.230394193428421348e-11,-1.734687072352655787e-10,-2.964304995772119966e-09,-2.810114668621241135e-09,1.492071814757488815e-07,9.669188108629915276e-08,1.701851381336542167e-06,-7.626137899124253033e-05,2.055436271154121512e-04,5.580974358563990829e-03,5.814836871474474145e-02,-2.207509184221870258e-02,-3.267630391137536505e-01,-3.124275960793455376e+00,-3.610119438620428500e+00,1.471220638369318578e+02,6.847157099242696177e+02,4.832888848652502816e+02,3.599996312331636545e+02,4.378344023546394510e+02,3.646852658851519209e+02,3.659124981641533623e+02,2.847912739670918540e+02,3.384748454594790132e+02,3.696465244179059937e+02,3.630058348133271693e+02,2.854466970048053440e+02,3.087752159309123385e+02,3.108899121352535531e+02,3.133093731507982511e+02,2.626480038425692669e+02,3.147979366050747672e+02,2.970388229255488000e+02,3.223400796532385471e+02,2.419169963959657537e+02,2.819929849962569506e+02,3.792123625825641398e+02,3.803512463194514908e+02,2.617860754693757031e+02,2.551438871592512783e+02,2.049990682037589806e+02,2.805877980665197242e+02,2.615708583131166733e+02,2.280696306505562632e+02,2.621598952059319458e+02,3.090943369326925563e+02,3.366626359018185894e+02,2.422115107950338597e+02,2.673080076701670009e+02,3.218280714701335228e+02,2.834857974267043801e+02,2.677011120395302441e+02,2.215868525668464315e+02,2.301593559497249259e+02,2.175127103117960985e+02,2.405281366848288371e+02,3.487681900358612097e+02,4.261665413436187464e+02,5.138517494068122460e+02,2.589677636904725659e+02,2.825247430150802757e+02,2.188662936054911938e+02,2.095011918152152646e+02,2.122215074299477635e+02,1.862059123072169484e+02,1.732172575129943937e+02,1.834863220950517757e+02,1.801226920234601039e+02,1.803642330281363968e+02,1.729137709177990985e+02,2.022408515556422515e+02,1.883359214758142173e+02,1.786343652009862524e+02,1.757042452746381684e+02,2.084206032940218734e+02,1.712740488494159763e+02,1.582726861980528099e+02,1.435872520789682483e+02,1.423902573752080798e+02,1.684351586949310615e+02,1.785518484036199993e+02,1.841107041175648646e+02,2.099399199763728632e+02,1.762259587619376191e+02,1.890540996083427956e+02,2.768703825839679666e+02,2.777085990793501651e+02,3.222606212857384094e+02,3.164779667076059013e+02,2.582409648362631174e+02,2.606311262685744055e+02,2.953344709990247452e+02,2.905340655494185285e+02,2.537336155371023381e+02,2.587562867451980537e+02,3.169463874952218703e+02,2.696223654170559030e+02,2.334865106698393902e+02,2.118979070474600235e+02,2.036119218058595095e+02,2.216523873445771358e+02,2.055096309028334929e+02,1.841584630710046042e+02,2.022553659718819006e+02,1.733591873153930862e+02,2.112575645673208840e+02,3.212062659113952350e+02,1.020233404307918477e+02,3.715566413299237638e+02,2.113861246657070012e+02,1.686703200083398428e+02,1.830813860327286307e+02,1.914459673294642812e+02,1.870062868430583478e+02,1.790016725610183812e+02,1.867648001522040317e+02,2.189699856705165075e+02,1.917814351195998768e+02,1.703751758583782987e+02,1.999394157016239149e+02,1.777562755454550825e+02,1.538067605166634451e+02,1.481449986492590369e+02,1.431693125142453198e+02,1.915922676931772060e+02,1.779393092857702356e+02,1.564346572826075601e+02,1.968943668722066036e+02,1.962264422004916185e+02,1.552747406255543012e+02,1.756592243137632465e+02,1.885352313886106117e+02,1.816910182183683844e+02,1.783721244643510033e+02,1.722075928616534952e+02,1.503010423405246456e+02,2.060069993987771113e+02,1.658316124681508370e+02,2.310477173472546895e+02,1.619337033394711511e+02,1.952614762756196001e+02,1.596341977043458371e+02,2.025667644596122159e+02,2.254991707307297872e+02,2.281119307601694004e+02,1.713254072148343710e+02,1.965516894684211024e+02,1.711195274065393335e+02,1.907386455911253336e+02,2.131538748400579948e+02,2.199440881219053665e+02,1.524038440497139106e+02,1.468666510473628648e+02,2.257128901442345352e+02,2.225703215790883860e+02,1.903519534145891612e+02,1.743742095074869667e+02,1.598100896568698204e+02,1.854859114070660269e+02,1.857675875446196017e+02,1.900646800228242910e+02,2.144711328431418451e+02,2.045408550242239585e+02,1.936630086734515714e+02,2.286349896970778559e+02,1.862609807974359342e+02,1.972981153698002572e+02,2.272192712162768942e+02,1.676634461804130467e+02,2.306864795152825138e+02,1.840464658858752500e+02,1.879165413821176003e+02,2.003528952761837161e+02,2.348985262321392895e+02,2.895889279014755857e+02,5.441752640391719069e+02,2.095958964719139317e+02,2.056823906581090284e+02,2.435628633423100098e+02,2.124452873690869978e+02,2.479995127493742757e+02,2.319877973308944092e+02,1.885203902436639680e+02,2.694206019739064004e+02,2.616311508790054745e+02,2.467714780760281030e+02,3.176379940671312170e+02,2.429004306992931390e+02,2.427664682932960432e+02,2.252838380048222859e+02,2.144149961449933528e+02,2.010624972280847089e+02,2.262197264772491678e+02,1.792153584935279866e+02,1.749579590154393713e+02,1.835516554725655851e+02,1.846876210689678715e+02,2.380915242772168199e+02,2.352711644429255671e+02,1.805731397928794877e+02,1.845261419081980137e+02,2.120534008121006764e+02,2.415175296818665345e+02,2.111031186134109134e+02,1.731382560599482474e+02,1.781271366722930338e+02,1.198667188998239503e-14
1.468650311168913962e-35,-2.437660799259557524e-35,8.537075159997753592e-35,-4.117807134225416097e-34,1.057041847621131346e-33,-5.695296847416328726e-33,2.238919322596539974e-32,-6.920635288587364605e-32,3.421623272843677940e-31,-6.908490938252309893e-31,5.151817523168779112e-30,-1.200393041532936577e-29,5.417604625950155597e-29,-2.036648746845742829e-28,7.561447175000799323e-28,-2.985983139733242211e-27,1.013544739386805961e-26,-2.982181412095219542e-26,1.666692354114151420e-25,-5.701970276563290800e-25,4.760244132000181813e-12,5.436960517357774639e-12,-1.640983067338386897e-12,-1.792586055753668130e-11,-1.823313788931463594e-11,6.047113738535359400e-11,1.033355799522535781e-09,9.796050994127412430e-10,-5.201357705320190044e-08,-3.370675967212191877e-08,-5.932648621918585886e-07,2.658469299613734404e-05,-7.165244448048980596e-05,-1.945525925499037682e-03,-2.027050324759363531e-02,7.695370149998949014e-03,1.139094937992579382e-01,1.089121628163303157e+00,1.258486513417935937e+00,-4.370424030285270334e+01,3.071250064038518417e+02,5.353100008390365474e+02,3.068722130205194389e+02,3.892895330008578298e+02,3.116459783919430038e+02,3.559227191805329085e+02,3.230942630975537213e+02,3.049093840693669790e+02,3.351354469441509991e+02,2.950559781772004158e+02,2.965330628976948333e+02,3.115296922504113013e+02,2.834516647015135504e+02,2.973445910173861648e+02,2.271436159458109216e+02,2.968154978032177951e+02,2.788539250976201060e+02,3.910615874195507899e+02,1.875304656259320666e+02,5.594022935813040931e+02,4.952538299683617424e+02,2.834128815272651423e+02,2.346512798933715089e+02,2.827147767807079504e+02,2.325120376129526676e+02,2.679940328211616247e+02,2.557477236853497402e+02,2.124918023532113409e+02,2.601311187352735033e+02,2.239854739714212144e+02,3.001400261497985866e+02,2.692249911685921120e+02,2.822649721400861722e+02,2.689629700345657852e+02,2.829524509366125926e+02,2.324426662327952613e+02,2.268321258399043359e+02,2.713556442208896442e+02,2.526554163259648078e+02,2.712003343863082137e+02,3.636915777675068284e+02,5.092734859508854584e+02,6.187506219679831929e+02,3.635868474145051437e+02,2.577721229780737531e+02,1.896738146164501018e+02,1.727894006262038431e+02,1.983548417715228425e+02,1.539123779675213086e+02,1.729720248448447535e+02,2.117971127011183796e+02,2.269163723617152471e+02,1.773004906985876232e+02,1.675996271276725338e+02,1.796655015818274137e+02,1.851756575660268993e+02,1.521148865613263581e+02,1.554295258468953307e+02,1.775387375915510120e+02,1.668929606697192867e+02,1.531053854673293984e+02,1.352613460829984149e+02,1.333526660114740139e+02,1.577654038087134154e+02,1.603957878300438438e+02,1.714757898821199831e+02,1.621151419829303677e+02,1.638372472205216752e+02,1.747731938820714959e+02,2.079831686796235317e+02,2.378290411344982545e+02,3.084915588214916511e+02,2.881025060639740332e+02,2.691990389346728421e+02,2.777280928743610957e+02,2.851361458891062739e+02,2.772236033261644366e+02,2.421202350101593197e+02,2.336737827784865829e+02,2.370854506574127640e+02,2.011681407107087125e+02,1.954887704396086576e+02,2.096058823305312444e+02,2.086586576073366075e+02,1.882047348118937578e+02,1.776558233225141521e+02,1.903632126656450794e+02,1.896578228694189932e+02,1.860034149498044371e+02,1.977880860758860990e+02,1.640519364396412527e+02,-7.504872826145687270e+01,4.125076237024614443e+02,2.206373868444914876e+02,1.531819453623521383e+02,1.506646382208434147e+02,1.671684563972351327e+02,1.528814937213124097e+02,1.607082090069389437e+02,1.582869264030095167e+02,1.559125993005144153e+02,1.595906252028428582e+02,1.860274409719729647e+02,1.620730386788410726e+02,1.626285477062921530e+02,1.631422059557285706e+02,1.616159580807160410e+02,1.628049766542515044e+02,1.890297602290364978e+02,1.966319390433645822e+02,3.188117273994810148e+02,2.586498940556058415e+02,2.382939462777581241e+02,1.811588840549732140e+02,1.752966797930881455e+02,1.680147567312500598e+02,2.115713031719027128e+02,1.488903578693004306e+02,2.018134681572566080e+02,1.739290594607537628e+02,1.634411592650938587e+02,1.875997180135834412e+02,1.974321077880347843e+02,1.699130244032738233e+02,1.852486337174860864e+02,1.696835301116495884e+02,1.765385466984090499e+02,2.121803699550231954e+02,1.980755998134571598e+02,2.530356584295301161e+02,2.139906539459592523e+02,1.871757195808191341e+02,2.210524304921804060e+02,2.191599101876676627e+02,1.949021971136914146e+02,1.938231002067234101e+02,1.518462196366551780e+02,1.959673515621838362e+02,2.042369141952237612e+02,1.663247568163384074e+02,1.615122846631036566e+02,1.693935885479007197e+02,1.764622116127810330e+02,2.133560552867745912e+02,1.718522414481174962e+02,2.098326440699340480e+02,1.968965473434902833e+02,2.000983481896315084e+02,2.074238497246970780e+02,1.929802486808627293e+02,1.712140487998313745e+02,1.969071565218609123e+02,1.778238452276929706e+02,2.265628249260913663e+02,2.292080989890870342e+02,2.495790967541402665e+02,2.225575175288935554e+02,2.122808487742777572e+02,2.492626645960878307e+02,4.462776663427791846e+02,2.126811125167575085e+02,2.242751609485346762e+02,2.142078309868603867e+02,2.242850987631266548e+02,2.332372099983623173e+02,2.006097783088970061e+02,1.877156782917721785e+02,2.759985169624562786e+02,4.284849699998035817e+02,3.650846129123836477e+02,2.210877276822803310e+02,2.282117217976808945e+02,2.067245891854839783e+02,2.048326804103419647e+02,1.756394236372048852e+02,1.925017081621099351e+02,1.965295423799428818e+02,1.848546558346623101e+02,2.062815765108326787e+02,1.690565411741674211e+02,1.852921741664146111e+02,2.335071678675484463e+02,2.065881705019791355e+02,1.562429826385973968e+02,1.682181420208155203e+02,2.336676991698578831e+02,2.492655049761077066e+02,2.064640349821086716e+02,1.869336371179818741e+02,2.059087310868335123e+02,2.043453072368524204e-14
-5.111098564910923825e-36,2.526919678615502530e-35,-9.955682382147126974e-35,3.623815880782065539e-34,-1.355882265075991052e-33,4.574210692341133063e-33,-1.838569008122316424e-32,6.164399731280381823e-32,-2.547831787302265243e-31,9.296590299117066443e-31,-3.760157262860576289e-30,1.403720690466056755e-29,-5.217797361986573242e-29,1.678796094445316075e-28,-6.604844907461941059e-28,2.347717349188442077e-27,-9.639399187855061547e-27,3.635502980879247351e-26,-1.432606991506204621e-25,4.747857189041909009e-25,-1.405623185291668936e-12,-1.605446600796501467e-12,4.845557879131688389e-13,5.293217011059454289e-12,5.383951042402486322e-12,-1.785614989241674494e-11,-3.051332726222723480e-10,-2.892615592616230815e-10,1.535876896821257856e-08,9.953061562225102900e-09,1.751815289694716078e-07,-7.850030337306644192e-06,2.115780923239194303e-05,5.744823737257301246e-04,5.985552117124657949e-03,-2.272318478271681107e-03,-3.363563318792977402e-02,-3.216000208595198862e-01,-3.716107352024676236e-01,1.290515607219207084e+01,-7.014739046516081089e+01,6.698077504549335117e+02,3.701689102208097779e+02,4.135654027612926029e+02,2.774622114400877422e+02,3.324633069280737345e+02,3.246505902450174403e+02,2.945981952351297650e+02,2.932696734142082278e+02,2.543191334509896251e+02,3.187188434221010880e+02,3.161163073538473327e+02,2.934970543134117520e+02,3.223548974695020206e+02,2.306782932414648428e+02,3.749586880852563695e+02,2.947742543546272600e+02,2.721991970206929636e+02,1.778446606243571537e+01,4.408945488443413296e+02,2.748876724225361272e+02,2.928934850974870301e+02,2.727819657580714647e+02,2.873543937812880813e+02,2.652907718727065571e+02,2.620467720017670104e+02,2.349173610642778272e+02,2.732125677500333722e+02,2.736413738790402590e+02,2.686851716312371536e+02,2.539430232303507751e+02,2.571045179396990648e+02,2.266041729817344219e+02,2.846681683239561949e+02,2.818207158091648239e+02,2.885490180850455317e+02,2.549618981215170379e+02,2.575928890540245106e+02,2.550373927764414930e+02,2.314178283641995790e+02,2.748882938780081986e+02,4.199907257376087273e+02,4.273750911391180693e+02,3.566718232941973383e+02,2.263462877658856485e+02,1.838281995249880367e+02,2.018628323574145611e+02,1.831731107798903224e+02,1.509594996795473776e+02,1.661841223836150334e+02,1.837666523363412523e+02,1.886844586736985150e+02,1.667877162984917447e+02,1.623561088648658028e+02,1.404876306714313330e+02,1.717901237248641451e+02,1.722435100549486435e+02,1.654314890305403765e+02,1.588338511128062294e+02,1.549847282682761715e+02,1.660505053740312178e+02,1.691117969846630729e+02,1.514540804454374836e+02,1.417711255804799180e+02,1.692938755030604057e+02,1.776806594747293673e+02,1.589632383025723072e+02,1.731638180086964098e+02,1.644614067962710351e+02,1.539282682414700503e+02,1.850001879322138336e+02,2.542071690067024292e+02,2.705457145386175739e+02,2.873339997073749714e+02,3.041520217125362251e+02,2.737052247149118784e+02,2.472342759514422141e+02,2.300062226617946521e+02,2.102915872268213491e+02,1.669405340789303409e+02,1.794819740621317692e+02,2.010931523177698068e+02,1.949446106252536595e+02,2.104367635988556628e+02,1.858817120058366754e+02,1.748458132189125251e+02,1.927800333831294211e+02,1.890879963631063561e+02,1.823522345191678085e+02,3.282760800383136939e+02,-5.204436461128749869e+01,1.787404984318212655e+02,2.811512819027484511e+02,2.029036702974581203e+02,1.714244633077014441e+02,1.630276642443618869e+02,1.769546060771104123e+02,1.647769626985598563e+02,1.995774568474337229e+02,1.855488686914941070e+02,1.442954056786927026e+02,1.626232904367003300e+02,1.926855410295129900e+02,1.724945030717121313e+02,1.838934589252595799e+02,1.714040301053838107e+02,1.847813121713216447e+02,1.911019955844753042e+02,1.947627321573090455e+02,3.523610081519221353e+02,5.637047236648480748e+02,5.712738025888857010e+02,3.226670029788803618e+02,2.153906100198985598e+02,2.071229888569623085e+02,1.905884949170423397e+02,2.342601745638285422e+02,1.848438907412801768e+02,1.791102585027185796e+02,1.808423494636155908e+02,1.618202784010800883e+02,2.023331883361615553e+02,1.679901501252623746e+02,1.616081745397826808e+02,1.475909785020772347e+02,1.634024942510287701e+02,2.097840812710692830e+02,2.288789574034164787e+02,2.475262976137555029e+02,2.587666486259241765e+02,2.112158615063652860e+02,2.118522482639184261e+02,1.822930546936139820e+02,2.478477159977079509e+02,1.947189056672110610e+02,2.341860316997224061e+02,2.060124878023631823e+02,1.616814636900320181e+02,2.201832007231937212e+02,1.662417499670934831e+02,2.074758824843920593e+02,2.055742065362187816e+02,1.867547283946669552e+02,1.949042395259445470e+02,1.924564760504464402e+02,1.808834393740838777e+02,2.206046460228121191e+02,2.206437161665634790e+02,1.677589508082579925e+02,1.975930399196040526e+02,2.041797489694507419e+02,2.106283130976274833e+02,2.113332940932971837e+02,2.203293643704780038e+02,2.379479744776198231e+02,2.372848629656399169e+02,1.812327951756370794e+02,1.778197192580735475e+02,1.898777317124739454e+02,1.540866357257245340e+02,2.381038171577469313e+02,2.511215348474989923e+02,1.959242634003398109e+02,1.994966352135111265e+02,2.061516440897722759e+02,1.899401557472818638e+02,2.016542941455842310e+02,2.492624751100713070e+02,3.046791590635004923e+02,2.451329012866408732e+02,2.352643519921157917e+02,2.110418165547859530e+02,2.135775370694931894e+02,2.288752368962969683e+02,2.000688891633182607e+02,2.131485246568452112e+02,1.904575136878370074e+02,1.867540253681734441e+02,1.922149202300651041e+02,1.581210447158171917e+02,1.987813941224027019e+02,2.254213369289848572e+02,2.015760582605118714e+02,1.786081360315174038e+02,1.899186974919784063e+02,2.367652288001140448e+02,2.189504469817159418e+02,2.039487351477161212e+02,2.183713388745935902e+02,2.136704503933972319e+02,1.669745569256348215e-14
-2.606175572378515785e-36,1.059313543892185278e-35,-4.037817425871343011e-35,1.534652415494313974e-34,-5.392377027636818313e-34,1.845299294715140698e-33,-7.143849935275060666e-33,2.972657660595321321e-32,-1.065150497064671103e-31,3.578150233321704672e-31,-1.552040888246365894e-30,5.159421162104371895e-30,-2.255183617758205099e-29,6.783511726325734404e-29,-2.827281407274169559e-28,1.175826006822705796e-27,-3.265806780836285816e-27,1.730263540802522474e-26,-4.937905027207598147e-26,1.875603630815853795e-25,3.456958498723996747e-13,3.948399776718522440e-13,-1.191705762189432157e-13,-1.301802056387188129e-12,-1.324116983183519223e-12,4.391501917694896510e-12,7.504380057392209411e-11,7.114034659470939071e-11,-3.777301589145562158e-09,-2.447833894151152523e-09,-4.308375685169317579e-08,1.930619057360813357e-06,-5.203504695000870762e-06,-1.412869213460377549e-04,-1.472073417501964382e-03,5.588489687350044590e-04,8.272273054832060893e-03,7.909359613141221657e-02,9.139312034133834084e-02,-3.173865473200801812e+00,1.725189369172032272e+01,5.449691532024449998e+02,3.258357021282985784e+02,5.058523309260551173e+02,3.889090556514275363e+02,3.051619952774275362e+02,2.736871501295972280e+02,3.463454133796596466e+02,3.867710984616445558e+02,2.909930591642694253e+02,2.630458747447016208e+02,3.244084394472570807e+02,3.387197369551890915e+02,2.916253821843244509e+02,2.982439488184851371e+02,3.961519939848454328e+02,2.631585354433917132e+02,2.596093412416295223e+02,3.077997394923065144e+02,2.970266938011939715e+02,2.690517912635265247e+02,2.736213736139600883e+02,2.223929689709137278e+02,2.658099867434958128e+02,2.635322898922191825e+02,2.356010940103011251e+02,2.320417488508175552e+02,2.644063898055740083e+02,2.314644558361373186e+02,2.707769781451043514e+02,2.724865127986983566e+02,2.466543898218741333e+02,2.572924632126366760e+02,2.711774328534477831e+02,2.418607984256927921e+02,3.001318105335670907e+02,2.608317877412002304e+02,2.462812601831890049e+02,2.223711384417229340e+02,2.505905881942106532e+02,2.950420226538874999e+02,3.403943833282652918e+02,3.113025725956061365e+02,2.432924355534563574e+02,1.915699652339833676e+02,2.004149086431795297e+02,2.291650709338977947e+02,2.091094878555899470e+02,1.585478972612167752e+02,1.393396448992332068e+02,1.271596557252709232e+02,1.458068159301338369e+02,1.684886924454445705e+02,1.829720457739006463e+02,1.756492700817537127e+02,2.093993780481771125e+02,2.080072463045083282e+02,1.814192148193956484e+02,1.625385320636569872e+02,1.578296547669594361e+02,1.974083724843856089e+02,2.032119831619357910e+02,1.597705540507966475e+02,1.522526091311065670e+02,1.671675201963854533e+02,1.727152707519283865e+02,1.824956915175340271e+02,1.719282652179890931e+02,1.713099393701708948e+02,1.707717308200199966e+02,1.727513592050546549e+02,1.840523223084241238e+02,2.056145407737858761e+02,2.331991121040404380e+02,2.583037275449465255e+02,2.470722687231674115e+02,2.169210365260792059e+02,2.073552735994600198e+02,1.983309899187483438e+02,1.999773250209471769e+02,1.980862257483520636e+02,1.878795847319794063e+02,1.762417147245828346e+02,1.660710731376748299e+02,1.579891328499958263e+02,1.575219665073462920e+02,1.647365710263983374e+02,1.721470054279706972e+02,1.763225071753228121e+02,3.927575172669393169e+02,5.079629356014990549e+01,4.017998140590656817e+02,1.726867032670207323e+02,1.898769703160756421e+02,1.713096473986646515e+02,1.760119978865275812e+02,1.814368596354455860e+02,1.996846525649859814e+02,2.126191589310390384e+02,1.830306623190227526e+02,1.463262864784385044e+02,1.574150350528398974e+02,1.647451114015618430e+02,1.803471999642999037e+02,1.833059535366082287e+02,1.635522317811108053e+02,2.050062225464109531e+02,2.183954968981246338e+02,2.579263825342122800e+02,4.796328981397131201e+02,7.998700342086999626e+02,6.909293805744132442e+02,3.774644503194222125e+02,2.031011464441174041e+02,2.552320630825162482e+02,2.138191321915456342e+02,1.895872016416759323e+02,2.152952992371716050e+02,1.966451976191343931e+02,1.923750187912552292e+02,1.895989723728901026e+02,1.800578059710447008e+02,2.015923607047488701e+02,1.729167587930570278e+02,1.763455683003472529e+02,1.632398060264055459e+02,1.836111118516035674e+02,2.098673564272999954e+02,2.621151108676506851e+02,1.862911678965881208e+02,1.732332085106004342e+02,2.407351425657407447e+02,1.620660949541555738e+02,2.509964937355417760e+02,2.013862589312832370e+02,2.153955482413371101e+02,2.319342871962660411e+02,1.752737375561939075e+02,2.381937023379743437e+02,1.877937047226213849e+02,2.285622812267150152e+02,2.120080744824234387e+02,1.725951849822966722e+02,1.520159955748370351e+02,2.280193995045722204e+02,1.751913924313731457e+02,2.112106734801652976e+02,2.101959318741303946e+02,1.607743598363627768e+02,1.853141009762977376e+02,2.287252929730425421e+02,2.278797006745338081e+02,2.026526477075727257e+02,2.257243548120683272e+02,2.111796346134827331e+02,2.124547120214898825e+02,1.872014357736040608e+02,2.096481435295152664e+02,1.869105529257551552e+02,2.569050727405104908e+02,2.351840542391107078e+02,2.143627807867425190e+02,1.997929954247228750e+02,2.157273442232043408e+02,2.470388034627292768e+02,2.402357852888446814e+02,2.862480443046689516e+02,2.600070236779467905e+02,2.664580515864938661e+02,2.498325172669790106e+02,2.154433898277581534e+02,2.050673415625406619e+02,2.054803295899577336e+02,2.167429413454187852e+02,2.215052158143667782e+02,1.881469090649081295e+02,1.985992092902123431e+02,1.940080082976318465e+02,1.619966164435637666e+02,1.784737005051879351e+02,1.842502693280675885e+02,2.183977618107608407e+02,2.224778878573768282e+02,1.969271519243394266e+02,1.896652075243579816e+02,2.069375975309339140e+02,1.982959074800100439e+02,1.875376232019903284e+02,2.004720347017910740e+02,2.012001560260875976e+02,1.217843078594552634e-14
-4.816873919065083179e-38,-8.656756034602127847e-38,-6.406121343105493738e-38,4.198571638011580957e-36,3.841458898918150626e-37,2.535916928394479270e-36,-2.211881562143318736e-34,-3.817923675102727435e-34,-1.140819408969628324e-33,3.022055284991589501e-33,-6.794401949728327925e-32,2.840097491015260116e-32,-4.277764181719070951e-31,-9.553378435469404210e-31,-4.526371999240771560e-30,3.287475095962191314e-29,-4.016172478198110658e-29,1.530927343331503748e-28,-7.992778937378310766e-28,4.821909557624487020e-27,-6.091844058824030909e-14,-6.957860712045456385e-14,2.100021064509119034e-14,2.294032493048186320e-13,2.333355803790269970e-13,-7.738694251784742990e-13,-1.322420072040722480e-11,-1.253633498500613508e-11,6.656351892128567551e-10,4.313567076741842940e-10,7.592209403224174667e-09,-3.402132319130558515e-07,9.169603619166301101e-07,2.489754773473455777e-05,2.594084281270153734e-04,-9.848023258642046602e-05,-1.457737993688780530e-03,-1.393785473157987606e-02,-1.610527396765763786e-02,5.592978201364690038e-01,-3.040124610345965372e+00,-4.698749468241394567e+01,-2.848884740932049908e+01,5.082776635821347782e+02,4.879289923249878598e+02,2.719336700327486369e+02,3.135614596659764288e+02,3.022069594749778503e+02,3.888651041627349514e+02,3.799160063170605213e+02,2.707716662483254595e+02,3.364320110782088591e+02,3.341556206969386267e+02,2.828407860726389913e+02,4.043281656818794545e+02,2.787694263460275010e+02,3.034920310447939187e+02,5.016678605518755489e+02,4.511492299759375442e+02,3.805967900304155478e+02,2.793264885548164784e+02,3.036333939437966478e+02,2.377046679028564711e+02,2.921180800126508643e+02,2.396633850511720993e+02,2.607802486807100308e+02,2.821342306583979962e+02,2.579871791864915167e+02,2.799417944126628299e+02,2.360562882126209558e+02,3.280593723954065695e+02,2.520658148047102145e+02,2.363211635753008011e+02,2.969060141699595761e+02,3.047644427111699770e+02,3.159715929589719963e+02,2.952960391981447970e+02,3.164755173409811846e+02,2.939245622224009367e+02,3.948815265025812096e+02,4.352879767983524744e+02,3.906319817365528024e+02,2.518162645926164487e+02,2.420107846488803318e+02,2.184917236469559612e+02,2.144505282096052099e+02,1.655035017828033119e+02,1.886816044710615756e+02,1.806332232690598119e+02,1.707943744507210511e+02,1.560946366046571541e+02,1.765229853598323473e+02,2.050695340738375023e+02,2.009770671062585450e+02,2.147997873206828956e+02,2.336489312484991956e+02,2.057467153810968625e+02,1.850979725868484707e+02,1.792645298472388049e+02,1.910151389319447901e+02,2.071717761404152327e+02,1.819714511537537192e+02,1.516172381164192302e+02,1.689543757983925900e+02,1.552777740607861858e+02,1.462723608718953017e+02,1.482036082580836194e+02,1.618664593879493339e+02,1.867745893506006780e+02,2.182253961582821944e+02,1.941144271157474464e+02,1.562577785834865267e+02,2.029243596265236249e+02,2.387314229624745110e+02,2.172587021431354799e+02,2.147765456064604450e+02,2.050132345222251615e+02,1.900769002814471662e+02,1.715282255588716680e+02,1.633025013097991973e+02,1.523823770839105407e+02,1.660249310030161496e+02,1.747868854404561603e+02,1.609731956041480601e+02,1.703555303407698318e+02,1.787842468419313775e+02,1.724826067623979498e+02,1.850148580022908504e+02,1.691541803718520214e+02,1.411306643769180482e+02,2.075923924852755817e+02,1.809270681939024712e+02,1.711908227431603677e+02,1.730581284890757843e+02,1.391820638562028307e+02,1.616777750496560202e+02,1.888850873826534666e+02,1.972342313605257687e+02,1.627393081410736784e+02,1.519576095464702803e+02,1.500154271610592502e+02,1.829991071105788762e+02,1.816095997962046624e+02,1.646116176179243382e+02,1.423605278085138366e+02,1.668885992775248894e+02,2.137517289995832357e+02,2.277708692549816760e+02,2.413462070171887035e+02,3.589102055118660246e+02,7.931497759449698606e+02,3.856188419393388358e+02,3.206355461740083683e+02,2.167148040765190160e+02,2.293967692983359541e+02,2.046923958093761939e+02,1.522022820125188218e+02,1.962183219539966217e+02,1.887171626203047197e+02,2.239854281037124224e+02,2.189137720958617592e+02,2.004535729662565302e+02,1.923710087973107932e+02,2.166718891837500962e+02,2.191604455768849107e+02,2.167905242561240300e+02,1.461368396197291020e+02,2.183043241375013110e+02,2.045148534813015715e+02,2.302992222104764153e+02,1.855551922783657517e+02,2.114748214623265596e+02,1.886476193845377338e+02,1.933316665653712505e+02,1.863014221093729930e+02,2.039718587877203788e+02,1.632252174573657157e+02,1.772699334080114681e+02,1.604294859690397743e+02,1.873670217405816913e+02,1.618688554224413849e+02,1.853344318214211626e+02,1.728642892236072441e+02,1.896298450541555667e+02,1.986339792823087578e+02,2.004992458680183631e+02,1.605885876872872871e+02,2.273056087533670677e+02,2.085290183925401095e+02,2.098533029541280825e+02,1.751409104259618630e+02,1.947902300418560912e+02,1.947128080680901405e+02,1.792555085307756997e+02,2.019479759937139534e+02,2.610318487520289636e+02,2.216729263906227345e+02,2.394654762981485305e+02,1.703653610818244033e+02,2.193185933634122478e+02,2.108725791035776354e+02,2.093191389302357948e+02,1.931605774060470253e+02,2.245032919742375555e+02,2.521196325156918192e+02,2.125166381048503581e+02,3.223898547437435695e+02,3.177130166630137182e+02,2.344441722611205705e+02,1.938878477346898137e+02,2.291873332026222556e+02,2.080431111858205213e+02,1.988047642916720008e+02,1.975129746945690954e+02,1.692599236349292653e+02,1.804450373354548844e+02,1.829782945926361890e+02,1.594572511057381519e+02,1.731042258493111206e+02,1.992510876330934764e+02,2.086016488636180384e+02,2.329292912707311132e+02,2.184991766157994277e+02,1.875933266216239872e+02,1.801170161311339655e+02,1.963407535790394149e+02,2.134759032104680614e+02,2.022056773389940929e+02,2.055737801488037348e+02,2.216698086953527707e+02,1.353527050117123387e-14
-2.536545876284145471e-37,8.749745054299805795e-37,-2.981757205156492748e-36,1.247440247969096147e-35,-4.978405892961371962e-35,1.563810987615818015e-34,-6.584951384146025162e-34,2.330145443529680818e-33,-9.829681664488880523e-33,2.938115793409626205e-32,-1.254135055602587526e-31,4.464654030521497331e-31,-1.809900270332789594e-30,6.441846056422777613e-30,-2.570776908881744010e-29,9.461429326209969221e-29,-3.389443381182136446e-28,1.221720013949704206e-27,-4.951832501153761807e-27,1.843209917222792662e-26,-8.109720780030980312e-26,2.114484151342303162e-25,-6.903688577840120575e-25,3.842502375357646410e-24,-9.962162813449140311e-24,5.208402361762159406e-23,-1.611510808460357162e-22,6.008150971982247812e-22,-2.278496171756419927e-21,8.076645878875330526e-21,-3.914522757215375796e-20,1.431380686551900691e-19,-3.953461296163543077e-19,1.587326945978132419e-18,-7.966293489833235984e-18,2.303727310996971465e-17,-8.691419133432050490e-17,3.589512198915240547e-16,-1.128184974334669402e-15,4.914533655663928945e-15,-1.838255588677087541e-14,7.240423204349581616e-14,4.759692456273709206e-15,5.596942651066189001e+02,3.964437970697920832e+02,4.221451263716182325e+02,3.202527029775995402e+02,3.502830534840160226e+02,3.086730971341598888e+02,3.775288994608271764e+02,3.404608654770221392e+02,4.039048526820735106e+02,3.297435013985499381e+02,3.801024934936191357e+02,3.013253630618977468e+02,3.335360104074653123e+02,3.751399097433824750e+02,5.050304480100116962e+02,4.434906866110070496e+02,2.907851188776249955e+02,2.489635732153454057e+02,2.311062435270373783e+02,2.676878439885493890e+02,3.415027961322430770e+02,2.887647411227193288e+02,2.802493749324248711e+02,2.769412578033991963e+02,3.073265003498678425e+02,2.818677931653286919e+02,2.206044309656535063e+02,2.605827676179800392e+02,2.572647405977671724e+02,2.817218573401715958e+02,3.013690644269829590e+02,2.247275285513894971e+02,2.988492448863306663e+02,3.107409132487667875e+02,2.556727748888051224e+02,2.765339639139415340e+02,2.594673346966670238e+02,2.948562737249629890e+02,3.436089098180935366e+02,2.633041576910023878e+02,2.506127379066884373e+02,2.095764260201620175e+02,2.125563666433179151e+02,2.246073980138546631e+02,2.076362243566101995e+02,1.755753766560982854e+02,2.302774312952930700e+02,2.057945753288577180e+02,1.778174803337171284e+02,1.934737017778626296e+02,1.746262066615056199e+02,1.781383901975448225e+02,1.919562971114850711e+02,2.125060576796520593e+02,2.015238702276479330e+02,1.969430666644703081e+02,1.726043755994739115e+02,1.482221097549801243e+02,1.574729539780547327e+02,1.594104846684486461e+02,1.789730298200721279e+02,1.775001684195905511e+02,1.548753584050326140e+02,1.357233386867471552e+02,1.397264290942353284e+02,1.476062456857074778e+02,1.721709413211309823e+02,1.838605839054252442e+02,1.664640051368207025e+02,1.626077828805382808e+02,1.886333665884320112e+02,2.267034920991555964e+02,2.349713930605464043e+02,2.237695811661972130e+02,2.061728500127643429e+02,1.897706832574444320e+02,1.724726056710071020e+02,1.740045113607282872e+02,1.746204458747870376e+02,2.084225080864853794e+02,2.170117828036416654e+02,2.023877846322817788e+02,1.999738242823683549e+02,1.931800270098856345e+02,2.286236590261189576e+02,1.504554981613703717e+02,1.644753362120712268e+02,2.233149489586806169e+02,1.993290093164489178e+02,1.857898255180307387e+02,2.054023959896249778e+02,1.894363683725746910e+02,1.683534854038321100e+02,1.527768033712480928e+02,1.808120875997691144e+02,1.562950121974196236e+02,1.849523525835098212e+02,1.900352279635385742e+02,1.658569740332430342e+02,1.777423803580710455e+02,1.797160866481897870e+02,1.622139940402127536e+02,1.984204269349797585e+02,1.882305189185291567e+02,1.714336589678781024e+02,1.856720271989258038e+02,2.299520530661287694e+02,2.056924336896518355e+02,3.694756901983652710e+02,2.896446836381126673e+02,2.156412074436273656e+02,2.280688227324177717e+02,2.481976364351387190e+02,2.215629277855763348e+02,1.544037649440141422e+02,1.740714345307223141e+02,1.820272532944141801e+02,1.662184622622173720e+02,2.177586535420755638e+02,1.554510360185971365e+02,1.730304054257465509e+02,1.661692406873445123e+02,2.558366156250812367e+02,2.344668451790759036e+02,1.664299765325585838e+02,2.092137130471572846e+02,2.209425232741698153e+02,2.248413369019913546e+02,1.882445259492307343e+02,1.946484856021041310e+02,1.730884084017118312e+02,1.854585660688238136e+02,2.074697705379912804e+02,1.833162655401219467e+02,2.056600372655942692e+02,1.644481907554975066e+02,1.730570748259493428e+02,1.643062818083450338e+02,1.589255921810186294e+02,1.999245524237357188e+02,2.010851581542470967e+02,1.694663542699561560e+02,2.472163910622018932e+02,1.994687825849491958e+02,2.337201986427538714e+02,2.231895753340058661e+02,2.296691363399825718e+02,1.814505116350617300e+02,2.373592133346062951e+02,2.618631902904293156e+02,1.727093026088364525e+02,1.898709678234494049e+02,2.321792605134419887e+02,1.797953135531076043e+02,1.798344886617113900e+02,1.917402078736049873e+02,1.748580630508718912e+02,2.231392060633165499e+02,2.666496139542179549e+02,2.188879397383393268e+02,1.970433319889811514e+02,2.207351186298581638e+02,1.931152657903251679e+02,2.054324395010214914e+02,2.402775731734434714e+02,2.354984864782577745e+02,2.138125982635948219e+02,2.338523670395423153e+02,2.071651128041412164e+02,2.515747405922036819e+02,2.229179417628023998e+02,1.870000654529247299e+02,2.095306647339363337e+02,1.938804773108199129e+02,1.654511660898141656e+02,1.796005560302328945e+02,1.907806791178713866e+02,1.963156569886555758e+02,2.170536078785841880e+02,2.322843839705402047e+02,1.950996696180088179e+02,1.911199920101216492e+02,2.137593942784500314e+02,2.172488533660599046e+02,2.136151781597104389e+02,1.851031342551425780e+02,1.874002254518755137e+02,1.620596717867866257e-14
-5.476248045555454884e-38,-1.188078991136922903e-37,2.735893716372122057e-37,-5.200455264915201442e-37,2.782253045511366919e-36,-1.465266722238261614e-35,-2.372904181963332356e-35,-1.650266458511704408e-34,2.294365289704516650e-34,-6.323488485064335721e-34,9.064787794715448044e-33,-6.076018810460878632e-32,5.101261990693229392e-32,-6.671432363964484976e-31,3.036642681577524032e-30,-7.683034383537529630e-30,-1.401552551098841033e-29,-1.938179491271691947e-28,4.989865088983328337e-28,4.259761970618737694e-28,6.558598614527636372e-15,7.490969103157662376e-15,-2.260923804172776957e-15,-2.469800307673920364e-14,-2.512136553781185902e-14,8.331629783474923075e-14,1.423743347425389706e-12,1.349686375203140700e-12,-7.166358802987993956e-11,-4.644070790494916532e-11,-8.173921326994503524e-10,3.662802281080896376e-08,-9.872174831075749017e-08,-2.680518747709342161e-06,-2.792841938959871343e-05,1.060257470089322086e-05,1.569429271895347064e-04,1.500576735865532781e-03,1.733925335428619652e-03,-6.021509862744666569e-02,3.273057692358702364e-01,5.058765696365171927e+00,3.067165103765264966e+00,5.804661110052321504e+01,5.893359869178823374e+02,5.408933739998384453e+02,3.585772435398726543e+02,3.179013460724413562e+02,2.995431171636431031e+02,3.494132068130609809e+02,3.225985100087532373e+02,2.600138871868666115e+02,3.847645572064544126e+02,3.319127628412706486e+02,3.205852791560800483e+02,3.424958861725565384e+02,2.957049384920850343e+02,4.124268682132266690e+02,3.464731145287550476e+02,2.365247323895875979e+02,2.615684507743602580e+02,1.885728530729796546e+02,2.662118038664179380e+02,2.752396434006213326e+02,3.204528229822203116e+02,3.332767135528952167e+02,2.268360833289055165e+02,2.269647290650150921e+02,2.415374618994356126e+02,2.601570635127674223e+02,2.008419451455442015e+02,2.635434078323429503e+02,2.580227391077790458e+02,2.579802187486417324e+02,2.709119894827810526e+02,2.617988047498915876e+02,2.371356867695981805e+02,3.126387588747973609e+02,2.655548716694827363e+02,3.091606495207902867e+02,2.923423812294435038e+02,3.140426804065951956e+02,2.617939843844760048e+02,2.427253844613875344e+02,2.644727903715119055e+02,2.419025178265383715e+02,2.212693984873820057e+02,2.077679762113784818e+02,1.908715327672611011e+02,1.825907196724093353e+02,2.125484355001595134e+02,1.643662031598515796e+02,1.804284074905269506e+02,2.027163310582273823e+02,1.603284208723011659e+02,1.948370294975337060e+02,2.377043687209407494e+02,2.006141893965898078e+02,2.144810005773509261e+02,2.004470189722985367e+02,1.793392389220352356e+02,1.863764388166050310e+02,1.770968596200314948e+02,1.750228682692360280e+02,1.496406634594115133e+02,1.584697882151739918e+02,1.677784798306680329e+02,1.785989512660237892e+02,1.886177025816155322e+02,1.679648680044595608e+02,1.501628290574715550e+02,1.690434682927862298e+02,2.086204754603535321e+02,2.112076028595410264e+02,1.802875186701571124e+02,1.605986304558203983e+02,1.717085129826964760e+02,1.776477697161051879e+02,1.748408784853706379e+02,1.878616826206480823e+02,1.675991433698517881e+02,1.556912968480872053e+02,1.702545949993839827e+02,1.923131462821001492e+02,1.807616875180160889e+02,1.859897033727853000e+02,1.887661048225488685e+02,2.071525730888005512e+02,1.781586509522198014e+02,1.834241792556723567e+02,2.009156946932694154e+02,1.833483190423343956e+02,2.156584072668538283e+02,2.021403045888015981e+02,2.009976583959416416e+02,1.653422581079913982e+02,1.873291996888730466e+02,1.539285268787260179e+02,1.825163050090511945e+02,1.753395130513416973e+02,1.647131146419406491e+02,1.596680785830676257e+02,1.752008145889190303e+02,2.091971178652236176e+02,1.974192591306172915e+02,1.773925274366774829e+02,2.069186340867115632e+02,1.972063908381539079e+02,2.253666137052798035e+02,2.779763386989179708e+02,2.859699824540215900e+02,2.790625792296241912e+02,2.364690493379900715e+02,2.146171615442264908e+02,2.091949740161337559e+02,1.931484469191055666e+02,2.237319625125326752e+02,1.389026195293566275e+02,2.341906733227242228e+02,1.858925765666427878e+02,2.105102503693968004e+02,1.830967974935100244e+02,1.764944190020096073e+02,1.852184079880988747e+02,2.058527823772314207e+02,2.651439920765283205e+02,5.228861051162009943e+00,1.507528404684916978e+01,2.549371315752434342e+01,1.982125818578529106e+02,2.698252181320073646e+02,2.710042008649544982e+02,1.664330411198270951e+02,1.936202096951694216e+02,2.086618539028231396e+02,2.297740527518449767e+02,2.221612556659202369e+02,1.826787789088961063e+02,2.078071123082125098e+02,2.105700374153473149e+02,1.979637760561465143e+02,1.768548285841700931e+02,1.931489515068355729e+02,1.498707863900322366e+02,2.088655808937483584e+02,2.094767775974376605e+02,2.112749375636030891e+02,2.255750056652823616e+02,2.052772529795604726e+02,2.418292451048334328e+02,2.324796924386934052e+02,1.755794567683263665e+02,2.270287145019323702e+02,1.832971067722989744e+02,2.088249948328863184e+02,1.979399814540170155e+02,2.364109801298566538e+02,1.954302073139801337e+02,1.927347573338543043e+02,2.061172742950751910e+02,2.158406326370778743e+02,2.337106835915400040e+02,2.118855715375441378e+02,2.189300162618120851e+02,2.204457246389605132e+02,2.083418686467366570e+02,2.477075142934141070e+02,2.935246897369160024e+02,2.484522452289222656e+02,2.109719124286881993e+02,2.326133387346132508e+02,2.249682218920833634e+02,2.394272368615964695e+02,2.303200013858825059e+02,2.599273682848214548e+02,2.208947884852977381e+02,1.828780331026893577e+02,1.691569559571432819e+02,1.747621109831473518e+02,1.860301819375872299e+02,2.226095648029051688e+02,2.170900309676923712e+02,2.140558080742072491e+02,2.312598068997016867e+02,2.296077780796943841e+02,2.327183260070018207e+02,2.188427536614939015e+02,1.804827536282845699e+02,1.789023521831041137e+02,2.084333631081454143e+02,3.781353157913165057e-14
-2.220768950019513538e-39,-1.007355647601350597e-37,5.051116162622585063e-37,-1.849175499521051820e-36,5.151491400620331379e-36,-2.045152234905984118e-35,8.041801662817351919e-35,-4.095467566957236211e-34,1.015995418804236790e-33,-3.076820504414167903e-33,1.129109851975630360e-32,-7.752957460783561306e-32,2.156164938846741839e-31,-9.698377126541881518e-31,4.280128235433213214e-30,-9.148619878518600820e-30,4.848850354459963898e-29,-1.895508856828501043e-28,7.348692250044535657e-28,-2.015913382619871935e-27,-3.772443858397216391e-15,-4.308734540397265693e-15,1.300461976977691717e-15,1.420605764934719706e-14,1.444957173442732161e-14,-4.792274609224571214e-14,-8.189237003952497810e-13,-7.763268309228849779e-13,4.122021767558529299e-11,2.671225571222809857e-11,4.701562196711436690e-10,-2.106809210619805940e-08,5.678381541474960127e-08,1.541809017667672656e-06,1.606416254349957542e-05,-6.098500634746398344e-06,-9.027208655295666144e-05,-8.631175383637020851e-04,-9.973374446311984460e-04,3.463515490906608069e-02,-1.882631811375657382e-01,-2.909754156948574977e+00,-1.764204342798658010e+00,-3.267345910199232151e+01,1.422333884770139605e+02,4.669485224991119594e+02,3.307110964977558183e+02,3.219144041520613655e+02,2.688180771389784240e+02,3.080266390720419736e+02,2.769348631750966661e+02,3.403059699938422682e+02,3.239950624738870033e+02,2.817078685465569379e+02,3.342175459811996916e+02,3.132944237936512764e+02,3.410584249138900645e+02,3.656834541514769512e+02,3.654548845805144879e+02,3.022696221403846835e+02,2.458385779827570730e+02,2.714998940902257800e+02,2.842313627162245666e+02,2.260399282781153545e+02,2.019843757630449659e+02,2.707138301692381788e+02,2.284175810735918901e+02,2.717910158278401127e+02,2.346776529744496713e+02,2.872595231990506477e+02,3.425068285443514355e+02,2.696119899779325806e+02,3.078329101609955956e+02,2.751927191735872498e+02,2.875569390236733511e+02,3.669448943653357560e+02,2.511130865155642198e+02,2.695763063754735640e+02,2.663121109805265405e+02,2.598710378814441810e+02,2.670729012491559047e+02,2.665110207455439877e+02,2.446398167434413438e+02,1.821437518563541005e+02,1.834728842572562257e+02,2.198470408204239561e+02,1.724059586181453483e+02,1.817968785759886998e+02,1.885838776295510968e+02,1.710315306409632683e+02,1.739619747182393610e+02,2.052426018337376092e+02,1.660928602965327627e+02,1.628832006884931616e+02,1.796662197971685657e+02,1.671702556332018617e+02,1.852236784586513068e+02,1.778964016726512796e+02,1.810833184219575287e+02,1.847869953593642549e+02,1.607577416041607989e+02,1.607623453131005533e+02,1.525846938828713064e+02,1.542238883626646668e+02,1.762753054409947993e+02,1.637771459872333821e+02,1.528697940588202471e+02,1.621880607799950837e+02,1.893761673701317818e+02,1.992414967093679934e+02,1.893917527585999494e+02,1.713203823860875730e+02,2.085903730177321052e+02,2.289031780656206934e+02,1.836743193474224825e+02,1.769539937394958145e+02,1.873350904476990308e+02,1.723643501550995438e+02,1.652339818600496812e+02,1.842378068998780236e+02,1.739629646729389663e+02,1.673028725519989166e+02,1.527799492096767437e+02,1.754610148605746929e+02,1.751595712531003244e+02,1.637795421936308173e+02,1.793593342682120522e+02,2.479387721997064489e+02,2.237909480699042604e+02,1.688496206235332124e+02,1.966304993564166068e+02,1.943706836419607669e+02,2.035823662887804062e+02,1.697133493452388677e+02,1.953722362084541260e+02,1.832285481845787842e+02,2.058665309486423780e+02,2.018445917860773307e+02,1.723758551469439624e+02,1.690603039784844839e+02,2.213110987124873361e+02,2.070545154349098880e+02,1.598252913858022453e+02,1.802230737846058162e+02,1.699178801649613888e+02,1.820089103352991060e+02,2.135515662517470048e+02,2.356955935294304254e+02,2.120798385667774539e+02,3.655499269229092647e+02,4.664796959076073222e+02,2.633470077633779169e+02,2.159728128252592114e+02,2.290404497374700554e+02,2.199750964619661318e+02,1.922369912910883443e+02,2.782398746266799776e+02,2.894820854259210705e+02,1.236595504852877525e+01,1.973354033880389409e+02,1.950908067750664543e+02,1.729195959633379971e+02,1.812428900564648586e+02,2.339438760404271420e+02,1.985486795297524907e+02,2.639903091200289964e+02,2.106865843642568450e+02,-8.125064085958531024e+00,-3.429021310991462457e+01,1.918121553094776388e+01,2.513159188162533439e+02,3.063857632334710956e+02,2.118375792800401030e+02,1.826236477480618987e+02,1.762085726530912950e+02,2.155130049760801114e+02,1.792266709636697328e+02,1.998211499713885644e+02,1.959105506977004438e+02,1.883517223691000311e+02,1.753842722849285849e+02,1.855054362118102915e+02,1.879610867698829964e+02,2.228743929076546522e+02,1.905523868899509239e+02,2.128932453370486257e+02,2.120872324173159598e+02,2.134125371908136231e+02,2.515389084893358245e+02,1.849650654205242404e+02,2.087092112763947114e+02,1.790763833788662680e+02,2.181179946508644036e+02,2.512356101222060261e+02,2.150426627931747703e+02,2.024568814619638033e+02,2.298417628508242672e+02,1.914099250671811205e+02,2.257705180583268429e+02,2.174526408159817947e+02,1.806427252072054728e+02,2.207751430668380408e+02,2.406543309118321474e+02,2.416157343600298759e+02,2.490173264397549815e+02,2.249490624746304377e+02,2.598646689292413612e+02,3.276837463210807755e+02,2.575258706832644293e+02,2.245583321281838494e+02,2.071699615989793131e+02,1.795903034218033838e+02,1.662487451452485061e+02,2.071167270978043291e+02,2.544777161073676837e+02,2.439394123200199829e+02,1.750266258048033023e+02,1.694264095645501129e+02,2.063736738329498053e+02,1.917267527416820769e+02,1.766264618429702864e+02,1.997157534044192744e+02,2.186911516377423652e+02,2.186660681780995219e+02,2.262644408383107191e+02,2.194525426668991770e+02,1.950050624413968308e+02,1.798941910967656383e+02,1.774447759664337241e+02,1.776369401801471781e+02,1.771783876188521053e-14
-3.381539369149513307e-38,1.260460918354636004e-37,-4.206400524808070066e-37,1.729624028345577860e-36,-7.159438975223673204e-36,2.371152192228175720e-35,-8.172101488348024782e-35,3.242138864913581885e-34,-1.292152920947828762e-33,4.415389379023854470e-33,-1.935459600894780503e-32,5.992171736262469397e-32,-2.202480140064840184e-31,1.005815168578656979e-30,-2.966292395969109105e-30,1.243168362189551897e-29,-5.228709066002657351e-29,1.699816899022049345e-28,-6.273684980126234864e-28,2.518474012258739561e-27,1.508467108411617487e-15,1.722910817804324074e-15,-5.200088303420037989e-16,-5.680500892179183823e-15,-5.777873578866732182e-15,1.916261419677373247e-14,3.274586747057701220e-13,3.104256906246163055e-13,-1.648250972053709044e-11,-1.068128795084051168e-11,-1.879988728329294065e-10,8.424386199583660693e-09,-2.270584296518804226e-08,-6.165149907896284677e-07,-6.423491437048421228e-06,2.438575089119452387e-06,3.609662025063358371e-05,3.451302302147617749e-04,3.988000319397812677e-04,-1.384937561337291553e-02,7.527979928451683511e-02,1.163507955080835377e+00,7.054430293818791942e-01,1.306496272009562709e+01,-5.280413130399639954e+01,5.200307458583595235e+02,3.812537983167451898e+02,3.690598804182003505e+02,3.598641762305920793e+02,3.531285819642355932e+02,2.561045547028686542e+02,3.728915242919903221e+02,3.404026382557822217e+02,3.118008909476355370e+02,2.959192309044999547e+02,3.248166037301771780e+02,3.321389019802265352e+02,2.503040657859334033e+02,2.500436333980989616e+02,2.760507756617344057e+02,2.748604777453780343e+02,2.918577065571840876e+02,3.300917072914782580e+02,2.894227106378946814e+02,3.040300213466391597e+02,2.194602208615626751e+02,2.306213125575263518e+02,2.365905871433030256e+02,2.428746437989680658e+02,2.381262498833343102e+02,3.265604477534020020e+02,3.450590774349860226e+02,2.947687809683603746e+02,3.533995290229805732e+02,2.676635327597309697e+02,4.142116587655445414e+02,4.170445550980012399e+02,2.372124454281090777e+02,3.200241387301683176e+02,2.797058240751061930e+02,2.084780678080790892e+02,2.355458576771821981e+02,2.386881448871002931e+02,2.001579430526875854e+02,2.232601782344808612e+02,2.229008971777005002e+02,1.654037734952634082e+02,1.766681056516717661e+02,1.907654211816508223e+02,1.665475033665404681e+02,1.729221543147195632e+02,1.875177612525550899e+02,1.612546340504553086e+02,1.570812085384622776e+02,1.818582318569513632e+02,1.477564658398294171e+02,1.796721171528560888e+02,1.657334805833772577e+02,1.693645002938480957e+02,1.832656048950692025e+02,1.532302725228651070e+02,1.588531806702867755e+02,1.488447855582512602e+02,1.437689350988274839e+02,1.604968434094683971e+02,1.535752259413797560e+02,1.503761616214537469e+02,1.730837974572279450e+02,1.835036470166342326e+02,1.681387273261704820e+02,1.761748157922516782e+02,1.865187270680668803e+02,2.140881350390850173e+02,2.284129360421001422e+02,1.929154247968730260e+02,1.874307100965353641e+02,1.991154423311827770e+02,1.902804645285813478e+02,1.830779615935020388e+02,1.681092386095569680e+02,1.631402622715742154e+02,1.683718108038202388e+02,1.627912241829342292e+02,1.796708352020114887e+02,1.768976512356087483e+02,1.723343662572281119e+02,1.933204087211547062e+02,2.208394232583053736e+02,2.559787419509691233e+02,2.028399289909629601e+02,2.082763712583639233e+02,2.046249218766437252e+02,1.820091904517576324e+02,2.015603690286403662e+02,2.003646363546623661e+02,1.807673467743169624e+02,1.844509534852911088e+02,2.037425234283217890e+02,1.799058421694192873e+02,1.640771857471736723e+02,1.772261390805787471e+02,1.773511169630462803e+02,1.760640852978385453e+02,1.907552308910808279e+02,1.851443507030935507e+02,1.697359259587955194e+02,1.803531412230136368e+02,2.090801074921558325e+02,2.332568530167471863e+02,2.873254135660552606e+02,3.552451646716174878e+02,8.984552662432669479e+01,3.125002984043539982e+02,2.079047673345771159e+02,1.682181389191137839e+02,2.234850641380441516e+02,1.080057259332446478e+02,1.171095328825888373e+02,2.122076280702316353e+02,2.255179436158477984e+02,1.972512433396245513e+02,1.768659369550016436e+02,1.791671306315947447e+02,2.015346517564594819e+02,2.230778233320438062e+02,2.588558731739188943e+02,1.221224004829915089e+02,1.887673480998073083e+00,1.352733314269988512e+02,1.125826858933080530e+02,2.511172604076273274e+02,2.791127302874506881e+02,2.277358830652379424e+02,1.695384593834292843e+02,1.609213903341876630e+02,1.792387225104542665e+02,1.913019153107511272e+02,2.492693566350986885e+02,1.770265050588974987e+02,1.916715201538694657e+02,2.164907730919841811e+02,1.808308256762271071e+02,1.700211268365562205e+02,1.892244933527836110e+02,1.983766232001877370e+02,1.835713816960932547e+02,1.882234940165729995e+02,2.219251994225991780e+02,2.145307238708952298e+02,1.769776415421875413e+02,1.478634709711834887e+02,1.815371845179266472e+02,2.404691501157851690e+02,2.575444894615307589e+02,2.109420121170306004e+02,1.929499693478896347e+02,1.962626529265566262e+02,1.921359131781331371e+02,2.140213614251697152e+02,2.384102256403222668e+02,1.884994824594938621e+02,2.060703034098111459e+02,2.261815700455506146e+02,2.274426477452988422e+02,2.241483470417329045e+02,2.640869228485616986e+02,7.886897778606386566e+01,1.043484208717338646e+02,3.870348998413940080e+02,2.254381865394585986e+02,2.080784063476983761e+02,1.894697664615307815e+02,1.636028065702613787e+02,1.950235779462535390e+02,2.054154978307925035e+02,1.880016944818999889e+02,1.918265898749689029e+02,2.116493894162976517e+02,2.137332979395199004e+02,2.244288015586652705e+02,1.929612707806113008e+02,1.929975736668346542e+02,2.125779678778322364e+02,2.126595647513734377e+02,2.220057925863852688e+02,2.113262630442880834e+02,1.720684202841522676e+02,1.880740201589889011e+02,2.071487135827628379e+02,1.911153745632363439e+02,-6.912138938621338299e-15
-3.834156359951392894e-40,-2.872474065124071559e-39,3.240775257640251803e-39,-2.556490806805845513e-38,1.087534196073406450e-37,-2.852871795556999962e-37,1.437940849649148488e-36,-3.750254466840354154e-36,1.266970131108733062e-35,-2.341866376106322019e-35,2.860111685165724995e-34,-7.595141457326200742e-34,4.587697392657992312e-33,-6.854215984940508095e-33,3.390326372733064759e-32,-5.711424499317690307e-32,3.594133194849244084e-31,-3.346528320177011199e-30,3.683628615011761379e-30,-3.830902026350015258e-29,-4.963687781500043670e-16,-5.669325719484360031e-16,1.711115517462337417e-16,1.869197725040517570e-15,1.901238702324117094e-15,-6.305555712271119340e-15,-1.077519432565606441e-13,-1.021471531279917987e-13,5.423653697852054220e-12,3.514732154428380413e-12,6.186198577234361308e-11,-2.772087148070956092e-09,7.471473170712568437e-09,2.028673949741339592e-07,2.113682544528138147e-06,-8.024255422306142965e-07,-1.187777657804798989e-05,-1.135668585134964621e-04,-1.312271798802645828e-04,4.557207520783541042e-03,-2.477120103026209455e-02,-3.828582133526391429e-01,-2.321296186002189677e-01,-4.299092466614999886e+00,1.737546810952564513e+01,2.605381727403110403e+02,4.890317033945347589e+02,3.442735418839818067e+02,3.088605852558313813e+02,3.596587298405264050e+02,2.687409923778433836e+02,3.307138640142678696e+02,3.320183000455726301e+02,3.183957062451488014e+02,2.483275238832951004e+02,3.055266279985117421e+02,2.658214585885760926e+02,2.105821826399498207e+02,2.551030229759229258e+02,2.073358846732340339e+02,3.574155077360821338e+02,2.754338837006386029e+02,2.799449908681150987e+02,3.366407768266242329e+02,3.056887417059112977e+02,2.462294775961481150e+02,2.267292751805879334e+02,1.996974012349731140e+02,2.296156327552214407e+02,2.405780993330382671e+02,2.660538519296066511e+02,3.335186449609206534e+02,2.750692417699173689e+02,3.273039371213314439e+02,2.943806392603178779e+02,3.294267892715025141e+02,3.985794398338839528e+02,3.095494222129664763e+02,3.202651974010437925e+02,2.676926138779263624e+02,2.895041956064173405e+02,2.274078071214386512e+02,2.421043281158879665e+02,2.494979660546872537e+02,2.218750447616523047e+02,1.898170938619696244e+02,1.748384524662404544e+02,1.838652789983321441e+02,1.845007801106055751e+02,1.889023930021874378e+02,1.831237110148076397e+02,1.508044933584531293e+02,1.719451165367881060e+02,1.609805851904857263e+02,1.670834058723811495e+02,1.737230255410882194e+02,1.861875545313411635e+02,1.731445580456305606e+02,1.789010253308640017e+02,1.813414186646865858e+02,1.649065616581401059e+02,1.528252112680919481e+02,1.536513095335885453e+02,1.650530582264204043e+02,1.752938726876733710e+02,1.567619986648604424e+02,1.744094422742294341e+02,1.816535808050963396e+02,1.651535453976565861e+02,1.551522552938238562e+02,1.669072005741788303e+02,1.908592965205661756e+02,2.052835072840143766e+02,2.091956030537752440e+02,1.961932153407711894e+02,1.961833403487787280e+02,1.833575046425702908e+02,1.757687588778696579e+02,1.895842759793297603e+02,1.625407298313894557e+02,1.602144351683363652e+02,1.811167313298965951e+02,1.770611990845761738e+02,1.878019271351100485e+02,1.842225426733820370e+02,1.933819205220719653e+02,1.758658904835976102e+02,1.596797905452136206e+02,2.144643382901849122e+02,2.514836690236286074e+02,2.408741519312746391e+02,2.312209909528218361e+02,2.263553167833165958e+02,2.225100168213517122e+02,1.970563120850848406e+02,1.925957849610659878e+02,2.177255409470703000e+02,2.045161187440966728e+02,1.833245345737304888e+02,1.935696032902774562e+02,1.594431837138168930e+02,1.694172897309841801e+02,1.923408157090927091e+02,2.161196392833068103e+02,1.681356498006321090e+02,1.827930817528554712e+02,1.489787360828822500e+02,1.788726155506130056e+02,2.227168671145443852e+02,2.061835893680971878e+02,2.127265997938953603e+02,-2.658073215492342101e+01,1.631580299994003269e+02,2.250467039855959968e+02,1.977994237152838366e+02,2.327349805277954147e+02,-5.171876627315212005e+01,-2.573294359744336646e+01,1.823958386547736552e+02,2.039472475082491769e+02,1.978602774964935236e+02,1.747412514752230948e+02,1.773328429054946298e+02,1.912119064416918945e+02,3.180082637626988458e+02,1.161950320316344829e+02,-2.980622791039185415e+01,3.994850689811335176e+00,1.154909919851479145e+02,2.488814869591755325e+02,2.543354965712217677e+02,2.505815876015924175e+02,1.970844479230356683e+02,1.716005301219068997e+02,2.027637773680948783e+02,1.902229711456469374e+02,2.235647057886623372e+02,2.140855189327764379e+02,1.745604648382265793e+02,1.777063801160494450e+02,1.996589882522296762e+02,1.721309073365514450e+02,2.097856918127014012e+02,1.599455964107162345e+02,1.955537436605194159e+02,1.832536747097086902e+02,2.069211563671291003e+02,2.163885041043173771e+02,2.186361842358174101e+02,2.270247404584002311e+02,2.060230046623331077e+02,1.764903458261885589e+02,2.182723461349588661e+02,2.167394799349619916e+02,2.532038581507821675e+02,2.126129186645382561e+02,1.926191541072170139e+02,1.903000496184128565e+02,1.752695955661118035e+02,2.251754106089882441e+02,2.107791135135364016e+02,2.082502187221963368e+02,2.373868616672758378e+02,2.128275775029471504e+02,1.987215574727520959e+02,2.395077422852669713e+02,-2.152001129221579490e+01,-2.856006187356639003e+01,2.204330456770660760e+02,2.897196547645518763e+02,2.003367870303452491e+02,1.997720760994803300e+02,1.944410266768208828e+02,2.070821499550768579e+02,2.232289821872076629e+02,1.876776771229382348e+02,1.781381515442520538e+02,1.847114808324238027e+02,1.859476495673258967e+02,2.108063400334810353e+02,2.079082915300493255e+02,2.081456509701791049e+02,2.045361814800323259e+02,2.035009504545350296e+02,2.251314935535680775e+02,2.170422999066118166e+02,1.973817158426454625e+02,1.961145367034282287e+02,2.054499100407366825e+02,2.081417944462529874e+02,9.148726889476628290e-15
4.576490597235979415e-39,-2.609748740460174940e-38,8.329741900900728034e-38,-3.436771544133671470e-37,1.279977679372791318e-36,-4.564552744433628592e-36,1.908677629014920143e-35,-6.484860511425020804e-35,2.500701247504307044e-34,-8.685462653256845146e-34,3.156312422396877554e-33,-1.290022432874174750e-32,4.518855958034044252e-32,-1.802341324163842313e-31,6.217737833937441595e-31,-2.391601918711631025e-30,9.612546396166272371e-30,-3.399937936941462729e-29,1.311088920490852419e-28,-4.808095014681907739e-28,1.386753382266272183e-16,1.583894266181400367e-16,-4.780508634854469930e-17,-5.222158165141035288e-16,-5.311674132590889825e-16,1.761643981088264817e-15,3.010370078791667861e-14,2.853783642939509883e-14,-1.515258501415014506e-12,-9.819446586253632462e-13,-1.728298027064802800e-11,7.744647523531040521e-10,-2.087377600261235159e-09,-5.667702291369852213e-08,-5.905199010596999224e-07,2.241813715267478563e-07,3.318409128108587864e-06,3.172826980412129692e-05,3.666220430307550398e-05,-1.273191067054684844e-03,6.920569609373768138e-03,1.069627957397091406e-01,6.485229286854933550e-02,1.201078972149704605e+00,-4.854352294041499150e+00,-5.352721257409528732e+01,7.208291760200977478e+02,4.355608006360752711e+02,5.223691288050220010e+02,3.502661553946603021e+02,3.022191816954141927e+02,2.843326469579383797e+02,2.616413934455710546e+02,2.726999808284315918e+02,2.978384574781874790e+02,2.878360552246003294e+02,2.785488879568968059e+02,2.369936642215906204e+02,3.039880249088495816e+02,2.047237969218678586e+02,3.547717500053872186e+02,2.729739628511420619e+02,1.943931897139540581e+02,3.111297232577852014e+02,2.020122301364039004e+02,2.496023384943266592e+02,2.657095819816416338e+02,2.573496918612194690e+02,2.405994268659618740e+02,3.122452502010601165e+02,2.706916328901432394e+02,2.706685471630524944e+02,2.691762521522323937e+02,2.617062324759772309e+02,3.347618983980418079e+02,2.824740824975579585e+02,2.602595073526726424e+02,3.341809356404530718e+02,3.632983427201858149e+02,5.332130275017210579e+02,3.928214493129665357e+02,2.361831554231795849e+02,2.339168770067780656e+02,2.243391557442243425e+02,1.663508047693945571e+02,1.785662656233074017e+02,1.719132927209317359e+02,1.891445809564283138e+02,1.839348178439883839e+02,1.889672559561421394e+02,1.700104127989075380e+02,1.637708446063312806e+02,1.979151394285743493e+02,1.730265738521885339e+02,1.635942813720065772e+02,1.856683275986673038e+02,1.645821317529833721e+02,1.773809296868443255e+02,1.664509914154271542e+02,1.561131273258208978e+02,1.724327281391285283e+02,1.711525773726763191e+02,1.803499401046989590e+02,1.790685800498355036e+02,1.883088179679238294e+02,1.827238736459055417e+02,1.905505537362546988e+02,1.885698661859340746e+02,1.718493883602909023e+02,1.754069909331108192e+02,1.911509210946415749e+02,1.826343239420563975e+02,1.811484948209325694e+02,2.020538987432308886e+02,2.043753323042566024e+02,2.106326981209380165e+02,1.893323300101150437e+02,1.713775803958203596e+02,1.724611257846196111e+02,1.543099812050064088e+02,1.783381370634616587e+02,2.054529878016374482e+02,1.856986350222535407e+02,1.856135260280142063e+02,2.084900433094675236e+02,1.986668059275479550e+02,1.621103251703385979e+02,1.831132601058814089e+02,1.812456421576745527e+02,2.268602105247888971e+02,2.157820255288045246e+02,2.237597187739937681e+02,2.374415193438487393e+02,2.051312097556022707e+02,2.027885475253347352e+02,2.120323719210308298e+02,2.155191420515824916e+02,2.038064567134425999e+02,1.757291986742872894e+02,2.003200882021159259e+02,2.204670462773297004e+02,2.062229841378285755e+02,2.050899691841452750e+02,1.357827588660961737e+02,2.448733229918669281e+02,2.017439634149945675e+02,1.508813070900984314e+02,1.793350169532106975e+02,2.023325817392382078e+02,2.293477835555071920e+02,2.541085532719601758e+02,1.241236910321770637e+01,-2.812703566178534942e+01,2.359193066687313092e+02,2.687077858551777467e+02,2.418661604782650443e+02,8.650831132880192342e+01,-1.309436591060092603e+01,1.473367107262499154e+01,1.742729564684440788e+02,1.799368022490042449e+02,1.940109478201690649e+02,2.019385216586447314e+02,2.099179269033913044e+02,1.776182028034940004e+02,-3.712414197006955874e+01,-6.827239608129651138e+00,-1.435429780067062211e+01,-3.679683423475434978e+01,2.110940540751914227e+02,2.271602764964854941e+02,2.102918234866479565e+02,1.753232998541501217e+02,1.637846862000899932e+02,2.062925074454681180e+02,1.677038600826084291e+02,1.909976257791844887e+02,1.965693730468222213e+02,2.119325978885404425e+02,1.824023391906900429e+02,1.507609703226847557e+02,1.573583478706970311e+02,2.178189825402523354e+02,1.875580094491982948e+02,2.157014571991629168e+02,2.182989208249330488e+02,2.221352934351351678e+02,2.015756533158083244e+02,2.225881715405960506e+02,2.070866939216371350e+02,2.586291332933066087e+02,2.044370027197906552e+02,1.778135155886228347e+02,2.051367124993363120e+02,2.410177008097017506e+02,2.242787882531591492e+02,2.288207908400418376e+02,2.212209018089102983e+02,1.886808480732592557e+02,2.056922194318023287e+02,2.061520901136406394e+02,2.150846100138459462e+02,2.565779679077978699e+02,2.476183966216857470e+02,2.610252244470312917e+02,3.384405084851717902e+02,6.015825230982223992e+00,7.801122994233638863e+00,-7.231865705165135694e+01,3.313596250549343267e+02,1.978529124623054258e+02,2.190979630334824719e+02,2.079692231104632469e+02,2.030829158216029668e+02,2.482491055215699873e+02,2.345499943080592402e+02,1.676823903144322401e+02,1.482018273566060316e+02,1.758089464041336214e+02,1.698886198141978241e+02,1.861812775960460158e+02,2.251809980505759938e+02,2.187815397725462390e+02,2.095719612361514521e+02,2.278127071410781923e+02,2.067130451360710310e+02,2.183043834700266927e+02,2.183786114689102362e+02,1.912104167419626037e+02,1.983407372285642793e+02,2.701177685826923470e-14
4.725656977611989184e-39,-1.705492960172077139e-38,6.799471820582640200e-38,-2.530786237206601877e-37,8.650341750406635818e-37,-3.242116277100307326e-36,1.508946209093764963e-35,-4.470297091944772842e-35,1.640993144630856573e-34,-6.207264916510256310e-34,2.384981106620557478e-33,-1.009875949610733759e-32,3.334071119769846783e-32,-1.326981327566458885e-31,5.644606401986394374e-31,-1.502780166509176595e-30,6.925533481884415061e-30,-2.777750890570799754e-29,8.919999680163712247e-29,-3.569815962823138079e-28,-3.143850265027792604e-17,-3.590780071847267329e-17,1.083769008144099451e-17,1.183893511974222534e-16,1.204187304921224933e-16,-3.993748986714192230e-16,-6.824683383042525753e-15,-6.469692883272444998e-15,3.435178816474962545e-13,2.226125431817174295e-13,3.918151764757565752e-12,-1.755756465616196115e-10,4.732205961257650090e-10,1.284900947756422424e-08,1.338742830052490557e-07,-5.082321581841528095e-08,-7.523025759917483180e-07,-7.192982596187125215e-06,-8.311534133960118626e-06,2.886397916894855469e-04,-1.568933227786021168e-03,-2.424908552984901544e-02,-1.470239054336534151e-02,-2.722915619617582439e-01,1.100509790868648530e+00,1.213492922382260097e+01,6.231943575495731693e+02,6.219249128912102833e+02,7.830651716017447370e+02,3.987725891579320319e+02,3.288128181366475928e+02,2.688042339193363546e+02,2.725918203580767454e+02,2.582009016119458806e+02,3.465536228692234317e+02,3.052174725664474977e+02,3.232041513702104680e+02,2.343227657262411299e+02,2.199090020022771057e+02,2.557745103911162801e+02,2.931873394279966192e+02,2.606937071716883452e+02,2.212299839527754273e+02,2.707031567994868624e+02,2.477460267295293761e+02,2.123105347363954536e+02,2.936340581383569770e+02,2.669193043280819211e+02,2.566155869566723595e+02,3.450873588120853128e+02,2.662664847459643056e+02,2.646070047735770459e+02,2.904014592147877920e+02,2.699879014478859744e+02,3.089796151008961829e+02,3.142908043385575638e+02,2.838682943708516859e+02,3.327324625693012194e+02,4.977165684952237825e+02,8.237987712145692285e+02,3.337179493209478665e+02,2.356085607304076177e+02,2.065227129797951875e+02,1.861808224314758036e+02,2.140347826370181963e+02,2.181682634790707880e+02,1.834272151826264121e+02,1.842022328465394878e+02,1.820706782566160769e+02,1.548033381097897063e+02,1.691628197128113413e+02,1.864387503465639782e+02,2.094378375924014222e+02,2.078118265788913561e+02,1.832854886888338513e+02,1.885125154773591873e+02,1.926014053046326637e+02,1.717584270481987971e+02,1.624981192440631048e+02,1.676346724809079660e+02,1.780301057508107476e+02,2.183312500032545529e+02,2.178514200505200620e+02,1.825509687117100555e+02,1.620684391419679571e+02,2.065456358267011012e+02,2.046064597318622873e+02,2.045082822730046530e+02,2.028402203183668178e+02,1.796415958605834362e+02,2.035571785669490339e+02,1.962961887996971768e+02,1.846719663482300859e+02,2.018799521165896067e+02,2.098968941374091344e+02,2.025339728622669782e+02,1.917163541310458754e+02,1.729760385205734963e+02,1.665911336140407286e+02,1.565345954313174275e+02,1.624459110873492307e+02,1.899974947867686410e+02,2.017459310630910352e+02,1.795582784382376644e+02,2.112086794810844594e+02,1.898506373576764190e+02,1.908637655369323625e+02,2.196109655968003267e+02,1.946189058049286587e+02,1.746328070893341078e+02,1.696200163627326560e+02,1.743589732962207677e+02,1.821774681501631505e+02,1.989900823166952364e+02,1.900764612120624690e+02,1.856008407169402119e+02,1.563302241019267740e+02,1.963615070691883204e+02,2.049971757955218834e+02,1.712409727675334352e+02,2.002417921471030411e+02,1.789233887580752480e+02,2.119946024060617162e+02,3.612873602605886845e+02,1.736895198088891732e+02,2.037391332651363882e+02,1.845417077446683152e+02,1.973649191064623096e+02,2.266394613498336810e+02,2.472505475578467724e+02,2.275177632750217072e+02,-1.419888633613902762e+01,-6.082871384791104674e+00,2.578061398809909974e+02,2.601283852352095209e+02,2.633511428388875970e+02,2.882487381940402997e+02,5.216630797584838319e+01,2.362930640596046317e+02,1.887443394092936160e+02,1.818327553814806095e+02,1.955382952257511135e+02,2.360223207208281337e+02,2.139349766560758894e+02,1.715061211993242551e+01,4.093546665256870654e+01,3.838270932329896112e+01,3.552178659447240250e+01,3.686683249453513156e+01,1.893036356543715613e+02,1.997255257403395774e+02,1.769303755839015366e+02,1.869705146256642649e+02,1.495109360449787630e+02,1.857015674439239206e+02,3.540926940623445489e+02,2.536898584302085737e+02,1.986128752663709918e+02,2.348847690917370414e+02,2.314694542643574948e+02,2.371907917488295823e+02,1.768610458487909511e+02,1.598115142799900354e+02,1.994808393095714223e+02,2.518726658307467972e+02,2.212980631442772506e+02,1.963683740170676515e+02,1.913353478947104236e+02,1.639827281180510283e+02,1.773685714879571833e+02,2.048587498036162060e+02,2.190060658329974785e+02,1.758727911498347964e+02,2.233552867413728222e+02,1.569876296816948411e+02,2.066979542437933901e+02,2.349111048050818056e+02,2.482390414128557552e+02,2.283077172078107822e+02,2.174005868803153305e+02,2.047546523727519627e+02,2.179549428944344243e+02,2.143903208680863770e+02,2.689535412047421232e+02,3.134063722610393938e+02,3.528074411212938912e+02,-1.371978002459437240e+00,-1.362190812761987280e+00,7.960802346645040473e+01,2.863785684783895817e+02,2.404037076651706570e+02,2.677267337790967758e+02,2.161929239479931368e+02,1.899435691641833159e+02,2.045752307463806972e+02,2.010601184825365237e+02,1.775847880220195236e+02,1.773309062457800565e+02,2.014301029716123423e+02,1.986709303502342721e+02,1.919790252832807198e+02,2.220833855243166681e+02,2.427624820549648916e+02,2.403489003888515469e+02,2.367259454785442756e+02,1.948492672234900454e+02,2.128785629025954620e+02,2.522939048705244716e+02,2.246364181713219068e+02,2.046310013517094433e+02,2.206234645504682432e-14
-1.201595536792906955e-39,6.030881495273965304e-39,-2.097039952627481624e-38,1.095339964154954140e-37,-3.381869473359572415e-37,1.412189312197003046e-36,-4.290835409297044095e-36,2.095859516899316226e-35,-7.573495504944841185e-35,2.737060203055000524e-34,-9.784626179579432208e-34,3.932041004670555259e-33,-1.253489665835834169e-32,5.010755670488283638e-32,-1.803843326824413936e-31,7.403773607373352554e-31,-2.643997769751951821e-30,9.311769801193758104e-30,-3.339510206271694971e-29,1.198303330264706768e-28,4.377572172648263759e-18,4.999887908523333857e-18,-1.509065847628209106e-18,-1.648481591646657445e-17,-1.676739160122041229e-17,5.560991468089262034e-17,9.502852083363372965e-16,9.008554877511475096e-16,-4.783225004884552431e-14,-3.099710197683548919e-14,-5.455728070384190129e-13,2.444757224034566436e-11,-6.589236568946095342e-11,-1.789126758529800038e-09,-1.864097481005900912e-08,7.076745918512038576e-09,1.047524069128222222e-07,1.001568070989257060e-06,1.157317857804805177e-06,-4.019089376441910922e-05,2.184620086937031161e-04,3.376500567404641228e-03,2.047195963358978445e-03,3.791452722337524534e-02,-1.532376109081871329e-01,-1.689696519038230482e+00,-3.673232459500890457e+01,6.439122111810053184e+02,4.013368776215565958e+02,3.683533196122754703e+02,3.105639345451538134e+02,3.404222590496450493e+02,3.030207829114551714e+02,2.780927737634655728e+02,2.547998149447909952e+02,2.645011838739892482e+02,2.960039800139548447e+02,2.908429924341882611e+02,2.794391911830458639e+02,3.161823720695688849e+02,3.078221703580477993e+02,2.533383079924559809e+02,2.784019325641803562e+02,2.521897760499531955e+02,2.354652949067672409e+02,2.078767180757145638e+02,2.565315402188520011e+02,2.313701471700633761e+02,2.251300625123886334e+02,3.148684719651269006e+02,2.975552754234517465e+02,3.052504536796343473e+02,3.556886922429502533e+02,2.502945536815206253e+02,2.449295335954254256e+02,2.986963609036003504e+02,3.227983179189333214e+02,4.220804764715798569e+02,5.314121270996088242e+02,4.555045569760388275e+02,2.502544086998020703e+02,2.074427669481695773e+02,1.865124402715979954e+02,2.158689690616063501e+02,2.065818987117704921e+02,1.863809859641388584e+02,1.976238138680908492e+02,1.759267912372892511e+02,1.538172086462760717e+02,1.773904188110372218e+02,1.798229477795490538e+02,1.831443618067904708e+02,1.858329884916713297e+02,1.880019276014088518e+02,1.971298919721392338e+02,2.135141655410709234e+02,2.347210058689118739e+02,1.745700188976322238e+02,1.881503515795267845e+02,2.076360188224024341e+02,1.690408349076151069e+02,2.006339954949741298e+02,2.097734945799872435e+02,2.140927938046472150e+02,2.039782695534659638e+02,2.125552185846879354e+02,2.175319610928717964e+02,1.739236339986182713e+02,1.731751117339993300e+02,1.893074667904051296e+02,2.128216287323183167e+02,2.063523200586947723e+02,1.869047394390152022e+02,1.849729014942874983e+02,2.183158714478923059e+02,2.051741539983411258e+02,1.619011369774892728e+02,1.323509479854436108e+02,1.768614873572961130e+02,1.824525397543138183e+02,1.367334597513282972e+02,1.686423589107455427e+02,2.274489883417803640e+02,1.968529876063109896e+02,1.900965630120027754e+02,1.852238255791095014e+02,1.862113932459452030e+02,1.969468838214813218e+02,1.763333234920688994e+02,1.913157321556554962e+02,2.074970493957905262e+02,1.871997586201040065e+02,1.911620572273949676e+02,1.872182607050422973e+02,1.698735800147518376e+02,1.751388406238041284e+02,2.063778562069137763e+02,2.365636817547508315e+02,2.379426214459998903e+02,1.949568596702271748e+02,1.826894288230992913e+02,1.917445308289123318e+02,3.086707233565679758e+02,6.971661539422655096e+02,5.034125082846234989e+01,3.014304919832476344e+02,2.932233417471858274e+02,2.635151566389172899e+02,2.059327578227922402e+02,2.372844403284893531e+02,-1.789621436417870726e+01,1.749879039789499657e+01,1.781933876161086872e+01,3.673824744008509242e+02,2.947051951184516838e+02,2.457661759110236517e+02,2.790025882750269943e+02,2.900524347519390744e+02,2.448293365747245787e+02,1.925949994269740273e+02,1.967825776542325684e+02,1.636953362012008313e+02,2.279571938146417835e+02,2.462837120905429344e+02,2.423987942700976248e+02,1.959526261425635880e+02,2.265102954539388236e+02,2.088880796800162614e+02,2.022101202537394329e+02,1.947150873353953102e+02,1.869804481300873533e+02,1.916391118603145003e+02,2.046737809574853770e+02,1.772027608508250580e+02,2.105712734837552205e+02,7.543519389531986690e+02,3.375637484495740637e+02,1.505324048888956838e+02,1.631720331719338333e+02,2.108596964004753147e+02,3.466608228003672139e+02,2.319693701433016599e+02,1.792559865361711502e+02,2.534813812235466344e+02,2.112773432664524194e+02,2.223649523891380682e+02,2.186564550611536220e+02,1.850444631747976416e+02,2.016532001335337441e+02,2.450547871774145960e+02,2.129230717684587830e+02,1.985378664913201305e+02,1.933879028222144427e+02,2.455511893691761713e+02,1.779553786250223197e+02,2.345546698508160830e+02,1.849985728652883097e+02,1.914640765242945974e+02,2.318898761072526327e+02,2.213104639455072231e+02,2.112173844992686611e+02,2.341769263621153243e+02,2.021944687618556031e+02,2.450670342083498099e+02,2.528225296706312122e+02,-2.150730330147002078e+01,2.020184803607495971e-01,-3.574770070171544023e-01,4.119608901541631667e+02,2.710237626792012406e+02,2.603439396568687698e+02,2.277808667840138241e+02,1.902281157142190580e+02,1.991891204582089188e+02,1.808312156602141272e+02,1.716044186109762109e+02,1.551550826099170308e+02,1.774089288573105421e+02,2.232508644312705428e+02,2.579808334441994475e+02,2.000820504828856201e+02,2.083393141976764582e+02,2.506439593949926916e+02,2.183547733106024680e+02,2.210136796708167140e+02,2.093864107446732987e+02,2.289817633643352224e+02,2.604921163321900508e+02,2.422502474529156018e+02,2.040234840131491865e+02,2.081204001099609353e-14
-1.136607807348429355e-39,5.322892135688650034e-39,-2.065144638651031028e-38,7.140542165624115615e-38,-2.767940603687956880e-37,1.026219928218510385e-36,-3.798330951750057241e-36,1.396580047120340017e-35,-5.414549593401900036e-35,1.984079134889287879e-34,-7.434358190404590481e-34,2.790757848555695859e-33,-1.044216506671811214e-32,3.897790241831675372e-32,-1.512833456261678587e-31,5.141553715878993238e-31,-1.988345721328519543e-30,8.110991878328445837e-30,-2.681022159324910448e-29,1.038262599419380570e-28,7.341259309208313508e-19,8.384892874877496580e-19,-2.530727867712812178e-19,-2.764530266084091996e-18,-2.811918744423555100e-18,9.325872821653167804e-18,1.593643650926484524e-16,1.510749249053446127e-16,-8.021545682872712268e-15,-5.198264078515061879e-15,-9.149344200854994782e-14,4.099897393314313146e-12,-1.105025626632123402e-11,-3.000394501455998252e-10,-3.126121615327016563e-09,1.186781732676060559e-09,1.756714800773694975e-08,1.679645848912499286e-07,1.940840759572631020e-07,-6.740077866891695328e-06,3.663643207799783765e-05,5.662446044467139622e-04,3.433180730614808648e-04,6.358327517441914392e-03,-2.569819511145040453e-02,-2.833648382273416533e-01,-6.160070225217460838e+00,6.373720010593428924e+02,5.073570722848706964e+02,3.324328874965511886e+02,2.763724211933258630e+02,2.658701192235010353e+02,2.581620026853199761e+02,2.617155494388791226e+02,2.688655270212982487e+02,2.309591396723520802e+02,2.245182850668610115e+02,2.893095225201790868e+02,3.093637228820601877e+02,2.925977247830582542e+02,2.780514723054634487e+02,2.555373566290473377e+02,2.543885427932699486e+02,3.085177038062292354e+02,2.574112891456120451e+02,1.961905015197710611e+02,2.562178592342123125e+02,2.828076921668798605e+02,2.530528635442436780e+02,2.421102945398795896e+02,2.660598848728503754e+02,4.502617322762952767e+02,2.452394170693536921e+02,2.276979070737603763e+02,2.359316165926757662e+02,2.702524455596534949e+02,2.901133703816169032e+02,3.610310704481990456e+02,5.024665249483886669e+02,3.863438416933017265e+02,2.697165689773570421e+02,2.297319024142452975e+02,1.961800159471831364e+02,2.371623089620069038e+02,1.655645285508605298e+02,2.070581061464665993e+02,1.794935047956954293e+02,2.109779992556408956e+02,1.854415527137288109e+02,1.760905161447728915e+02,1.660310438003968443e+02,1.679098035121886312e+02,1.870419257998855755e+02,1.764340756133471473e+02,1.630227962503504386e+02,1.646371144795608643e+02,1.826644907934068556e+02,1.839902290811655803e+02,1.817118236511536509e+02,1.842508778202523274e+02,1.686865078659123469e+02,2.046425945546761511e+02,2.259917000040379946e+02,2.151254509733465738e+02,1.882906758582394389e+02,1.853616622014648385e+02,2.005477515947087568e+02,1.859735158065305711e+02,1.664466133467960560e+02,1.693966730159436338e+02,1.749987003714553282e+02,1.643131947514106912e+02,1.811673046377575531e+02,2.139065397989888879e+02,2.092510659737066305e+02,1.745733398729510952e+02,1.668262498625967396e+02,1.718395141005012476e+02,1.696483263667789174e+02,1.576937760768480530e+02,1.848830828228919074e+02,1.951063569690482211e+02,2.142819437930191100e+02,2.159568005328425500e+02,2.268090659870185561e+02,2.005613289859307429e+02,1.748840886972146222e+02,2.244168231817753849e+02,2.080240285960934727e+02,2.031064312692016927e+02,1.825444964482786077e+02,1.930371234727361980e+02,1.973092565509018073e+02,1.835425594284504029e+02,2.675245494709375862e+02,2.389896603505408166e+02,2.438116637403080063e+02,1.858223900624305998e+02,2.031191462593880033e+02,1.870749178216375128e+02,2.871962501678980288e+02,3.310334106287575651e+02,5.809425747766392760e+02,1.124101359547274548e+01,7.845614484080728062e+02,4.407775219909317457e+02,4.584407793717721802e+02,3.323626466842849823e+02,2.188737145647518503e+02,2.654264928058209421e+02,-9.295059065165300893e+00,2.824820635849281985e+02,2.899050304648212091e+02,3.138254873164145238e+02,2.800016411088381005e+02,1.851212129783624789e+02,2.149257170416108238e+02,2.169730876728697524e+02,1.970986231110153426e+02,2.155581912421993707e+02,2.323209505949271545e+02,2.134332793032981215e+02,2.312398117639005761e+02,2.099531314713367181e+02,2.078527615788750325e+02,1.708198921310918195e+02,1.895508443203727893e+02,2.107166486365063918e+02,2.381411138760363713e+02,1.784287675203618448e+02,1.914361269224475564e+02,1.689641867330133493e+02,1.680645651924007495e+02,2.374065287391770482e+02,1.679351941502609407e+02,4.685714384409126296e+02,1.317049892432563141e+01,3.023556878550912188e+02,1.439388187404402402e+02,1.772702516156722936e+02,2.621201212719312252e+02,2.397864472066036967e+02,2.113404907025913815e+02,2.232140440181406689e+02,2.486941854922061452e+02,2.075304725752496324e+02,2.246979340312627187e+02,2.234042672323391514e+02,1.977071506144858120e+02,2.198776519860858230e+02,2.316352169494156499e+02,1.907091163610868705e+02,2.091346382723240254e+02,2.465871515253242023e+02,2.359328511161270683e+02,2.361013569928146865e+02,2.295550367351254692e+02,2.039987697868623400e+02,2.314609862943473786e+02,2.583069126749296629e+02,1.919421642951150773e+02,1.823009415514617331e+02,2.282091177319478561e+02,3.027234864979439521e+02,2.429449496578214962e+02,-3.606823424526403254e+00,5.054731761059887141e-02,-8.904935167098748661e-01,3.390876253230493944e+02,2.122433183535766261e+02,2.237369605517227455e+02,1.863655141910406030e+02,1.557024774424949669e+02,1.773390488292562281e+02,1.989693318403865305e+02,1.896507991125209287e+02,1.727047026570924118e+02,2.109729302707941088e+02,2.221605422064419599e+02,2.484245214115003648e+02,2.243527326105285340e+02,2.164546410411714419e+02,2.180270062096595893e+02,1.860808964283482965e+02,1.735410416892769945e+02,2.039726483069964615e+02,2.061784508444294772e+02,2.093219416728540523e+02,2.156514788002151306e+02,2.021775503032224037e+02,1.993295409463802235e-14
-1.693342425205810206e-40,7.527696857894497469e-40,-2.534669560358935118e-39,8.605306838303365428e-39,-3.454978718143626847e-38,1.358386556261851265e-37,-4.224794689347924673e-37,1.783300618523330932e-36,-5.065030914007327998e-36,2.422499041302697065e-35,-9.399784034361355693e-35,3.465001562697433877e-34,-1.244606852510205372e-33,4.511556632246876330e-33,-1.869143843440727427e-32,6.505418625553668396e-32,-2.245771230771318080e-31,7.747060357436184904e-31,-3.641537509741217093e-30,1.201031328982613668e-29,-8.959842786616288365e-19,-1.023357418437033089e-18,3.088696685587837913e-19,3.374047382346770713e-18,3.431883827504538592e-18,-1.138201881483067505e-17,-1.945006443969201889e-16,-1.843835614081637767e-16,9.790117064067795528e-15,6.344365109128211944e-15,1.116656992205259306e-13,-5.003833063047814342e-12,1.348659060267550250e-11,3.661914377807521280e-10,3.815361507887249040e-09,-1.448440559187613748e-09,-2.144031121073294177e-08,-2.049970189070369515e-07,-2.368752735373579064e-07,8.226114277799656611e-06,-4.471394588549476389e-05,-6.910888742433957425e-04,-4.190120290022339021e-04,-7.760196515059754850e-03,3.136407232879095952e-02,3.458404468899718975e-01,7.518227924429419673e+00,8.651313120397233547e+01,7.844464311845521820e+01,4.749662258890951989e+02,3.744477032381338404e+02,2.490905613458664902e+02,2.005947946508234452e+02,2.548790761997801155e+02,2.309360214018176976e+02,2.334311901299876126e+02,2.034508471484555798e+02,2.179829837886790926e+02,3.174272377829437346e+02,2.563932925708176072e+02,2.716999231070449810e+02,4.178762362869052254e+02,2.618442190804456118e+02,3.450015137987790581e+02,2.935227942388987117e+02,2.183212857495749972e+02,2.277318280624186286e+02,3.142529213568270734e+02,2.489665508269342808e+02,2.563997871735976446e+02,2.856811378610946690e+02,2.372359175950691110e+02,3.170487494162388771e+02,2.542963301500550983e+02,2.637468726102956680e+02,2.894193410023174806e+02,3.475554406377892747e+02,2.985916343941725017e+02,2.964384411489736522e+02,2.940897797979944812e+02,2.659996401363580389e+02,2.546508744282198791e+02,1.900458296398930145e+02,2.336609652939779380e+02,2.000579199537604609e+02,2.176991839414819196e+02,2.015445888688265370e+02,2.087078892883644983e+02,2.166305244364537543e+02,2.150713155810965134e+02,1.855912397444560895e+02,1.739917047447131324e+02,2.109724260870634680e+02,1.976025219465886096e+02,1.758464240532543670e+02,1.701805230868720571e+02,1.744048906304521154e+02,1.833269203807182066e+02,1.764430514870715569e+02,1.691377920632562279e+02,1.553873547453014226e+02,1.627977216855271365e+02,1.907019210954173332e+02,1.917414375321432090e+02,1.623829867327240777e+02,1.645695799411082589e+02,1.935916593153088172e+02,2.016372974512358383e+02,1.790681316309992326e+02,1.878598306582604778e+02,2.165377069628125071e+02,2.052100224172699825e+02,1.641454590110631386e+02,1.712364395625290570e+02,1.897593001997770159e+02,1.701224145178934748e+02,1.862643305390345176e+02,1.946259895004405678e+02,1.713102754156232947e+02,1.629739386130549121e+02,1.706732068940121678e+02,1.823086327446387429e+02,2.080675481112644718e+02,2.117750576282445252e+02,2.398198793853905784e+02,2.164887609251047991e+02,2.273930656490945807e+02,2.157734469457585647e+02,1.891850523604528860e+02,1.978826306987881765e+02,2.031520685761174150e+02,2.109046080152899663e+02,2.051654384081133173e+02,1.864312475219500129e+02,2.060476167897632536e+02,2.089755953209204336e+02,2.030214072426262248e+02,1.862119713254964495e+02,1.625954373953657637e+02,1.651236280061825141e+02,2.440620906045329548e+02,2.616084123255392910e+02,3.354716797002573117e+02,4.030246406737214215e+02,1.261535039924260957e+02,3.604201664821126201e+02,3.570258616762885708e+02,2.564775868911560792e+02,2.434366590592956356e+02,3.271154917157322757e+02,2.406459387995894019e+02,3.563382119222439997e+02,3.031467849691347851e+02,2.791799788154024213e+02,3.687614581262039337e+01,2.400692955612101969e+02,2.776281194029091921e+02,2.065932425575767866e+02,1.888584949876258179e+02,1.711820429432570734e+02,1.710409318505895442e+02,1.810866288996116964e+02,2.003313402056393500e+02,2.078268091567528302e+02,2.183126262362689260e+02,1.974576079780585474e+02,1.597142271363803161e+02,1.980090663047633086e+02,1.746740386587477190e+02,2.087491899590386311e+02,2.050324899281735327e+02,1.480193943059944957e+02,1.776085935513019081e+02,2.019972148680637076e+02,2.336976174382249951e+02,2.783621609936729442e+02,-3.334028932304992310e+01,1.895862455390586661e+02,2.104825840198134586e+02,1.190636296210166876e+02,8.574126247452555916e+00,2.818788841959879505e+02,3.409954722518475023e+02,1.927414527045397392e+02,2.083841886003644106e+02,2.188957166971788411e+02,2.103019495892528141e+02,1.814945650602099363e+02,2.114942730916434357e+02,2.276188039029862296e+02,2.116607946034340557e+02,1.846132730858292632e+02,2.264416911136491990e+02,2.292424776773378596e+02,2.180717651182006023e+02,2.473900629029669460e+02,2.074063755967831639e+02,1.931890059800832091e+02,2.227309909441010234e+02,1.923550537123869333e+02,2.161626605699362926e+02,1.932240174892801861e+02,2.171521206710337708e+02,2.680695661571074879e+02,3.144289910920629154e+02,4.402209532611966125e+00,-2.564048352610768244e-01,1.078882655706803284e+01,1.668318975945211236e+01,2.056365081399962946e+02,2.085995095135374982e+02,2.244434041576244852e+02,2.158844698279305589e+02,1.769258417007017385e+02,1.698416683258338651e+02,1.723052091787201334e+02,1.656040818267802308e+02,1.889859016235060949e+02,2.498809599132603978e+02,2.361270988957429040e+02,2.228534765022948534e+02,1.928409460072462309e+02,1.910727638244868842e+02,2.384175719460108098e+02,1.951752057523935378e+02,1.839023442938743642e+02,1.938271663524319024e+02,2.123071204680221911e+02,2.228151982239593849e+02,1.843576106946103721e+02,1.769479491265857291e-14
-2.253279311764682915e-41,2.403055509206910813e-40,-6.789671479932986698e-40,2.989267847686266856e-39,-1.324108797312883106e-38,2.359533777344608253e-38,-1.885877936255052088e-37,4.908815207639017497e-37,-2.039424518365116438e-36,6.961519942203191663e-36,-2.985035581727631891e-35,1.259815982483748427e-34,-4.402217998725411772e-34,1.386641194348122637e-33,-5.449399248863925758e-33,2.161466201634960280e-32,-9.964262102848098413e-32,3.559631857037535040e-31,-8.596758192003318096e-31,4.389295877859598742e-30,4.392681167546543185e-19,5.017144796430667090e-19,-1.514274316298280833e-19,-1.654171253918795779e-18,-1.682526344345713144e-18,5.580184956911226533e-18,9.535650760918369686e-17,9.039647460439807000e-17,-4.799734091008097626e-15,-3.110408714901906945e-15,-5.474558269941351381e-14,2.453195194116419948e-12,-6.611979023898544095e-12,-1.795301849487480924e-10,-1.870531330041489810e-09,7.101170990241572783e-10,1.051139551581534520e-08,1.005024938365629555e-07,1.161312288610884293e-07,-4.032961083576238778e-06,2.192160205408440803e-05,3.388154408017254849e-04,2.054261768617212671e-04,3.804538751743963623e-03,-1.537665036649735369e-02,-1.695528430961338040e-01,-3.685910456961022597e+00,-4.081191724627369410e+01,-3.716530414292776641e+01,6.295741227946814433e+02,3.843150238513697445e+02,3.145410748110190298e+02,2.616562878091701236e+02,2.857440709091351891e+02,2.832344775354532089e+02,2.619859319585677895e+02,2.613802649440519872e+02,2.225101160121135422e+02,2.463154331347687389e+02,3.107573216764418476e+02,2.977882064341867476e+02,3.900880411211468868e+02,3.160367783296970288e+02,3.089376199684188009e+02,2.731520359102786415e+02,2.970666383195092521e+02,2.283655750464533014e+02,2.922169052817405372e+02,2.366240627861104144e+02,3.193129009999304344e+02,2.449760718185904693e+02,2.573420410928598585e+02,3.204131393998808903e+02,2.740313777685256582e+02,2.683904009934202577e+02,3.444191566711830887e+02,3.741134860719585618e+02,3.130712792307350583e+02,2.452271098614392884e+02,2.813251993595760609e+02,2.705670612381970841e+02,2.473438570203148288e+02,2.378251295458596530e+02,2.614442283069857353e+02,2.503154986745432780e+02,2.450217710425874600e+02,2.363326908720582082e+02,1.860918535842910728e+02,2.167124089406061103e+02,2.034722761825594830e+02,1.827099096969078857e+02,1.592110409040608090e+02,1.945758753804679486e+02,2.224159683696740899e+02,1.938868725667418857e+02,1.710434918671934952e+02,1.569531869346729422e+02,1.626611955520385493e+02,1.507218163121816588e+02,1.592976420732730674e+02,1.988088440848179630e+02,1.745155826896001940e+02,1.856670824136108706e+02,2.098020307039991224e+02,1.768039949838141069e+02,1.530186283203926791e+02,1.791179448230875835e+02,2.099089056337309671e+02,1.854252227244294033e+02,1.857684384420352899e+02,2.000084201852934882e+02,1.949713563612692440e+02,1.863400045687892259e+02,1.729685190996434585e+02,1.826575436245868787e+02,1.904093044194254105e+02,1.773632352920380981e+02,1.846472297628177728e+02,1.658038343220675586e+02,1.611160429287572242e+02,1.884431863735302954e+02,2.209224737502907772e+02,2.426947635301105493e+02,2.372724652670634953e+02,2.191540850178677147e+02,2.223018469517136850e+02,2.265331208105926066e+02,2.110843132184460273e+02,1.916158502460913553e+02,1.908667514101361178e+02,2.122833000269914976e+02,2.016565264435193399e+02,2.192044351378713714e+02,2.149843910686328172e+02,2.000461793228155045e+02,1.754684973475297909e+02,1.659084013363475947e+02,2.005360792214392518e+02,1.595060608501400452e+02,1.930060239235605479e+02,1.945385720279548707e+02,2.037626714853916496e+02,2.275565333582656251e+02,3.099107540934766121e+02,7.386904457960592651e+01,1.979659885259385419e+02,2.142866618126659830e+02,2.773133122869240310e+02,2.354492089153117149e+02,2.927314227622659928e+02,2.929813814312017826e+02,3.171544949840046570e+02,2.718321530753150341e+02,3.223471122228962713e+02,-1.669848237020416803e+01,3.022380347670149376e+02,2.068735825558648571e+02,2.144231715897851416e+02,1.894304652609747848e+02,2.529373474303587841e+02,1.893331126265208013e+02,2.290204790874767582e+02,1.976640475223542808e+02,1.485673071954424813e+02,1.886443448571117756e+02,2.032906391353993456e+02,1.862897481496950149e+02,1.899261409008508394e+02,2.007292288197270409e+02,2.023726476545688513e+02,1.818791895647540002e+02,1.309808720365379031e+02,1.590876702900173996e+02,1.723884658841728026e+02,2.167861587527183360e+02,3.456398778766244106e+01,1.841077825101391738e+02,1.664493145657845048e+02,1.862819112277671820e+02,2.712313463512903695e+02,1.666431550830861568e+02,7.424737756190617688e+01,3.316768319875159818e+02,1.757301314625524071e+02,1.972286765348090682e+02,2.309714874428714211e+02,2.352570570156307213e+02,1.687827137413883349e+02,2.015611497276576074e+02,2.761048188188643735e+02,2.168851653147252705e+02,2.730309144457547745e+02,2.887151180621146978e+02,2.581252313040286595e+02,2.670527262761174256e+02,2.033483155566690357e+02,1.884503297674127396e+02,1.782486899344497715e+02,2.186823383022351948e+02,1.877659531347260895e+02,2.073104147037243763e+02,2.239293799669333396e+02,1.965999613521207152e+02,2.755054728699665816e+02,3.963024054804422462e+02,-2.159040258908186516e+00,1.084683249122916138e+00,-5.307250975941266802e+01,1.867938126828735221e+02,2.371594263314619297e+02,2.245690279785844155e+02,2.251729772860474554e+02,2.143205121342660675e+02,2.025539531585621660e+02,1.841250870194235461e+02,1.785635986963185076e+02,1.844203898453373540e+02,1.889891117454291134e+02,2.275212363243550442e+02,2.358576141030728479e+02,2.290309348311247675e+02,2.141471634120391627e+02,2.254782364446601548e+02,2.457427660017487767e+02,1.962689155404393659e+02,1.847313160799158993e+02,1.867983031813797652e+02,2.048407043742376459e+02,1.904426419474130796e+02,1.688556894147081948e+02,1.407256263672368037e-14
-1.343833935999255693e-40,4.994458040056096626e-40,-1.936939965830279522e-39,7.159348422412454113e-39,-2.628145427259870105e-38,9.312214624564832541e-38,-3.501560570447882123e-37,1.356725907874187719e-36,-5.080420994298282312e-36,1.966290784011967624e-35,-6.754680181821619851e-35,2.738931271270921881e-34,-1.012509181259298348e-33,3.362369586420656258e-33,-1.341798972984557529e-32,5.200079656537668364e-32,-2.082352250125056852e-31,6.858954607291359677e-31,-2.558842963225562551e-30,9.914632003597208529e-30,-1.631996454753251987e-19,-1.864001096222209578e-19,5.625926842162172729e-20,6.145680800895958732e-19,6.251027314273477906e-19,-2.073185275935070436e-18,-3.542744780047666337e-17,-3.358466469412118683e-17,1.783227307472451477e-15,1.155598557627073409e-15,2.033942217747943941e-14,-9.114264626917678325e-13,2.456523911088032537e-12,6.670018016672821764e-11,6.949515300398125707e-10,-2.638271578361349868e-10,-3.905259580208310968e-09,-3.733931677208437762e-08,-4.314580241890087639e-08,1.498350992914697769e-06,-8.144451067915386985e-06,-1.258788373153846198e-04,-7.632122147789859208e-05,-1.413486095726845327e-03,5.712829572818835765e-03,6.299333555154899844e-02,1.369412567718637286e+00,1.516269943134239995e+01,1.380788686287672462e+01,7.118232162430853123e+02,3.455551105208261902e+02,2.674737274395643567e+02,3.046339109962364660e+02,3.119049222784597646e+02,2.836132427926024206e+02,2.683841100057783251e+02,2.547896225549458507e+02,2.303283898716996703e+02,2.672629313843445971e+02,3.301853358385897081e+02,3.175532197810920820e+02,3.209364539600063040e+02,3.114747560224014364e+02,3.183731984968939059e+02,2.837551073004694331e+02,2.644584264678541103e+02,2.750979438433980704e+02,2.515755994468630377e+02,2.533655127283872162e+02,3.122847131899528677e+02,2.827381838592108920e+02,3.107922623889125475e+02,3.218941768186496120e+02,2.867984144172125411e+02,2.986505748465007741e+02,3.555504660195335873e+02,3.930595881483307039e+02,3.614907922874691053e+02,2.897596001111530200e+02,3.168517077253480920e+02,2.739409473292935218e+02,2.758329456080950308e+02,2.531382767010974817e+02,2.540243528672197897e+02,2.589006180707299904e+02,2.472173497691139517e+02,2.554577380370847379e+02,2.104551876391198562e+02,1.783486046180994151e+02,1.710501187055095329e+02,1.771946108420561927e+02,1.457469612470280822e+02,2.034002049408651374e+02,1.960235530718773873e+02,1.614561595580602216e+02,1.589415495702577346e+02,1.734967717776765426e+02,1.638853306254528377e+02,1.630334791832445944e+02,1.671865641203584403e+02,1.952413826497367495e+02,1.796978120171265232e+02,2.016220570451839933e+02,2.085716957418693482e+02,1.954542301191485763e+02,1.667215326472324080e+02,1.764775726276419334e+02,1.960272938200488682e+02,1.914944148149213845e+02,1.872731090824942726e+02,1.684897264594754347e+02,1.637909970707974026e+02,1.695587287606178677e+02,1.659232765419295959e+02,1.886284518201168510e+02,2.159217529769107955e+02,1.987702706556819976e+02,1.672157482223026079e+02,1.516716007675177309e+02,1.666481722135276300e+02,1.862478600144222582e+02,2.115482465343994818e+02,2.212613538813135960e+02,2.057507126993723716e+02,1.961490886890235004e+02,2.550465164428979961e+02,2.406949908690622522e+02,2.018741170674024090e+02,1.722089053558610487e+02,1.921026682746458789e+02,1.915134592941428480e+02,1.873533400245231348e+02,2.124307476987756900e+02,2.330559469975845275e+02,2.251407243085180028e+02,2.053989754316377514e+02,1.783939807099669679e+02,2.083664945721820345e+02,1.971628133432865297e+02,2.181064125379397183e+02,1.792073407857901373e+02,1.831588130274664650e+02,2.048141152635762410e+02,1.582096067023423416e+02,2.617912323118973177e+02,2.014051923879530932e+02,2.659137522840461543e+02,7.091927935514262344e+02,4.023748931021731892e+02,3.590433248842419403e+02,2.859623698805771141e+02,3.032841087973514504e+02,2.603042262426488378e+02,1.384567439776360516e+02,3.619312617747905136e+00,3.762991566368439749e+02,1.900549656375271468e+02,2.310597424311521308e+02,1.826085263250742798e+02,2.143234897971293833e+02,1.973756608693136059e+02,2.187938227190882117e+02,1.758388648215770900e+02,1.520000567977231185e+02,1.612855745927889188e+02,1.633219103086726136e+02,1.778547628414719952e+02,1.709125030950404209e+02,2.120669586967542841e+02,2.204268771386282140e+02,1.816794819996004549e+02,1.489113786321911448e+02,1.725829587354624834e+02,1.693132784341616457e+02,2.146936829648014395e+02,1.164968328460731044e+02,2.567269425735053119e+02,2.102696176023679016e+02,2.274619159963284005e+02,1.355471197945092001e+02,1.179702290684497399e+02,-2.582195123831121464e+01,2.455421784376148935e+02,2.855826644740770348e+02,2.255579540812484254e+02,2.270027260887947591e+02,2.318331970549369885e+02,2.403560314461372798e+02,2.149699361500401551e+02,2.370282141861477783e+02,1.971020941033789029e+02,2.649965356663638545e+02,2.355251488229247059e+02,2.200025160007613181e+02,2.357314271222144555e+02,2.193511606949035126e+02,1.976940354264084760e+02,2.161455915425233627e+02,1.838397599604702748e+02,2.087224302136435199e+02,1.981412453406618113e+02,2.137605921432547120e+02,2.072426015632905489e+02,2.839177180636141884e+02,1.517894563910923011e+02,8.051836705110703152e-01,-4.056130200366616201e+00,2.894038312014414487e+02,3.057715239544889982e+02,2.191478388099071708e+02,1.981742389103279436e+02,2.052740181145694862e+02,1.982793536541877017e+02,1.955676795103691461e+02,1.722345348200304045e+02,1.857921221183736691e+02,2.095075907061753639e+02,2.297231695110612293e+02,2.141654616865317280e+02,2.095593545609584396e+02,2.342681906782889882e+02,2.394267226547003133e+02,2.315837011935491034e+02,2.309403257715529207e+02,2.203964453389067728e+02,2.200136521202588256e+02,1.973441669187419336e+02,2.093792875772766422e+02,2.390736839648567980e+02,2.049622505185629109e+02,1.945299472444638819e-14
-3.014920347001000183e-41,1.181901075717205694e-40,-5.055015018957700403e-40,1.962199599228988770e-39,-5.365605135961569777e-39,2.760183362130507721e-38,-8.744375239798367900e-38,3.967895165989975243e-37,-1.301395560044824219e-36,5.152992163180450748e-36,-1.584139538981270160e-35,6.803090596131351806e-35,-2.652159855216907423e-34,8.361631490478548974e-34,-3.586497853840430829e-33,1.369489809690732919e-32,-4.582155554827136574e-32,1.835723717862142295e-31,-6.819197697856688847e-31,2.505973380566210669e-30,5.085178230878084154e-20,5.808087257052708795e-20,-1.752996525266120958e-20,-1.914947913009866654e-19,-1.947773139768789557e-19,6.459889588269616338e-19,1.103892628752039301e-17,1.046472921236830671e-17,-5.556402205626308346e-16,-3.600758177325375968e-16,-6.337611016497623107e-15,2.839936322158164271e-13,-7.654343786637248039e-13,-2.078327457805281584e-11,-2.165416709775548139e-10,8.220655850449690943e-11,1.216849519017965514e-09,1.163465032809540026e-08,1.344390759245025287e-08,-4.668749023313471578e-07,2.537749709421871615e-06,3.922289914403414857e-05,2.378111870437475800e-05,4.404316385230872401e-04,-1.780074736473182765e-03,-1.962824967069216886e-02,-4.266986586124869030e-01,-4.724583124774663467e+00,-4.302433716142653353e+00,3.426874390319164831e+02,5.981437872273316998e+02,4.685321238828399260e+02,3.213355418334988371e+02,2.875751596593945010e+02,2.483999757779131698e+02,2.210646880034042567e+02,2.394394498123577648e+02,2.695058369854390321e+02,2.779636656319578378e+02,3.235445447338959184e+02,3.224178738705394380e+02,3.692555920728972865e+02,3.485819190165215105e+02,3.030316904222082144e+02,3.270416881893099799e+02,2.912083198821462133e+02,2.679805080490793330e+02,2.605574508040959927e+02,2.287680128178682537e+02,2.671938014371568215e+02,3.449096214725223604e+02,2.709557036762329290e+02,3.352894574204261744e+02,3.418061547022429068e+02,3.170903963952016511e+02,3.986039582024610013e+02,3.742845780407478742e+02,3.485215977514288284e+02,3.086173804733331281e+02,3.263693145621662097e+02,3.018926620754020291e+02,2.641211877849157759e+02,2.228707330037019574e+02,2.477724251407247493e+02,2.594948748283308646e+02,2.352385653663990581e+02,1.985468948485265628e+02,2.017734960367467920e+02,1.759979617344569363e+02,1.487005880631728019e+02,1.333595428579446036e+02,1.271995393412296664e+02,1.541221812475879460e+02,1.749938837165019265e+02,1.465728782547534195e+02,1.516100269101936817e+02,1.900923843929657551e+02,1.773195897572233264e+02,1.722021454964556995e+02,1.534095528776158517e+02,1.626578764312664589e+02,1.868730128225633678e+02,1.991936816344197041e+02,1.835422028744440581e+02,1.915395320198551588e+02,1.670605664517442221e+02,1.718975831426389220e+02,1.873097914271274362e+02,1.915143659491592416e+02,1.793524780665470075e+02,1.630789116524188387e+02,1.512812045868382711e+02,1.556474054171971773e+02,1.831673079320081570e+02,1.979625132144074087e+02,2.091858513754796149e+02,1.910210751718502422e+02,1.471183437666863085e+02,1.779224079963253189e+02,2.628058077220288169e+02,2.687193209302162131e+02,2.611053062694790583e+02,2.320786593666093438e+02,1.755013622945172358e+02,1.851350345302174958e+02,2.169256521007987430e+02,2.148504776257155982e+02,1.902127150661972905e+02,1.607564464501321311e+02,1.673246188396404364e+02,1.631787921499185643e+02,1.943933891260576843e+02,1.997206092663730885e+02,2.047875742705829509e+02,2.021515301598185772e+02,2.039411246853063346e+02,2.206728196393643202e+02,2.054347026797786384e+02,2.035021889941392885e+02,2.049033634284489267e+02,1.586525108325355404e+02,1.880912182946518669e+02,1.726925560969265234e+02,2.233990944176801179e+02,1.940580405086843996e+02,1.760471793690682318e+02,7.363930291340967642e+02,4.835463731246887846e+02,6.012800194002822991e+02,3.250060319827807689e+02,3.688771098236946955e+02,3.408269687873147404e+02,3.275024642679762792e+02,-6.875030736519325103e+01,7.173434739830312878e+00,3.693666194653684443e+02,2.370712913701117657e+02,2.332329412331519336e+02,1.620027518360825525e+02,1.668458611988253892e+02,2.008248557378631176e+02,2.092320102471178984e+02,1.631249087467201093e+02,1.680152587385898357e+02,2.152247400783820410e+02,1.530467204458281287e+02,1.510405721242617005e+02,1.680146468107004694e+02,1.836574271148548689e+02,2.461468831410043947e+02,1.783675294383985204e+02,1.805545803764036066e+02,1.868724798502732938e+02,1.606698400596626186e+02,2.547094858644450426e+02,2.604751459030234741e+02,6.558208289619581421e+01,1.938466390709547227e+02,2.258741567743541623e+02,-3.493567044947087652e+01,-3.251258533268764239e+01,1.127200843738702929e+01,8.016354944708835717e+01,2.733431873786732922e+02,2.508722272315395969e+02,2.073428289494956971e+02,2.108173465420771606e+02,2.491902455410013033e+02,2.104331387599827394e+02,1.851742255814357350e+02,2.133325953526365311e+02,1.966921157259259303e+02,2.108383463552347052e+02,1.915293035590659940e+02,1.919631053324722245e+02,2.268280584584635733e+02,1.980060897217672107e+02,2.779896301813128048e+02,2.029874255945416905e+02,1.972991344027189768e+02,1.889900314366932434e+02,2.096957668780198958e+02,2.717041979474536220e+02,4.138565666410801214e+02,-3.803571138346986658e+01,-2.606641856868550655e-01,1.299691848446469500e+01,4.984306452934275740e+02,2.396810910589426271e+02,1.921186792611682677e+02,1.955802091022704019e+02,2.062430743747816848e+02,2.314945469088648622e+02,2.018182211053205037e+02,1.534181880881555742e+02,1.981805559653423643e+02,2.160812894400216919e+02,2.124130968222049489e+02,2.273043994496304379e+02,2.187466179040538066e+02,2.341616578465213649e+02,2.258966467624523489e+02,2.130262020212683467e+02,2.213590296475884998e+02,2.114796413451907142e+02,2.110153237494625955e+02,2.081942885521542905e+02,1.977583981117221867e+02,2.437758447836357902e+02,2.072050421465030183e+02,2.671224163895123868e-14
3.635555868390510144e-41,-1.071635061700738711e-40,4.008660048072722892e-40,-1.834910273978464001e-39,5.871277131371653158e-39,-2.126366408310879011e-38,9.221182275366477482e-38,-2.384414445366601679e-37,1.230658033607472220e-36,-3.860701795844521185e-36,1.719900682681311868e-35,-5.619038222525939842e-35,2.553316737557651836e-34,-7.455422131206898067e-34,2.741577877886305700e-33,-1.268752068373808765e-32,4.758118915065512284e-32,-1.527814548905191782e-31,6.575450580252092249e-31,-2.369438374679208496e-30,-1.338329408828845200e-20,-1.528586344030898864e-20,4.613578398029900871e-21,5.039805836117224121e-20,5.126196211776817434e-20,-1.700129276612185064e-19,-2.905251091816481701e-18,-2.754132607366805873e-18,1.462347268361222708e-16,9.476561731757482839e-17,1.667947678673891725e-15,-7.474212562681855821e-14,2.014488565944923878e-13,5.469792075981468626e-12,5.698995659381074637e-11,-2.163531933620482132e-11,-3.202533764262837446e-10,-3.062035192528138351e-09,-3.538199860829776967e-09,1.228732571336729135e-07,-6.678910582467195815e-07,-1.032277671814027724e-05,-6.258771887058412546e-06,-1.159138555103774918e-04,4.684843407097933005e-04,5.165809849350273646e-03,1.122995769030156465e-01,1.243427124145564999e+00,1.132324829769156826e+00,-6.116344715740794413e+01,5.135735496396573581e+02,4.468648360318480286e+02,3.441540205012182128e+02,2.828314379943644781e+02,3.088783727614759869e+02,2.171146873675209292e+02,2.614954728249625759e+02,2.942538516042353649e+02,2.694630687387831358e+02,3.530512278171129310e+02,3.024372584793621854e+02,3.497767560766818633e+02,3.651088621977004891e+02,3.322030736249512870e+02,3.447412824586348847e+02,3.519353051678307907e+02,2.552640174431720368e+02,3.048588681008089907e+02,2.780194725731620338e+02,2.621964353412710125e+02,3.251151009114709041e+02,2.666440856734767522e+02,3.157592254761763115e+02,3.711690927811007441e+02,3.052133231391615027e+02,4.343949159068336598e+02,3.323523996865635013e+02,3.298814531363772176e+02,3.269766270354236326e+02,3.043795824039469267e+02,3.213835607865691486e+02,2.524527907412814614e+02,2.242676622161112050e+02,2.456759822858494431e+02,2.517234036993751829e+02,2.251142324874738563e+02,1.626684033453834104e+02,1.962142750937128994e+02,2.030732496983237070e+02,1.481437744622497519e+02,1.167216970703916417e+02,1.454305453032547177e+02,1.217443328256892983e+02,1.793036830210832875e+02,1.626674128241155870e+02,1.539136989560718689e+02,1.680401700390948747e+02,1.671130889361071752e+02,1.433281348985839827e+02,1.257612182496315398e+02,1.645734927401581729e+02,2.011147625493302371e+02,1.761916598179279845e+02,1.916410884939114112e+02,1.917562070663466613e+02,1.568723735665474806e+02,1.705714403359384050e+02,1.832847062967847194e+02,1.691701642104553116e+02,1.709144690331638969e+02,1.795377588686412764e+02,1.601571058201016342e+02,1.749759251705980034e+02,2.083322539411122989e+02,1.962954921780647908e+02,1.858089726791936869e+02,1.636297817946292810e+02,1.545565715906435855e+02,2.156922531948141284e+02,3.769730033003740459e+02,3.972407733135189574e+02,3.357537089199950060e+02,2.748523675601834384e+02,2.054175136403248132e+02,1.995856807243934554e+02,1.718036976000156244e+02,1.755591872706004608e+02,1.873469495412867900e+02,1.747069115994349318e+02,1.526233445132811823e+02,1.730529951390765007e+02,1.968303699478191504e+02,2.012029929775008554e+02,1.912642742849518243e+02,1.926985678486900326e+02,1.831193612743359722e+02,2.135812218166437049e+02,1.902218493406211337e+02,1.799882908501799648e+02,1.789934327033425348e+02,1.706082056754661664e+02,1.991048895469418198e+02,1.979013751167377677e+02,1.847557689905466987e+02,2.063355478879151406e+02,2.958587295201343181e+02,1.228900050592796788e+03,-9.041992213070335538e+01,6.125396007537055993e+02,2.719326136317308169e+02,3.786855793080858348e+02,3.527213509249565391e+02,3.691931555066821034e+02,1.187924132361821989e+02,-2.421433222836790478e+01,3.035402596860786844e+02,2.520916338604781686e+02,1.988000538539867534e+02,1.358051928310648293e+02,1.938250664071608753e+02,2.083189273940946009e+02,2.244988701304474148e+02,1.845974801896640543e+02,1.450232820305707264e+02,2.418560359186643609e+02,1.724788532202965996e+02,1.458685118945873285e+02,1.655093808581647750e+02,1.860469279750298881e+02,2.155653825484962454e+02,1.574171927236981503e+02,1.923979317935304891e+02,1.577146757537506971e+02,1.670659503934976442e+02,2.474196015195653615e+02,2.098430052476562366e+02,6.339507002139610847e+01,1.690705166472149870e+02,2.009849030003696271e+02,9.225830759482953169e+00,1.215912036428100862e+01,-1.164328815526569905e+01,2.329516601003239273e+01,1.846253041799505468e+02,1.953207219169779592e+02,2.132362265279464566e+02,2.223892618828616605e+02,2.237758993398522591e+02,1.973047833143521927e+02,1.805103269398831856e+02,2.374221359971163281e+02,2.325780168454791124e+02,2.938617427049516664e+02,2.387280149070258517e+02,1.970592415359171525e+02,1.861365977717855742e+02,2.239234182983661583e+02,2.920808134052544460e+02,2.351592160677525953e+02,1.932558484917345254e+02,1.922352348573925269e+02,2.402998670306628526e+02,3.425420911661034324e+02,2.815107710145366582e+02,9.840109462016926045e+00,9.489255028255613733e-02,-3.497714837530139675e+01,3.375162683631643858e+02,2.292126252782479412e+02,1.947946884573992179e+02,2.425705344868422912e+02,2.235025394108968726e+02,2.142717361832314680e+02,2.033552838697170841e+02,1.724347735299649571e+02,1.879654355978956062e+02,2.091798774760213462e+02,1.737207732972911742e+02,2.025835312244104216e+02,2.421245507838350477e+02,2.375569873502177529e+02,2.137142808296982537e+02,2.048784074404835849e+02,2.188332816370260332e+02,1.833815217039401091e+02,1.799585658019956611e+02,2.196066319141957592e+02,1.927896699684576447e+02,1.855337943121264743e+02,1.937702212642803090e+02,1.885274478697431086e-14
-1.826136104351013565e-42,2.143917206860050048e-41,-4.292549018332622877e-42,1.959030501779463052e-40,-5.325138577165476995e-40,2.404779170580966591e-39,-1.069384451904009664e-38,4.698264252507763990e-38,-1.632779992145609453e-37,1.535624149707545693e-37,-1.808655438966365837e-36,5.223858622654632924e-36,-1.579525711610552485e-35,1.177662305761092936e-34,-1.829293891153970831e-34,1.309103787473239920e-33,-4.066427562495903145e-33,1.693069053297904250e-32,-6.096031476592234152e-32,2.654272870231622410e-31,2.732345342701893493e-21,3.120775606349127255e-21,-9.419123010802473988e-22,-1.028931288889527112e-20,-1.046568796023099363e-20,3.470999181219841859e-20,5.931386750813684985e-19,5.622861771356149255e-19,-2.985541314478646170e-17,-1.934743359765195497e-17,-3.405296958536063083e-16,1.525941949967044848e-14,-4.112797950229781760e-14,-1.116717663261034815e-12,-1.163512072695594269e-11,4.417086228735957152e-12,6.538321698693451466e-11,6.251478552469040201e-10,7.223620616419269950e-10,-2.508591454234144456e-08,1.363572383577463483e-07,2.107507366786814388e-06,1.277796490151631649e-06,2.366507685586304464e-05,-9.564618379616760164e-05,-1.054656378820832945e-03,-2.292718248901958952e-02,-2.538591985231046233e-01,-2.311764543101150760e-01,1.248718430922051148e+01,-5.852171668678325744e+01,-5.167746800649933903e+01,3.550908252951273880e+02,3.332762683774883499e+02,3.699501549625178995e+02,2.959237023951614560e+02,2.553398524521054469e+02,2.557703150800662115e+02,3.069400692470928789e+02,3.671617594329954954e+02,3.158303965905072914e+02,2.728904829442221285e+02,2.962707029027293402e+02,4.092303816752989860e+02,3.212895344544780301e+02,3.031678905348275634e+02,3.194155993704812886e+02,3.209094903146532261e+02,4.164747488918930003e+02,2.870367615415456726e+02,3.145068302503283917e+02,2.935312326709262152e+02,3.108432194272095330e+02,3.291918911881201666e+02,3.199474924524735115e+02,3.939974009389938487e+02,3.681873678891327586e+02,3.556298636445758916e+02,3.366369546789524065e+02,2.950511469547959109e+02,2.933942753454383023e+02,3.175492145408409783e+02,2.633737776574000691e+02,2.377008927881774127e+02,2.202474196246778888e+02,1.963938220546235982e+02,2.251687589500153877e+02,2.372585980883837635e+02,2.029939315111395501e+02,1.909973760553878321e+02,1.752223978693708375e+02,1.954340976702856096e+02,1.995416231990575966e+02,1.757919031244891244e+02,1.577625999926472389e+02,1.720783305652421973e+02,1.671739207255638462e+02,1.634531503905096486e+02,1.405094026523865978e+02,1.524007624255456506e+02,1.755434767420747448e+02,1.889515580563314643e+02,1.695031183312088672e+02,2.110546255215577389e+02,1.989935146799603842e+02,1.719580639846914494e+02,1.834627235378554246e+02,1.749484179967801083e+02,1.711830612149102251e+02,2.048277250305026769e+02,1.981459116907741134e+02,1.793109207100947913e+02,1.750498117524864767e+02,1.670027834919496854e+02,1.732239061616551794e+02,1.787489675242781288e+02,1.722337163127592419e+02,1.840160064029583680e+02,2.161253231122363161e+02,3.405065261695988852e+02,3.436912042370660743e+02,2.696256573930525064e+02,2.279524306205978803e+02,2.110055060930649518e+02,2.163931880457201657e+02,2.087404877262222271e+02,2.104442467612886958e+02,1.867272632206403102e+02,1.728618418673914334e+02,1.725986621450921064e+02,2.110525587771203675e+02,1.779107968086879339e+02,1.974374527855294730e+02,2.091257421269846191e+02,2.038131942931105982e+02,2.083777325229253279e+02,1.866129124770744170e+02,1.864139941422709796e+02,1.814149588038328886e+02,1.854022470828161886e+02,2.138574165163713019e+02,1.962657959314240372e+02,2.137140907926183502e+02,1.978834224187160373e+02,2.564449204718439432e+02,6.122750654431823705e+02,1.473901651177024178e+03,1.846021251820000941e+01,7.978427399325635179e+02,3.695573179316842243e+02,3.053013211623659799e+02,2.889434721536414372e+02,3.006335831355028176e+02,4.312887198149754795e+02,5.226489382506069603e+01,2.752795040390759027e+02,2.446963302263746698e+02,1.717144678999352436e+02,1.515179173217764514e+02,1.502963852749426792e+02,1.746508656945832740e+02,1.957143737103184833e+02,2.000883081376856296e+02,1.815963259125219906e+02,1.884245320166363342e+02,1.950303873882076005e+02,1.611276789080444303e+02,1.511012377407171527e+02,1.838777010665028797e+02,1.923324077979787603e+02,1.827572046002495938e+02,1.818825476023408498e+02,2.082223763980179285e+02,1.289058562247589919e+02,2.594435329707836217e+02,3.094705438559057029e+02,2.218340033534801705e+02,1.969523697328589265e+02,1.914509778512872913e+02,-1.947390467511571410e+00,-9.811425596180310293e+00,2.092396769006611734e+01,1.880738201794683846e+02,2.326236085600612853e+02,1.377428479532468089e+02,2.282005674849842762e+02,2.318259610231708905e+02,2.470373780213530779e+02,2.055780596863948233e+02,1.953782612702465258e+02,2.044473512150264867e+02,2.825440981639986262e+02,3.033779508857138580e+02,2.420224063355041153e+02,2.151551823739565066e+02,1.933768780270082175e+02,2.677402387478468313e+02,2.575295082164810765e+02,1.996361358101479198e+02,1.954125881106455722e+02,2.205330805128446343e+02,2.431292180252350477e+02,3.268080345406899028e+02,2.700034101882046045e+01,-1.662653913610383061e+00,-7.286076711750259782e-02,7.354751786731428354e+01,3.213365691209209558e+02,2.077555859747551210e+02,1.875543115738371114e+02,2.363992652291388197e+02,2.205472772539510231e+02,1.446828506236670364e+02,1.571664358387228617e+02,1.811434339559069997e+02,1.596200013528704744e+02,1.966238780359308578e+02,1.831975262720530679e+02,1.664846036796917872e+02,2.106151318768417013e+02,2.324820917550854062e+02,2.275933232810581615e+02,2.069296643188938560e+02,2.350420876209769858e+02,2.246332816745035927e+02,2.015399975054860420e+02,2.179328275541000437e+02,2.199317914965248235e+02,2.091647099424730243e+02,2.196017767499468789e+02,1.398605122085639679e-14
1.110517974035829939e-42,-4.744554654412407414e-42,2.601205313420564458e-41,-6.455143544032174231e-41,2.903083631717596861e-40,-9.393776597778738727e-40,4.373361255288281763e-39,-1.141414961094499043e-38,4.576021552424605635e-38,-2.804058366657028641e-37,5.823393093101731730e-37,-3.222241520123281821e-36,1.363787331634127951e-35,-4.606890806812877937e-35,2.007304702994798641e-34,-4.910030157754224050e-34,2.292912947398298682e-33,-7.549162360096378151e-33,3.631764808031673540e-32,-9.751755641571916488e-32,-2.351208266608254016e-22,-2.685456094204054614e-22,8.105242222049967414e-23,8.854048227635293302e-22,9.005821296303827784e-22,-2.986826896574305644e-21,-5.104012719783761251e-20,-4.838524677018051203e-20,2.569085744362976090e-18,1.664864393417723483e-18,2.930289340339264304e-17,-1.313087068905130818e-15,3.539100424150264062e-15,9.609458092701595164e-14,1.001212828674919252e-12,-3.800943285346275976e-13,-5.626285893995748679e-12,-5.379454731809924867e-11,-6.215991908389301334e-11,2.158665994725275117e-09,-1.173366564261971873e-08,-1.813529452437865197e-07,-1.099555619876893238e-07,-2.036401606404531289e-06,8.230441993281519211e-06,9.075415039258131502e-05,1.972905118171791421e-03,2.184481727316482658e-02,1.989294629323514613e-02,-1.074533682758938680e+00,5.035847489364857488e+00,4.446893602081148700e+00,4.101658331156813801e+02,3.847475113872079078e+02,3.306450426644337881e+02,3.258199975298276740e+02,2.724977595348187833e+02,2.847723277861674660e+02,2.554552696765293263e+02,3.489998823613215109e+02,3.895586220976417167e+02,3.460569321050803637e+02,3.367124284557322085e+02,3.329507124687726787e+02,3.052462956704774228e+02,3.347161341912448620e+02,3.366582012241515258e+02,3.251093701308090544e+02,3.704785555348511821e+02,3.068735395691363124e+02,3.200997399988615939e+02,3.250464927099430383e+02,3.090790293007540299e+02,3.270004251646395232e+02,3.301501541317058468e+02,3.868822061835446675e+02,4.158450284339709242e+02,3.189699279735985442e+02,3.283987158241683915e+02,3.367006996748248753e+02,3.121065769276751212e+02,3.009266570638093867e+02,2.837735813361687178e+02,2.793875757504811190e+02,2.152274192763320571e+02,1.765425581079852577e+02,2.272636452807903140e+02,2.022247248572561773e+02,1.983342142647896083e+02,2.174125279144801084e+02,1.630945146812538553e+02,1.777967645272973982e+02,1.871911848075118030e+02,1.846682903254261703e+02,1.606267370521210864e+02,1.991522340386754308e+02,1.917044543910551795e+02,1.853248105880801688e+02,1.804073225496194652e+02,2.017990735194132412e+02,1.843518697909583182e+02,1.953910121004572886e+02,1.869951091179646028e+02,1.894617477520776845e+02,1.867363284878030072e+02,1.802053282016044022e+02,1.802302286318453355e+02,1.923381938102054107e+02,2.190411115515396716e+02,2.271761823442033403e+02,1.711425546311832022e+02,1.678004760808843230e+02,1.739003491612985499e+02,1.450558999643248228e+02,1.539910042292228809e+02,1.693650755018171878e+02,1.504662700005313241e+02,1.769282949759096937e+02,2.033601274626026338e+02,1.944168728710582172e+02,1.931891941685522340e+02,2.053596779239145462e+02,1.684017531174913813e+02,1.797609190434768607e+02,2.009614422776138554e+02,1.851069936926831190e+02,1.996663791993746884e+02,1.862174667882969743e+02,1.821781557076639331e+02,1.653076101412913488e+02,2.089952766443694827e+02,1.739470043196737663e+02,1.859318160933706849e+02,1.896534485530910388e+02,1.773784385602670000e+02,2.046958452024842074e+02,2.360880959116106510e+02,2.038448690767783660e+02,1.910978693320969910e+02,2.229134874512129727e+02,2.149108629339615675e+02,2.276903001058147140e+02,2.128934772525448977e+02,2.381887454398351451e+02,2.659008337713748915e+02,4.355788239013226644e+02,1.403415534565200460e+03,-1.588518248028306212e+00,1.011630212713929836e+03,4.589367819978896819e+02,3.664518562435425793e+02,2.596678639178306298e+02,3.142692017192404705e+02,3.766760363489580072e+02,3.684933123619935600e+02,2.278010686991637215e+02,1.742513953156917808e+02,1.633965559309324931e+02,2.037022525893328861e+02,1.615033166715188031e+02,1.769470719558684095e+02,2.099940593779327003e+02,2.174565987879959437e+02,2.301854396731585837e+02,1.725658410091259327e+02,2.196603304361360927e+02,1.991728550889228870e+02,1.640893334801870935e+02,1.496793257742706658e+02,2.070946426178003605e+02,2.375766159160687323e+02,1.580522674121957323e+02,2.521415387791181786e+02,-3.786988985570993727e+00,2.661441660634828850e+02,3.896841409842012922e+02,-7.804519124910504146e+00,1.919978267504953635e+02,-5.935503272726467827e+00,2.195927414194854543e-01,6.838611663582750744e+00,1.769494817843540204e+02,2.177810962359472455e+02,2.143668787114609131e+02,2.176121216014197728e+02,1.855661564627266387e+02,2.092160664995485320e+02,2.120530239144860900e+02,1.738043842095273988e+02,2.358071331880310595e+02,2.247130327771927796e+02,2.306929149585733683e+02,2.492988470747952476e+02,2.159023331414994686e+02,2.899307445299394317e+02,2.172857404308987270e+02,2.318893369207499120e+02,2.109016243338194556e+02,1.947754561224019483e+02,1.933654284146955717e+02,2.267904613105653766e+02,2.093681586772823664e+02,2.475799572232172352e+02,4.306745206702331643e+02,-1.391233523193112775e-01,4.985460519860995809e-02,4.175430786288775948e+02,2.550576950888446390e+02,2.191372508616324808e+02,1.913422250383376593e+02,1.825388872094763997e+02,1.855879036536932745e+02,1.634614571668988674e+02,1.551990891858725945e+02,1.753369410960666528e+02,1.940332529452462609e+02,1.944527851548834292e+02,1.724050546029238262e+02,1.858169964939346528e+02,1.958747124219793818e+02,2.233477144483850338e+02,2.454835938750036917e+02,2.417488415347549733e+02,2.343014459861502701e+02,2.440066076284062149e+02,2.275534221812791316e+02,1.993533686664088691e+02,1.953970588808796833e+02,2.059163939730670165e+02,1.827437383816678107e+02,1.763935715217375204e-14
1.254290140672603760e-42,-4.865383381810129900e-42,1.657052678023653030e-41,-6.719007341215423189e-41,2.250606285990519566e-40,-1.044076779323656498e-39,3.064459978919971439e-39,-1.171455357634277394e-38,5.451554850289659828e-38,-1.574222798570738090e-37,6.766517941799788745e-37,-2.527328048777239739e-36,9.428252297113396920e-36,-3.602615960051428485e-35,1.448914320135894089e-34,-4.390616305527584744e-34,1.829338762613929570e-33,-6.863999408596959762e-33,2.882249887324148034e-32,-9.640098633539023830e-32,-1.537401928962976794e-22,-1.755959029124725522e-22,5.299834846494275992e-23,5.789461866400389976e-22,5.888703160099304235e-22,-1.953018666073805983e-21,-3.337398493290112618e-20,-3.163801953840725742e-20,1.679867088439340282e-18,1.088617173017810620e-18,1.916049954361555101e-17,-8.585979474301271023e-16,2.314137755578193412e-15,6.283407391776708891e-14,6.546704328040377301e-13,-2.485350880390905393e-13,-3.678901144209865224e-12,-3.517503827997681066e-11,-4.064496574997912682e-11,1.411502889835404693e-09,-7.672378683593935404e-09,-1.185825907844187287e-07,-7.189745605773154053e-08,-1.331556970527063142e-06,5.381699941808348284e-06,5.934208713022224901e-05,1.290038052428599084e-03,1.428383213727216043e-02,1.300754783229115912e-02,-7.026132816056480657e-01,3.292826820545542432e+00,2.907723188990393393e+00,3.821255492515622336e+02,4.290070633409411016e+02,3.482229747107901972e+02,3.226895534409033530e+02,3.265998390787646031e+02,2.729087248720534831e+02,3.228546495881716965e+02,3.362550934509877152e+02,3.244225800457463720e+02,2.889059766408304881e+02,3.091119060138921668e+02,4.272998494357759114e+02,3.814702403975103380e+02,2.976755126827636104e+02,3.028564134460507944e+02,3.359193563679650083e+02,2.959082890305875253e+02,2.984017788424550304e+02,2.498119713696731026e+02,2.735296564741748284e+02,3.193129964095551259e+02,3.327786793013740976e+02,2.844029160491743369e+02,3.432185565655491359e+02,3.771135056090001285e+02,3.176185876444152427e+02,3.696846444501831002e+02,3.293075659589197812e+02,3.751350169792342513e+02,2.585039124795392240e+02,2.787299330561569377e+02,2.476051337328699731e+02,2.318320690436040934e+02,1.945403065376259804e+02,1.893031455915071888e+02,2.103162647852187490e+02,1.574274959842809949e+02,1.643624187389955296e+02,1.435684472525420006e+02,1.819851100821745717e+02,1.592443323064183858e+02,1.680328205670500097e+02,1.742163050300129044e+02,2.151569276028533864e+02,1.838018509172778749e+02,1.616371657031425286e+02,2.012465132177502483e+02,1.854948654463551350e+02,1.734547072232666949e+02,1.904444970599604119e+02,1.583738373103871311e+02,1.759179969597058175e+02,1.859003554223230310e+02,1.751397774155015270e+02,1.912807025818899547e+02,1.936665790248792973e+02,1.815457845597872222e+02,1.835844972036304341e+02,1.568759421852771823e+02,1.702902867501519495e+02,1.695134487999139878e+02,1.537336768193339083e+02,1.742225809015315008e+02,1.764688315209047573e+02,1.673468568665697660e+02,1.812972123434902585e+02,1.514570631318368612e+02,1.466204133160578635e+02,1.887354062976430384e+02,1.954273341486473043e+02,1.565249075827624381e+02,1.880738398643054268e+02,2.076138252059851368e+02,1.785920464608433917e+02,1.631010196693939349e+02,1.663212412783124989e+02,1.857093027115618895e+02,1.930241147475935009e+02,2.120409307319325478e+02,1.969092605335521853e+02,2.011032063233929250e+02,2.053945228306328943e+02,1.813493204897681323e+02,1.878424300419279973e+02,2.202098309475421161e+02,2.222346887087061589e+02,2.322797314961719053e+02,2.236975540632018635e+02,2.190146755048255329e+02,2.173168360316676058e+02,1.965288631724838808e+02,2.141512957369246806e+02,2.843130836242333430e+02,3.238770972438291551e+01,9.111936655003252383e+01,-1.038696168435004008e+00,7.021196655494755134e+01,8.330300687929515107e+02,4.744142878480885201e+02,2.666584913050176624e+02,3.033028056414659659e+02,3.294170615530999839e+02,2.998282227373217097e+02,2.496172871111779727e+02,1.549803323631842034e+02,1.624320254003064861e+02,1.802478540814959729e+02,2.050647034665317392e+02,1.763244348922730467e+02,1.469484838760881473e+02,2.164070871007677681e+02,1.807166079929926070e+02,1.616145183672379346e+02,1.693176054788895044e+02,2.089913095875111821e+02,1.743039377743511977e+02,1.669025392423421295e+02,1.542103740891560335e+02,2.493233965406118955e+02,1.655732860272212861e+02,1.761492638110182973e+00,-2.476646717254446184e+00,1.770904818225611876e+01,2.689099701335975823e+01,-5.103523768386337700e+00,1.253463492088623532e+01,-3.969115446009525261e+00,4.521628719164451082e-01,2.454623812645711496e+02,2.420299052670691253e+02,1.722295753270353771e+02,2.472775839931120458e+02,1.845862600728049188e+02,1.792410055702792988e+02,2.018742374403603890e+02,2.309926898244830511e+02,2.052983279838352644e+02,1.885282821009681129e+02,2.370846972133989539e+02,2.191536497572407711e+02,2.479636732966255579e+02,2.842942320912073342e+02,2.286491876844909257e+02,2.286317348893206827e+02,1.930898269680283761e+02,1.474994316718204175e+02,1.646467933133174597e+02,2.513279756968356082e+02,2.490612475706913642e+02,2.178498111063944975e+02,2.360715858236932547e+02,3.245213440406478753e+02,-1.764986801029056807e+00,2.911487281548040262e-01,3.372379851210062185e+01,1.449654482198462269e+01,2.992801965582148682e+02,2.349817287301293334e+02,1.931456170172407951e+02,1.986412687532340726e+02,1.837377906023963021e+02,1.794543044756645145e+02,1.821444473861460267e+02,1.886787716301665228e+02,1.981581801711027992e+02,1.986451252060726915e+02,1.974345216889995527e+02,2.062051699593776846e+02,2.381985161844579579e+02,2.575532751144388044e+02,2.411932102328574103e+02,2.053940432627600217e+02,2.075859141091773949e+02,2.519325597808404495e+02,2.666330722923854069e+02,1.971128942281056879e+02,1.741836309221801571e+02,1.588129744885081607e+02,1.224897071864868343e-14
2.739206304981937813e-44,-1.699051094854148620e-43,8.456075629686648406e-43,-2.612068750426060326e-42,7.593205440893789420e-42,-4.783855740999507730e-41,1.252876418797405492e-40,-6.057732830275071558e-40,1.774414908611111782e-39,-7.489162442507626275e-39,3.189583273730815935e-38,-1.122192747111772817e-37,3.492985054389614236e-37,-1.557542499641586203e-36,6.261437789206099054e-36,-2.207173796444195423e-35,7.734704655228901761e-35,-3.183494991064225091e-34,1.119878915940116767e-33,-4.708849903935577888e-33,1.136923080328089776e-22,1.298548083654393314e-22,-3.919276955642961242e-23,-4.281361221344517439e-22,-4.354750420323479587e-22,1.444275322051528771e-21,2.468037411858415351e-20,2.339660754160680115e-20,-1.242277382654333154e-18,-8.050426005287351148e-19,-1.416936811211875869e-17,6.349411964603760892e-16,-1.711326470251411141e-15,-4.646638421317869525e-14,-4.841348962453736624e-13,1.837940175187872884e-13,2.720581738345057386e-12,2.601226915823799401e-11,3.005733158994183437e-11,-1.043819563143569972e-09,5.673795656665208222e-09,8.769293282884538432e-08,5.316883990358371510e-08,9.846988095110345554e-07,-3.979817344012139483e-06,-4.388402737900997020e-05,-9.539951820101698647e-04,-1.056302720214328389e-02,-9.619203044755273921e-03,5.195890804975724642e-01,-2.435076171653247190e+00,-2.150288441255176597e+00,6.297214768115569683e+01,7.586794490179934769e+01,3.788579864129956718e+02,3.044861201272550488e+02,3.391211822462987016e+02,3.119253785866358157e+02,3.140665290755100045e+02,2.981958303820273386e+02,3.259996555563845959e+02,2.576261948579746104e+02,3.153560629249557792e+02,3.522344212045566110e+02,3.077972432458853405e+02,3.290947890897305115e+02,3.207694009253816034e+02,3.052246384363161269e+02,2.330140535417640137e+02,2.439161863379954696e+02,3.130803769924579001e+02,2.600811339164191622e+02,2.844584525553160006e+02,2.780948164025098208e+02,2.762370692932632892e+02,3.979231289479643010e+02,4.090629030249453990e+02,4.264440643600575527e+02,3.140498645560627438e+02,3.707191076748599698e+02,3.729535625855771741e+02,3.681297585416616016e+02,3.087943160478370714e+02,3.042257658667952001e+02,2.636653592288560048e+02,2.342363541254138397e+02,1.991763326832924292e+02,1.763413019919533440e+02,1.679668440653250627e+02,2.030011951998170900e+02,2.005372284178095299e+02,1.501342825677692474e+02,1.807771845913060247e+02,1.705908606644014753e+02,1.892120108335666941e+02,1.957467364540044343e+02,2.091872262877991204e+02,1.875633719494794605e+02,1.618279686220845690e+02,1.537765456898709431e+02,1.579794555879784923e+02,1.855797403259089151e+02,2.063709525064411991e+02,1.833419636765650580e+02,1.606644935152536959e+02,1.560416770543693019e+02,1.845863666314725151e+02,1.854726250849136875e+02,1.589678663276762336e+02,1.454378252423358617e+02,1.642899174592111251e+02,1.794235601757166876e+02,1.738334065683537517e+02,1.727721245366890344e+02,1.734318396806672240e+02,1.886417707398561561e+02,1.918159603596309069e+02,1.844074434517873726e+02,1.672249423449140124e+02,2.063654309909662459e+02,2.384005436356688392e+02,1.924297542574922772e+02,1.649022775053449834e+02,1.897460291669375181e+02,1.759980525654742394e+02,1.529841155034690132e+02,1.540361372896975922e+02,1.510598750367040566e+02,1.804908969095845634e+02,2.160965087638353452e+02,1.896710737550435510e+02,1.953303736236319992e+02,1.985164332827721125e+02,1.810405539643511190e+02,1.506610550358467151e+02,1.667069739070047092e+02,2.316732081026772221e+02,2.517251351146547336e+02,2.837682105414009470e+02,2.770584940490313670e+02,2.279396289635068058e+02,2.453628687922969789e+02,2.221925386782648388e+02,2.361724116008710439e+02,3.097159329183218688e+02,-7.394260578897551284e+01,-6.668948818041972970e+01,7.681255125625824354e-01,-5.141942025156459550e+01,1.659995052360457350e+02,5.142643039790705188e+02,1.152425908021546164e+01,3.617165365878051375e+02,3.403111542987593339e+02,2.157931540391897727e+02,2.371950787738109341e+02,1.753030372486703925e+02,1.684353863980259121e+02,1.616415204255310130e+02,1.409306188812340395e+02,1.693305493448635559e+02,1.945297746379691262e+02,1.671661002609154991e+02,1.617190462167473584e+02,1.657362692086906861e+02,1.633279028477089696e+02,1.980945161654116475e+02,1.982473213691972092e+02,1.888887854302273865e+02,2.403764740670029312e+02,2.328086522880216478e+02,1.910715929489201415e+02,2.423930876035437620e+02,1.834544056692793079e+00,-1.295928436265464256e+01,-1.968807625094708058e+01,3.776456215169680330e+00,-9.184245593047371869e+00,3.572108773159312634e+00,-2.567126382040760824e+00,3.651104885551960137e+02,1.890084806310533736e+02,2.205327067048328900e+02,1.927925234067719487e+02,2.450215217262011436e+02,1.933520804258753287e+02,2.095782234821144527e+02,2.492175449677027927e+02,2.315762367142233131e+02,2.111191228889327078e+02,2.140130557302542513e+02,1.826194726505135577e+02,2.549178415745577126e+02,2.382007337103657392e+02,2.369618550401696098e+02,2.106013545351230505e+02,2.261382149398908723e+02,2.044275157100671549e+02,1.859761207298382715e+02,2.090645520919270268e+02,2.005397098887503375e+02,1.638143082047858172e+02,1.946208776826423730e+02,2.445825255746185292e+02,1.341781988066204079e+01,-2.086082947204729532e+00,-2.692187795349162371e+01,-2.641693972649334032e+00,2.740869058891976806e+02,2.042816916134127894e+02,2.212337081855713166e+02,1.804236697697832597e+02,2.109028878967767753e+02,1.849186575121842964e+02,1.697787846433543848e+02,1.795490035996898541e+02,1.688921629301041492e+02,2.197595240672182513e+02,2.651639228034646862e+02,2.037449076760366609e+02,2.048736092540202947e+02,1.913406049161328895e+02,1.725832827751039531e+02,2.031242454044208046e+02,2.132248369624186637e+02,2.388375886471043543e+02,2.128387364265538508e+02,2.364083096968222435e+02,2.398850881583703654e+02,1.848867642426735642e+02,2.041954488956413659e-14
7.874227839010981286e-44,-3.076854173473630530e-43,1.168814972571240114e-42,-4.384390054509495170e-42,1.503470910742951519e-41,-6.126995713079104941e-41,2.037679706127157127e-40,-8.337992520514469279e-40,3.250528196672967055e-39,-1.147380759494561259e-38,4.751198347948301818e-38,-1.517581614448530211e-37,5.393168531451709789e-37,-2.122324002248795862e-36,8.728744163269777358e-36,-2.986567171728281834e-35,1.226299455361830443e-34,-4.220978957204782963e-34,1.619928417031621470e-33,-5.919189959058057332e-33,-4.969941539205062055e-23,-5.676468521606993299e-23,1.713271386513854443e-23,1.871552719196400540e-22,1.903634118563217819e-22,-6.313500264424057424e-22,-1.078876995367437865e-20,-1.022758509970608625e-20,5.430486977978559663e-19,3.519160340379031025e-19,6.193992593206197154e-18,-2.775579706511773516e-16,7.480886495933298184e-16,2.031229879940663792e-14,2.116345577306639066e-13,-8.034365198308763029e-14,-1.189274141160341869e-12,-1.137099416210277577e-11,-1.313925132548925566e-11,4.562949155403065266e-10,-2.480241031464351992e-09,-3.833405771618865040e-08,-2.324220791581599345e-08,-4.304508901593835880e-07,1.739735949566522219e-06,1.918344824487954725e-05,4.170291172664086820e-04,4.617517984198384919e-03,4.204935025047078050e-03,-2.271329873224114670e-01,1.064468338510063061e+00,9.399763305253130419e-01,-2.590533248227648855e+01,-3.131910174041085781e+01,3.277861546175461172e+02,3.267587601397700610e+02,3.170490562965589447e+02,3.224520190111155671e+02,2.980384129066684409e+02,2.809051486436775349e+02,2.995205495805187752e+02,2.578610565708042941e+02,3.168585650465300319e+02,3.002851410433619321e+02,3.271586637492976024e+02,3.840118691563254174e+02,3.195238045319999287e+02,2.820723339065969526e+02,2.839291463449883963e+02,2.950234998903278552e+02,3.022118168762082178e+02,3.098171529541372138e+02,3.022046237450062449e+02,3.315435966138385311e+02,3.360276016890454116e+02,3.510071180626352429e+02,3.406476549415875184e+02,4.127183944360189685e+02,3.077941630102673116e+02,3.867027287813856447e+02,3.237761259003685836e+02,3.049543854165667085e+02,2.855629181618675148e+02,3.029828031744032728e+02,2.550101089128627905e+02,2.273900206336089980e+02,2.148919461141159104e+02,1.758015319462991215e+02,1.879154519908155123e+02,2.143946878813619321e+02,2.166953568611656067e+02,1.874073126206018287e+02,1.901485030981640421e+02,1.857438892198014173e+02,1.836077897678686952e+02,1.820752118043209862e+02,1.903749254666436173e+02,1.652811375724641039e+02,1.657701215517722062e+02,1.827627109647685870e+02,1.793364915934275245e+02,1.710394181139611760e+02,2.101106026336222783e+02,2.110093619639067413e+02,1.575710799459525333e+02,1.493392255375936486e+02,1.750464181691104670e+02,1.609435052198788014e+02,1.620305128155229681e+02,1.737413105717065207e+02,1.961753732682643658e+02,1.665046079656408153e+02,1.475916446273444649e+02,1.897196459017551717e+02,2.050454219078681604e+02,1.925676181628550978e+02,1.971355738890001987e+02,1.698756222936540041e+02,1.738793057154593100e+02,1.826551763375673829e+02,1.840379094519400667e+02,1.699994441870619823e+02,1.749586770025180726e+02,2.097985907395816980e+02,1.924797776909018694e+02,1.779699296851955808e+02,1.793610082597035671e+02,1.872207374899884655e+02,2.170123630351285158e+02,2.250796463756375942e+02,1.872895461347528396e+02,1.694058460213524313e+02,1.543269864375246527e+02,1.957457203192531665e+02,1.912760296865597525e+02,2.190066379807044257e+02,2.434202902446856456e+02,2.083319676350988914e+02,2.262558525864006072e+02,2.432750220670682779e+02,2.500265130379040954e+02,2.184923763689855036e+02,1.962787216450744552e+02,3.150888060012774758e+02,3.895842750407867356e+02,3.897603065907413793e+02,2.919246272099573503e+01,-3.357781155004471163e-01,2.247746722623825022e+01,-6.889436142106187333e+01,1.457534047473796761e+02,2.374286225075038033e+02,2.994034705284116740e+02,2.883722232309897322e+02,2.080139664811740658e+02,2.106899178933945507e+02,2.147002980969909345e+02,1.593630595699654009e+02,1.520063345246670963e+02,1.184690315991404219e+02,1.569647525858078723e+02,1.932230310240774713e+02,2.000878516203680704e+02,1.837133293946024253e+02,1.580286984691025509e+02,1.553349102965263171e+02,2.079610394602212011e+02,1.709502152179655354e+02,1.935869697746034319e+02,2.932654415228737435e+02,2.062621540307585803e+02,1.845298206532752374e+02,2.447708121229114795e+02,-8.154222856426919241e-01,5.648420392636963605e+00,8.587903181657072338e+00,-1.661261478078993381e+00,4.063093395619355341e+00,-4.383043441222372216e+00,1.101332823466712618e+01,7.552492939099369096e+01,2.138368938607836185e+02,2.063571044084876860e+02,2.085364167797484356e+02,2.085684323852131286e+02,2.466176437760900342e+02,1.893951746518143864e+02,2.338916911718085316e+02,2.344927322927265436e+02,2.098100924337715583e+02,2.522228820130310112e+02,2.600087094719929155e+02,2.268224222128982035e+02,2.401574107569702221e+02,2.182738055816191434e+02,2.471650177512666460e+02,2.162720089638125103e+02,2.274934629479932937e+02,2.430956929615250317e+02,1.922666011753836699e+02,2.191932308140004011e+02,1.859926475079801946e+02,2.179333146282073130e+02,4.151155974106686131e+02,-5.952460230157410592e+01,9.199499005257180784e+00,2.145549065542713407e+01,-3.406406290164473916e+01,2.604196663431123397e+02,2.048168641470781211e+02,1.968309512354772153e+02,1.696112921095095771e+02,1.873850313660849451e+02,1.934482485479550178e+02,1.762979714175335175e+02,1.899141326260522931e+02,2.105542990643891983e+02,2.286190155383867193e+02,2.350326152714045804e+02,1.813197390418551151e+02,2.178868355877172007e+02,2.427528489759647243e+02,2.141193272401711170e+02,2.112183645572793864e+02,2.252873257581544522e+02,2.558535153701983518e+02,2.128370567239551576e+02,2.164587161726290390e+02,1.934837293827744702e+02,1.773429943330452829e+02,1.446053263629977637e-14
5.604715001312119609e-44,-2.940046595600594967e-43,1.024858354961069782e-42,-3.869888489643161178e-42,1.464947609015272546e-41,-5.832094513349657099e-41,1.873124811692452524e-40,-7.503888759817150155e-40,2.839354291238315613e-39,-1.146511620619777831e-38,4.059320960387590040e-38,-1.422063089483361586e-37,4.903039662762184368e-37,-2.028945500373705289e-36,8.444650660947884160e-36,-2.601618344728212570e-35,1.102432328524098833e-34,-3.926693750707668095e-34,1.488646131850392276e-33,-5.240676001069357008e-33,1.732520077494955239e-23,1.978815149773020611e-23,-5.972458320499329552e-24,-6.524227097503271508e-23,-6.636062089034899846e-23,2.200884009877907519e-22,3.760961924887784422e-21,3.565332694365089547e-21,-1.893066060469778656e-19,-1.226778240810557023e-19,-2.159223876221418736e-18,9.675662218053867004e-17,-2.607834703595721543e-16,-7.080861044384301417e-15,-7.377574099567536890e-14,2.800777208029071334e-14,4.145805957392424748e-13,3.963925027935206792e-12,4.580338925822446573e-12,-1.590642656341976868e-10,8.646112521263384480e-10,1.336324059647618334e-08,8.102226450346814244e-09,1.500550464224861217e-07,-6.064714108928960589e-07,-6.687344091384632019e-06,-1.453762205670477113e-04,-1.609665333066977785e-03,-1.465839041835530730e-03,7.917848873354754735e-02,-3.710733317142477783e-01,-3.276754564525562463e-01,9.030590845772684006e+00,1.091782912526905136e+01,3.932016018340216306e+02,3.877038021163771759e+02,3.799310249604321257e+02,3.093865900677208174e+02,2.907183360885436514e+02,2.507943458599251016e+02,3.062027698087422891e+02,3.075330275320262672e+02,2.589502761256670169e+02,2.998475172658432939e+02,3.735705054595388219e+02,3.892258189088060476e+02,3.174156603305026465e+02,3.475863747022074790e+02,3.182117067797993855e+02,3.216819066401142777e+02,2.834304988148844586e+02,3.185713891645926310e+02,3.208478869184719429e+02,3.093812339836824208e+02,3.075691463612577081e+02,3.620012654972879886e+02,3.578057550245312086e+02,3.693394218554890358e+02,3.696622434568480458e+02,3.418077540094723759e+02,3.727861062692079486e+02,2.762190490789125761e+02,3.506102105963850590e+02,2.606128685071691962e+02,2.238153233608276196e+02,1.932161433839781353e+02,2.196361238654889974e+02,2.055125931755140982e+02,1.830887999247497646e+02,1.979679085246004320e+02,2.115751912487829429e+02,2.259225980959880076e+02,1.946604193832189367e+02,1.929769298527841670e+02,1.857219517414351628e+02,1.625644358856198721e+02,1.480016486824209778e+02,1.637744656136095784e+02,1.652274068545536068e+02,1.775107655277794549e+02,1.805431315234332033e+02,1.897614166392556569e+02,1.822709278916228470e+02,1.854216895257137310e+02,1.526321462799396045e+02,1.746976920777081261e+02,1.940748191799991957e+02,1.652816234797257096e+02,1.575330543461872992e+02,1.956463930532847826e+02,2.055944131794953762e+02,1.573559291615137283e+02,1.507578451495221259e+02,1.725317801378979254e+02,1.938316058579055436e+02,1.918631334665275574e+02,1.782162034696063131e+02,1.729983103674580605e+02,1.865225943758986205e+02,1.787736438074261685e+02,1.846959827034593218e+02,1.943936472656397143e+02,1.955865308115190544e+02,2.025740592794367387e+02,1.804521751392518922e+02,1.811784007659834970e+02,1.718267564785485604e+02,1.814710106632223869e+02,2.108164203273998112e+02,2.186785763641964024e+02,2.237223079839533852e+02,1.802952448394669887e+02,1.855504430095748774e+02,2.160585393432261867e+02,2.058479670516975091e+02,2.143404272157349624e+02,2.291894469832888035e+02,2.017879700234096276e+02,2.231047176423925578e+02,2.160227734573780367e+02,2.659679828581409993e+02,2.139267460517415316e+02,2.252416103888972714e+02,1.047567579415617303e+02,1.725744736880610049e+02,2.754799955284349835e+02,-1.031936796547745061e+01,1.170521464661703898e-01,-7.835638082825416184e+00,2.402338470261103609e+01,-4.404247356572956562e+01,4.304616797486427799e+02,2.870778628051173769e+02,2.628312863059252891e+02,2.032689632204042880e+02,2.282643936203185149e+02,2.272040367495795010e+02,1.574896027338047588e+02,1.379611174471279185e+02,1.722361002066179765e+02,1.670471648990803430e+02,2.011567940126688541e+02,2.016118957542619796e+02,1.883799591368344295e+02,1.781623146662982435e+02,1.844498209854118329e+02,3.060842126633082216e+02,1.900966138517942738e+02,2.150970860263902011e+02,2.306068938570779210e+02,2.239660235166972484e+02,1.662372113652373855e+02,3.797710753555035126e+02,3.325626886113942082e-01,-1.909519617289713533e+00,-2.927269126298421842e+00,6.164927917909499566e-01,-1.589588277138754613e+00,1.164638084941362806e+01,-3.931038203374069440e+01,1.077503116311499269e+02,2.616655136119600229e+02,2.060599611625967498e+02,2.448817928577476266e+02,1.607285198361918503e+02,2.294182182526373595e+02,2.001049061543051835e+02,2.139625827730913556e+02,1.731892533441273088e+02,2.075574652921862651e+02,2.515447806845777734e+02,2.183490220052767370e+02,2.237827660390819915e+02,2.951718196645676358e+02,2.427345783950243003e+02,2.169848498276244015e+02,1.809687630071652791e+02,2.342540042507266094e+02,2.344517443721641428e+02,2.013017539163066658e+02,2.099613110927088542e+02,1.791214797061856245e+02,2.500741244119966495e+02,4.442099084753812122e+02,2.822036518795896995e+02,-3.292751791164695874e+01,-4.221799045928711536e+01,1.860477235557245876e+02,2.462519271265937846e+02,2.025932767140893702e+02,2.134334035281357274e+02,1.691408376123028745e+02,1.612317878081782112e+02,2.054353399939984115e+02,1.887443038746596073e+02,2.046667266576338591e+02,2.380656247719056751e+02,2.169730076352325057e+02,2.227391414478382785e+02,2.265096828865204088e+02,2.548899821154738277e+02,2.685490376914412423e+02,2.456052087332843428e+02,2.261930624892975743e+02,2.130221043871020754e+02,2.199353223672466413e+02,2.009763543245469180e+02,1.740207145277460086e+02,1.541315965368572165e+02,1.583023759714886012e+02,1.109602290831124076e-14
1.980144911505197847e-44,-1.543230867637735890e-43,4.671701407578343627e-43,-2.148059350976094825e-42,8.240674386453342664e-42,-3.453648691608398997e-41,8.605023653837313707e-41,-4.328217786699881320e-40,1.715458746785824502e-39,-4.921260902410664775e-39,2.372221773937850153e-38,-7.512469798856802221e-38,2.680751609539239252e-37,-1.030695901924794481e-36,5.084569411293072222e-36,-1.506257776884050798e-35,6.307681864510295260e-35,-2.026616530103796200e-34,8.978920109795695790e-34,-2.775768543744021539e-33,-5.115851865912945202e-24,-5.843121520563571152e-24,1.763570678691156976e-24,1.926498774925536336e-23,1.959522288451278885e-23,-6.498856312841327937e-23,-1.110551250660826772e-21,-1.052785325823920325e-21,5.589918293336920280e-20,3.622477692742175325e-20,6.375839335101580390e-19,-2.857066736597026243e-17,7.700514567935067178e-17,2.090863866987001301e-15,2.178478439094354840e-14,-8.270242606179566735e-15,-1.224189518979570016e-13,-1.170483019345981210e-12,-1.352500084111312038e-12,4.696910778535453049e-11,-2.553057340192158204e-10,-3.945949050559782603e-09,-2.392456570489168196e-09,-4.430883090735237563e-08,1.790812094363580269e-07,1.974664668910237349e-06,4.292724922348543367e-05,4.753081669713450316e-04,4.328385868401462525e-04,-2.338012850895041655e-02,1.095719597644661952e-01,9.675726833926033554e-02,-2.666587577800680453e+00,-3.223858551361682867e+00,2.481370496269879879e+02,4.442768396852101773e+02,4.334010295396865899e+02,3.477104803864644396e+02,2.723268623270329272e+02,2.633886653057637091e+02,3.011220843606531616e+02,3.514273722394588617e+02,2.345070787910295849e+02,3.032275796869118381e+02,3.227905797698606420e+02,3.644762327335630516e+02,3.674406528681962527e+02,3.605688191125772732e+02,3.581157672676143875e+02,3.088812180392877167e+02,3.022237491527434941e+02,3.051927630557576663e+02,3.116125598340734086e+02,2.682233209714490272e+02,2.796738738538550137e+02,3.890762633961655297e+02,3.569960016719043097e+02,3.606084635209558655e+02,4.062110434635666252e+02,3.440898811245652382e+02,3.875240040646833677e+02,3.325633230350349550e+02,3.575877499013122360e+02,2.528897216965875998e+02,2.381581451635352096e+02,2.060653215413290411e+02,2.045413396958716987e+02,2.322241048004564732e+02,2.155269590274912161e+02,1.978746952602318174e+02,2.053971584281105720e+02,1.981761719721235693e+02,1.916680009571599612e+02,1.883865380056650451e+02,1.711233693321173064e+02,1.749115862332971574e+02,1.535875302446650892e+02,1.681023404407812336e+02,1.504592541493086060e+02,1.658330215689926206e+02,1.655184643789009442e+02,1.881488274462963943e+02,1.746432540743410016e+02,1.542318567422073272e+02,1.704129961984028796e+02,1.956594156754760547e+02,1.879088648140013333e+02,1.792030354513341877e+02,1.672691941441099459e+02,1.833672336652027184e+02,1.802580995759019231e+02,1.566274633059420012e+02,1.566909695623676271e+02,1.524873344712744654e+02,1.747103293623270588e+02,2.035799593671514742e+02,1.913711100175187312e+02,2.147042213546655773e+02,2.012298678436387434e+02,1.900555444484838290e+02,1.996475592955873992e+02,2.008826833983330857e+02,1.877877968845870953e+02,1.789279852934930659e+02,1.642339378714018494e+02,1.626058499350322677e+02,1.778302328011960185e+02,2.043631055446846858e+02,2.006730874208682849e+02,1.970108034640638266e+02,2.131767185698053879e+02,1.931946468130992116e+02,2.108631597012305292e+02,2.089378511325576255e+02,1.948262360924034056e+02,1.849308709033407467e+02,1.921141309608954373e+02,2.163762048440012791e+02,2.387877977187760052e+02,2.157371381419327179e+02,2.336150124375176631e+02,2.172674825774494138e+02,2.285548951732301077e+02,7.159112555551205048e+01,-4.079302335421981951e+01,-6.511800810233823711e+01,3.481478657691842837e+00,-3.456360726882192619e-02,2.313737329952096466e+00,-7.114484291387991988e+00,1.310030173271228193e+01,2.195167400814840732e+02,3.649115679704210038e+02,2.966487053793982227e+02,1.952177183097724082e+02,2.307501602655105160e+02,1.760978623371579204e+02,1.682560957334411285e+02,1.603813544551251198e+02,2.014670211652330920e+02,1.838913474204048839e+02,2.212809650540734197e+02,1.779856753443503692e+02,1.926549135298223234e+02,2.264361107878292216e+02,1.903595361593494317e+02,2.705389712778786588e+02,1.942575901856876044e+02,1.929131599168635773e+02,1.691867874904579594e+02,2.236093226395372255e+02,1.474394600506656445e+02,3.138609245917483577e+02,-2.450417066703551860e-01,3.829293898426808229e-01,6.623180203092300378e-01,-2.956595063574179449e-01,9.958531098040900309e-01,-3.419675009595402315e+01,1.400877617335922025e+02,2.739707046912628812e+02,2.538761572996204450e+02,2.341271782148804448e+02,2.173758305814706944e+02,1.722940930766882559e+02,2.100927249071495737e+02,1.899342888004570398e+02,2.643843506557811907e+02,3.366834660304833733e+02,2.699793238957970516e+02,2.607395232596845744e+02,2.098674897704983948e+02,2.512834940675546136e+02,3.039851146007089255e+02,2.491763810568133977e+02,1.909967269175735396e+02,1.900149651308103955e+02,2.195895294121430368e+02,1.804338225721297135e+02,1.576206389365870280e+02,1.353200628226944673e+02,1.618579651721875621e+02,2.131379023506249268e+02,2.629832802911321323e+02,4.407184677657475049e+02,1.176019950122722690e+02,1.378208094870043396e+02,3.347031550409717511e+02,2.221404272239408613e+02,1.807733767109597807e+02,2.161146645204958077e+02,1.518402809029522302e+02,1.678184020380651873e+02,2.040320836864900116e+02,1.806391254983460328e+02,1.907160467505956660e+02,2.194211889656262997e+02,1.992686299428593486e+02,2.242858122639937335e+02,2.641742288214868495e+02,2.554013665904967070e+02,2.470961883456130295e+02,2.360770273517969713e+02,2.244783136383261422e+02,2.257086973629297120e+02,1.989139516046907659e+02,1.849673248419815081e+02,1.679210174371917219e+02,1.706488543359269840e+02,1.822484157641781621e+02,2.511698783726216112e-14
-5.163930228916159189e-44,1.905988819205353502e-43,-6.114939349552210274e-43,2.741977749637141407e-42,-8.944258536170010199e-42,3.421214710507574923e-41,-1.135256063416960286e-40,4.765868141282904893e-40,-1.769907617682826479e-39,6.545287739097403358e-39,-2.703106610605760917e-38,9.401689754837343534e-38,-3.675729450150756917e-37,1.249507459502842244e-36,-5.440951064338644639e-36,1.680267338513036267e-35,-6.853618183310359717e-35,2.558873796881414693e-34,-8.555312500093720133e-34,3.624210219923929693e-33,1.258181256151261633e-24,1.437044385915361358e-24,-4.337288031408129336e-25,-4.737987810746572850e-24,-4.819207613014620910e-24,1.598314978097488190e-23,2.731264843626198695e-22,2.589197881161484347e-22,-1.374772151260422947e-20,-8.909039902450183626e-21,-1.568059855272194602e-19,7.026606604492164160e-18,-1.893847488879842555e-17,-5.142224236575103574e-16,-5.357701576473106214e-15,2.033965135490867400e-15,3.010744560855282024e-14,2.878659988319860657e-13,3.326308719692160089e-13,-1.155147823574630174e-11,6.278932619949889902e-11,9.704579611942295892e-10,5.883954647462407543e-10,1.089721563923126150e-08,-4.404283561989986111e-08,-4.856446507673759899e-07,-1.055743250278015745e-05,-1.168962368096450273e-04,-1.064513624288783460e-04,5.750056970907986738e-03,-2.694788485950834478e-02,-2.379626806101717285e-02,6.558146369639471507e-01,7.928686247119093311e-01,-3.973156950805577026e+01,6.142177772910883959e+02,3.683560421501920814e+02,3.541484577459601155e+02,3.064624509874528826e+02,2.982894796875383463e+02,2.487833933323767610e+02,3.234829117210327922e+02,2.906781389715503678e+02,3.337477597460016341e+02,2.864805150405231302e+02,4.322302104040931567e+02,4.132680768741375914e+02,3.328426624689963091e+02,3.607077256181418079e+02,3.297698315895415249e+02,2.947352133754743591e+02,3.149205012914935082e+02,2.891111995730606736e+02,3.179538606441158777e+02,3.382600727934876659e+02,3.647438430084200718e+02,2.975856334395094223e+02,3.350825522539775534e+02,3.502784299782842368e+02,3.728124146960400935e+02,3.169416318703647448e+02,3.397432129465671551e+02,2.638382301650183308e+02,2.693724417752237059e+02,2.746330036505504495e+02,2.040352510906171801e+02,1.950549480703637073e+02,2.307046017678578096e+02,2.326833439238051540e+02,1.932106729888647862e+02,1.798796825533022457e+02,1.688816813968903432e+02,1.810569424282590774e+02,1.852739130590281320e+02,1.546355014393114402e+02,2.001499929225111316e+02,1.911100245634022770e+02,1.423883154598137821e+02,1.461330888846398466e+02,1.866961406698320047e+02,1.922777403420573989e+02,1.747094645301308731e+02,1.734130170752606546e+02,1.640256851482661489e+02,1.998313508158301772e+02,1.988953381587267870e+02,1.700202642105195707e+02,1.745200969896222603e+02,2.091535959283579871e+02,1.807817054931805956e+02,1.669067960841511251e+02,1.689874531844558874e+02,1.546913848882314255e+02,1.692229848357988828e+02,1.959942033290415964e+02,2.106829923837885303e+02,2.117379123274569110e+02,2.219872537510537711e+02,1.889110344347610919e+02,1.701510253486912347e+02,1.656734686851724518e+02,1.648011651108490980e+02,1.661383133548252147e+02,1.719048248754012604e+02,1.823166412820064863e+02,1.776674987342460383e+02,2.341621699716070566e+02,2.711888046282064124e+02,2.340466254097750038e+02,1.846483319817391191e+02,1.722879697971036990e+02,1.767767754807841243e+02,1.691858356291826340e+02,1.975462542854543813e+02,2.227299931782635838e+02,2.244174940221876966e+02,1.853535911814965971e+02,2.111828106206216376e+02,2.080251915557522580e+02,2.068261997867293474e+02,2.040336613262791730e+02,2.005365995430225041e+02,1.785810422801557706e+02,2.086901621672742522e+02,1.356329545759271582e+01,1.475019847595111600e+01,-1.941018334780478583e+00,8.500495747379540473e-03,-5.690354225368964292e-01,1.801587625879470300e+00,-3.459806206576223619e+00,-9.002339239031935847e+01,4.064352422848156721e+02,2.735259085360496556e+02,1.924047507909021419e+02,2.042695490351099181e+02,1.484745476986569201e+02,1.797581377073239821e+02,1.962408441410584032e+02,2.039458864587850826e+02,1.746526202590218304e+02,2.125579623273373784e+02,1.905791731467173236e+02,2.057054408427576391e+02,2.304468423212329071e+02,1.748879483686602896e+02,1.684032893093798293e+02,1.519594605668102361e+02,1.681654261565220736e+02,1.698983968015902803e+02,2.035785706676795996e+02,2.789350144868317329e+02,-5.409737277822718227e+01,4.270137095924710358e-01,3.576885564325490985e-01,3.417661868619544796e-01,3.564873338591314500e-01,-1.559829988741152196e+00,9.204597504341563763e+01,3.472210591692108892e+02,1.884373919354337943e+02,2.133645053206155353e+02,2.168867652721926618e+02,2.189591832743679163e+02,1.814674506085271162e+02,2.321012454227252988e+02,2.088106437459567246e+02,3.331232910182497449e+02,3.080687246164497424e+02,3.321538708810847425e+02,3.217857605954648648e+02,3.035507379894396536e+02,2.782075407729709582e+02,3.625471849344455677e+02,1.881731154625876457e+02,2.137782196718215175e+02,2.101163522506451784e+02,1.861126990363372329e+02,1.799769196950034882e+02,1.467052962963663845e+02,1.094892134877839140e+02,1.710222334155880048e+02,1.641428646626224293e+02,1.522022378007087298e+02,1.594238393548328929e+02,2.981265404521911933e+02,3.242563246012624063e+02,1.878282274749539624e+02,1.949807329781778549e+02,1.621557926222489243e+02,1.844071991254457998e+02,1.711275082486655208e+02,1.737818485204913657e+02,1.881932399091834043e+02,1.734162406778383172e+02,1.642850996426869017e+02,2.132030084550842162e+02,1.886328742482805296e+02,1.849086547762930195e+02,2.309394849804488388e+02,2.418023647387112192e+02,2.548962126040205476e+02,2.480850638442546767e+02,2.223916505314573726e+02,2.383150923726238943e+02,2.208725786778691997e+02,1.956956774547785471e+02,1.612615836527156716e+02,1.480250507299518574e+02,1.818791419428067115e+02,2.228044150983690314e-14
-3.770483300937465571e-44,1.192232235165089965e-43,-4.616057574609124020e-43,1.760840548659656992e-42,-6.514401055913977858e-42,2.535043064372599405e-41,-7.695245279871273948e-41,2.670317851081408954e-40,-1.202113546767129922e-39,4.880023755089041761e-39,-1.831818326056789778e-38,6.398384316523438828e-38,-2.126384725440063204e-37,9.349884057039382684e-37,-3.838737927321259805e-36,1.310376549320774949e-35,-4.636561406424649471e-35,1.881586205357759853e-34,-5.700977657696804965e-34,2.558678886508246306e-33,-2.217164141781647358e-25,-2.532355761277822655e-25,7.643143396977961527e-26,8.349276805356881461e-25,8.492375921435488425e-25,-2.816539485530293624e-24,-4.813031476684922272e-23,-4.562665632072085462e-23,2.422619803018710317e-21,1.569950433012515837e-21,2.763230743233865406e-20,-1.238226926720214699e-18,3.337333459351207199e-18,9.061615368708587374e-17,9.441328986855684947e-16,-3.584248486468253053e-16,-5.305526933322198375e-15,-5.072767790441728062e-14,-5.861613349206351572e-14,2.035598752888885088e-12,-1.106472015848659300e-11,-1.710138714999192480e-10,-1.036869091411425504e-10,-1.920304752509538945e-09,7.761218035476688718e-09,8.558018505697964044e-08,1.860428249046533758e-06,2.059942709668428966e-05,1.875883381303562411e-05,-1.013273674212935779e-03,4.748749871873574231e-03,4.193372707919601310e-03,-1.155674996198505083e-01,-1.397191208008131680e-01,7.001487745492108949e+00,6.077587349360337612e+02,4.226712664298377717e+02,2.664146775280100883e+02,3.474753293660047575e+02,2.774897045928526609e+02,2.647316157145817215e+02,2.804062911263110891e+02,3.116079654752404622e+02,3.519667171006568651e+02,3.076444593046458635e+02,5.243155845759615659e+02,3.731258988648568788e+02,3.575147301074807729e+02,2.542159131339863336e+02,3.331322342046132690e+02,2.844435129753094884e+02,2.984725334130174019e+02,2.658739038514816571e+02,3.072196426029156555e+02,3.300481040700544213e+02,3.776994059144823837e+02,3.563953648844253621e+02,3.233029080711360734e+02,3.173933326059704996e+02,3.443761986995663165e+02,3.174426617771510450e+02,3.285601415871416293e+02,2.795719510932963203e+02,2.716476138532297568e+02,2.624203343201068037e+02,1.787602867032391316e+02,2.078349820991394381e+02,2.070030395362972513e+02,1.745553801527567259e+02,1.701903209990493338e+02,1.681350844049743785e+02,1.829876700855086256e+02,1.807912923960350327e+02,1.803570531307647684e+02,1.768988108922665390e+02,1.800656027003384736e+02,1.867053483204966824e+02,1.640388818533607491e+02,1.440186614056528640e+02,1.679012517809707674e+02,2.223968833551233786e+02,2.119522323774408790e+02,1.770719011615340719e+02,1.610274747359763978e+02,1.824417465317127380e+02,1.939102746629418448e+02,1.853179250682139809e+02,1.839716783698158338e+02,2.265894219346752436e+02,1.803932878751014641e+02,1.809994069609275584e+02,1.889907113514493062e+02,1.819406735021282771e+02,1.851437583454333833e+02,1.947581866655487772e+02,2.065747567068961530e+02,1.953989843322535762e+02,1.902570531250637487e+02,1.884038820860494070e+02,1.884513251476558935e+02,1.915537560208700540e+02,1.748824061028859944e+02,1.872869620869855396e+02,1.694822752444059688e+02,1.761336937984552833e+02,1.993072849904297641e+02,2.438181807052616819e+02,2.454786348059072907e+02,2.201619441821775922e+02,1.872727919378315846e+02,1.957544816176045401e+02,1.904492232349802521e+02,1.937656274054199912e+02,1.940364255569201646e+02,2.287717494497965163e+02,2.328228234867565050e+02,2.146483625235613886e+02,2.270828539102642196e+02,2.067119086430715242e+02,2.282047666471108300e+02,2.196849382976579079e+02,2.063858149733711400e+02,2.052638538155334800e+02,-2.603860874976577477e+01,-8.507973998993938025e+00,-4.077479064760040628e-01,2.221701350441034784e+00,-1.497953270801971343e-03,1.002752753560458426e-01,-4.073473341393630820e-01,1.021985373277050968e+00,1.126791891261167251e+02,3.910680309060241484e+02,1.926058594924808460e+02,1.986839149965697118e+02,1.980533222268422548e+02,1.832685819131031906e+02,1.810600264163018380e+02,1.849191080596274617e+02,1.968665415649272177e+02,1.673395298649546703e+02,2.080090065199406126e+02,1.856184660778406794e+02,1.968933713620445189e+02,2.305553229704391356e+02,2.112521490196995444e+02,2.213589941826570566e+02,1.858352499907697108e+02,2.108282215079505306e+02,1.807179341754592770e+02,2.229526730441264988e+02,5.429781351280454373e+02,1.310021976809401245e+01,-7.107265195458718487e-01,-8.459946755855307643e-01,-9.346596563432204574e-01,-5.545243443577628772e-01,2.553266929252862916e+00,4.003230867565303015e+02,2.031419051692695916e+02,2.042565788950335559e+02,2.023927075822869881e+02,2.141398950799423346e+02,2.747822128730797999e+02,2.080934450973710739e+02,2.327441247859454734e+02,3.048691278772436135e+02,2.866263907197995877e+02,3.231263335757013522e+01,4.408198586139763506e+02,3.679931155212797194e+02,3.046780869791538748e+02,3.792306214281775283e+02,3.118889154269821802e+02,1.905493554435901729e+02,1.704820108272084269e+02,1.821385972713958097e+02,1.939309795233899933e+02,1.936601112218611433e+02,2.076593373976888017e+02,1.612454689247009298e+02,1.616731244510546617e+02,1.793174597174540850e+02,1.823959990701059439e+02,1.784669473383654292e+02,1.717154351926267282e+02,1.451723152614616481e+02,1.770534364421652640e+02,1.542464391003299795e+02,1.512368604287024993e+02,1.952449478913546272e+02,2.097442860354142340e+02,1.606721010862060268e+02,1.632745179542917526e+02,1.897312829340232838e+02,1.833420038086379691e+02,2.056159144172577840e+02,1.838706302982993748e+02,1.927655298149920782e+02,2.191978472659662032e+02,2.483315510578300689e+02,2.329623774526761508e+02,2.227874868811890963e+02,2.260961420113772533e+02,1.995329777994502081e+02,1.891131239871464516e+02,1.702917241109247470e+02,1.491168776336017459e+02,1.405110964174313040e+02,1.381543117247291264e+02,1.634649918575706924e-14
7.204426827521286509e-45,-3.917080032909886576e-44,1.417716329350876988e-43,-3.835819895857957165e-43,2.098810751427803050e-42,-5.713531534632716171e-42,2.609145993925196854e-41,-1.100420621404072272e-40,3.534510118618281717e-40,-1.042604793107617870e-39,3.598858857193414222e-39,-2.053895821002885067e-38,5.963886177437579366e-38,-2.540160033814069337e-37,9.005891700871930235e-37,-3.795028530279834873e-36,1.330386463984964617e-35,-4.716348087553996312e-35,2.093923752621236900e-34,-5.346184568933956606e-34,2.609175457402138871e-33,-9.035414884891658077e-33,2.972877248053098857e-32,-1.331834273437461440e-31,4.906789851171645454e-31,-2.039073692706285896e-30,6.482324426869197571e-30,-2.157294502200551346e-29,1.034752828508418493e-28,-3.497296966708721340e-28,1.418505763060978946e-27,-5.949071070075845329e-27,1.397167977418929153e-26,-8.113864371188112357e-26,2.669620185906586162e-25,-7.976859461136113477e-25,4.225943341353753055e-24,-1.193141158554409237e-23,4.680849634164967955e-23,-2.230726421942344660e-22,6.246191222087471243e-22,-2.854431841550580372e-21,9.231333842343530794e-21,-3.915281750316556346e-20,9.084336639277549956e-20,-4.656135925232191311e-19,2.134814219708882133e-18,-6.907748390600972320e-18,2.798193039112279403e-17,-1.166697387672071796e-16,3.958972591098488953e-16,-1.191716846229982400e-15,5.727140456759697949e-15,-1.584151782675108415e-14,8.601994200701934123e-14,1.002945958570429426e-13,5.660757188108881337e+02,3.281349337965036170e+02,3.098502227819345762e+02,3.125599036282461611e+02,3.091602147306841175e+02,2.829056056637731444e+02,2.518911738133884342e+02,3.180760255449590659e+02,2.790683427042467315e+02,3.799612209687824134e+02,3.134112230658322460e+02,2.992902351908732044e+02,2.899461559857432462e+02,3.262278937804463226e+02,2.642416566988915747e+02,2.670610129980730676e+02,2.919781864836477894e+02,2.860889288321985759e+02,2.825504964769760363e+02,3.035894869703764698e+02,3.012825802536835909e+02,3.254833283211310118e+02,3.457659276090375329e+02,3.573826179313209082e+02,3.374580442284449759e+02,2.740706191031944741e+02,2.673566867393873849e+02,2.446016881446762170e+02,2.557237007996887996e+02,2.686186912840387890e+02,1.933346710405081410e+02,2.204352082781350646e+02,1.861403531285367876e+02,1.610127408399947342e+02,1.902112805514988452e+02,2.104818536568499212e+02,1.799428401753693265e+02,1.751861867931332597e+02,1.658253994464715788e+02,1.788536619851712430e+02,1.539073560070141298e+02,2.008011783707127620e+02,1.883517271400919810e+02,1.514583949085686356e+02,1.931884009920573249e+02,2.045199446184323051e+02,1.885117012416976934e+02,1.721593394794732887e+02,1.832518613197922548e+02,1.576269365345297615e+02,1.601531694423773615e+02,1.938928624861001992e+02,1.799167618420652559e+02,1.598369849368004054e+02,1.897172298752506663e+02,1.881757107937980038e+02,1.793806339167265946e+02,1.793705510651791144e+02,1.988332807247740277e+02,2.247226009070820396e+02,2.257695957473314365e+02,2.395181145403545599e+02,2.334164158513436860e+02,2.154559621003378993e+02,1.931048694990227830e+02,1.880479988819717505e+02,2.002669795954408301e+02,1.846321093395646926e+02,1.872450697265956592e+02,2.114066845194560074e+02,1.964795156070748874e+02,2.031425931261255471e+02,1.722186918301122489e+02,1.739845754405467915e+02,2.174360445558953643e+02,2.256253985660201522e+02,2.454922282782808907e+02,2.027329527181556159e+02,2.015898511187375561e+02,1.741983747680789918e+02,1.963241651437878090e+02,1.952589413539148495e+02,1.714553215947892397e+02,2.153359014689430921e+02,1.953042465538826775e+02,1.862066108090910461e+02,2.080341449579957214e+02,1.786617838604143508e-14,8.025398749338926710e-15,3.634955961078954861e-14,2.687489120876047995e-14,6.714538096658920044e-15,-2.621711167817008906e-14,9.710408848035058872e-14,-3.171013874585242102e-15,8.038744090997572584e+02,3.630875838233422996e+02,2.130791816916037362e+02,2.297907947417863568e+02,1.773284543772560085e+02,1.680160183107707041e+02,1.693779925221298015e+02,1.702279151089900893e+02,1.335921996476341462e+02,1.811378024348270515e+02,1.604874250635356816e+02,1.922591943495578448e+02,1.967778680765065076e+02,2.998585980625983325e+02,1.824526331597530202e+02,1.697370693780121655e+02,2.219114787873603802e+02,1.773543543095433108e+02,1.835819965182571423e+02,1.928694387069660365e+02,5.032103925509586588e+02,8.152929354642593955e-14,-1.360418638133173659e-14,-1.036267383065689801e-14,-2.424848422538503193e-14,2.804081151936564726e-14,6.821421825942258048e-14,3.069773209939485810e+02,2.479232459237634600e+02,2.055497650520124751e+02,2.464124722267910101e+02,2.450233315582451326e+02,2.510345384687693127e+02,2.540439242534539517e+02,2.935472250476105955e+02,2.888849933554996028e+02,2.129535286296018342e+02,5.015355327838218500e+02,6.557649944037292471e+02,4.847845596027949000e+02,4.233042799077765608e+02,5.316946727546431930e+02,1.341142484527672731e-13,2.414243476211058237e+02,1.646981685292847146e+02,1.579352394630164440e+02,1.809337386291942096e+02,1.621996645423056691e+02,1.727277037395863601e+02,2.056035867956242384e+02,2.247847674178205182e+02,2.185363151368196668e+02,1.969061201934527503e+02,1.995356062412236895e+02,1.727997688385617039e+02,1.637755406202361144e+02,1.940967624022372888e+02,1.720016658438260322e+02,1.980977175943795885e+02,1.713530561151853533e+02,1.591948303102664397e+02,1.599474794322818809e+02,1.410386382767355826e+02,1.882907358629490204e+02,2.241320112736115675e+02,2.030417863979009496e+02,2.040957934772993383e+02,2.077584860354430134e+02,2.294101607168751400e+02,2.502938125748194977e+02,2.098469543083230917e+02,1.850831631854216255e+02,1.818618902403118227e+02,1.788493839739219311e+02,1.837826969525582683e+02,1.953101042061480825e+02,1.967098283389583742e+02,1.934579960907192628e+02,1.778997853755167284e+02,2.375150354279682474e-14
-4.246460336521273540e-45,-1.993895708467771145e-45,2.675697382179541203e-45,3.377305434551152325e-45,-1.338232219173450889e-44,7.397405722590879835e-44,1.242098822473500388e-42,-3.966172126518451199e-42,-1.246170703486975962e-41,7.103215579562083356e-41,2.249365748345199432e-41,-9.990056881710987591e-40,7.279606956888627188e-39,2.507715829306660692e-39,3.999487932847124867e-38,-1.610178652046637973e-37,5.570568074572925341e-37,-2.078964308132729005e-36,-5.782894496399127018e-36,3.423834022224338573e-35,2.387042201658435081e-26,2.726384149207708565e-26,-8.228772227168358458e-27,-8.988988801744049958e-26,-9.143074675457245615e-26,3.032347688611040449e-25,5.181801766957391182e-24,4.912265842394241032e-24,-2.608240372268086320e-22,-1.690238439534992326e-22,-2.974948711825137293e-21,1.333099378942341112e-19,-3.593038648645447144e-19,-9.755912539687185280e-18,-1.016471968925372500e-16,3.858872163857529070e-17,5.712034187808223422e-16,5.461441152290158309e-15,6.310727702886802872e-15,-2.191565481255703616e-13,1.191249440700149014e-12,1.841168831430315772e-11,1.116313569193677180e-11,2.067437703353403323e-10,-8.355879330853961837e-10,-9.213730320617859628e-09,-2.002973486981262776e-07,-2.217774662508616137e-06,-2.019612785041226584e-06,1.090910281296198116e-04,-5.112597110109305979e-04,-4.514667179055337166e-04,1.244222333288924100e-02,1.504243416702942017e-02,-7.537938821767591335e-01,-1.817145597203279550e+01,6.099677721472549052e+01,5.238309032874528839e+02,4.495281307047556538e+02,3.495179702520682667e+02,3.264142455867357739e+02,3.075592085867691594e+02,2.582201406078229411e+02,2.634570755366796675e+02,2.951984993235047341e+02,2.616596924588281468e+02,3.664940697027220722e+02,4.296475308010960248e+02,3.133987625666405847e+02,3.065525241104821816e+02,2.404282355002058011e+02,2.732055869169066682e+02,2.946479106651792677e+02,3.461432562995392459e+02,3.567180608346662325e+02,3.184896428775280697e+02,2.758976184561450395e+02,3.435625928156554210e+02,1.288548374642465433e+01,3.712819172337748341e+02,3.515363375756985533e+02,3.279367128466879535e+02,2.637362310078743235e+02,2.716868899200594001e+02,3.109851273182348450e+02,2.360470818253285472e+02,2.136055750670445832e+02,2.162878783941824281e+02,2.066234221803442495e+02,2.177139366880092268e+02,2.264638374984641018e+02,2.438804200834050278e+02,2.304251050294210188e+02,2.339387760948558252e+02,1.536974303364634693e+02,1.673084540485096454e+02,2.014869967748588806e+02,1.915826237105892176e+02,2.182087290101235908e+02,1.802324306791515482e+02,1.853301478515584506e+02,1.928557917878324020e+02,1.864855834379250155e+02,2.137037550268589143e+02,2.018322996577989841e+02,1.512413534706105338e+02,1.779374534149612828e+02,1.708010816023123652e+02,1.545865039481026315e+02,1.759907571280259901e+02,2.034305846436334662e+02,2.477216733940917663e+02,2.315992151943361250e+02,2.266665652230625199e+02,2.373112232000987092e+02,2.185971103153210322e+02,2.286189411125167226e+02,2.580346116116660937e+02,2.668524281355568064e+02,2.625904312129965206e+02,1.868725480653200179e+02,1.850282117374799782e+02,1.859319751809532306e+02,1.839806115671985935e+02,1.864559738754690557e+02,2.054512812827254606e+02,2.129519814972669565e+02,1.987920710832605380e+02,1.811665335823132352e+02,1.795186152527653860e+02,2.090460637573389135e+02,2.112307509445229243e+02,2.008860080981463057e+02,1.886973681259292448e+02,1.795119465070531248e+02,1.755547464463529082e+02,2.202474787674545098e+02,1.894501280590168051e+02,2.170371668236626590e+02,1.949046370756448709e+02,1.977376405800443990e+02,2.378706783992339240e+02,2.406565696597355952e+02,2.013798643111000501e+02,2.258572222115654142e+02,-2.234515457180300757e+01,-1.944209500117038303e+01,1.612514190226246543e-04,-1.079571298240064939e-02,9.620043741234526324e-01,-4.322151826951499132e+00,4.175120873188668469e+01,5.160079060211846809e+02,3.134797902079666869e+02,2.312573787889260188e+02,2.051239030474010008e+02,2.149717199048996576e+02,1.916220602524533945e+02,1.662123304016378427e+02,1.706776650271261815e+02,1.477992255634953267e+02,1.720240986347552621e+02,1.825091454012138001e+02,2.104901962748687083e+02,2.172857958263695082e+02,1.571598156079750197e+02,2.264926412302802419e+02,1.993725891012819886e+02,1.601764887864013645e+02,1.945009308021672325e+02,1.796725975924644843e+02,2.892508703720224048e+02,-3.785349223578621292e+01,6.568679477067020045e+00,8.089972332119064191e+00,9.034000641588072256e+00,5.083040824682116821e+00,-2.355137685718887397e+01,3.072583744474510468e+02,2.477441495910345282e+02,1.681533340152275571e+02,1.773031387235369323e+02,2.074176000021661253e+02,1.991838434133929638e+02,2.721835449397424895e+02,3.005212614331165355e+02,3.177896024538197253e+02,2.479108273254279879e+02,6.644250788879379854e+01,4.640781909362958118e+02,5.455359040586764650e+02,3.962646091955755310e+02,4.255707464072307289e+02,4.047684899342244762e+02,3.121407432141465961e+02,2.034412563438748691e+02,2.202062344645136420e+02,1.844518423618491738e+02,2.521221165233922079e+02,1.366589363398156252e+02,1.714228498814340469e+02,1.864065164130915946e+02,1.796194422404734894e+02,1.625314432197955057e+02,1.568394444468601989e+02,1.845432496697662543e+02,1.781090789586831136e+02,1.853858389176912738e+02,1.920353785301316236e+02,2.216769818199011581e+02,1.998858732566418723e+02,2.010324261998532336e+02,2.077332630423491651e+02,1.459309501264425819e+02,1.315213481420294670e+02,1.933328959867609171e+02,2.636670792289423844e+02,2.427761946831765272e+02,1.974065762921777605e+02,2.280805502127326463e+02,2.386563586190649175e+02,1.974339835678031250e+02,2.166217568316254471e+02,2.055154175130557519e+02,1.549452728008279507e+02,1.651766407246606718e+02,2.018134477564723852e+02,2.177127090765445416e+02,2.051177067625004042e+02,2.020660509614081946e+02,3.408403167428074412e-14
-3.566335224921558866e-45,5.798080013607150407e-45,-1.695202272082472830e-44,7.612152431121276599e-44,-1.558996000315138470e-43,1.274925941107463294e-42,-3.018770399032121399e-42,1.081276734119994741e-41,-5.487867051489065754e-41,2.190154714157933249e-40,-5.898904958206856459e-40,1.567650858100105523e-39,-1.038010746653944363e-38,3.995564886731260361e-38,-8.173676846023195009e-38,6.684301582658317514e-37,-1.958869954089903497e-36,6.421345429290893932e-36,-2.576305572587328634e-35,1.148275298086741582e-34,-1.373004143831507752e-26,-1.568190291627992276e-26,4.733104985786777158e-27,5.170383636746187606e-26,5.259002854222457871e-26,-1.744174636060237324e-25,-2.980524012823171596e-24,-2.825486170586008584e-24,1.500234991552175972e-22,9.722094512401551887e-23,1.711162289562206037e-21,-7.667861377910180031e-20,2.066681795787173572e-19,5.611508586875508374e-18,5.846650574411496897e-17,-2.219586729350428464e-17,-3.285508013622068729e-16,-3.141369266731041797e-15,-3.629870864583031590e-15,1.260567726056688951e-13,-6.851954055783828814e-13,-1.059022888688657203e-11,-6.420930013168988573e-12,-1.189170602569426649e-10,4.806222718379338209e-10,5.299650490061246837e-09,1.152091395372943571e-07,1.275642998853843968e-06,1.161662162155284428e-06,-6.274812704095206130e-05,2.940717476721832501e-04,2.596793838652231554e-04,-7.156649119086734567e-03,-8.652265784829391709e-03,4.335751078019178251e-01,1.045204951682618244e+01,-3.436222134826373065e+01,1.238659279016023191e+02,4.714486883862716127e+02,3.989691366181695571e+02,2.641477141643113100e+02,3.069031015656320847e+02,3.646356556108742666e+02,2.161584841364208955e+02,2.950363918546965465e+02,2.584559303419221692e+02,3.920913509089393187e+02,3.669639523689930911e+02,3.343515880001478422e+02,2.799513420345182908e+02,2.936923620060749727e+02,2.857700003470920933e+02,3.724285175709037503e+02,3.435740777477345773e+02,3.505752456175738985e+02,2.872855419030211124e+02,3.362994486619965642e+02,3.944207767415907142e+02,2.455409849115670227e+02,4.501267847667870683e+02,3.366367015303435295e+01,3.266435833207979158e+02,2.913357347879288568e+02,3.198005135693485954e+02,2.630597631160696324e+02,2.675871027055198397e+02,2.268838894705849896e+02,2.439398954812928935e+02,2.220839513020460174e+02,2.012705499749408204e+02,2.232062069735937655e+02,2.339531234032589850e+02,2.292096658978813934e+02,2.266166332927800227e+02,1.935659846337265151e+02,1.996345321195549047e+02,1.919359452776295427e+02,1.682994233285260179e+02,1.707844616783577578e+02,2.107486997169686163e+02,1.935470259279092318e+02,1.764446261033732810e+02,1.860337561680644569e+02,1.810346943387335727e+02,1.758500272312433594e+02,1.591833118495110000e+02,2.058544160048010383e+02,1.897940172440768833e+02,1.581575677699494236e+02,1.734769044626804657e+02,1.929959924790949799e+02,2.407935172904967089e+02,2.776933150389296543e+02,3.054576173566370585e+02,3.099932115297228279e+02,2.636247247370367859e+02,2.320781195085016293e+02,2.581499392775479009e+02,5.726463717523610342e+01,5.824111362229447053e+01,3.230577784882945593e+02,1.845307692045946055e+02,1.800239176505742762e+02,1.848094921817757665e+02,1.943023890803350753e+02,2.117902463654054941e+02,1.846635124916037398e+02,1.545862287475088692e+02,1.720056143766619243e+02,2.092961280730897613e+02,2.088911030110837146e+02,2.157051082880778381e+02,2.215189266225197571e+02,1.942635603346683126e+02,1.883842820951443002e+02,2.137669729576388136e+02,2.138655785587238825e+02,1.874351716146045419e+02,1.947035254240767301e+02,2.382923915767570691e+02,2.220319149799876755e+02,2.086607276051634585e+02,2.226204044006828155e+02,1.913767034406618563e+02,2.319442189918575821e+02,2.736122500721236861e+02,2.324762586152687902e+02,-9.264109971015469338e-05,6.208975206666010951e-03,-5.290380407379639216e+00,2.421785320019029086e+01,5.987902644189338162e+02,4.034344291272039413e+02,2.734984488798469329e+02,2.155708887890164647e+02,2.364083301552310559e+02,1.958354351246960050e+02,1.493341528775614222e+02,1.810455338320481644e+02,1.893183718235355286e+02,1.636572769320524401e+02,1.788469004015507267e+02,1.885520095766976283e+02,1.940202638385013643e+02,1.788671461114526835e+02,1.699756780329565800e+02,1.884553603541488656e+02,1.999141005854759783e+02,2.184027928866215689e+02,1.919151566331240701e+02,1.894914593053628380e+02,2.696691642097403019e+02,4.161433802282492707e+02,-3.727353781240270791e+01,-4.592230801603115253e+01,-5.128662098405516900e+01,-2.884085599510044418e+01,2.741575174320615815e+02,1.954042033820849440e+02,2.477762115699383685e+02,1.718231645695248346e+02,1.728638157705554761e+02,1.556559865577371227e+02,1.665407431633386182e+02,2.866202038805287771e+02,3.521848748622881544e+02,7.032241372320983430e+01,5.597181758343448621e+01,-3.752223655301030192e+01,7.503110070763888473e+01,4.039829992871605668e+02,3.617023759958160554e+02,3.998045423608896272e+02,4.093606636030388586e+02,2.844131051487096897e+02,2.425193420371102491e+02,2.437334681517969273e+02,1.622923882402434970e+02,1.930333473514702689e+02,1.892266579704862011e+02,2.111432927117070619e+02,1.840018942955032344e+02,1.594148263524743072e+02,1.943029639365983314e+02,1.965915218371244180e+02,1.858346061573685120e+02,1.512789098237520307e+02,1.716752923958819679e+02,1.847906450193432875e+02,1.664041171999022595e+02,1.849065470630541768e+02,2.170122357183124109e+02,1.877335662805970742e+02,1.304268186339953104e+02,1.456205283289123429e+02,1.774311442833713386e+02,2.506225858638161412e+02,2.792302223217737378e+02,2.225690813111593798e+02,2.550635784290129777e+02,2.871526869424025108e+02,2.725437227077692910e+02,2.258203171452354354e+02,1.966617343990662334e+02,1.675754818662047398e+02,1.797970939020241019e+02,1.907929810620299804e+02,1.916711571955717943e+02,1.801340633622494920e+02,1.922282331913690427e+02,3.273220182478188640e-14
1.458850612718754500e-45,-5.739784052721791025e-45,2.103158957860664280e-44,-8.495242390216422577e-44,2.952844614641044891e-43,-1.184467225206717206e-42,3.988738899229564167e-42,-1.386595021298987052e-41,5.571539110577681182e-41,-2.296003068295495023e-40,7.523307795499131829e-40,-2.827075489076567448e-39,1.047561511761811430e-38,-4.086617715647671543e-38,1.563755274291146721e-37,-5.265958989881315793e-37,2.089781693675874165e-36,-8.580439156426045841e-36,3.259637818078321833e-35,-9.489213037226669791e-35,5.490159087598454993e-27,6.270638111177462649e-27,-1.892598593716064546e-27,-2.067455041780317556e-26,-2.102883897619138975e-26,6.974323701698334827e-26,1.191807059098232226e-24,1.129809023177942467e-24,-5.998909008603839187e-23,-3.887526388511431183e-23,-6.842332186755694503e-22,3.066106995997730209e-20,-8.263930643578677310e-20,-2.243844169464137011e-18,-2.337869138930176899e-17,8.875343585926525050e-18,1.313758659280475302e-16,1.256122658106987152e-15,1.451457206099612181e-15,-5.040565280355832122e-14,2.739854511167700378e-13,4.234658631115899270e-12,2.567503214904086907e-12,4.755073388546597166e-11,-1.921838775659944934e-10,-2.119143120650220237e-09,-4.606806730699557490e-08,-5.100845971705083925e-07,-4.645076847984731155e-07,2.509076060745409723e-05,-1.175889093461358529e-04,-1.038366173226474952e-04,2.861691308833306992e-03,3.459735608960560170e-03,-1.733713777323268035e-01,-4.179405579913045621e+00,1.374023911864797398e+01,-4.593340987832559819e+01,6.824327904656166766e+02,4.324838851149211791e+02,2.457962637157528434e+02,2.602390823001807689e+02,3.716221323943847779e+02,2.611871192591586919e+02,2.602031883184591265e+02,3.036891870842310936e+02,3.362622473870537192e+02,2.590455717136678118e+02,3.349078105141232982e+02,3.458842433001534005e+02,3.718665947094778517e+02,2.910784582057662533e+02,3.332696769157265635e+02,2.829336923580171970e+02,2.358497664067061521e+02,2.917204351790619512e+02,1.330849209921480281e+02,1.442181056067811937e+02,3.243643688978718842e+02,3.187823728919004225e+02,2.152058816730486228e+02,3.156909948980643321e+02,3.189759497790387854e+02,3.025663213843052972e+02,2.579627629084139926e+02,4.329377088009766794e+02,2.925637953625431464e+02,2.596419653752476506e+02,2.136129110839092959e+02,1.868773768091229499e+02,2.083524409386662626e+02,2.416382024085625915e+02,2.622749036666046436e+02,2.048920038435445292e+02,1.827971077652658778e+02,1.811481035513096458e+02,1.776512114044982411e+02,1.739348592404624583e+02,1.540803626262822377e+02,1.877983738283701882e+02,1.726366501485800882e+02,1.802642625714292421e+02,1.913522020364591754e+02,1.666817187458319722e+02,1.793762064177919058e+02,1.745756322579771336e+02,1.912441563388493648e+02,1.806204532425313403e+02,1.690063721761881084e+02,1.666733288286226013e+02,1.795507517387000291e+02,1.907842173553230509e+02,2.415102601032781706e+02,3.841470132838597920e+02,3.368841801569097925e+02,2.386687366020892682e+02,2.597458967929034657e+02,2.473109444000496921e+02,-2.108366381700950143e+01,-2.182610207869372587e+01,1.289601592757202582e+02,2.859678009744928886e+02,1.983766019685671722e+02,2.140283032253535112e+02,2.147467258198664695e+02,1.902083454833252745e+02,1.587199458025595789e+02,1.714229659313481307e+02,1.896868883945303992e+02,2.373871211534599013e+02,2.150466364933100181e+02,2.046264975589247399e+02,2.547165647238523718e+02,2.250035572716845991e+02,2.052731816511898728e+02,2.062277403587996218e+02,2.079447071967437637e+02,2.161826843222837340e+02,2.059939994021923155e+02,2.252668750464608536e+02,1.843972872705913915e+02,2.004264155413665094e+02,2.491436893341670213e+02,1.640429021698883219e+02,2.716034450612557407e+02,4.125774486687421927e+02,3.495663878373659941e+02,3.659843742999543509e-05,-2.480233840859808955e-03,2.144127563417771398e+01,-9.834360123112783469e+01,6.396431376976221372e+02,2.841930056088535252e+02,2.314182564610516408e+02,2.024336297340460931e+02,2.108141043445739058e+02,1.904794858098021564e+02,1.712587671241103919e+02,1.751711658998149233e+02,1.670178814285656301e+02,1.809928461067061392e+02,1.989078144638415608e+02,1.563135354454456944e+02,1.829857747600378275e+02,1.668527929684847777e+02,1.635287601105974886e+02,1.906361109466006383e+02,2.023451470580420732e+02,2.040625780515343877e+02,1.921447675135506188e+02,1.825736075999231787e+02,3.057223978005858385e+02,4.204429884459785285e+02,2.275825994043148057e+02,2.781503542780084786e+02,3.082637190396265510e+02,1.761293519131469907e+02,3.357966771859234996e+02,1.630382896278862290e+02,2.330731656432392640e+02,2.385811187740010837e+02,1.980426208523214484e+02,1.823782379453717795e+02,2.277907924794542964e+02,3.305588889508658212e+02,4.237692673008430120e+02,-2.851061356192846219e+01,-1.967489731122580920e+01,1.478066636667915290e+01,-2.734193827022679102e+01,1.020576273115673303e+02,3.490973040627306432e+02,3.907520615707509251e+02,2.835886108890026662e+02,2.480245163251442477e+02,2.425006610552335644e+02,2.381209900646651079e+02,2.136117145096410752e+02,1.851521820988488685e+02,2.099508362102373553e+02,2.210993238922811770e+02,1.892979836530189459e+02,1.748567507504639025e+02,2.371018660915545695e+02,1.952532536165741703e+02,1.975775717161629643e+02,1.845493518764017438e+02,1.523817141994890960e+02,1.927737097154561638e+02,1.902131227165239409e+02,1.664822025698325376e+02,1.753933715569176854e+02,1.911180908530787121e+02,1.728444228349382854e+02,1.761093969540333717e+02,1.832438824721872095e+02,2.219683368719360317e+02,2.927287348328711118e+02,2.860180122107899479e+02,8.206833707705851566e+01,9.787491867022566794e+01,9.831401294051292439e+01,2.609638902991440546e+02,1.954844033363386586e+02,1.953643621410379296e+02,2.139968105890756362e+02,2.177067739179352941e+02,1.813082600065464760e+02,1.732043837534585009e+02,2.062982518595418355e+02,3.512584820607102989e-14
1.210075975736062410e-46,-4.335240587272906768e-46,1.684590438859943040e-45,-4.415000607618172600e-45,2.508932583185032651e-44,-8.486328673621504351e-44,2.760032756521179902e-43,-1.102176749883502319e-42,3.682886916833625363e-42,-1.460467464862107054e-41,6.345749331960832399e-41,-1.806622332087494551e-40,8.860896868588639172e-40,-2.291804082507652440e-39,1.320006540613415060e-38,-3.879943178188506592e-38,1.674820119052486795e-37,-6.248838021003662862e-37,2.318828885049465459e-36,-7.680648902875470128e-36,-1.806564611952193070e-27,-2.063386030539598815e-27,6.227714178043032351e-28,6.803058653217980579e-27,6.919681027145251952e-27,-2.294948167830569811e-26,-3.921697294173639480e-25,-3.717711389977248310e-25,1.973972172104110740e-23,1.279207981914205383e-23,2.251505081019459381e-22,-1.008918140566532784e-20,2.719288553845731523e-20,7.383483375347186110e-19,7.692877384916545662e-18,-2.920477035061072040e-18,-4.322989700567458285e-17,-4.133335537317439880e-16,-4.776093768162126045e-16,1.658623654185965846e-14,-9.015630687311314335e-14,-1.393435971611427425e-12,-8.448499974847073150e-13,-1.564681095866008482e-11,6.323908288514703186e-11,6.973148274831261281e-10,1.515893197368414062e-08,1.678459323617277737e-07,1.528486174209564569e-07,-8.256242457034841851e-06,3.869322899408064590e-05,3.416796732246452675e-05,-9.416540874361250656e-04,-1.138443607657622838e-03,5.704873407632046756e-02,1.375254673776928671e+00,-4.521295601832046707e+00,1.511462226142547394e+01,3.704789917772750414e+02,4.646662990587363424e+02,2.852160171646532376e+02,2.461901288472392935e+02,3.043433500630512754e+02,3.170476657872575288e+02,2.968525479410822641e+02,2.935355229744515668e+02,3.116649733791421113e+02,2.843981747942963239e+02,3.371500900223260828e+02,3.848871865986664602e+02,3.798030489733049535e+02,3.167419224339526522e+02,2.776764733184004967e+02,2.919290836390523509e+02,2.324109305473021152e+02,3.088839668963607892e+02,-7.725199054171345381e+01,-6.914824286462713587e+01,2.930364793128260317e+02,3.069615346903346449e+02,4.158270775666403551e+02,3.679888200611224534e+02,3.635413414439767052e+02,2.696352489302644813e+02,2.710713405185495617e+02,3.951603385554585657e+02,3.063762299334467230e+02,2.763514569653974604e+02,2.362491737768977487e+02,2.179176611649278641e+02,2.280387649075651666e+02,2.536583547726368124e+02,3.303719437865552777e+02,2.306377542081916374e+02,1.988057682593875199e+02,1.834640179547917285e+02,1.463418212701273546e+02,1.541913949249100426e+02,1.676243974389530251e+02,1.734159831218940155e+02,1.584364231031771340e+02,1.816950592965425244e+02,1.912426264723458758e+02,1.648601869817808279e+02,1.876773572387047864e+02,1.881558420595214045e+02,1.637214552830031096e+02,1.742076845143487560e+02,1.726419865365084547e+02,1.615695533546551701e+02,1.735798722905173292e+02,1.881399321330570444e+02,2.861924850823379529e+02,1.779780475296935833e+02,1.408406035515616566e+02,3.001783398826411258e+02,2.303278812669426543e+02,2.465673884701271277e+02,6.827458023987963642e+00,8.221247737924029408e+00,-3.911604277225190174e+01,1.659217046374220672e+02,2.298392992940256363e+02,2.032180188362842443e+02,2.050146162203506890e+02,2.122079970762134167e+02,1.810694533557452814e+02,1.760260921852564024e+02,2.013189778032719346e+02,2.228156717147046777e+02,2.136535314071411449e+02,1.987829388021433203e+02,2.319595417584039296e+02,2.159639165353934516e+02,2.139088684355004943e+02,1.948988655810114778e+02,1.819331996348177540e+02,2.137926233686582123e+02,1.965112742476611061e+02,2.002936921290290400e+02,2.105589500247165802e+02,2.504306996800999343e+02,9.993494238681614661e+01,4.357018235763042640e+02,3.473929026390690069e+02,3.532943440280772052e+02,4.536254115010384567e+02,-1.053232459883172920e-05,8.076013889749384354e-04,-7.258915512361988931e+01,4.225213420428953555e+02,4.389735240837365495e+02,3.071347154670133364e+02,2.295707796125487050e+02,2.112227531342109330e+02,1.964236152604923973e+02,1.654092326327752573e+02,1.848990854828013255e+02,1.794318983365103861e+02,1.626401499237338726e+02,1.652525454140459544e+02,2.106000348357923997e+02,1.623372421512073061e+02,1.877888695755933952e+02,1.465256720294227364e+02,1.424677602918527271e+02,2.015821188210622665e+02,1.961287123022734420e+02,1.734567249714752961e+02,2.009115140886627842e+02,1.845883848692087952e+02,2.494177312453497279e+02,2.379137518688899604e+02,3.004662642041279241e+02,3.432314064419950341e+02,3.543119652933290809e+02,2.347508130148706869e+02,1.761561313402369535e+02,2.071558836033762816e+02,2.067601355476825802e+02,2.700533875190513413e+02,1.894548991267338067e+02,2.068659658939391193e+02,2.553824909641880083e+02,2.994962481488933008e+02,4.139520059818864297e+02,1.794655670645708057e+01,2.997581221886960634e+00,-4.106949008765861997e+00,9.768050610514015020e+00,-3.006408765768144775e+01,4.230143193619534259e+02,4.048560982988913679e+02,2.927175597344275388e+02,2.543439443501408732e+02,2.427605267587954643e+02,2.008699401248451863e+02,2.005624959047266884e+02,1.973702277455750789e+02,1.892961261591941025e+02,1.649067294963730319e+02,1.815422272652452307e+02,1.751544447697457940e+02,2.066971643789597692e+02,2.076397988680376727e+02,1.911479838799066329e+02,2.053579903091655297e+02,1.721090984898066836e+02,1.983625904113384877e+02,2.116344207024395985e+02,1.510814180172160661e+02,1.828675358804979680e+02,2.089645082471081707e+02,2.061618776312128603e+02,1.770539475186525920e+02,1.998298160056328072e+02,2.893612778297462569e+02,4.328809594653273507e+02,4.351043067295791502e+02,-1.049919614614745988e+01,-1.818966827916108642e+01,-2.024960193708414735e+01,3.393692199725609271e+02,2.180203576274527677e+02,1.863258057743486518e+02,1.945623559146611399e+02,2.194987386837932775e+02,1.926531327619942715e+02,1.748330723454328961e+02,1.862979577900263735e+02,1.903502349950452592e-14
-2.070873006182971439e-46,8.833252556527895600e-46,-3.426025447326544050e-45,1.366066611615275960e-44,-4.329054457844724344e-44,1.676876131874712320e-43,-6.945580197952408644e-43,2.252644080089531935e-42,-8.712936090582890516e-42,3.952361664370311464e-41,-1.253016176732719115e-40,4.403382758407889024e-40,-1.611837048226350961e-39,6.609680360601432757e-39,-2.417183901923995805e-38,8.495497694629544697e-38,-3.641486901743809332e-37,1.180300527506053586e-36,-4.945718950222557537e-36,1.770662817330037466e-35,5.047173437973978549e-28,5.764682878340647182e-28,-1.739904783233420192e-28,-1.900632915295934506e-27,-1.933230176820459779e-27,6.411655005801288537e-27,1.095640863170543616e-25,1.038659244222084020e-25,-5.514878633425732367e-24,-3.573838750655224027e-24,-6.290250538581053401e-23,2.818712152163559488e-21,-7.597139408256711212e-21,-2.062795026198702414e-19,-2.149233439121277718e-18,8.159218911017903957e-19,1.207755364576648376e-17,1.154769861383256014e-16,1.334343419705622038e-16,-4.633857046454514027e-15,2.518783793526956310e-14,3.892976617229950616e-13,2.360339010156456519e-13,4.371400655657417895e-12,-1.766771319163318148e-11,-1.948155762434480539e-10,-4.235097192115684071e-09,-4.689273875482281405e-08,-4.270279407451727600e-08,2.306626173111816439e-06,-1.081010098533561111e-05,-9.545834938576967126e-06,2.630789945181998663e-04,3.180579828780366169e-04,-1.593825567115282615e-02,-3.842181769411107117e-01,1.263158007510649217e+00,-4.222717959932091425e+00,-7.683656488931885065e+01,6.668502257933530473e+02,3.910853742880256050e+02,3.063683180463843314e+02,2.877267182791589448e+02,3.247929886814744691e+02,3.294573343989791283e+02,2.904824381041360084e+02,3.336015028796803108e+02,3.217580559562008489e+02,3.003559560956612700e+02,3.487609942909061260e+02,3.937488585987358078e+02,3.176028967811442385e+02,3.051964139855260214e+02,2.919574882702821697e+02,3.204697564880150367e+02,3.157253423283382858e+02,1.520082520583832775e+02,1.144495890091076973e+02,4.117747881781155002e+02,4.031863371175244879e+02,3.086908798207954874e+02,3.878754575528277542e+02,3.853549809242779816e+02,2.868287690546265480e+02,2.809799867048698729e+02,3.237245575001309703e+02,3.086605482038032733e+02,2.626689121889276066e+02,2.821884664983988955e+02,2.314349224266743477e+02,2.224334523740188558e+02,2.305890130302159378e+02,2.691366185700935603e+02,2.324625069902977827e+02,2.356389664947804192e+02,1.994201089114169463e+02,1.427004545027130860e+02,1.546014907524377122e+02,2.011935898412700681e+02,2.003929047012559863e+02,1.696806143620609362e+02,1.849289996689531392e+02,1.897241824592869648e+02,1.650162456991229760e+02,1.861450219281760781e+02,1.948980915938166447e+02,1.852139412657349169e+02,1.963433528897969040e+02,1.749142642351531549e+02,1.601525045360064325e+02,1.782011999587879814e+02,2.121717677104988127e+02,1.720206124082090753e+02,-3.266596989031584997e+01,-2.480833325218775087e+01,2.148119004871824700e+02,2.850122720466570740e+02,1.375146060696905863e+02,-1.591327725388245851e+00,-5.277335298492846327e+00,1.938763821149832722e+01,-5.607422344074107201e+01,2.449184914781784812e+02,1.850353437801504128e+02,1.750804528644306970e+02,2.224576423430640091e+02,2.002405101884147882e+02,1.576522168033904734e+02,1.792758660308792003e+02,1.784459717809944834e+02,1.817076236282422315e+02,1.931087575948825190e+02,1.947169186548169364e+02,1.785943247486108021e+02,2.007977258076073213e+02,2.019423957328169763e+02,1.758783434450118932e+02,1.824660778942626109e+02,1.781812336892771498e+02,2.226622917977671534e+02,2.685333571108357091e+02,3.968142925001881167e+02,7.306096150713689212e+02,3.746746050638288352e+02,7.563959914795276518e+02,4.857421434373259217e+02,3.162104556879404527e+02,-1.389665880428288352e-06,-2.011579776687413596e-04,2.367451522342163628e+02,7.919814748362629189e+02,4.854600105987258871e+02,3.055852857052030345e+02,2.280165879726088747e+02,2.399800990498229680e+02,2.000893188868443815e+02,1.456838865650334185e+02,1.698324451586644841e+02,1.780495824062454062e+02,1.737049335973503048e+02,1.619142310479259379e+02,1.830188517662249126e+02,2.145147625877384598e+02,1.750451845282356942e+02,1.561755397966019245e+02,1.618854629038586666e+02,1.731392206930467523e+02,2.252275345421730037e+02,1.840016296549865729e+02,2.398588801307494975e+02,1.956789345466800114e+02,2.058291306866027810e+02,2.548451622373752059e+02,1.453428121264458923e+02,1.631715668734940721e+02,1.558622613716667047e+02,1.510194396657675497e+02,1.545261967520053190e+02,2.094925685422087724e+02,1.882372657717411926e+02,2.304766978351645434e+02,1.770754787634955107e+02,1.666587958966821077e+02,2.390970668697669907e+02,2.377796043667148354e+02,3.147645461088964112e+02,-2.957743778149755798e+01,9.132912047500225228e+00,-1.022753699542283234e+00,-4.940278329822761272e+00,1.650366910730906866e+01,4.290187594565092581e+02,3.909527939743468323e+02,2.874591016583428882e+02,2.437715418601884494e+02,2.312122288156392074e+02,1.746677274121160508e+02,1.770749691401999826e+02,1.837296163135216602e+02,1.774500705973340189e+02,1.539326646858941388e+02,1.809170805276426108e+02,1.755468838821984718e+02,1.536800228783030775e+02,1.850919232485380235e+02,1.815200310812286943e+02,1.903611917905999746e+02,2.062984634287357437e+02,1.903505817392582742e+02,1.749759089077726912e+02,1.543890356131715009e+02,1.950439744732255463e+02,1.849110373786918728e+02,1.926951115088573374e+02,1.757604741560090815e+02,2.141959538503028853e+02,3.486434844719319130e+02,3.161808193816616495e+02,3.041860118629733165e+02,-3.133825337944899303e+01,-2.011006856261045783e+01,-1.443846075497103776e+01,3.440139658845471331e+02,2.371531680816457310e+02,1.899920595005541202e+02,1.682069253520427026e+02,1.883630930851188054e+02,1.790171180774845823e+02,1.666497754459513772e+02,1.803407462874390035e+02,2.834515361917608413e-14
-1.264188123185722139e-46,5.269146465845382061e-46,-2.186615014343064788e-45,9.577138826573110977e-45,-3.108585287884061969e-44,1.037341263071774571e-43,-4.777294387264425492e-43,1.644567320871398853e-42,-5.954958071488907653e-42,2.632354632525579211e-41,-8.077517549877515908e-41,3.050209945354677634e-40,-1.146416188454151387e-39,4.286495581668158221e-39,-1.739996777152613036e-38,6.173627530936054212e-38,-2.034365888941246226e-37,8.622729427010811046e-37,-3.169316925728869977e-36,1.210914385438008144e-35,-1.144224056012319774e-28,-1.306884718265789888e-28,3.944382637848544163e-29,4.308875727625845538e-28,4.382616675529312604e-28,-1.453518680178639533e-27,-2.483897237142908405e-26,-2.354639028265572224e-26,1.250253010115712921e-24,8.102189183028467322e-25,1.426033266647217372e-23,-6.390182482986231860e-22,1.722315143806932087e-21,4.676475998548261511e-20,4.872436664531545984e-19,-1.849741980801535555e-19,-2.738051479193416799e-18,-2.617930150173459945e-17,-3.025033956214910134e-17,1.050522245099611783e-15,-5.710228812743161164e-15,-8.825603541696891072e-14,-5.351025315076088234e-14,-9.910218554186994516e-13,4.005372943008034146e-12,4.416581989455043887e-11,9.601210712903070427e-10,1.063085556942807590e-08,9.680970833286930475e-09,-5.229255178880420756e-07,2.450712526406335268e-06,2.164096088567279517e-06,-5.964153232042293724e-05,-7.210558752581727835e-05,3.613294905891233522e-03,8.710448684830744692e-02,-2.863652389600773729e-01,9.573146276767612317e-01,1.741929444659289317e+01,5.846529449830924250e+02,4.730123408817819382e+02,3.648983529809685251e+02,3.142863932489797776e+02,3.001736913478390534e+02,3.027689315155459440e+02,3.287643686483261831e+02,3.120485925723183982e+02,3.316109661105447799e+02,2.846366624779888070e+02,3.322529165873376087e+02,4.131187974425897096e+02,3.303502261731514409e+02,2.935574312193705850e+02,2.814849181606311390e+02,3.279781929573274510e+02,3.271902226561369957e+02,3.922827236808825546e+02,3.009183922468473611e+02,4.199232870423440431e+02,4.021199266319117100e+02,3.654525158934982869e+02,3.423073949509534373e+02,3.440324636637245135e+02,3.414791265452695370e+02,3.535839949494138637e+02,3.594291430768548707e+02,3.297015727359898847e+02,2.384197065126626853e+02,2.753376548716950083e+02,2.197785473302749040e+02,1.997188276167995866e+02,1.895106146995525762e+02,1.467040885225838167e+02,1.956175824443373301e+02,2.119279607640637835e+02,1.734479111545054479e+02,1.752679063206914520e+02,1.739891770634371824e+02,2.066207103754259151e+02,2.141914630438383824e+02,1.839355278335997639e+02,1.766861664826401750e+02,1.797957660634539536e+02,1.813698382908653173e+02,2.020147957560447765e+02,1.970748890048073179e+02,2.078097796129544577e+02,2.031343123474268850e+02,1.845459894186638223e+02,1.730295701580942307e+02,1.896711586353062273e+02,2.239107283373084556e+02,1.899375998836464063e+01,-4.241136492280006554e-01,-1.934167690390172556e+00,-2.378054232125921885e+01,2.732070120231230703e+02,-1.945356931666245615e+01,-3.610337996609127575e-01,8.001637336142117363e+00,-2.371035604869200952e+01,6.394314219330509985e+01,2.540619568987713137e+02,2.092488763505079703e+02,1.708608317038581959e+02,1.839759059511546297e+02,1.959658717699992678e+02,1.850191803058434346e+02,1.842302789445987798e+02,1.902791865178803334e+02,1.968968195373034291e+02,2.191780726654101272e+02,1.995328380755803437e+02,1.694881507137482402e+02,1.884692049320392471e+02,2.163725653776862714e+02,2.278957048771114842e+02,1.922895543914845859e+02,2.131393622900526452e+02,2.447046224456969981e+02,3.205899251434180997e+02,3.547104822763617449e+02,1.203087803464121635e+03,-5.254064703394288927e+01,8.447242575216239402e+02,4.550362297948138348e+02,-4.317627092829772550e+01,1.020656111543753096e-05,-1.026645526292017976e-05,6.943849200865041666e+02,3.920792733812307347e+02,2.445344184694006628e+02,2.499542962892072069e+02,2.135311517444574747e+02,2.237014585501588328e+02,1.866050425671218420e+02,1.921073839158808596e+02,1.749627991879515037e+02,1.510237211563508595e+02,1.747335318712210892e+02,1.722914736145654615e+02,1.647848200821507021e+02,2.099173056647629494e+02,1.581430640054589389e+02,1.896735317253433948e+02,1.986903828805537273e+02,1.864318259298963198e+02,2.235171333986017430e+02,1.574079735273467406e+02,2.414023470899083463e+02,2.104132729799475214e+02,2.286472001592553340e+02,2.303128476474688284e+02,1.839045707590040593e+02,2.274730455593550857e+02,2.496378278296434416e+02,2.113525718675961969e+02,2.010184312722502114e+02,1.866034907557471740e+02,2.077066471851774736e+02,2.148436421843796609e+02,1.808410982064981170e+02,1.590194660234686808e+02,2.194773658433366279e+02,2.399958632134041636e+02,2.562681695560818866e+02,6.636373787126896673e+01,-2.483547829241387106e+01,5.186892420163227158e+00,6.168933186168481519e+00,-2.224590050213560843e+01,3.548565831933237291e+02,3.136934966810222249e+02,2.808612761578278310e+02,2.167020487719935886e+02,2.034709406980357755e+02,1.966072091025310442e+02,2.264767663119867507e+02,1.991633604364487553e+02,1.927279366986728064e+02,2.030444104462917494e+02,1.939614936515166050e+02,1.804928101025451781e+02,1.791322568231595369e+02,2.333758916814665554e+02,2.017941466007695226e+02,1.798529084276410686e+02,1.857406395347142904e+02,1.916943427915673510e+02,1.878251806008335905e+02,1.767849394659858717e+02,1.605419923221955969e+02,1.676270622577246456e+02,1.822467914175141175e+02,1.826659479912093502e+02,2.258569851977867131e+02,2.882398673309575088e+02,-5.223133103282494716e+01,-5.231814297566032934e+01,8.995831486503278995e+01,6.556978943638335977e+01,5.207659442606338018e+01,2.689460932543691456e+02,2.331613822534039855e+02,2.195354857337217425e+02,1.937914091266507057e+02,1.794630658858535242e+02,1.576306910870253830e+02,1.693461409314292609e+02,2.022485327456439279e+02,2.448411217631465463e-14
5.752773684267868930e-47,-2.046818388069617413e-46,8.173032883191247641e-46,-2.216102248721421190e-45,1.184593291666769859e-44,-3.623457622011431146e-44,1.537599848001075884e-43,-5.388712647150633361e-43,1.942857538230953391e-42,-6.929938631957979256e-42,2.725656963912969571e-41,-1.058625922908958218e-40,4.801401604906040931e-40,-1.345468354347730397e-39,5.475705107887762568e-39,-2.266969740829583725e-38,8.061056983180685649e-38,-2.883868637404767206e-37,9.010158140686443482e-37,-3.915218689482550021e-36,1.593245712223967672e-29,1.819734712310525214e-29,-5.492131916186795421e-30,-5.999835312748503766e-29,-6.102390036089346050e-29,2.023854823567427040e-28,3.458658324566803826e-27,3.278558155941186642e-27,-1.740879162231069044e-25,-1.128177812029023961e-25,-1.985636900686017267e-24,8.897841467585584939e-23,-2.398191778958543118e-22,-6.511637022310262689e-21,-6.784497089432611705e-20,2.575624601113259105e-20,3.812528387181740656e-19,3.645268401318458234e-18,4.212129660859913931e-18,-1.462772261227422298e-16,7.951058967461647808e-16,1.228898108951286987e-14,7.450895440425915937e-15,1.379922491918392020e-13,-5.577176916047028929e-13,-6.149754216559290438e-12,-1.336895503897586815e-10,-1.480265712230209848e-09,-1.348001493492418293e-09,7.281339767145074886e-08,-3.412430636088279040e-07,-3.013339064729494687e-07,8.304629363168026742e-06,1.004015416963382470e-05,-5.031238099646824155e-04,-1.212863672342481304e-02,3.987417961157503632e-02,-1.332987744860074375e-01,-2.425504149849387669e+00,-3.456429687229041292e+01,5.168403940762298134e+02,3.609548684581596376e+02,3.302391964736663681e+02,2.795965901818802877e+02,3.465090962890539004e+02,3.458888399270495029e+02,2.613789670271150953e+02,3.687125949948600123e+02,3.652165521430554236e+02,3.319565476450938490e+02,3.306247569676807530e+02,3.871265913639709311e+02,2.635824120514353126e+02,3.605836709502427766e+02,3.130641270001036673e+02,3.236398972067613045e+02,2.201400336694724729e+02,2.181050027200622310e+02,3.026959474882175414e+02,4.726746473960098456e+02,5.280196422118564215e+02,3.948663686684853928e+02,3.089919598501585369e+02,3.619639776589151552e+02,3.886971773763985425e+02,2.753824646821384476e+02,2.654598626185681383e+02,2.844007426114580426e+02,2.410809762810238794e+02,2.162513509851028175e+02,2.181694749013338708e+02,1.724067226614190815e+02,1.667164834993910176e+02,1.829578406138818423e+02,1.889581222432175593e+02,1.738174591339024744e+02,1.562206001613805313e+02,1.394071249883075438e+02,1.392024544153759109e+02,1.918110273429924746e+02,1.875840674433762842e+02,1.440466254738062162e+02,1.637359461420927857e+02,1.723643860247611599e+02,1.931897685657581860e+02,1.902588159287113854e+02,1.732609764450733394e+02,1.943530259675316358e+02,1.887071750825064385e+02,1.785634213036808262e+02,1.822810524254487348e+02,2.287750966502732410e+02,2.491158095431529489e+02,1.073334966232406806e+01,1.057887093226810293e+01,-4.104911991579443864e+00,-1.467205850395034616e+01,4.504607110167689221e+00,1.022128066622919107e+00,-1.027701207200279399e+01,2.959626467687298756e+01,3.207251721640760138e+02,2.722510774469203625e+02,2.182341693024951610e+02,1.898095413968875675e+02,2.047095898234920810e+02,1.884977148552658548e+02,1.924999550375432875e+02,2.043290842334760384e+02,2.488080757148210864e+02,3.005728155221670477e+02,3.132225566733164328e+02,2.371937004775853950e+02,1.837638393343337100e+02,2.071526529675580548e+02,2.504561664086855615e+02,2.509323353606685316e+02,2.145853937231406121e+02,2.495688114440424670e+02,2.845829215206895242e+02,3.275230000960920052e+02,-2.102421953249232445e+01,-7.719760499769193984e+01,7.315885141462992181e+00,-5.185670680997283455e+01,-2.724836640682915956e+01,6.011970835690592985e+00,-1.473952495400347174e-05,7.665534705094884170e-05,3.044776575724421832e+02,2.639068587781889619e+02,2.826609713602335319e+02,2.228200459386398222e+02,1.845146626144091613e+02,1.750128745933560879e+02,1.976339255160760615e+02,2.080221074976643649e+02,1.554761387933254468e+02,1.509006172015586174e+02,1.751796551956339840e+02,1.593731471549068033e+02,1.880741026435596837e+02,1.614056818160809144e+02,1.854926675398104408e+02,1.999133414514324727e+02,1.971979765358521774e+02,2.067447882699274828e+02,1.437358099816185870e+02,1.193211890085439677e+02,1.622034679759553626e+02,2.302314198932414797e+02,2.099211043662015754e+02,1.902449303004978276e+02,2.397844320299336687e+02,2.028990143378884454e+02,2.129671784325229282e+02,2.069086176521664697e+02,1.704503789415398103e+02,1.585019822794243964e+02,2.496940178277489224e+02,2.321111380303267708e+02,1.797896025972296172e+02,2.154401633714786612e+02,1.739382169183724329e+02,2.261549612564024301e+02,2.756792121042486201e+02,3.607679848623448606e+02,3.443290828753447386e+01,-7.393886828074040629e+00,-7.657079820500398704e+00,2.823446786589498458e+01,4.222976443881835280e+02,3.411803009522486150e+02,2.958865634069753696e+02,2.182237700117497923e+02,2.098746754434390596e+02,2.100746740996367805e+02,1.997645319896886917e+02,1.872434492112728321e+02,2.172655607022649917e+02,2.141848553173592506e+02,2.141580898169959539e+02,1.798215445489352362e+02,1.653315712536889635e+02,1.189988668258193911e+02,2.107409553063319265e+02,1.562118285004919187e+02,1.605133411392682490e+02,1.972493249536940709e+02,2.198897245213832150e+02,1.696355203634089435e+02,1.723658312335681444e+02,1.973932619740610335e+02,1.786720623848806895e+02,1.778133950915755008e+02,2.167397688975581502e+02,1.945122040001309358e+02,1.888148348889451356e+01,2.157068820631193162e+01,4.558973585465261635e+02,3.486345843154311410e+02,2.949436172298210295e+02,2.283151711071044758e+02,1.954646215016896917e+02,1.967421853563857894e+02,2.074637255631348580e+02,1.855925001669738208e+02,1.706700523253322785e+02,1.802556657393221542e+02,1.590084306497118973e+02,1.640450361548075626e-14
8.367811465553875581e-47,-2.264489170246798700e-46,7.786690903159219919e-46,-2.823910034255349774e-45,1.091656006192309994e-44,-3.863090607442444682e-44,1.364254096061100073e-43,-5.235359893058321929e-43,2.083134760174289872e-42,-8.061236774969794050e-42,2.809910100021875815e-41,-1.058149384042322352e-40,4.340831187617962913e-40,-1.480567390572482966e-39,5.677597154353992366e-39,-2.025406908016483183e-38,7.777231981449209228e-38,-3.229776338331004666e-37,1.092180676620097435e-36,-3.850319136175712464e-36,2.671911134743741056e-30,3.051677191092703013e-30,-9.208559309818128306e-31,-1.006249632473175041e-29,-1.023131868296122456e-29,3.393062204083432920e-29,5.800576896874627017e-28,5.496998410914977059e-28,-2.919437137014040363e-26,-1.892149166861073333e-26,-3.329876217318022532e-25,1.492179775264405122e-23,-4.021797231055498884e-23,-1.092012360243941195e-21,-1.137770995492316490e-20,4.319359430160247432e-21,6.393673679956652465e-20,6.113173381401911550e-19,7.063811977250068508e-19,-2.453092835075594011e-17,1.333405473471824209e-16,2.060881983939842839e-15,1.249527260169686459e-15,2.314152312749321621e-14,-9.353015791061364388e-14,-1.031323728066613007e-12,-2.241995374752895559e-11,-2.482429533464432535e-10,-2.260620298490542867e-10,1.221092451733359294e-08,-5.722701350412592679e-08,-5.053418333423187863e-08,1.392699771563252068e-06,1.683750087570760205e-06,-8.437467640610451006e-05,-2.033991988697720233e-03,6.686964391406677137e-03,-2.235442000535526816e-02,-4.067609676044408040e-01,-5.796488470743396348e+00,6.437765485370167653e+02,3.763475215931982234e+02,3.534406765876941563e+02,3.447603089694081859e+02,3.667997877636136081e+02,4.036526682099454320e+02,2.667453343602488189e+02,3.146537336812580747e+02,3.145184338322345639e+02,3.227312445748121377e+02,3.047537103163292613e+02,3.136626860445413172e+02,3.522324513491674907e+02,3.099043248701125890e+02,3.599169105689987873e+02,3.641751777014487743e+02,3.386950117119235983e+02,3.281642279923170804e+02,2.349795005405428299e+02,3.838554473522353305e+02,5.512961136860888018e+02,5.233770024548351785e+02,3.255366130182706570e+02,2.990649101897872697e+02,3.050051036344337376e+02,3.968958726135546726e+02,2.880192709600003127e+02,2.834997167329796071e+02,2.601812320576142383e+02,1.923624426623428292e+02,1.696683296706142698e+02,1.925662540407422796e+02,1.803125311928148449e+02,1.669064782634746678e+02,1.737794719928650125e+02,1.640056556305965785e+02,1.850734873031213397e+02,1.862361303150498486e+02,1.612747325574264323e+02,1.730030376141588135e+02,1.707287625701841023e+02,1.778574053325730233e+02,1.856957788125437787e+02,1.622420419300109700e+02,1.531819754439555368e+02,1.726480647278890501e+02,1.739526626699477276e+02,1.804810566425751972e+02,1.829288396449929337e+02,1.577240468909866706e+02,1.633134999832682865e+02,1.955112685103563592e+02,2.010263411038282015e+02,1.936024078020917614e+02,1.937818049480726472e+02,-1.194571159088417467e+01,1.056282121298211391e-01,3.481417778279022990e+00,1.646633960351273407e+00,-1.563213018053018111e+01,4.279689832673988121e+02,2.849369976081599134e+02,2.398887932084027739e+02,2.324243626930841629e+02,2.078746525943398069e+02,2.019526459644443719e+02,1.641135745120133720e+02,1.811465387606728541e+02,1.638117424465332874e+02,2.116513767610495620e+02,3.055803071023817097e+02,3.279878671350338664e+02,2.569157617420624433e+02,2.085684144578559653e+02,2.127143820172077255e+02,2.461788068038673032e+02,2.263652284852524588e+02,2.272883744373340278e+02,3.368972756793076542e+02,3.079373684282588783e+02,1.066041674767402903e+01,-3.525795608594299413e+00,-1.294616317500907599e+01,1.226885766906719466e+00,-8.696453576519084905e+00,-4.569595102918357910e+00,1.008222970435654675e+00,-2.268829590153172192e-05,1.270435886146216670e-04,8.454816018006953371e+00,-5.490867657394417733e+00,3.498117005859372739e+02,1.825383547265539903e+02,1.939260801395257090e+02,2.218385873877336678e+02,2.181618613951809493e+02,1.857291273991205003e+02,1.848323333936605195e+02,1.629673735907423406e+02,1.798125386678348434e+02,1.623901367141985759e+02,1.791654841959346811e+02,1.555480964580219734e+02,2.131790205657291892e+02,1.840367618334517488e+02,2.152121030888656037e+02,1.719164132135167335e+02,1.651399689068426255e+02,1.712525406163611024e+02,1.806880332797721849e+02,1.976722781992840225e+02,1.758636459035388100e+02,1.464380097807638208e+02,2.453860553705966083e+02,1.505015798542556809e+02,2.012531244686074388e+02,1.847986023471211467e+02,1.885117071978891374e+02,1.556076123041605115e+02,1.999265734717063481e+02,1.673815758890847292e+02,1.742035894925937782e+02,2.020553598558483657e+02,2.292719018653025387e+02,1.937228719003311994e+02,2.252434643209097658e+02,2.920365555204894576e+02,4.822178367629614399e+02,-1.136714059954766398e+01,-1.160322409739176663e+01,3.377168524540618364e+02,4.436536163923781828e+02,4.024171282918374573e+02,2.486205503229488443e+02,2.107719331496980999e+02,2.097851130584361670e+02,2.016869721674029847e+02,1.935828263592067060e+02,1.836942256929267785e+02,1.752797491513807699e+02,1.877119300515085456e+02,2.018309774371149956e+02,2.309004416071578305e+02,1.629284452813897701e+02,8.925669472773756752e+01,1.805836915767249593e+02,1.853078902819687528e+02,2.068055173159386300e+02,1.873052269029355443e+02,1.602666748565581827e+02,1.727900419449943854e+02,1.950286771223682649e+02,2.089814716239905010e+02,1.892372798427018097e+02,1.603212636132324462e+02,1.434042854946230818e+02,1.420360040433648976e+02,1.916266601299700483e+02,2.353749365282865824e+02,2.295075078850047987e+02,2.186793860392115221e+02,2.285095785902012153e+02,2.127901887361973934e+02,2.001820635326020863e+02,1.764167096254748515e+02,1.943328410823675370e+02,1.943453452046321388e+02,1.661489522903831642e+02,1.683634973723545158e+02,1.715082801148466558e+02,1.308826537291885716e-14
1.158984534485770837e-47,7.364927319513192235e-48,-7.620175609004303689e-47,2.348352564714593329e-46,-9.890371786999771465e-46,3.020664226166040873e-45,-1.921677176134710953e-44,4.240478852593431545e-44,-1.973458808972715167e-43,4.302852821257431728e-43,-1.677938078681431092e-42,1.246960105105837370e-41,-2.847018374785863616e-41,1.690321926348345410e-40,-5.070354832995555564e-40,1.629521000168409574e-39,-7.136033345309474919e-39,1.561884635363657043e-38,-1.049305199945520545e-37,3.137371052933708323e-37,-3.260991056843778131e-30,-3.724568283993455018e-30,1.124134584274515564e-30,1.228012037458399035e-29,1.249035283501175912e-29,-4.142479140541072613e-29,-7.079005737367105885e-28,-6.710630343333149465e-28,3.563168120121035667e-26,2.309069633153517430e-26,4.064135404876786239e-25,-1.821175623130063754e-23,4.908526317871507085e-23,1.332776255215912950e-21,1.388624230065631442e-20,-5.271687872871005483e-21,-7.803333157298146691e-20,-7.460992333031387930e-19,-8.621221321985381492e-19,2.993944800116652576e-17,-1.627391513659908907e-16,-2.515260382960926401e-15,-1.525020005401947190e-15,-2.824371161246128752e-14,1.141514666744944507e-13,1.258707538380579390e-12,2.736305208231042980e-11,3.029749719288932178e-10,2.759036511545479112e-10,-1.490316024600100870e-08,6.984428995826285492e-08,6.167584042534978823e-08,-1.699758919930704521e-06,-2.054979320714201416e-06,1.029774053025065225e-04,2.482441726862441491e-03,-8.161290468944768298e-03,2.728306960374209458e-02,4.964426627302382378e-01,7.074484525513392796e+00,9.304143236591232835e+01,5.119333606044737621e+02,4.201532385503355727e+02,3.460091133014766456e+02,2.872541634977134208e+02,3.246345903648186777e+02,2.987080773302482157e+02,3.783595809546445707e+02,2.906944348375136542e+02,3.354776214091548923e+02,3.162204796657293286e+02,3.558042455138987634e+02,3.712458457283623829e+02,3.415342081750930561e+02,3.391399365254980012e+02,3.558241613450389309e+02,3.335519957635716537e+02,3.070579690800113326e+02,3.801136802079523704e+02,2.758022658245943148e+02,4.280551390937401379e+02,3.873958612888640118e+02,3.711890891244086674e+02,3.226037876524126773e+02,3.071911424377141202e+02,3.286620613854298085e+02,3.217235109178102448e+02,2.616076713958870528e+02,2.675131209792883737e+02,2.130982009208248087e+02,1.911052846770738824e+02,1.787293196861497790e+02,2.213181049928987250e+02,2.523227988992837538e+02,1.599192274191805154e+02,1.659211264444316214e+02,2.048753036686993596e+02,1.979617586751964780e+02,1.771095616228894585e+02,1.866524512215164577e+02,1.921054360953393711e+02,1.753075915895141463e+02,1.840940824465617993e+02,1.589224365313584428e+02,1.596184118546001969e+02,1.570830343586641789e+02,1.463663829115473050e+02,1.655616135125596600e+02,2.082302252932634872e+02,1.609416147716640353e+02,1.899836977707619212e+02,2.033160613915642898e+02,1.915514439380027625e+02,2.440704869572204530e+02,2.653048339798974098e+02,3.974881808633553533e+02,-3.010546642792171568e+01,-3.609261630434828305e+01,-1.924247707471015545e+01,4.748882121936951535e+02,3.522319464963735527e+02,2.174820955488133620e+02,1.973165902762014525e+02,2.345058726059817502e+02,2.135208464539771285e+02,1.962561709745626501e+02,2.143427269661623598e+02,2.346829548987192027e+02,1.956251259022400859e+02,1.990774522689108323e+02,3.130400486127412591e+02,3.450061822242893754e+02,2.544023338652835946e+02,2.184363271682449295e+02,2.152234721362170546e+02,2.027258513574026040e+02,2.030227076741169014e+02,3.070967404608084053e+02,3.465630369122915226e+02,4.257154233350860295e+01,-1.297599196304548563e+01,4.303154677012022589e+00,1.580050258163081800e+01,-1.497386636119369063e+00,1.061382707216281496e+01,5.577088612519794708e+00,-1.230580645583380317e+00,2.638490346956489426e-04,-1.488945066566518989e-03,-3.277027137035577908e+01,4.169846469033983567e+02,2.742421717773291903e+02,2.258859021472904658e+02,1.661892654303197787e+02,1.876337829279457026e+02,2.048064625802619219e+02,2.183245689765396378e+02,2.057509999637708518e+02,1.836393229952952311e+02,2.146276609778054194e+02,1.775340358904109053e+02,1.434741652334797379e+02,1.664477815577199920e+02,1.609273516624450906e+02,1.681222158330648142e+02,2.615274534344864605e+02,1.949126029978223187e+02,1.929900805076475194e+02,1.961665797297501683e+02,1.850417334789505901e+02,2.118975724484451746e+02,2.270590658483972106e+02,2.223259641872587338e+02,2.054131613742114553e+02,1.831688950152148436e+02,1.644315791803294360e+02,1.893211915263066487e+02,1.457852585318594834e+02,1.810544359319875412e+02,1.743444168705116795e+02,1.671711853330581050e+02,1.656290004550136246e+02,1.961650621446275693e+02,1.905321314299911819e+02,2.094761227057992699e+02,2.416840513712732843e+02,2.517847527144321873e+02,3.205867295639675945e+02,3.513711956044664930e+02,3.691408570521733168e+02,3.905208140878780654e+01,4.956632151951474725e+02,3.161943900514465895e+02,2.841136485537497265e+02,2.362400100338420543e+02,2.187399876971190338e+02,1.624996178574737087e+02,1.766371097750039780e+02,1.556668941153966443e+02,1.376068290910961025e+02,1.621433394446020202e+02,1.721599901756050883e+02,1.923428974081786293e+02,8.976993011754661893e+02,3.316825117693922493e+03,1.911011643948527876e+02,2.576127764627944998e+02,2.045424836576450787e+02,1.582850832025862928e+02,1.567345359892449892e+02,1.814708828712002457e+02,1.871830440335964738e+02,1.763022815890335551e+02,1.695645736952343157e+02,1.498659836536998284e+02,1.552712740190318357e+02,1.676131453867545531e+02,1.717669070401154841e+02,2.044995751411494211e+02,1.529572315222942791e+02,1.680550022944941020e+02,1.785375858957955302e+02,2.781399160825750982e+02,2.986380474382373222e+02,2.025162711340354065e+02,1.929071872895310662e+02,1.683153526173670400e+02,1.599438792386388002e+02,1.862162999994283155e+02,1.818212677351740751e+02,1.538770740770087968e-14
-1.805837713172178602e-47,6.105032419405027694e-47,-2.264422692920096671e-46,8.373633044918146496e-46,-3.332726758887922737e-45,1.194889842949613028e-44,-4.778000316761550255e-44,1.756240775031436817e-43,-5.703756555234092770e-43,2.481426533029544421e-42,-8.258113779028436004e-42,3.200837898598200999e-41,-1.185422595162937738e-40,4.856569634118353920e-40,-1.609563614824490321e-39,6.632036674492513913e-39,-2.362714641842381425e-38,8.913928707137511179e-38,-3.107976472930007822e-37,1.300988095971293175e-36,1.598739010834855425e-30,1.826036735715319919e-30,-5.511930531342393250e-31,-6.020225326533512057e-30,-6.124457003358328824e-30,2.031269124782277448e-29,3.470443051645773196e-28,3.290477620849870598e-28,-1.746908710100231665e-26,-1.131989868043580235e-26,-1.992521657913248040e-25,8.928563161047280838e-24,-2.406473803851554308e-23,-6.534110107884518345e-22,-6.807914038223951347e-21,2.584516479824152734e-21,3.825686267677393993e-20,3.657850198416839181e-19,4.226666406573322802e-19,-1.467820914152028405e-17,7.978501525138212225e-17,1.233139601384729386e-15,7.476611639133448839e-16,1.384685241187974286e-14,-5.596426324569427388e-14,-6.170979805860478220e-13,-1.341509739324640894e-11,-1.485374782929456680e-10,-1.352654060919806353e-10,7.306470985737310792e-09,-3.424208487808765348e-08,-3.023739469337250961e-08,8.333292419663436899e-07,1.007480731291601227e-06,-5.048603192818487906e-05,-1.217049817032301836e-03,4.001180355814750074e-03,-1.337588492410594562e-02,-2.433875668883776766e-01,-3.468359399622317429e+00,-4.398588551099294364e+01,6.142627725328476345e+02,4.336653031673053533e+02,4.301558555528459920e+02,3.452199891523585507e+02,3.325470229302388816e+02,3.314354199412106823e+02,3.437824146093660147e+02,3.268602029733807512e+02,3.267779274453262133e+02,3.262195310842521963e+02,3.013998606694806881e+02,3.539016015294286035e+02,4.233417883643917889e+02,2.763325289678257377e+02,3.191748741815160315e+02,2.880706205270246869e+02,2.859385886855212107e+02,3.554246588187168641e+02,2.620009130847048482e+02,2.936530987876507197e+02,3.010818947453143437e+02,4.502932628028824524e+02,3.697400435579358486e+02,3.117190496265066599e+02,2.869937072677096808e+02,2.934825884442033157e+02,2.936661029087588304e+02,2.724684078446793478e+02,2.268316391488397983e+02,1.804694212587921811e+02,2.085995151552939433e+02,2.067258671575935409e+02,2.266594105309586951e+02,2.197310736218206557e+02,2.018203936062148500e+02,2.062412105214798714e+02,2.087226002004950942e+02,1.824747955525752161e+02,2.006134522213889966e+02,1.869568398922194774e+02,1.810882010759405887e+02,1.774103713182825004e+02,1.598261189496407155e+02,1.595280043791444484e+02,1.690617035997429127e+02,1.675005850604971442e+02,1.962652231495176807e+02,2.138392789576188022e+02,1.810006995032900363e+02,2.023401176689505405e+02,1.960144352991367782e+02,1.936801314549617814e+02,2.196880076067261029e+02,2.272750875892643592e+02,3.363597212251809196e+02,2.893953840641879651e+02,3.114286250133749832e+02,1.737227653660979740e+02,3.087089738838694188e+02,2.209181675588787641e+02,2.057020887177067436e+02,1.817491599756232574e+02,2.195110580400407230e+02,2.273583763110222549e+02,1.915857858253631889e+02,2.102539675541591464e+02,2.610750457379392628e+02,2.416238955464997957e+02,2.200397984039097139e+02,2.591119997803352248e+02,2.697785179389078394e+02,2.335676188263992685e+02,2.147257819074294218e+02,1.785466015790458414e+02,1.708994425937150368e+02,2.185537775568779182e+02,2.434608081861447033e+02,3.044035795289504449e+02,-2.009569750850082315e+01,6.361651302250560747e+00,-2.109678368541762605e+00,-7.746404907684283359e+00,7.341135591244821734e-01,-5.203568791607120936e+00,-2.734241291780542316e+00,6.036386852375682510e-01,-1.292455429200799330e-03,7.299499076813566016e-03,1.268133066214071221e+02,3.339816285779643863e+02,2.796438182246071733e+02,2.232280520901362024e+02,1.987475822511416368e+02,1.855604438352012551e+02,1.856217365787057076e+02,1.903998269657492415e+02,2.024540863225566341e+02,2.264600081614189264e+02,1.987704145751587532e+02,1.771796443439705229e+02,1.882888514076950344e+02,1.944887353005571242e+02,1.641401437879007403e+02,1.611789119895155125e+02,1.995672625142062486e+02,1.875952600583369474e+02,2.331357623498115856e+02,2.189447660111981691e+02,1.942353062324312702e+02,2.342971141364262166e+02,2.310392968285148072e+02,2.194807136883312637e+02,2.325056949098133714e+02,1.917803137691513484e+02,1.687918645148266705e+02,1.468925182078992293e+02,1.599160117671596026e+02,1.819876829328041765e+02,1.666936111369781202e+02,1.900566083269728495e+02,1.587573447224173151e+02,1.546748897548914670e+02,1.856756204818462379e+02,1.865810925421147886e+02,1.944819602865250658e+02,2.265820191821693470e+02,2.197039642467497060e+02,2.631441253978954933e+02,3.356854520425566193e+02,1.513749176488632884e+02,2.908673808493450679e+02,2.375829138263782738e+02,2.041652305626899704e+02,1.724205275616110100e+02,1.603946619981341826e+02,1.596471435912682182e+02,1.637125795285883498e+02,1.583521232372423242e+02,1.594559291106386354e+02,1.685476094334818811e+02,1.743421178437427841e+02,1.622386031735290430e+02,4.330434534936860587e+02,1.292523114486416489e+03,2.158891648423746688e+02,2.310610731566013953e+02,1.943129671967095362e+02,1.801569284444864252e+02,1.822011863429875120e+02,2.200739422730459012e+02,1.889019899505179296e+02,1.538911603057542834e+02,1.555164173892878523e+02,1.666327231100601409e+02,1.670428159199794038e+02,1.803133787574660687e+02,1.698193151098843714e+02,1.695428173647273411e+02,1.780238648039391194e+02,1.734105884696298858e+02,2.402089355221354197e+02,5.167177345264870780e+01,5.953413593491474387e+01,2.294681453621439573e+02,1.921483745726917505e+02,2.021447546571295391e+02,1.838911962671761842e+02,1.876803518361569445e+02,1.894406959496896832e+02,1.533641588725179240e-14
-7.045209477360927265e-48,6.096221590179652593e-48,-2.754963807590986926e-47,9.067436080995663596e-47,-5.020993800151155785e-46,1.306707764405749016e-45,-5.922130267729184368e-45,2.900513807929625400e-44,-8.086821189518035676e-44,3.131224953077492704e-43,-1.210858126336911673e-42,3.162642708858876078e-42,-2.027349822820223898e-41,6.511787704616394808e-41,-1.706936061259426419e-40,9.634745876775423367e-40,-3.460790652326591393e-39,1.525306162546191024e-38,-4.221492799113650941e-38,1.171479583617919776e-37,-5.939757688737460133e-31,-6.784125485198900451e-31,2.047509416762910762e-31,2.236786138508494939e-30,2.274971676938218700e-30,-7.545000995395893760e-30,-1.289419395174372156e-28,-1.222284413316347224e-28,6.490142993971338407e-27,4.205956536344016666e-27,7.402624662070066455e-26,-3.317190920952505486e-24,8.940666494444160636e-24,2.427594158814075148e-22,2.529318695698467898e-21,-9.602149961937867236e-22,-1.421343286129783547e-20,-1.358987318414075264e-19,-1.570318036485535777e-19,5.453340472783623507e-18,-2.964222984718422440e-17,-4.581437557388843975e-16,-2.777757735208964236e-16,-5.144469413774394794e-15,2.079219390847132327e-14,2.292681120668080905e-13,4.984061109608646619e-12,5.518557543721948015e-11,5.025465191181672218e-11,-2.714545920216358520e-09,1.272183410946407258e-08,1.123398649970320979e-08,-3.096037058791585373e-07,-3.743055592934769102e-07,1.875688718534904484e-05,4.521659802769244989e-04,-1.486543617633748291e-03,4.969492648647345738e-03,9.042487516046891771e-02,1.288586634609709236e+00,1.634191202535371801e+01,2.275176559122768367e+02,4.554773804304019791e+02,4.344616252769308176e+02,3.910271456307976337e+02,3.258431495631899111e+02,3.197039094236000096e+02,2.709726822774371726e+02,3.978336134356853222e+02,3.294276641430035397e+02,2.969575928406911203e+02,2.786189844249626617e+02,3.220757261529858511e+02,1.016612469526774305e+02,2.695844084836141974e+02,3.028469919365433043e+02,2.986405489079077711e+02,3.046716555840274054e+02,2.741810253357578517e+02,2.970087146329321968e+02,3.005368639050107049e+02,3.109673621292531038e+02,3.693827568166725541e+02,3.629913618321538138e+02,2.725955476476814283e+02,3.204693831558135457e+02,3.368602832407200367e+02,2.822196702121685234e+02,2.748643208628599837e+02,2.192152089470903888e+02,2.136418738407907938e+02,2.170493711717740837e+02,1.952985856832917761e+02,2.029525121351872770e+02,2.232080365860481095e+02,1.905324338031473417e+02,2.184839323629711885e+02,2.107627659212478761e+02,2.040388063854180700e+02,1.737134026145714643e+02,1.719009879935560434e+02,1.878999686237030460e+02,1.773561690831220119e+02,1.600160580602767766e+02,1.493046226213714647e+02,2.000848838772260763e+02,1.843845605061349886e+02,1.799939623488144491e+02,1.917761094296415649e+02,1.726472828853829355e+02,1.793990997365139606e+02,1.816873645592274613e+02,1.710154383990962401e+02,1.935870832594865760e+02,1.917851608352676749e+02,1.796247930794134504e+02,3.152409550835418486e+02,3.523789851037001881e+02,2.427604128342150034e+02,1.555086437432719606e+02,1.787248833265687153e+02,1.716032607395071636e+02,1.680847807841349209e+02,1.954999140597907683e+02,1.966265030828428166e+02,1.903498352233033302e+02,2.021869518960523635e+02,2.069823348069783151e+02,2.035464764178642554e+02,2.277218170131044701e+02,2.527693508306233241e+02,2.277294620700647272e+02,2.034447834396690098e+02,1.937183130557886273e+02,1.529931367397483655e+02,1.988407256731806569e+02,2.556303912551950646e+02,3.068963204393540991e+02,9.575652893337323235e+01,7.466079560679106386e+00,-2.363520586440907678e+00,7.838009375131467227e-01,2.877992929865732741e+00,-2.727424730536716635e-01,1.933262510666892142e+00,1.015842469274269355e+00,-2.255258180705601578e-01,4.910910365304588764e-03,-2.773799253620810173e-02,-4.689965900862395642e+02,6.343509265118389067e+02,2.931815464080185052e+02,2.357118737081588051e+02,1.974615355979953506e+02,1.850755904620252466e+02,1.773721371175853960e+02,1.793505458909158961e+02,2.384941832534277353e+02,2.015178865283487255e+02,1.914522251535922805e+02,1.925839726614001961e+02,2.000457361649625625e+02,1.795717253099139441e+02,1.580984966744025826e+02,1.696725283739008887e+02,1.558499672473874398e+02,2.076885343707646712e+02,2.014392522574343332e+02,1.970463622252986227e+02,1.796646564767808911e+02,2.131444245923718483e+02,2.245586319481231214e+02,2.324657999038476817e+02,2.371990815386296561e+02,2.111856080137030460e+02,1.659125176336015386e+02,1.602216626905224075e+02,1.654977950735117531e+02,1.982319829709703640e+02,2.008998046522916923e+02,1.745285370588675562e+02,1.937672643722076202e+02,1.941982067882781848e+02,1.886220136894145583e+02,2.005063851307012328e+02,1.752779051622559336e+02,2.106718896851884324e+02,2.038924747837738209e+02,1.728915385429110358e+02,2.096491560859183210e+02,2.453627166575211902e+02,1.722335547454905793e+02,2.182700446459530781e+02,1.622669070278384709e+02,2.044687224496149156e+02,1.643160086145113610e+02,2.072582564569094075e+02,2.052507366886331965e+02,1.974039800841335364e+02,2.095379993154072338e+02,1.728435693302525920e+02,2.018566143587271426e+02,1.612804968662445049e+02,9.338478108790548049e+01,-2.091204651132877643e+02,1.924203751295757172e+02,1.920583037670932640e+02,1.842723261316428136e+02,2.131270076872723962e+02,2.146419353610424423e+02,2.136760219159154133e+02,1.965809472643770164e+02,1.576726882512663224e+02,1.562889048590472214e+02,1.880125168157247799e+02,1.666752247765331276e+02,1.756828990881774359e+02,1.803216656368125541e+02,2.067598131017911101e+02,2.048478464412883966e+02,1.978112776293974377e+02,2.296836803528472899e+02,9.992819395839048013e+01,9.901478467024405461e+01,2.537995706870767094e+02,2.042299486390614618e+02,1.883179404163183221e+02,1.926979238837768378e+02,1.847560851078829387e+02,1.993869795493301353e+02,1.436139548834364872e-14
1.572013513740409083e-48,-1.615272452946586114e-47,5.933443271593525080e-47,-2.163954119737899445e-46,7.609171256960608208e-46,-3.155873475328028552e-45,1.168707235369255961e-44,-3.886303362234594541e-44,1.717253455566723402e-43,-5.967814782139622407e-43,2.205941802664984008e-42,-7.762455291522297409e-42,3.108595690634391199e-41,-1.134985157123387492e-40,4.448580450881950040e-40,-1.516835508036280832e-39,6.124529990467508779e-39,-1.964076828108682494e-38,8.415617847178849127e-38,-3.128857865897033720e-37,1.850793860509769070e-31,2.113845033481450770e-31,-6.378609114823452798e-32,-6.970203569043514290e-31,-7.087028950445593458e-31,2.350235571575295618e-30,4.017985353110130472e-29,3.807502138215033416e-29,-2.022244189972721397e-27,-1.310694369502768184e-27,-2.306551008717464342e-26,1.033610168917854721e-24,-2.785836738272108390e-24,-7.564203509384202538e-23,-7.881165797947956903e-22,2.991953882167344367e-22,4.428800110284382399e-21,4.234501808187980209e-20,4.892995024422287870e-20,-1.699219953887344209e-18,9.236296164558344215e-18,1.427541481315530133e-16,8.655284564815807356e-17,1.602977970274412403e-15,-6.478691226525126229e-15,-7.143821992407388110e-14,-1.552995962636013088e-12,-1.719541033312575899e-11,-1.565897162959790040e-11,8.458320962926032865e-10,-3.964027844758257113e-09,-3.500425718295114623e-09,9.647018664567868643e-08,1.166307976260404751e-07,-5.844505001897048065e-06,-1.408915193292756317e-04,4.631958129831515152e-04,-1.548456540527543002e-03,-2.817571113754560944e-02,-4.015139056376183513e-01,-5.092016901815132002e+00,-5.688715931899642442e+01,5.425209298745703563e+02,4.082055254317754702e+02,3.582060432805944288e+02,2.849322384932391401e+02,3.189089989271748777e+02,2.948256238309603532e+02,3.724241387365059381e+02,3.232174806505822744e+02,3.340064288135928336e+02,3.374578036072801979e+02,3.771680435553570305e+02,1.725250770792708295e+02,3.081536154374575744e+02,3.162152555646245560e+02,3.206060971516371865e+02,3.130048261306728250e+02,2.989569580724481739e+02,2.853348280941826829e+02,3.193503428186539850e+02,3.593110807388098351e+02,3.654080727264901611e+02,3.817383097465793185e+02,3.580951899169435251e+02,3.359203606220784195e+02,3.331526086699857956e+02,2.648554860229928636e+02,2.614246389757443012e+02,1.953617936586313419e+02,2.167797717150108383e+02,2.075668277702991986e+02,1.753215484286873789e+02,1.899376331220568090e+02,1.966172119369299196e+02,1.674575550575820273e+02,1.998611040925855491e+02,1.914321939850902936e+02,2.117250589696386385e+02,1.597812725962618572e+02,1.614942986542984045e+02,1.756445093125720973e+02,1.786265134403282673e+02,1.789087549800779300e+02,1.643422876320625505e+02,1.984319175708907892e+02,1.807914614623068985e+02,1.846982078041830846e+02,1.981389363467558837e+02,1.626544218956088059e+02,1.787809888141193539e+02,2.018926654002725911e+02,1.804190683413233387e+02,1.757267190781712998e+02,1.901046341885778475e+02,1.908903100705290399e+02,1.555453054234227181e+02,1.815394245545111005e+02,1.883634722072525847e+02,2.015505490095357288e+02,1.690557958594611705e+02,1.729681290796902147e+02,1.766029336368003726e+02,1.829625758181091157e+02,1.741310378134282359e+02,1.943622001467178393e+02,2.042919066814957318e+02,1.929607443542185763e+02,1.688767653340212291e+02,1.947651403116113329e+02,2.532877126302143438e+02,2.358038297976056299e+02,2.310364014726295068e+02,2.042575833660390003e+02,1.910185677645554279e+02,2.518689018690018600e+02,3.228012257697871519e+02,3.315126113594110393e+02,-1.113159882686041868e+01,-2.326374248878561701e+00,7.364552419643418668e-01,-2.442264782550698232e-01,-8.967609555047441061e-01,8.498450323251312277e-02,-6.023900642873176725e-01,-3.165288676715773963e-01,7.431316282665183237e-02,-1.576069481209558740e-02,8.902087450385498535e-02,1.797792038244313062e+03,8.060650325571904204e+02,2.838960044835210965e+02,2.346568953859892019e+02,2.282599803891588977e+02,2.063378988359011998e+02,1.909911157527661203e+02,2.422865765216413649e+02,2.432723232758246752e+02,1.849396887351838359e+02,1.845978871992869585e+02,1.812306984525523035e+02,1.904808081881086252e+02,1.852545580696278762e+02,1.483590247176937282e+02,1.967606573683856936e+02,1.627117982498691049e+02,1.958058185795945860e+02,1.735733951900043053e+02,1.802588771588889642e+02,1.822403022579317167e+02,1.630939246052596161e+02,2.314512160148987618e+02,2.700112210757257003e+02,1.760284225562174640e+02,2.347527808977204984e+02,1.659812276370600159e+02,2.213484422680425610e+02,2.097845465178014308e+02,2.200949823984106501e+02,2.180486276538090067e+02,1.986970811455758792e+02,2.210771776181730957e+02,2.120148115342607298e+02,1.831169024542829789e+02,2.171434131961754872e+02,2.021372001065343511e+02,2.112181502767377310e+02,1.740776869957113604e+02,2.339696021517932252e+02,2.053534856954264569e+02,1.877866204688083087e+02,2.056562072175565561e+02,2.133232220567356308e+02,2.240866290543663979e+02,2.304802016101221795e+02,2.313094495189471900e+02,1.939922010439945268e+02,2.173415344945618983e+02,2.479690954163358469e+02,1.881144459094756769e+02,2.031522626495624593e+02,2.108545205869766619e+02,1.860123795132161604e+02,2.238001525281821387e+02,3.224411842744822820e+02,2.121394842774853657e+02,2.188981379169316313e+02,1.857740623302063625e+02,2.202149494458093102e+02,2.077290463483830649e+02,1.884814671292230912e+02,1.905535388499128544e+02,1.796289027339242352e+02,1.652425034340478192e+02,1.973755090689671761e+02,1.807748162731344621e+02,1.720819189413982144e+02,1.734025669288531617e+02,2.072509934533002252e+02,1.841713066355513320e+02,1.684499524934496435e+02,1.850200367527739331e+02,2.505954007865256301e+02,2.778555856229442611e+02,2.294450548657792410e+02,2.144990010050795775e+02,2.287828480891232061e+02,1.950064762896645334e+02,2.027890621134215792e+02,1.998207349591460513e+02,2.345001358742134578e-14
1.725579518631154683e-48,-4.350216513437190178e-48,1.944488706311388768e-47,-6.931060132076628705e-47,2.647520519956111439e-46,-9.178857644309211855e-46,3.628480801841960596e-45,-1.428984439744149418e-44,4.775738290024197986e-44,-1.865296180763581865e-43,7.265512733554751919e-43,-2.371846922153917013e-42,8.759785441411949248e-42,-4.207841532989935238e-41,1.158249560004652149e-40,-5.042847764432793590e-40,1.810173697652966261e-39,-7.124648161500561716e-39,2.651371626620497733e-38,-1.154505617043942881e-37,-4.870894941667528389e-32,-5.563506147169557211e-32,1.679717156292866945e-32,1.834073964162802654e-31,1.866303224121808860e-31,-6.190758847366984476e-31,-1.057283647976396070e-29,-1.002716252947185816e-29,5.322452006706558300e-28,3.448549746105764178e-28,6.070785545657311568e-27,-2.720292734972034430e-25,7.331882298122022416e-25,1.990763366116603716e-23,2.074184818004794938e-22,-7.874320089122924919e-23,-1.165581253703672953e-21,-1.114446690715202927e-20,-1.287748801790423264e-20,4.472047335293512128e-19,-2.430830420452950291e-18,-3.757037995222645315e-17,-2.277918305314957775e-17,-4.218755983799589253e-16,1.705077535553584461e-15,1.880128200164242313e-14,4.087212046230619416e-13,4.525529352669024698e-12,4.121165736508556041e-12,-2.226081208341045743e-10,1.043262360580443742e-09,9.212504400179540523e-10,-2.538925521520128856e-08,-3.069517319777939082e-08,1.538170851211780450e-06,3.708016814798781329e-05,-1.219049855705823030e-04,4.075265080958721938e-04,7.415351269156470262e-03,1.056713931803650308e-01,1.340129227301277037e+00,1.497169909910414098e+01,3.492805648941665027e+02,4.899218119803884974e+02,3.596954804479266841e+02,3.065472705041298696e+02,3.356326254578954718e+02,3.200014726482431797e+02,3.182459044682266835e+02,3.016939224350717836e+02,3.834867269749661318e+02,3.603028022006877791e+02,4.154384680438437272e+02,6.238390246488404500e+02,3.639935813159445388e+02,3.208080636104822929e+02,3.521080482467850175e+02,3.382891260953740016e+02,3.180010940222862246e+02,2.392047483722041079e+02,3.085782010595847851e+02,3.714246303807872778e+02,4.183895602081748848e+02,3.998269304891269371e+02,4.510455179782348978e+02,3.536285563760375794e+02,2.637652918906558739e+02,2.678170983289480773e+02,2.191127511123124521e+02,1.852310772910131220e+02,1.751055550293374381e+02,2.282863494450157873e+02,1.876347527551243672e+02,2.068128244704573149e+02,2.276723102947100301e+02,2.048068271238600175e+02,1.951338664763992767e+02,1.808090194867105254e+02,1.958193211436705781e+02,1.755112370712427037e+02,1.655960591761829335e+02,1.849010106018600368e+02,1.904324817969301193e+02,1.861817365295761135e+02,1.921231919538886359e+02,1.810440949340361954e+02,1.759129120231391994e+02,1.927518807835434131e+02,2.083084604365844541e+02,1.862192714158850322e+02,1.882022132905081833e+02,2.126947744986210296e+02,2.078764450331865419e+02,1.860729869750891794e+02,2.001107086347800248e+02,1.978276548654863518e+02,2.044051673590907967e+02,2.178825692105098710e+02,2.028787835194148101e+02,1.728238302852840604e+02,1.964704845438856751e+02,2.104284604965820620e+02,1.870449115754913123e+02,1.843627988544339189e+02,1.878767211363907563e+02,1.950939060140444781e+02,2.041761396316522621e+02,2.122069450533765291e+02,1.788540760128075817e+02,1.824620908985385199e+02,2.173726262120675585e+02,2.283918666174903080e+02,2.514112924393492676e+02,2.357795732625789356e+02,2.749267369817882241e+02,2.862251060777506950e+02,4.008675001326020606e+02,2.926243490018495663e+02,-2.987952886061299296e+01,6.122607573056477737e-01,-1.938220579576648284e-01,6.427611067724489646e-02,2.360117002602485081e-01,-2.236642429471221924e-02,1.585384717926979492e-01,8.330480816665115917e-02,-3.042640443628550490e-02,4.242148447150205504e-02,-2.396087624124387527e-01,3.170341358486395166e+03,3.845750294238924312e+02,2.736458046205254959e+02,2.032076730137052323e+02,2.689667481494965386e+02,2.140721944100945109e+02,2.058937568300446515e+02,2.626714421035085820e+02,2.199562551552746754e+02,2.003875067146557569e+02,1.733553176504325108e+02,1.598706836071576447e+02,1.827624134278227075e+02,1.916011407732154055e+02,1.918919429563626409e+02,1.830754026378312176e+02,1.771851045196362122e+02,1.753461782116579855e+02,1.877647940993156226e+02,2.008469680375037001e+02,1.877736595450782886e+02,1.510587906472656528e+02,2.077446562706346924e+02,2.239865446300299823e+02,1.567814004029241630e+02,2.231677573482172079e+02,1.730739347017988621e+02,2.126698925205791113e+02,2.408011854497543425e+02,1.836525051281328444e+02,1.879484289429843784e+02,2.352137242219479560e+02,1.903895073978634116e+02,1.674535965410228471e+02,2.011982538334195567e+02,1.920891512397669487e+02,1.999818152541245126e+02,2.070566072550508636e+02,1.985893777232393234e+02,2.221756939949099490e+02,1.789592900416153043e+02,1.960021229625328374e+02,2.409910838022248356e+02,2.271724472155184174e+02,2.426902470799594767e+02,1.936792698847771135e+02,2.445386160519631460e+02,1.600163844434341911e+02,1.880212972687950526e+02,2.472651382332083756e+02,1.645926153162814671e+02,2.177669068194321653e+02,2.089095829899573289e+02,2.219805527546714359e+02,2.026710293664024221e+02,1.709258664210146037e+02,2.484184173887749978e+02,2.400535919417575030e+02,1.892786404972050036e+02,2.046760254947040494e+02,1.867667632114377909e+02,1.827072227942138625e+02,1.782827764702959428e+02,1.950085943390486705e+02,1.644123031627916589e+02,1.733167198871526011e+02,1.862694419605712994e+02,1.847498035863352470e+02,1.772354121735130263e+02,1.731102746894094366e+02,1.778889631740772188e+02,1.470796228421600631e+02,7.538912587472820803e+01,1.178082619147574803e+02,2.236000330955800735e+02,1.722070983435229721e+02,1.955536341342520075e+02,2.729748991434812524e+02,1.946143897740438149e+02,2.010148940014717027e+02,1.967205790395121596e+02,2.128089913197289310e-14
-5.176439153652570357e-49,2.894164729123717524e-48,-1.159352618119945890e-47,3.201931284756745845e-47,-1.799446811509388006e-46,5.981239039605921019e-46,-2.034659733881823147e-45,7.748514926835495335e-45,-2.729533666495675625e-44,1.026593955316293693e-43,-4.513028261841340665e-43,1.136430750756509778e-42,-6.168424011374527944e-42,1.929934462343026573e-41,-8.143337662707324844e-41,3.078634863184740491e-40,-1.112721506772657129e-39,4.797316819734698096e-39,-1.467885662207475370e-38,4.794848852744030955e-38,9.944371637587794509e-33,1.135911646559259599e-32,-3.430511719619028152e-33,-3.743712720718567170e-32,-3.812771674762343852e-32,1.264818629067279727e-31,2.158119024768369743e-30,2.048205354402951588e-30,-1.086687663841903082e-28,-7.039032004011649159e-29,-1.239518771938349226e-27,5.553800589663512933e-26,-1.496891368083515542e-25,-4.064356346000327010e-24,-4.234675450945790993e-23,1.607633850754512362e-23,2.379659566497492072e-22,2.275264887554459741e-21,2.629076841049269999e-21,-9.130171307845128870e-20,4.962804770598869309e-19,7.670402645288324681e-18,4.650617998299610512e-18,8.613050334134635011e-17,-3.481101684306674486e-16,-3.838486590133940301e-15,-8.344488831706705229e-14,-9.239361370297845672e-13,-8.413809000983917909e-13,4.544787390150091207e-11,-2.129933806257266346e-10,-1.880833172465824698e-10,5.183493149308273549e-09,6.266754131691988522e-09,-3.140343425872171196e-07,-7.570320434827360158e-06,2.488823135017731661e-05,-8.320097793666200508e-05,-1.513924775647596541e-03,-2.157396654670645786e-02,-2.736019867620865242e-01,-3.056635535789243630e+00,-3.796414357808905748e+01,3.866040718926474824e+02,3.931144693027843005e+02,3.669093385917861383e+02,3.285155964234267572e+02,2.879939951600027825e+02,3.519191632163314125e+02,2.948114161956777366e+02,3.317559412668689447e+02,3.362765461946528376e+02,3.173218109523517114e+02,5.382145879430281639e+02,4.386273771787239752e+02,3.201712652758999980e+02,3.373577372513977934e+02,3.593794303275045650e+02,2.755004598639502547e+02,2.348891058836418608e+02,3.237512556360323970e+02,3.085404104570908999e+02,3.235804636862573034e+02,3.503529394406479582e+02,3.901370793045616097e+02,4.031527518053049448e+02,3.041270625378393788e+02,2.514853457929608567e+02,2.051107438765352526e+02,2.166067610648295272e+02,1.934087691192835905e+02,2.225335671406573681e+02,2.341178962385536124e+02,2.596944356755274157e+02,2.596628363967367363e+02,2.501525383337972528e+02,2.315249175514448154e+02,1.896440909700871771e+02,1.894744489597128165e+02,1.722696536944625052e+02,1.856746090575165624e+02,2.108454161092033416e+02,2.019880803206827409e+02,1.743313362825940942e+02,1.992119453611215647e+02,1.940840425548694270e+02,1.812162902175661259e+02,1.654194967560221983e+02,1.887892544119839897e+02,2.082466479200945741e+02,1.893533152331214069e+02,1.968235260491064480e+02,2.010108845337096568e+02,2.073893029416051661e+02,2.239117212278878242e+02,2.157724582888533291e+02,2.427367172408318083e+02,2.493553071496838811e+02,2.075099994560268613e+02,1.930213631217431782e+02,2.141152289669969377e+02,2.005492256531067596e+02,1.677559950692014183e+02,1.792121579338576396e+02,1.898527166298275404e+02,2.060132634735985846e+02,2.002278770267310506e+02,1.743956892280413626e+02,1.845089040725269456e+02,2.066559479649840227e+02,2.090001311506184436e+02,2.144463040264135429e+02,2.013082752629631784e+02,2.288187012152309308e+02,2.925196930978253249e+02,2.924725281754604111e+02,2.622720639531553957e+02,3.931602106760738593e+02,7.555806419948203256e+01,-1.249997061319043090e-01,3.957088572881471700e-02,-1.312266863348825023e-02,-4.818436086354817988e-02,4.566346833428412862e-03,-3.236737540835581128e-02,-1.700754623819347028e-02,2.832371896736343361e-02,-8.652798137581373117e-02,4.887349973871322750e-01,7.951195182877640377e+01,2.488538643640583814e+02,2.365862272717833150e+02,1.931914876130962568e+02,2.257308639341655976e+02,1.748683586439402973e+02,1.966357578805942978e+02,2.071228058676806540e+02,2.214989678954572696e+02,1.823093272018216453e+02,1.824913208149554578e+02,1.712757344482336634e+02,1.708901473349075673e+02,1.591162331319072507e+02,2.245078820618076065e+02,1.360594131019202280e+02,1.935787468237390669e+02,2.060625643516651166e+02,1.724229517722133096e+02,1.969524723912916500e+02,1.776469095556948901e+02,1.881128595406971726e+02,1.835867525024045790e+02,1.802036341701939079e+02,1.915688738259453885e+02,2.141959825695631991e+02,1.624392288502799317e+02,1.860829115311297528e+02,1.747951412636866735e+02,1.425177567129021838e+02,1.675323227867632170e+02,2.199095284259759637e+02,1.764614377800806437e+02,1.880543938253224212e+02,2.133238486946092678e+02,1.879685594823172607e+02,1.842435571411793944e+02,1.912002753846639678e+02,2.054982617584244906e+02,2.045025348176501723e+02,1.834858579776729925e+02,1.500042512942045789e+02,2.400413808432543874e+02,2.436384239876014703e+02,2.007008413473471933e+02,2.167523813882929744e+02,2.110575605837103979e+02,2.066149709286938503e+02,1.953706755628280121e+02,1.828328632041354354e+02,1.938937815650243692e+02,1.918828124631984906e+02,2.053881416438473480e+02,2.222371777636683419e+02,2.069135004074863673e+02,2.152020657796003889e+02,2.109770170859837606e+02,2.159801934916319510e+02,1.806879964134749343e+02,1.878805152724867185e+02,1.878372322963835757e+02,1.759174456060219143e+02,1.757536933314801786e+02,1.912293082933620099e+02,1.677285740456908059e+02,1.584038044033191852e+02,1.699392801726025368e+02,1.877177600511001287e+02,1.816613775476859587e+02,1.845329938540556043e+02,2.455608097262192189e+02,2.111308648939867112e+02,3.057621035696753253e+01,-8.963482717675784528e+00,1.929972675570549256e+02,1.726180728426610642e+02,1.818060121120014401e+02,1.999430798071029187e+02,1.765190991489373005e+02,1.655091396279732407e+02,1.909631811037055513e+02,3.115788167842019505e-14
5.315607920075796313e-49,-4.375263842126709357e-49,3.999553326174411382e-48,-8.664963756403811215e-48,3.921313050088335280e-47,-1.299700775070383727e-46,5.248004550875928391e-46,-2.065022293670682307e-45,8.345622559438818609e-45,-2.865717034498262433e-44,1.202960595003281125e-43,-4.956170381985532572e-43,1.020691852296008087e-42,-6.022609154665308749e-42,2.037923529339519646e-41,-6.885781533480590742e-41,2.722714662142023565e-40,-1.088385104879066052e-39,4.375436883750065564e-39,-1.511616572806184383e-38,-8.556872132307391689e-34,-9.776575054688505480e-34,2.956647711889684677e-34,3.219388124651288416e-33,3.287068475643047432e-33,-1.090760177954965283e-32,-1.856293588070363437e-31,-1.767776348803644759e-31,9.351900875199782191e-30,6.051232276758800169e-30,1.066733106896935352e-28,-4.779146871377254596e-27,1.288120492684190950e-26,3.497409010515212151e-25,3.643981772378472370e-24,-1.383401090569478445e-24,-2.047713202143115903e-23,-1.957888342899922466e-22,-2.262336764849960212e-22,7.856592570514679677e-21,-4.270537871744195275e-20,-6.600452266907650442e-19,-4.001897980808474586e-19,-7.411609155285445093e-18,2.995520173426260955e-17,3.303052903717053392e-16,7.180509327180436513e-15,7.950555337357522265e-14,7.240159971029584511e-14,-3.910831307672275625e-12,1.832827610181303743e-11,1.618474223011993379e-11,-4.460443479319565827e-10,-5.392599511385123096e-10,2.702294370778991396e-08,6.514330288550807956e-07,-2.141655174437798288e-06,7.159520594632877369e-06,1.302746179054307539e-04,1.856459643029469055e-03,2.354370234037232029e-02,2.630262962242025382e-01,3.266849435515351452e+00,-1.137759955402202827e+01,4.243011267520731167e+02,4.157119802808117015e+02,3.553269514321211204e+02,3.276895613979744439e+02,3.349743227112682575e+02,2.898705341679338972e+02,3.129696928594208885e+02,3.176234068066971759e+02,2.838353230591486636e+02,3.121658893899380587e+02,4.363141545986791243e+02,3.649471006113215594e+02,2.702477152514788372e+02,3.122786298335384458e+02,2.582457804300041175e+02,2.653616570979394851e+02,2.817236351416964339e+02,2.801404104397116157e+02,3.257443264892881984e+02,3.121787702155987176e+02,3.576132111363315857e+02,3.980880557711569736e+02,3.688582007067504946e+02,2.982823364283768797e+02,2.708455307896910540e+02,2.465006303649419692e+02,2.053004467622693028e+02,1.873959558987365313e+02,2.038953521297115685e+02,2.174413238749798154e+02,2.469429529674025048e+02,2.451162008299037609e+02,2.237593015382587396e+02,1.945923297368941576e+02,2.043325397965849675e+02,1.792763735085211181e+02,1.867174890498475577e+02,1.914555354912761800e+02,1.851426797954416088e+02,2.025687503364788142e+02,2.003007288033519160e+02,2.041683103815477409e+02,2.161466286031757704e+02,2.279528721243201517e+02,2.062760887623580572e+02,2.044939004955851374e+02,2.232900076475584683e+02,2.282194722056575245e+02,1.937849310200358559e+02,1.910948381022777198e+02,2.441481202552267860e+02,2.340162429940161246e+02,2.010641225805655381e+02,1.892242236173295851e+02,1.802414367274763833e+02,1.700690265453607992e+02,2.002732339155075465e+02,1.971138678409469946e+02,1.747409398883585254e+02,1.744473109669122550e+02,1.938819631819653182e+02,2.257570865382788554e+02,1.729435871046041768e+02,1.695752576636698734e+02,1.972903891776111323e+02,1.807331205981599567e+02,1.967305058930807888e+02,2.006526111988474952e+02,1.942417970236176927e+02,2.076676835127300933e+02,2.249331231787234060e+02,2.957087836394881606e+02,2.866931190085879155e+00,3.786913028047144962e+02,5.239373982391698519e+02,1.075633954511455610e-02,-3.405111304794791564e-03,1.129217810262992836e-03,4.146308645727780733e-03,-3.929363519627624085e-04,2.785257554021539333e-03,1.463483834104123893e-03,-2.045537941191998346e-02,7.089681869843812712e-02,-4.004456848720695517e-01,2.818617260946349390e+01,2.527921115991137810e+02,2.226418897977496840e+02,1.839733894346697696e+02,2.125007343734442884e+02,1.914655542359096216e+02,1.785391354805529431e+02,1.945115881652369580e+02,1.788858630173481288e+02,1.811095885692486434e+02,1.828923286858880317e+02,1.638261672448208515e+02,2.081837376221045588e+02,1.875958483217287380e+02,1.958971055228920193e+02,1.645676684102158447e+02,1.910692173993828078e+02,1.831209876507723777e+02,1.619267601985471856e+02,1.634769013247868372e+02,2.010690480964426285e+02,2.052126965682812454e+02,2.029726940932156367e+02,2.274789651443801688e+02,1.834806144116920450e+02,2.226157043893624916e+02,1.787395265872639527e+02,2.264276118900934307e+02,1.698339171809776644e+02,1.835444130260616760e+02,1.727262907234807585e+02,2.214275655704247470e+02,2.287040922328711474e+02,2.112407942862800496e+02,1.978695384646113666e+02,2.015368885456630892e+02,1.817829098902316787e+02,1.747697011667820277e+02,1.758135497660367150e+02,2.067790092968801048e+02,2.118690985158849855e+02,1.482891681522077079e+02,1.513080020038126747e+02,2.184694481417900533e+02,1.988289703854987067e+02,2.137236781780467823e+02,1.902149585449811866e+02,2.211235862812712014e+02,2.130695633509567131e+02,1.638344304538042593e+02,1.533741503781815823e+02,2.095017440298282736e+02,1.819039363231489688e+02,1.968506282876873570e+02,1.790996406710365250e+02,2.257549884534684850e+02,2.047592827091114316e+02,2.121583155083620227e+02,1.975991962681467840e+02,1.949294177158409695e+02,1.670058477105751820e+02,1.862131021433803539e+02,1.791330227223556051e+02,1.883448619460408509e+02,2.014471336066982587e+02,2.066021747762061409e+02,1.805418694871712262e+02,1.725037241131490475e+02,2.006929855655768620e+02,2.177546759620704222e+02,2.451608278085410859e+02,2.063463934970726257e+02,2.990796820683012811e+02,-1.392661000115216430e+00,2.538507036003022961e+02,2.105159387422161501e+02,1.940424490111656723e+02,2.063357088379051447e+02,1.907327279599803376e+02,1.606757058672264975e+02,1.784821000669823263e+02,1.264209854445262552e-14
3.486526604506382469e-49,-7.474606539206263782e-49,3.461728721230171481e-48,-1.129266528697773499e-47,4.318429854665166411e-47,-1.552864790075764930e-46,6.227785361424802637e-46,-2.257825700263014060e-45,8.627477149960327478e-45,-3.150764309040573990e-44,1.224828021448400990e-43,-4.451112300778688988e-43,1.747645219883423669e-42,-5.741124330933381257e-42,2.281993754703769145e-41,-8.715292168811956617e-41,3.035503399796770894e-40,-1.195207595535347894e-39,4.293609049845731859e-39,-1.697793962462157067e-38,-5.594865242745898316e-34,-6.393246613479652598e-34,1.937502237178718846e-34,2.103946133324149390e-33,2.155689527590071420e-33,-7.157715315491850602e-33,-1.213068495764238856e-31,-1.157310279010043758e-31,6.116211948127576121e-30,3.953218214263197799e-30,6.976561947918655143e-29,-3.125043829738928145e-27,8.422923308208917099e-27,2.286869427306651161e-25,2.382719418693779124e-24,-9.045837370454789248e-25,-1.338949962184941371e-23,-1.280220562542919789e-22,-1.479286547263284399e-22,5.137246748512460787e-21,-2.792407683533738759e-20,-4.315886823681798431e-19,-2.616749615865828353e-19,-4.846284144465735658e-18,1.958703097524490166e-17,2.159791579684400909e-16,4.695172734165052686e-15,5.198688380384793146e-14,4.734176952416458626e-14,-2.557204174905684483e-12,1.198444537304503460e-11,1.058283702132792157e-11,-2.916583146701287929e-10,-3.526098903455837675e-10,1.766969194455831853e-08,4.259573296698000740e-07,-1.400379899027359165e-06,4.681448651064427191e-06,8.518362734022931222e-05,1.213896988885488585e-03,1.539469467354901561e-02,1.719869484818374594e-01,2.136118987452868989e+00,-7.439555118385011490e+00,5.089792706780248750e+02,4.662318923554891512e+02,4.095887085211970771e+02,3.869638964664492278e+02,3.176626679028894955e+02,3.005342703311197283e+02,3.298379739564731494e+02,3.074215948366129965e+02,3.161791538598172338e+02,2.916711469378162747e+02,2.932873126074965739e+02,3.947629293468094716e+02,4.007928528802542587e+02,3.106702811713130927e+02,2.287577910791653721e+02,2.768009301028353661e+02,2.918763091715430846e+02,2.848022694939552935e+02,3.143667541953663545e+02,2.543465255284839373e+02,3.003937476705882546e+02,3.066843929989071285e+02,3.239587371060732721e+02,3.852015696083942657e+02,2.837280010782952218e+02,2.407342905845872565e+02,1.968401461177750775e+02,2.499480775901222671e+02,2.596627137582311207e+02,2.677292759274525906e+02,2.392288510555325161e+02,2.418528902172701578e+02,2.695134199787385683e+02,2.043385858617719748e+02,2.255035786746323083e+02,2.353289134477533935e+02,1.857858831913770246e+02,1.835392489857410965e+02,1.779510604731901822e+02,2.104483785262719095e+02,2.178562646386110089e+02,1.964113959765381594e+02,2.157059861961894853e+02,2.260935907142657584e+02,2.418636083831581800e+02,2.244462474619386114e+02,2.054666506731365132e+02,2.532429198294076116e+02,2.214707980044044859e+02,1.780560080949557289e+02,1.896377399494396911e+02,2.069639953306528923e+02,1.787310476245249049e+02,1.973701169803984499e+02,2.132309720268987974e+02,1.855679931330810462e+02,2.073318560878147423e+02,2.214276847935416868e+02,1.997355699850748181e+02,1.956802390013521631e+02,1.960639527115225178e+02,1.871003563459722443e+02,2.044870929254947498e+02,2.152479611133539095e+02,1.692699337837140945e+02,1.606928440118284982e+02,1.728698108832534501e+02,2.035802507585896421e+02,1.958037085867959206e+02,1.990448480487220593e+02,2.900106439379630956e+02,3.598015042901207039e+02,3.284198314055017249e+02,3.390608719688395922e+02,4.197164006973618484e+02,7.033327158135378732e-03,-2.226526668027429320e-03,7.383706934733759658e-04,2.711178209586800024e-03,-2.569204007999086156e-04,1.821306884953393952e-03,9.567542316105863767e-04,-1.202605176813320298e-01,4.227557255294308036e-01,-2.387846299516949156e+00,3.475173498375640975e+02,2.188834691604090921e+01,2.605332636505310120e+02,2.323918860226261529e+02,1.867750350788969627e+02,1.756390002176670464e+02,1.624419351603409893e+02,1.903781557765662171e+02,1.653807945352955073e+02,1.686182303166127667e+02,2.136635251947085976e+02,1.773262581503865931e+02,1.670735894876148109e+02,1.781135301710933447e+02,1.815842982278582838e+02,1.948753294363848170e+02,2.173986836228268373e+02,2.029707867468110010e+02,1.590293887450401371e+02,1.389698715822068777e+02,1.415771315068303124e+02,1.998780854159606690e+02,1.925341229619381522e+02,1.842975595054651592e+02,1.974331203025045625e+02,1.975807061876865305e+02,1.868865466751047109e+02,1.672347192939803904e+02,1.899509914387722347e+02,1.872005005826009381e+02,1.914439277270828370e+02,1.795889417435083431e+02,2.253823319050561338e+02,1.776978753956411765e+02,2.011438073938906541e+02,1.862630730296341710e+02,1.660310513233841903e+02,1.935754254188475159e+02,1.844451442424106062e+02,2.626813445249455299e+02,1.813162766630885585e+02,1.789604304935705841e+02,1.601250425809558351e+02,2.279887675299626153e+02,1.928006051766943472e+02,2.022542947070888602e+02,1.569358995654270643e+02,1.653325524454545814e+02,2.191875146915051573e+02,2.105883669904684155e+02,1.598790358455343323e+02,1.833412435435882912e+02,1.948941825592426085e+02,2.011331539327283622e+02,1.922199205926213210e+02,2.323146998152387539e+02,2.269038250359266158e+02,2.217937461710406524e+02,2.206664945984977635e+02,1.989045222201052638e+02,1.833662572944902251e+02,1.971953548142140846e+02,1.750567962316802664e+02,1.788936561632604310e+02,1.908297885890060854e+02,1.864131031137478374e+02,2.306335057287635948e+02,2.542554291797633823e+02,2.396673399485964353e+02,2.006147446032477148e+02,1.796055848560402808e+02,1.663172056072521912e+02,2.897150301733502715e+02,-1.374756331038138235e+01,2.468139790076203894e+02,2.027163430276685574e+02,1.653798301279305747e+02,2.409686546534457250e+02,2.447968945973161397e+02,1.826470408515329495e+02,1.989336136541727456e+02,2.310173854955314030e-14
2.167979241130175183e-49,-5.799735497120086320e-49,1.988167392201052483e-48,-7.661354607782159189e-48,2.951253574615708293e-47,-1.136388702643182849e-46,4.318852229689521260e-46,-1.485267201644172872e-45,6.204358993643879001e-45,-2.098937290288829115e-44,8.414655686139126597e-44,-3.264569176411940677e-43,1.109577236557399818e-42,-4.285613038164682204e-42,1.439615830976994202e-41,-5.957683732109027400e-41,2.264223178226612083e-40,-8.245884895575254099e-40,3.069061781152503451e-39,-1.155497356822080482e-38,4.138328202740318840e-34,4.724392922230016014e-34,-1.420997930816472941e-34,-1.560482106885884670e-33,-1.576642867070000603e-33,5.224448234969321374e-33,8.993023528809677735e-32,8.472991228806651878e-32,-4.519680063494063930e-30,-2.936071384533324854e-30,-5.154903885346796459e-29,2.310824367543867361e-27,-6.228177121891491381e-27,-1.691183620680788392e-25,-1.762034513899253943e-24,6.689140069050045920e-25,9.901786728528013834e-24,9.467304056578115920e-23,1.093963378321329314e-22,-3.799048647233143337e-21,2.065013869737979628e-20,3.191637674095685631e-19,1.935113998462470772e-19,3.583871120352731324e-18,-1.448478730712333389e-17,-1.597186202375187827e-16,-3.472124000044029260e-15,-3.844478609155665566e-14,-3.500967954415754766e-14,1.891076355050365739e-12,-8.862609212626842055e-12,-7.826106814565993277e-12,2.156840464361632329e-10,2.607583048156036411e-10,-1.306690213342166260e-08,-3.149994215242839788e-07,1.035594007622069097e-06,-3.461974977952124562e-06,-6.299408758922493581e-05,-8.976881547607245279e-04,-1.138452041738552412e-02,-1.271859538650680077e-01,-1.579679931451892339e+00,5.501620456759845901e+00,4.752585693021470092e+02,5.435737114865756894e+02,3.989894815631075176e+02,3.905408628819129149e+02,3.937369599125357809e+02,2.669499730913323674e+02,2.979082602810685785e+02,3.167682376069549832e+02,3.296278023815120832e+02,2.921228976116898366e+02,3.154285728259691268e+02,3.586223990537996542e+02,3.084904557151199924e+02,3.408666119007626776e+02,2.757316252878409841e+02,2.657963120923715792e+02,2.555537723540090269e+02,3.095999948833803046e+02,3.096420236926029474e+02,2.688056941574557186e+02,3.883682435773372390e+02,2.875794521003671775e+02,2.858317103547790339e+02,3.348563767465166734e+02,2.931778816069611366e+02,2.687014104447746377e+02,2.147332434145915272e+02,2.258340543474049014e+02,2.433900657501710896e+02,2.675097783274819108e+02,2.616009561072227712e+02,2.188115909975222451e+02,2.777657929664658809e+02,2.394635274195614443e+02,2.127938312369134906e+02,2.403368307210331238e+02,1.799697994969949661e+02,2.006874472168851753e+02,1.978753563324722791e+02,1.959707537360123126e+02,2.137961223219827787e+02,1.916956641601901197e+02,2.040040835488980235e+02,2.257365713997531884e+02,2.525035841557248091e+02,2.421339004103238324e+02,1.855203166236350114e+02,2.123441384942582033e+02,2.128146109893156108e+02,1.991170590553018371e+02,1.806249990674575372e+02,1.701232708774847993e+02,1.759093819362058184e+02,1.909048952677041200e+02,1.850786464704780485e+02,1.658478343363267129e+02,1.502292245748602681e+02,1.772498152072853941e+02,2.079660732153840854e+02,1.808050182690127485e+02,1.976751249452133266e+02,1.856231871943798239e+02,1.781380331112990234e+02,2.079708088688109626e+02,1.738246234653963995e+02,1.683313037707480930e+02,1.660327423592379716e+02,1.954005759952265748e+02,1.969674890255751052e+02,1.863068932633088366e+02,2.898453091806851489e+02,3.473670442218468111e+02,3.710634288321867302e+02,4.671143309116701516e+02,4.512724948143832648e+02,-5.201210464900168223e-03,1.646547168955521390e-03,-5.460370651698604784e-04,-2.004946860335301770e-03,1.899096825559273469e-04,-1.347524222444922625e-03,-7.061918245320651308e-04,8.623172939799881309e-01,-3.036113734332638536e+00,1.714884626811770474e+01,8.037976165177292387e+01,-4.755648053684279120e+01,3.362589212546813542e+02,2.440877574973118556e+02,2.113070656532073031e+02,1.910446766553600639e+02,1.857468544764662113e+02,2.102156788928768663e+02,1.887029041403067424e+02,1.789178674260859339e+02,1.800308257444631863e+02,1.688459872863615772e+02,1.613258538634143520e+02,1.724172441420594168e+02,1.727475462915244009e+02,1.631579761501847656e+02,1.850244684035035334e+02,1.871086606210597552e+02,1.537984834560256218e+02,1.611476034761882374e+02,1.697668699591959296e+02,1.957686877001541177e+02,1.703526172668201752e+02,2.018654866519240159e+02,1.767318209389643187e+02,1.769816455545787903e+02,1.499408391425878619e+02,1.542595218522496054e+02,2.081958177009431097e+02,1.807771216729569232e+02,1.743643655830760508e+02,1.698478711579818139e+02,2.054263510535552939e+02,1.983924286995587636e+02,2.404797589524387149e+02,1.591616430589299114e+02,1.613498560662021077e+02,1.697471164075567742e+02,2.181739024038988930e+02,1.965121338074670234e+02,1.931357241230601289e+02,1.862836438543720021e+02,2.268013554123771200e+02,2.335228506421430836e+02,1.856488602902524860e+02,1.832004664740985618e+02,2.046750897030429428e+02,1.702019628742335726e+02,1.706315124170826323e+02,1.916365588549055303e+02,2.148261997574808788e+02,1.984728369020495506e+02,1.901053174871987608e+02,1.914782284043480445e+02,1.787780197758205247e+02,2.083419934597711460e+02,2.046241278344404293e+02,2.166218613739405043e+02,1.998353758333173289e+02,2.019478199642595939e+02,1.763247521354922469e+02,1.793785614212862072e+02,1.773352846456457144e+02,1.664354451962784651e+02,1.607586187755123603e+02,1.594282902669846749e+02,1.931597691829738892e+02,2.405872373047020858e+02,1.761616578084775995e+02,1.630105956837464873e+02,1.735623304601698180e+02,1.778521288540409557e+02,2.387439176496216362e+02,2.425126107984217469e+02,2.211868568430134587e+02,2.250685057850514283e+02,2.283097612433693939e+02,2.957888944826482884e+02,2.528925848147976296e+02,1.980602326459207916e+02,1.992544852749315680e+02,1.731213060553918469e-14
2.897509750836982860e-49,-1.073163319213631146e-48,3.413557683195497007e-48,-1.415532582781265905e-47,4.818294797308181139e-47,-2.150543588278529019e-46,7.701255366840841781e-46,-2.752550206554189194e-45,1.109809690782530930e-44,-3.650539227030690077e-44,1.379231266985975941e-43,-5.654586969317362831e-43,2.148434384154031837e-42,-8.161402193795249483e-42,2.535160643002623654e-41,-1.070113796398366932e-40,4.044875741636563531e-40,-1.440268632861959381e-39,5.451292312697109528e-39,-2.060883865459760374e-38,-1.808096363662255737e-34,-2.068785769399139665e-34,6.344817695248765266e-35,6.774254881066568755e-34,7.067862855310616259e-34,-2.355936325324905739e-33,-3.907426844968059009e-32,-3.795114719787420850e-32,1.979415893429727677e-30,1.270227266720278403e-30,2.257976697646409253e-29,-1.010352297360811794e-27,2.723233045125162527e-27,7.392567142759002542e-26,7.702637481072476985e-25,-2.924463479364957849e-25,-4.328324227432494215e-24,-4.138577211852346359e-23,-4.781960933586824318e-23,1.660707682698295434e-21,-9.026969381442325437e-21,-1.395192359096622376e-19,-8.459117515898901295e-20,-1.566653474742142225e-18,6.331880112303228325e-18,6.981932471467943024e-17,1.517803132811667860e-15,1.680573998207873370e-14,1.530411995639670258e-14,-8.266644544900258055e-13,3.874197877183046945e-12,3.421101518452091288e-12,-9.428404778208417292e-11,-1.139877941080613291e-10,5.712060991050917134e-09,1.376987359740088366e-07,-4.526991990710098722e-07,1.513366520241563507e-06,2.753721322310509706e-05,3.924150832395201650e-04,4.976625238469086637e-03,5.559802299760588373e-02,6.905407278774764457e-01,-2.404976425334538703e+00,6.568538054641555846e+02,4.864123780207863206e+02,3.305270181099452884e+02,3.485434740781807363e+02,3.140805122777327369e+02,2.318933098351824356e+02,3.226457163812866042e+02,3.675982255081112839e+02,3.002666798813811511e+02,3.281706294744374190e+02,3.302529109696856153e+02,2.690496449749699082e+02,2.910869587578056326e+02,3.920841648761003739e+02,3.039397600672414228e+02,2.545321203949063431e+02,2.793809371619130957e+02,3.684660914180208806e+02,3.284135133612211916e+02,2.642469435657284293e+02,2.912681393629057993e+02,2.735235809475785231e+02,3.578784920132803791e+02,3.484482733044732186e+02,2.746897557650624435e+02,2.684691334608382363e+02,2.368389981190083518e+02,2.417708074712279256e+02,2.489282638543746771e+02,2.966350197282086469e+02,3.572960815109748296e+02,2.914312876229378162e+02,3.172907668703348349e+02,3.005379358412303645e+02,2.857847692605415091e+02,2.366116161810971050e+02,1.967230316480455201e+02,1.988207765687980668e+02,2.205096456721778679e+02,1.760579310343900374e+02,1.946651545576000615e+02,2.095840445481225061e+02,2.251043805963632565e+02,2.638703116226142242e+02,2.670207351130755455e+02,2.610078180796911624e+02,2.290765637446794472e+02,2.169311901341552300e+02,2.377242038977021821e+02,2.392281506704535161e+02,2.314532334767157522e+02,1.984208550966803557e+02,1.826807259456165582e+02,1.871028581224604750e+02,1.856653188390945104e+02,1.915458542203481045e+02,1.586338545192766105e+02,1.762298841313327955e+02,1.895599933778944148e+02,2.057479988990937727e+02,2.389701895276686514e+02,2.082799163259337831e+02,1.852410103976871198e+02,1.923412005097326301e+02,1.847337279113501722e+02,2.000358183116867963e+02,2.125399607191371274e+02,1.761858355521262069e+02,1.768003169516765638e+02,2.192851616618542323e+02,2.632899052272645122e+02,2.344942341814596602e+02,4.265848184765230826e+02,1.516787428553591894e+02,1.437437941786362217e+02,2.273652546561754327e-03,-7.198149668812797285e-04,2.387167986538106025e-04,8.764650918987363336e-04,-8.263893925622348808e-05,5.919392347218167295e-04,3.027821136768882445e-04,-3.803063930390069292e+00,1.339230763190925622e+01,-7.564361708850792354e+01,-7.066070563047496478e+01,2.679435473441317868e+02,3.120453995568425398e+02,2.130858245961189255e+02,1.728563519298550943e+02,1.702157051706191453e+02,2.060361416674091970e+02,2.150926293235149558e+02,2.130979129961142462e+02,1.955748167093435654e+02,1.684211109157433270e+02,1.901395205100914438e+02,1.777986317565494687e+02,1.915568680922694966e+02,1.761509345521064631e+02,1.613304309574624824e+02,1.882631532370317018e+02,1.624230518207661191e+02,1.489010724831921948e+02,1.953840979774509776e+02,1.980703318664948256e+02,2.400082455258791754e+02,1.715651814331670266e+02,1.992202404183596229e+02,2.057711621842851173e+02,1.835150421197491255e+02,1.456421566200417033e+02,1.659094511004574599e+02,1.580398129523006503e+02,1.741845800639568154e+02,1.570203033242392792e+02,1.575271586287541652e+02,1.872759548740778257e+02,1.911797993461437102e+02,2.118967861391134591e+02,1.545274837075155290e+02,1.536843510239191914e+02,1.695151611597875387e+02,2.062765109786512880e+02,1.966315618088597148e+02,1.794428490130671605e+02,1.994024127021072843e+02,2.349536647427052003e+02,2.244026504988032400e+02,1.884962573331891633e+02,1.788479744913204854e+02,2.692629612780723960e+02,2.328624025237285480e+02,1.728799009617053457e+02,1.880866225411155597e+02,2.138735369993136715e+02,1.906329328824361653e+02,1.951594085824063711e+02,2.017285651508791489e+02,1.807676136115694305e+02,1.885599463950026404e+02,1.846410305516021992e+02,2.208289033973639732e+02,2.124080032639285207e+02,2.178537811825236190e+02,1.695557725056112304e+02,1.875949345618137443e+02,1.957869172684692387e+02,1.821026958760893990e+02,1.670224829683414498e+02,1.550250493333565487e+02,1.638985909693852818e+02,1.874828719596134476e+02,1.699384744786239878e+02,1.961303272982941337e+02,1.877828970074039319e+02,1.795823058523022269e+02,2.206533119697000132e+02,2.720527475405975792e+02,2.195746442787476553e+02,2.216003442273844257e+02,2.500250795742488776e+02,2.633552860107963625e+02,2.147852670432147875e+02,1.972977130422440268e+02,1.670485381544499148e+02,1.712700596515480029e-14
1.455882788538559272e-49,-2.874642800918348422e-49,1.412032507596924040e-48,-3.911359086248368152e-48,2.240270917379334274e-47,-6.138266427650621046e-47,2.629414510537648698e-46,-1.026903796937252923e-45,4.007862058834635880e-45,-1.267543312367390941e-44,5.697918221112011080e-44,-1.510662051124309170e-43,8.285963049518106540e-43,-3.135293045408315417e-42,1.101683118914417838e-41,-4.083674341559430928e-41,1.491576027500016818e-40,-4.465596496933642624e-40,1.914739878938632064e-39,-7.391766069494539682e-39,6.308196712337941508e-35,7.191394896682965240e-35,-2.144997432595653370e-35,-2.388144803630862468e-34,-2.361113394184707087e-34,7.796656076256448457e-34,1.373706999352523028e-32,1.267938392708806173e-32,-6.879509153102286142e-31,-4.500652473145308590e-31,-7.846657691589976990e-30,3.520988762791608839e-28,-9.489307940108853828e-28,-2.577208555523918304e-26,-2.685086854890005122e-25,1.019246784035206918e-25,1.508937162047705966e-24,1.442684395220595856e-23,1.667100002979305677e-23,-5.789261453747372769e-22,3.146814613408486601e-21,4.863630800994764622e-20,2.948865810894176674e-20,5.461340898468084854e-19,-2.207288585714056467e-18,-2.433900565893406153e-17,-5.291056664806193682e-16,-5.858475889620997737e-15,-5.335010914861340066e-15,2.881749693585118164e-13,-1.350544167128217092e-12,-1.192594951298835424e-12,3.286738983154667579e-11,3.973610915437638757e-11,-1.991222683220238136e-09,-4.800173653716923411e-08,1.578108000089600983e-07,-5.275590983103185712e-07,-9.599463964193953914e-06,-1.367957759624646870e-04,-1.734850010206163409e-03,-1.938145352386920137e-02,-2.407222829534530206e-01,8.383740338320599950e-01,3.162282788657127526e+02,4.782030224503450881e+02,3.513132352292819860e+02,2.905226580914005581e+02,2.837646800962676252e+02,3.768831118610557951e+02,3.271598875204500132e+02,3.769652585346199771e+02,4.214834360451860675e+02,3.029662115274813345e+02,3.202335094439109753e+02,2.905258848901036117e+02,3.215983669334681849e+02,3.913191405755262053e+02,3.666398366008791072e+02,3.227762160796531816e+02,3.461183819515495657e+02,3.163292644798419246e+02,3.281884334261191043e+02,2.573135360746624087e+02,2.657296273918718157e+02,3.147146554974740411e+02,3.662260610742275162e+02,3.564556231846513583e+02,3.306838707415234353e+02,3.149032488189022843e+02,2.638491788586043754e+02,2.613687430532283997e+02,2.827477487456876588e+02,3.105628780377253975e+02,3.443608861071924139e+02,3.390573788548387029e+02,3.081700936523188261e+02,3.141408736977735430e+02,3.276666403205931601e+02,2.791962705975275298e+02,2.242686013193566907e+02,2.067094461832321883e+02,2.335897656096198602e+02,2.188298249818536476e+02,1.821859071252350759e+02,1.814552521170144246e+02,2.143766284339178014e+02,2.832737180092388485e+02,3.112233706511700007e+02,2.857445094750399903e+02,2.786861234961033347e+02,2.612313892242674456e+02,2.424099615624240300e+02,2.375289792261400805e+02,2.307214894361253243e+02,2.092862374061441244e+02,2.177506538219509480e+02,1.875138667897100504e+02,1.664208425906329012e+02,1.858110451708949142e+02,1.817175299696936577e+02,1.968708738031513690e+02,1.956892767214255002e+02,2.148300396425399299e+02,2.247988825768994445e+02,1.962431657772044673e+02,1.931680406300991422e+02,1.952785580021387943e+02,1.813911769572054880e+02,2.331337826380573119e+02,2.424624935279276201e+02,2.135588780724961282e+02,2.095592308437889244e+02,2.200428423380036804e+02,1.998071317078614300e+02,4.714324249330144312e+02,1.976236845132328028e+02,-4.633613553273885799e+01,-4.384948507982007726e+01,-7.925846695003229509e-04,2.510847716897170612e-04,-8.329674744528293691e-05,-3.056191190156798822e-04,2.745193917520145411e-05,-2.166886143092930871e-04,-8.431135603759113263e-05,1.361230944491638795e+01,-4.793587281599584315e+01,3.614772320979037090e+02,2.152051087931351958e+02,4.254168607998621496e+02,3.310333314022583977e+02,2.392064485221854113e+02,2.163304871243595073e+02,1.561412540025842475e+02,1.972597664615170743e+02,1.849180972384442043e+02,1.990804224689497914e+02,1.879309554451921542e+02,1.795281064351882776e+02,1.866197159624507265e+02,1.932979532652022669e+02,1.950254315225137702e+02,1.955113259495020088e+02,1.573541413410015082e+02,1.923350191535984663e+02,1.673835541194905829e+02,1.711236380696959998e+02,2.016655567940354956e+02,1.957860567615271066e+02,2.194967074874084005e+02,1.995633892075027234e+02,1.774483489176882074e+02,2.089008555307925690e+02,1.814993820762797441e+02,1.720549685358498380e+02,1.496133687323273591e+02,1.650580288965097679e+02,1.794430687464519849e+02,1.453754828697372830e+02,1.770292250120934341e+02,1.673729953517104434e+02,1.521986157656869239e+02,1.760111700904965630e+02,1.568735406063978814e+02,1.624727990962629463e+02,1.738714606170049706e+02,1.945339349506743076e+02,1.702040954326402584e+02,1.771691989137224823e+02,1.827206189016217763e+02,1.808623751420543044e+02,1.944936081063314930e+02,1.884848727935569173e+02,1.679326246753660996e+02,2.256069657919210272e+02,2.149490380077654947e+02,2.132050599982356971e+02,1.652011889743292556e+02,1.785631288661287215e+02,1.738875952368252626e+02,1.814544539430085592e+02,1.931701126703982823e+02,1.732470921090952913e+02,1.704476002878574548e+02,1.820672138310982007e+02,1.970001516764743883e+02,2.121138528843273718e+02,2.038066999939068467e+02,1.784892714835880270e+02,1.714190285349635872e+02,1.780456615633346757e+02,1.789998613981610447e+02,1.801422986605960830e+02,1.717341246181651400e+02,1.724705410898845628e+02,1.795297812471251007e+02,1.861865584978749268e+02,1.954265615845146726e+02,1.785910209557315511e+02,1.848757142809502625e+02,2.064057909901673327e+02,1.877903981889255363e+02,2.104021502543438942e+02,2.117088192571120260e+02,2.096404111085639670e+02,2.139120452276546018e+02,2.019906667307998021e+02,1.965673585477134395e+02,1.601737472727697309e+02,2.192970040338828823e-14
-9.109173184610709899e-50,4.207668728271339501e-49,-1.399787272027361739e-48,5.327889991253094745e-48,-2.127922593778593836e-47,7.690376425534613348e-47,-2.913499376797315400e-46,1.036687115323152974e-45,-3.898675929798692878e-45,1.462404458326973723e-44,-5.470013656814779136e-44,2.149544574559447532e-43,-8.235754214654096612e-43,2.792650320720238230e-42,-1.026242246663193179e-41,3.672121642890748846e-41,-1.441866523594233897e-40,5.663025418118050860e-40,-1.906994792640681653e-39,8.952913877754529467e-39,-1.864537527773378026e-35,-2.114793096166821476e-35,6.002112010932291608e-36,7.164741174309240177e-35,6.570020484427755031e-35,-2.111561387922223672e-34,-4.114805568942423859e-33,-3.534171301637167036e-33,2.023686067074975746e-31,1.362665208647718665e-31,2.304433772477808784e-30,-1.039278176894597060e-28,2.800334980531539252e-28,7.610633576341899501e-27,7.928429367082457973e-26,-3.008904496394417324e-26,-4.455926857465239630e-25,-4.259889354448000674e-24,-4.923140682984802786e-24,1.709490853396283133e-22,-9.292088820477189462e-22,-1.436149519993976237e-20,-8.707611380796549964e-21,-1.612643093066280566e-19,6.517754705503378926e-19,7.186919119633581838e-18,1.562363358501846789e-16,1.729913332755764416e-15,1.575342315036270299e-15,-8.509341195100942604e-14,3.987938696396997673e-13,3.521540321659560892e-13,-9.705209253875368608e-12,-1.173343088778556606e-11,5.879758874292093687e-10,1.417413728148008203e-08,-4.659897964674633820e-08,1.557796784794168953e-07,2.834566618780062040e-06,4.039358255839934497e-05,5.122731796350042926e-04,5.723030097274039128e-03,7.108140102746561551e-02,-2.475583073518173027e-01,-7.282819743020607461e+01,6.267149291863294138e+02,3.668808002343976113e+02,2.795534472111432933e+02,3.258036271914666031e+02,4.154888820651959804e+02,3.112063062063289749e+02,3.651992821915724790e+02,4.426663844392593319e+02,2.848853538998675390e+02,3.285506334140952731e+02,3.454714209866285159e+02,3.009567547178588143e+02,3.665164867652040925e+02,3.618957001323007034e+02,3.607962652239129397e+02,4.059009384409896484e+02,2.853946834064336144e+02,3.104854857254201761e+02,2.702919715723697323e+02,3.155148959800556554e+02,3.337089841336584186e+02,3.201827521252064344e+02,3.203528242771073451e+02,3.596602847434552928e+02,3.108772247865110785e+02,3.239653389042865683e+02,2.932428440865875245e+02,2.709959074856725465e+02,3.045218512897428695e+02,3.310344702771662355e+02,3.320081572518522535e+02,2.947455264011573490e+02,3.067845607477549379e+02,2.644009687721698469e+02,2.876295205627731661e+02,2.635605173034770701e+02,2.183652073362903820e+02,2.299373309286123401e+02,2.484185028738011454e+02,2.365835788052851285e+02,2.571515819801905991e+02,1.919909622462174923e+02,2.949621527512787225e+02,3.427043745836372750e+02,2.732657847750035671e+02,2.483721582885916632e+02,2.546430535954932850e+02,2.070290480608396138e+02,1.944179875180334420e+02,1.926580208072249434e+02,2.090059848413810926e+02,2.268033961356027817e+02,1.823761824976429864e+02,1.780146407096817995e+02,1.951473296692995518e+02,1.928232073550562120e+02,2.044534702078509554e+02,2.230592557228325745e+02,2.154240908819368769e+02,1.970288760298991519e+02,2.197535274277120720e+02,2.061229218117723292e+02,2.073654656824988365e+02,1.836927351000932447e+02,2.344409121345901781e+02,2.310511302449374398e+02,2.414748708295830681e+02,2.444760984560639940e+02,2.440777338088774968e+02,3.091608256722106489e+02,2.448115489098331636e+02,-4.533009093672463763e+01,1.368231221246514551e+01,1.294804450824406672e+01,2.340073509620468569e-04,-7.462003447381910419e-05,2.483980815042871205e-05,9.049869713045588765e-05,-3.984280354238246446e-06,9.541215502217428369e-05,-3.966403529992546342e-05,-4.136780870724842885e+01,1.740944526994957187e+02,6.147930212562163206e+02,4.761947144360058246e+02,3.744676913384250270e+02,3.440299762407188382e+02,2.654979684916653468e+02,2.606396774168644583e+02,1.701676627798082677e+02,1.778986537545443696e+02,1.962223554079505732e+02,1.889246408839584035e+02,1.696282234500231993e+02,1.533703550585525761e+02,1.863437200111402490e+02,1.811385545436970403e+02,1.769803909805784201e+02,1.911190325495273328e+02,1.576841915361443967e+02,1.790567600393426346e+02,1.715973231269232144e+02,1.833586109310677728e+02,1.902315254967594171e+02,1.881291006992926782e+02,1.780473995400215870e+02,1.939230494018097204e+02,2.020615842584270752e+02,2.042426516186347953e+02,1.663324640175517288e+02,1.990922488829814370e+02,1.450298079605400972e+02,1.785028643958376904e+02,1.634676978276753232e+02,1.577709332073064559e+02,2.044354152932530724e+02,1.666035360227836861e+02,1.608174043880732711e+02,1.673264058932606133e+02,1.536296648708630528e+02,1.694757649720448853e+02,1.791700933948354475e+02,1.654504627976351685e+02,1.494113346444126762e+02,1.703870416559534817e+02,1.776787462307541432e+02,1.673553801974413204e+02,1.884035202970037517e+02,2.236568651560094168e+02,1.994284305508870432e+02,1.588249400569212071e+02,1.576059776565467132e+02,2.076773861714825955e+02,1.848676918940366249e+02,1.660396217330897173e+02,1.678658339545366971e+02,1.661863157836279470e+02,1.646003758262342274e+02,1.832404398987453078e+02,1.705839073994465878e+02,1.881793206463496801e+02,1.760192793274949850e+02,1.750700330551557329e+02,1.682869027396306763e+02,1.839185530531763675e+02,1.710281763786112208e+02,1.784495702855066952e+02,1.789933453129528971e+02,1.757086152923324676e+02,1.815141185895496676e+02,1.664970459663203428e+02,1.722420063082241768e+02,1.653545259513257122e+02,1.714222609893153049e+02,1.844623955365381107e+02,1.756471355467318745e+02,1.775283443728897339e+02,1.911579367413143586e+02,1.975668295073164700e+02,1.817220956894153119e+02,1.988587063526904899e+02,2.066419435077295645e+02,2.003116711027284396e+02,2.012690106811365638e+02,1.797041685348686144e+02,1.396822657271413591e-14
-3.629393337707536917e-50,1.592419984294693914e-49,-5.418915075712842882e-49,2.211401947386930775e-48,-7.983610945994302662e-48,2.638442461809636629e-47,-1.132889874702926810e-46,3.741087057977728003e-46,-1.440599585928940280e-45,5.355703290572544270e-45,-2.396578762875336721e-44,7.790534023423854322e-44,-2.729186756887535690e-43,1.159498928988430529e-42,-3.557929124813873556e-42,1.526866533194219463e-41,-5.796672417231121885e-41,2.191219698915516763e-40,-7.553338050405607535e-40,2.716095051847147337e-39,4.568115676183475565e-36,5.271499094843482297e-36,-1.737134068869181375e-36,-1.672064327118561085e-35,-1.988781985629524234e-35,6.635671645276730120e-35,9.657035574439578098e-34,1.069560740609607151e-33,-5.040123644660434122e-32,-3.076440492622717509e-32,-5.763424406617315862e-31,2.559822603447008650e-29,-6.900972145740753263e-29,-1.871246121511800141e-27,-1.950077948221464860e-26,7.406476595804098300e-27,1.095633232554024831e-25,1.047765517546949881e-24,1.210408753413072535e-24,-4.204158775667486328e-23,2.285224985849772341e-22,3.532052686706868360e-21,2.141459661398484404e-21,3.966125667834742985e-20,-1.602972096703963625e-19,-1.767531329197775119e-18,-3.842443195719213945e-17,-4.254510004857634452e-16,-3.874363964452296620e-16,2.092768575457876074e-14,-9.807848288836519980e-14,-8.660797172047028925e-14,2.386877613334790693e-12,2.885694111187984058e-12,-1.446054867231088552e-10,-3.485955896692499876e-09,1.146044973531053954e-08,-3.831210872933194277e-08,-6.971270299850639197e-07,-9.934308140024164367e-06,-1.259873300726988671e-04,-1.407509333955591409e-03,-1.748160217869590763e-02,6.088394126453398197e-02,1.791120541325834381e+01,4.527215114480225111e+02,3.950260239276082075e+02,3.783222158383629790e+02,3.457947342671890283e+02,3.079211781786370352e+02,3.158684892318854054e+02,3.122779009939549155e+02,3.362927552170663148e+02,3.475015197551990127e+02,3.193200012901433524e+02,3.327415652681386860e+02,3.149522846004336429e+02,3.657871256787105381e+02,3.121244339979058395e+02,3.210517595537053808e+02,3.836646030868569710e+02,3.337216499029890997e+02,3.069610265548622010e+02,2.726541954746680858e+02,2.847917100037036562e+02,2.903430011829387354e+02,3.128857368142001860e+02,3.332573804473378800e+02,3.463889400202610318e+02,2.552239806506955802e+02,3.463034706511986656e+02,3.395013754224990521e+02,2.623916450930395285e+02,3.047795242020117144e+02,3.657633908381802144e+02,3.183984040194770273e+02,3.216498842127534772e+02,3.000159452505799891e+02,2.415728127876870985e+02,2.707736366273467752e+02,3.119374321206615832e+02,2.541288658352195000e+02,2.164785439874546000e+02,2.334489248293153878e+02,3.259652262966080229e+02,2.437085695526247946e+02,3.318331391092195872e+02,3.028893154481534680e+02,3.262686821825872698e+02,2.538660108759155207e+02,2.323953601028088656e+02,2.471923204238521805e+02,2.507612810960329739e+02,2.329906334560356242e+02,2.195092187802621595e+02,2.276856060126867760e+02,1.978574768022405692e+02,1.843020781221863729e+02,2.223647769416753874e+02,2.178758779064827422e+02,2.021602703455093035e+02,2.018854090855536754e+02,2.059376968658913256e+02,2.231843735845111212e+02,2.134124152904987852e+02,2.446136231803288581e+02,2.219171871561256921e+02,2.007056415708356383e+02,1.957578474539219258e+02,2.168922213413983400e+02,2.115265624938446933e+02,2.263926602013692673e+02,2.350067820378924353e+02,3.046546508218514191e+02,4.943162954618368872e+02,2.005208934673042336e+02,1.114838206654008701e+01,-3.364997531356639815e+00,-3.184413360078360178e+00,-5.747607957291393517e-05,1.954762456823443587e-05,-6.717519978189548082e-06,-2.289220704978966724e-05,-9.314745761639146737e-06,-1.019583315610035759e-04,1.709985247254090974e-04,1.137806266713506744e+02,5.269769215481796891e+02,3.518428835107005170e+02,4.584059270285334833e+02,3.637086513339723410e+02,2.508151207368026121e+02,2.307999996887473628e+02,2.194197736075240641e+02,2.193386771300255020e+02,2.042773600556756151e+02,2.216838215119580866e+02,2.189922762390972082e+02,1.616568468062245358e+02,1.462563057911167448e+02,1.925467521335396555e+02,1.668509402887545150e+02,1.672518115420937477e+02,1.457513345895423811e+02,1.579601269204623009e+02,1.719410902185766759e+02,1.548691836106875712e+02,1.758122798375655123e+02,1.793830972154353560e+02,1.507543104960593041e+02,1.908641397975743814e+02,1.669487131967919140e+02,2.107763980007054556e+02,1.988720088992986064e+02,1.586830485005155822e+02,1.891462059912632014e+02,1.455322741583619290e+02,1.442872375603623141e+02,1.519130308291559004e+02,1.693877579164823999e+02,1.907863421252273781e+02,1.809199247979596805e+02,1.751934009704048094e+02,1.672540995840206790e+02,1.578124360153928762e+02,1.587526454007027326e+02,1.821697406748735091e+02,1.629446421449086699e+02,1.802054668650313261e+02,1.639133027853688702e+02,1.985411838697285418e+02,1.970777383235399327e+02,1.869489649514904386e+02,2.311474640382452606e+02,2.463914679610600444e+02,1.892311190321024128e+02,1.665939373205922891e+02,1.884281928912015189e+02,2.366947013432979645e+02,1.926422127123423138e+02,1.753518537247804829e+02,1.649301290379137583e+02,1.599819801662079328e+02,1.789306979648961828e+02,1.762105485265653897e+02,1.824274495968633971e+02,1.862132286641347036e+02,1.665206450802859308e+02,1.469510742492176973e+02,1.815779078950227756e+02,2.233209121827121635e+02,1.956903665431501622e+02,1.977691686217721099e+02,1.908301316619634633e+02,1.915484003324632738e+02,1.660275223930140385e+02,1.622303050008947594e+02,1.691378952556771651e+02,1.831942111589232809e+02,1.898787818209622458e+02,1.653747674168245965e+02,1.452255890441595341e+02,1.781081987349211033e+02,1.849859128224750577e+02,1.706555337902367171e+02,2.149234019912636313e+02,2.057929391379895776e+02,1.806644374673194591e+02,1.831556679456302561e+02,1.724466697551446543e+02,1.362898489632971809e-14
2.443549697672781504e-50,-4.823729198074931044e-50,1.950721495288585119e-49,-6.171289489051883421e-49,2.455170765403866527e-48,-1.164108420685291449e-47,3.671086982057539863e-47,-1.771113457296943296e-46,4.678439935711737871e-46,-2.352456993297594749e-45,5.811069979511265703e-45,-3.089747798286020644e-44,1.036793880247804841e-43,-4.524782250460515078e-43,1.332101875195546728e-42,-4.668613736525830081e-42,1.924759349546540460e-41,-8.066255144845915533e-41,2.883412812415000550e-40,-8.545771552099722017e-40,-8.035272245996774495e-37,-9.343250875070524072e-37,3.409276535180204174e-37,2.869462621560857349e-36,3.896231779417900521e-36,-1.260555344076678653e-35,-1.612744884824828509e-34,-1.991748215767612379e-34,8.960613592393420503e-33,5.186135154611033626e-33,1.027960194702416862e-31,-4.514687527032688822e-30,1.217022320341182704e-29,3.296872477709674837e-28,3.436541499070583101e-27,-1.305909133767939587e-27,-1.930245061071572291e-26,-1.846406522113921401e-25,-2.132629723918157381e-25,7.408389714770063810e-24,-4.026962553689956691e-23,-6.224193074747047672e-22,-3.773616241067451310e-22,-6.989129848246722372e-21,2.824762607312065672e-20,3.114735836693956842e-19,6.771145684112816997e-18,7.497286893901019985e-17,6.827397161625831711e-17,-3.687871894828662728e-15,1.728336722857095436e-14,1.526203563747164616e-14,-4.206150005953169195e-13,-5.085163426731740650e-13,2.548234457413644854e-11,6.142943202152221252e-10,-2.019557730730761983e-09,6.751350700568544885e-09,1.228475597188237947e-07,1.750621421747777740e-06,2.220145739321446608e-05,2.480309606527948295e-04,3.080603785384643939e-03,-1.072895367435209787e-02,-3.156308365379100866e+00,-3.810686990327627655e+01,3.741639202438421989e+02,3.531414581922948059e+02,3.920766603943714586e+02,3.488877583327959542e+02,3.085754458228407771e+02,2.371810404408228408e+02,3.715230167564297403e+02,3.684124216471604996e+02,2.891943911970253112e+02,3.219894297151280966e+02,3.451968420598050216e+02,3.461675064947136775e+02,3.694809348786902774e+02,3.102976604022814513e+02,3.198096273659853068e+02,3.526581411289825496e+02,3.212017442361660642e+02,3.143922423524439296e+02,3.145555040622962792e+02,3.011175512227582658e+02,2.987989994290522873e+02,3.503459636207481367e+02,3.931981843686887714e+02,2.755639746458795116e+02,2.819854853205397376e+02,3.301575067685740237e+02,3.116074971704380232e+02,2.964406757630761149e+02,2.901476470424557306e+02,2.756464297928737892e+02,3.171427675814390454e+02,2.901758920949371259e+02,2.958004947266834392e+02,3.008225641644275470e+02,3.126826910433886724e+02,3.174796879316513127e+02,2.370567715016881607e+02,2.804837840564434259e+02,3.601467790957349280e+02,-2.152488817953247846e+01,3.602195156757589416e+02,3.194219523794959628e+02,3.068326564237922298e+02,2.736960068731320348e+02,3.187279723094146675e+02,3.582001013650381651e+02,2.535496864577778808e+02,2.455469578694918766e+02,2.010965146571552964e+02,2.381773308827987421e+02,1.906531086972231037e+02,1.863655696390250398e+02,2.020349288503792593e+02,1.682358205122914683e+02,1.778269131268084493e+02,1.871410563448083906e+02,1.693478588596318559e+02,2.081774240127457745e+02,2.071752905661727766e+02,1.891628354808244978e+02,2.008688911527478922e+02,1.904489137236010663e+02,2.126658555423077814e+02,2.234817734848872419e+02,2.128382356352596219e+02,2.487368394938357881e+02,2.548458650898841711e+02,3.612635522491920597e+02,5.094010778514018511e+02,1.049664658297913775e+03,-1.964565240875277841e+00,5.929790660453765350e-01,5.611565662577578939e-01,9.998172245683148435e-06,-5.516575982548177865e-06,2.238081541360547269e-06,5.134619933258606072e-06,1.947930842564465090e-05,1.539744217909871471e-04,-3.095258017363430067e-04,6.516428888081476316e+02,4.169074614332186002e+02,3.894137601707716385e+02,4.759272702534427140e+02,3.409391704140011825e+02,2.173926000553807683e+02,2.278909741858841755e+02,2.103077791352004624e+02,2.655180157203199087e+02,2.527793546607915403e+02,1.934148409107364728e+02,2.341685360716892319e+02,1.696188848858840572e+02,2.034770209311503777e+02,1.606427676034371927e+02,1.805654239489590225e+02,1.708704128884235161e+02,1.282964122461401075e+02,1.469244475317008778e+02,1.685738417522364614e+02,1.621687025039576042e+02,1.791752598206342384e+02,1.822672707093398685e+02,1.587383720850906457e+02,1.901420219620273429e+02,1.902222210818674171e+02,1.798758488674264981e+02,1.438372468263142423e+02,1.698471448254700249e+02,1.537616733373333489e+02,1.279102836667856167e+02,1.611147427523318925e+02,1.787110730291011294e+02,1.466221110718485363e+02,1.631921366708778578e+02,1.779154882356195913e+02,1.471618990876528699e+02,1.790034721355622480e+02,1.715558966488181341e+02,1.554503809701834598e+02,1.662265852707222393e+02,2.162847816778514698e+02,1.770328058003724152e+02,2.176448911663592867e+02,1.734000274559528805e+02,1.780711508925178919e+02,1.685811763655023583e+02,1.560916400988751036e+02,2.057784943069776773e+02,2.483600626454551730e+02,2.031096623429842509e+02,2.039184001491271658e+02,2.044181116514964458e+02,2.204778178129866149e+02,2.085400652108621671e+02,1.603894841429767553e+02,1.648679871677849178e+02,1.150928184436841661e+02,1.251217245657910979e+02,1.634298132663512035e+02,1.819749610720934641e+02,1.928757383883198884e+02,1.630038307252481502e+02,1.879578812678748250e+02,2.225785882307802694e+02,1.996452815905531963e+02,2.166553479246843210e+02,2.497326794007722697e+02,2.150986832603880146e+02,2.071581008863695956e+02,2.090852601008554643e+02,2.051702175129671275e+02,1.804664787614146348e+02,1.643466406681364163e+02,1.934998628659154747e+02,1.553428900612582595e+02,1.422171495348035819e+02,1.690958021352367098e+02,2.273182689473730136e+02,2.042135641495401615e+02,1.843327653063070670e+02,1.734940299896078670e+02,1.664174896108324617e+02,1.592457509125669901e+02,2.056205004948755093e-14
4.963599513171935474e-52,-4.778891063297254735e-51,9.013956124977997365e-51,-3.328150696918388502e-50,1.869220424389241819e-49,-1.051175016258129532e-48,9.815173119288591608e-49,-1.365148154254904178e-47,4.712424508332308176e-47,-1.481606159251827796e-46,4.770954420390477699e-46,-4.081121733768987274e-45,1.221338771646622603e-45,-3.986542804587177837e-44,8.301437729085073771e-45,-5.510571116717457209e-43,2.038981580953518359e-42,-4.286594448621160094e-42,1.322405107747857170e-41,-3.174918673856408099e-41,8.937889220978760601e-41,-8.997382330879845096e-40,1.741740739100960842e-39,-2.163334132209529483e-38,5.136350394777093198e-38,-1.360662164668389620e-37,5.046563054278042204e-37,-4.315832311446209139e-36,1.069312209011414807e-35,4.425377868989680715e-36,4.683700488640072763e-35,-8.568210813353641860e-34,2.646186529168570240e-33,-7.103845485999070967e-33,6.895081959745938525e-33,-1.452767427500423428e-31,4.617375802821875698e-31,-8.819977940523050376e-31,4.027677824423152083e-30,-2.292010733095745777e-29,9.396363872033217958e-29,-1.462528903881662041e-28,5.794003440081563488e-28,-2.512136395667362859e-27,2.299968749549203659e-26,-1.153453415193810338e-26,2.549752052756949246e-25,-1.521051046135928154e-25,4.592745725059133123e-24,-5.397577689466079609e-24,7.241866656389026191e-23,2.754569111176050422e-24,4.360324676519345502e-22,-3.116694657171502314e-21,-1.918807229487284646e-21,-6.025303927336420648e-20,1.336639370931001541e-19,-3.778368136359330407e-19,2.393286011151946933e-19,-4.996874775658465503e-18,3.103195341079582741e-17,-6.438655862113536836e-17,4.637735200458400147e-16,-6.270965796277625696e-16,7.480461254694803761e-15,-1.086561182004270571e-14,3.615446990926156385e-14,4.283455902928526065e-14,4.608932689726262311e+02,4.168684583012856137e+02,3.136055687895600954e+02,3.479991045639199569e+02,3.107301928149980199e+02,3.326094224714262282e+02,2.724544111043779253e+02,3.004741501207186616e+02,3.036205988388776404e+02,3.128851403459228209e+02,3.430703391877692070e+02,3.128925440775697666e+02,3.895067042553809529e+02,4.339174415378224694e+02,3.373299164293517833e+02,4.010516471084955015e+02,3.466946257441875332e+02,3.186043238538988476e+02,3.027220949068340587e+02,3.025575768153025820e+02,3.519325298299494307e+02,2.699063527625267511e+02,2.741118439048483992e+02,3.305335178722967271e+02,3.334583712049869177e+02,3.326580635264821808e+02,2.819541630242035808e+02,2.638277113355708821e+02,3.090377983691085433e+02,3.344702153655458687e+02,2.814174947890696785e+02,2.831757290307086237e+02,2.695159871832553335e+02,3.240485919352021256e+02,3.180204554651355124e+02,2.592994988470720159e+02,2.951175763928911238e+02,5.617876452705689264e-14,6.125819495152713439e-14,3.744034077158367495e+02,3.104429289473920335e+02,2.889169174868868026e+02,3.743060677674166641e+02,3.964862798487940836e+02,3.366529538877376919e-14,4.449410585247526160e-14,2.997758815680185139e-14,2.852561559960067825e+02,1.863588027945276622e+02,1.761116166840826338e+02,2.044779836467752148e+02,1.826531541976763720e+02,1.770392869939122988e+02,1.932797199097893781e+02,1.985178387753557274e+02,2.148260782878579960e+02,1.932064623752383454e+02,1.959565867204956362e+02,2.125303377028557748e+02,2.254809650517390764e+02,2.209858772677452237e+02,2.318549191046747069e+02,2.438731118138665295e+02,2.989602500453047469e+02,3.314931091609528266e+02,5.108558229650419662e+02,5.040185377610180808e+02,4.506433606931007603e+02,9.637546396841737032e-16,-7.674839774336535566e-15,4.720641332953451135e-16,-1.726114142382410522e-16,5.077398348086310939e-16,-1.743994461710449778e-15,7.155160728548106197e-15,-2.288008329548255038e-14,8.803402973076521723e-14,-7.508613640646154668e-16,7.163268766376949088e+02,3.980094016696117478e+02,3.739228027943927373e+02,5.443181593498936763e+02,3.413210025451635374e+02,2.927375044946652451e+02,2.559217081390939086e+02,1.880243804728770840e+02,1.944210905602355695e+02,2.212946399911149342e+02,2.000304475427845148e+02,1.957744403749198909e+02,1.908138699524872948e+02,2.073194780381114128e+02,1.904542113483482524e+02,1.614357259533050239e+02,1.664812716852738674e+02,1.779585332827002730e+02,1.841387658548758850e+02,1.894077196173358573e+02,2.103762257296177722e+02,1.688252250017347080e+02,2.097848329541873511e+02,2.780995946768896374e+02,1.950233397145664469e+02,2.154554976154769577e+02,2.101005031438882042e+02,1.572045977819300333e+02,1.915881025977428180e+02,1.806093496747037079e+02,1.632851376426582135e+02,1.895328027421117270e+02,1.739929779583137304e+02,1.552400940718842151e+02,1.475889823304205208e+02,1.732619036957953824e+02,1.637765946343666315e+02,1.691821080153875130e+02,1.880511318729566597e+02,1.526446083680214372e+02,1.851109804450843228e+02,1.687269983859347064e+02,2.290119080462465604e+02,2.271368441023046785e+02,1.601849989643975789e+02,1.432584372364992760e+02,2.099951904788559602e+02,1.555850928931008639e+02,1.692582754049858806e+02,2.423608387641564264e+02,2.170118359876004206e+02,1.922152887293550236e+02,1.858589452476818451e+02,2.009882427721721569e+02,2.218049859512474313e+02,1.912577140594772516e+02,1.520386468914610418e+02,1.200664641808918844e+02,7.998548048497906393e+01,1.697410997495112497e+02,1.744541146253096429e+02,1.908430596683589897e+02,2.198006842585679692e+02,2.040991374343538212e+02,1.814175589722282780e+02,2.819204083067190822e+02,2.597499239226885379e+02,3.009542328214776035e+02,2.367449817943302435e+02,2.339041351643476503e+02,2.552405664904384537e+02,1.978058092939698440e+02,1.716776092527084074e+02,1.788911952958546863e+02,1.859835273255461061e+02,2.000473340185938866e+02,1.672458439668870369e+02,1.914650951807515753e+02,2.230570192835837418e+02,1.928841798035776378e+02,1.551778512212347039e+02,1.764979928120658883e+02,2.108811114771913822e+02,1.973071179569186882e+02,2.915845056984735090e-14
-5.703692831134436193e-52,-2.305269074626323286e-51,9.342504634220438572e-51,-3.782103806953800568e-50,1.556395667831540869e-49,-4.738174935942522177e-49,2.046998349254457131e-48,-1.178212379218389892e-47,2.795442055721034579e-47,-3.913928728191690352e-47,4.128993652535439348e-46,-1.252554368930084027e-45,6.299676791736394394e-45,-3.014256987163539176e-45,1.026221075033707423e-43,-3.409124959708906081e-43,7.145214752935130324e-43,-4.697593815692577242e-42,1.465668553452424133e-41,-2.123965774663027107e-41,8.711008392223967770e-38,9.881259561006778421e-38,-2.718643923319218089e-38,-3.371476169694071167e-37,-2.760681622829672484e-37,1.070221190630676719e-36,1.955870234596227752e-35,1.681514249225860758e-35,-9.455943027234812025e-34,-6.449632655446064501e-34,-1.076047653996342456e-32,4.847312213793436841e-31,-1.305613572985315570e-30,-3.551285859763918439e-29,-3.699290656027867718e-28,1.403936301862584238e-28,2.079171549594100854e-27,1.987583410300183739e-26,2.297141851655243479e-26,-7.976394695084498261e-25,4.335712410180153664e-24,6.701039160969667442e-23,4.062975631400521839e-23,7.524537193201386283e-22,-3.041156938706175194e-21,-3.353397176661316803e-20,-7.289943146407605109e-19,-8.071727334969512487e-18,-7.350502964695639120e-18,3.970434863625693194e-16,-1.860761079613829799e-15,-1.643140983675184169e-15,4.528423567374714609e-14,5.474785999483638842e-14,-2.743479105841569503e-12,-6.613612960103607502e-11,2.174295405669270626e-10,-7.268636389724915383e-10,-1.322600885744040602e-08,-1.884753306418294794e-07,-2.390252381549058788e-06,-2.670349896024603665e-05,-3.316638364930583590e-04,1.155100163829160574e-03,3.398143398334145249e-01,4.102660241102253913e+00,-1.114672806658259141e+01,-1.041933572807035979e+01,6.889272252932065612e+02,6.515518095003800454e+02,2.950526839515672464e+02,4.151399890150937608e+02,3.582989763395839873e+02,2.910514104065352967e+02,3.064234093459364772e+02,3.277846399323831292e+02,2.626290838091642854e+02,3.099392382205450645e+02,2.642647211476588041e+02,3.775254719188973809e+02,3.406335684158221966e+02,3.337676513669279643e+02,3.211420819659217045e+02,3.241592260334487037e+02,3.230541246542292129e+02,3.113188501310733614e+02,3.168892214117673802e+02,2.944018267568509941e+02,3.650566925858434502e+02,3.664342103964497142e+02,3.353837798011134623e+02,3.065455502590256174e+02,3.249077851041471945e+02,3.469642834470266166e+02,3.638665974664651799e+02,2.851524452074413603e+02,2.475626942751711113e+02,3.097196378090326334e+02,3.031114323102549974e+02,2.588310729510994861e+02,3.102746764067905474e+02,3.800843738806285046e+02,3.838440079141389560e+02,3.986052023361390972e+00,2.764758077293071992e+01,2.317417175422957776e+00,3.190237539768012311e+02,2.722543906969618774e+02,2.749217853988015463e+02,3.260770598389281076e+02,3.715201297431466401e+02,4.041910451922584002e+01,-7.635414230949352010e+00,-7.459743660500724793e+00,-1.349539024647494401e+01,2.844926352618455780e+02,2.061348390498676793e+02,1.943945307506198787e+02,1.842910963571554248e+02,2.022560721624360838e+02,2.084966010409290789e+02,1.933266702613273935e+02,1.956156490237627281e+02,1.706650497519449345e+02,1.928895699269678232e+02,2.205446210286644089e+02,2.054891690988372375e+02,2.059947559458807405e+02,1.750665118252105117e+02,2.071151931717262755e+02,2.457282563000171649e+02,3.768886732222054547e+02,4.515511874124471774e+02,4.551831417347958109e+02,5.071320630753498904e+01,2.192177568787801079e+01,2.115089411764352612e-01,-6.384128752236424564e-02,-6.041521487553361269e-02,2.542230862322044280e-07,2.176081357878534016e-05,-1.101209873157843853e-05,-1.179633040597508665e-05,-1.843320580060401530e-04,-1.406052942088559590e-03,2.887648451519472890e-03,7.088850770970010728e+01,8.830001701631773585e+02,4.253516625095173254e+02,3.127794301337895035e+02,2.718554338774339385e+02,2.810232504581625221e+02,2.066932946415562355e+02,2.355809279498438684e+02,1.841609391728511582e+02,2.117733767669916460e+02,1.724345410386839035e+02,1.663053960929885591e+02,1.709394291915702979e+02,1.603099559299584485e+02,2.225988200212996162e+02,1.611355284430181882e+02,1.445789239181291350e+02,1.886300797522958135e+02,1.175468095069210790e+02,1.781764661645682111e+02,2.129875161617843560e+02,1.871866151790349306e+02,2.107633743394124508e+02,1.982653686315483696e+02,2.317665502393323607e+02,1.881870199636395853e+02,1.612821150920019306e+02,1.858278904194403367e+02,1.665620224169676646e+02,1.931926230597677261e+02,1.893123832847478525e+02,2.224777052128399077e+02,2.060890251738497057e+02,1.737127104484807205e+02,1.615134849805646411e+02,1.863623173219936575e+02,1.538204400368774998e+02,1.607077356651831224e+02,2.114661583738931370e+02,1.531019608750847851e+02,2.013525937488247166e+02,1.694818457469359885e+02,2.227828891876997943e+02,1.643628009426214476e+02,2.293231691220532014e+02,1.677560506462156695e+02,1.916440151794677433e+02,1.780912519933369822e+02,2.389782570595844220e+02,2.033485476901105073e+02,2.150265335577966539e+02,2.021238514083184441e+02,1.809042480710523080e+02,2.158649164448983413e+02,2.002457145137742316e+02,2.158261700745056828e+02,1.656279902674837672e+02,1.400522028629534077e+02,1.726394616687258861e+02,1.639227404979712333e+02,1.854797565341743848e+02,1.766547839748333502e+02,2.097195020279724531e+02,2.221000338586144665e+02,2.765073085431838535e+02,2.798009083322539254e+02,2.615532225259201482e+02,3.068614901758904807e+02,3.262595673308361484e+02,2.358882666031764472e+02,2.306838934939209480e+02,1.718475612142601392e+02,1.653121075764844363e+02,1.901334082339337783e+02,1.787943369789701933e+02,1.903743067717380768e+02,1.982187404655365128e+02,2.038683048738517698e+02,1.890342930948024787e+02,1.922014785894618285e+02,1.781562671392451307e+02,1.781507096210927727e+02,2.052779187046964751e+02,1.993040146956857654e+02,2.649364831227354170e-14
2.748200326066371727e-52,-1.957420968173926340e-51,1.310398275967501411e-50,-4.161541745549452611e-50,1.647169370801949218e-49,-5.183600365918738986e-49,1.864622591570779501e-48,-8.613281038208958353e-48,2.787374461266242292e-47,-9.580421646011659074e-47,5.175906301892406283e-46,-1.546231722916310842e-45,6.541779346147446594e-45,-1.770197449406969218e-44,8.635846473175225754e-44,-3.166090778723611224e-43,7.954214183005298764e-43,-3.798341372570086990e-42,1.604867366295445116e-41,-5.596825013198209098e-41,-4.980480933496832396e-38,-5.789503463936066956e-38,1.977647032528463912e-38,1.782472414156142129e-37,2.306003981466060492e-37,-7.970866014517986686e-37,-1.040780843218113699e-35,-1.245918432956256908e-35,5.530205938227655038e-34,3.277249281369434261e-34,6.339102451633674427e-33,-2.794817345969813419e-31,7.539941789359224685e-31,2.041721386157616300e-29,2.128160779661560377e-28,-8.086072197140712023e-29,-1.195527322784284723e-27,-1.143452901391716364e-26,-1.320660524518137986e-26,4.587761589301411276e-25,-2.493748430220127179e-24,-3.854396902576650825e-23,-2.336867344796353856e-23,-4.328094458671301878e-22,1.749264928265939202e-21,1.928836697141761192e-20,4.193109124273415511e-19,4.642780440068089178e-18,4.227943170925414600e-18,-2.283756669216548280e-16,1.070292214405645648e-15,9.451189284963852205e-16,-2.604706341908013005e-14,-3.149045423898595439e-14,1.578023227489841128e-12,3.804087585762080064e-11,-1.250634140462366809e-10,4.180850862987234256e-10,7.607475137451727991e-09,1.084092266181202029e-07,1.374850550696188174e-06,1.535959990397183186e-05,1.907699001834296717e-04,-6.644026834088135073e-04,-1.954579925754316438e-01,-2.359811346801950815e+00,6.411492501306970127e+00,5.993103311580437520e+00,1.615780799648452444e+02,1.544618749440554950e+02,4.407259063770504781e+02,3.472650927571248189e+02,3.713888017563962762e+02,2.765874628214180575e+02,2.946834929212335510e+02,3.197612383228357658e+02,2.775095037027951435e+02,2.682206606605255388e+02,2.681141035660074294e+02,3.174825514422958008e+02,3.503210841141685705e+02,3.371547869302038976e+02,3.148454585684422113e+02,3.441587945401013826e+02,3.023926359062697315e+02,3.261237297621564721e+02,2.955424169419617328e+02,3.032227625620568006e+02,3.345753654654794786e+02,3.427147412208061610e+02,3.075325503010939201e+02,3.290047799967121591e+02,2.638335367732392456e+02,2.734512831734348879e+02,3.682144570244074657e+02,2.681964268705656878e+02,3.012308595919044478e+02,3.443292251965987703e+02,3.110842195666395469e+02,2.554170499392385523e+02,2.828604788246524322e+02,3.347967435034080381e+02,3.710811205059050053e+02,2.514690433726948697e+02,-1.552596598235701109e+01,-1.332985117059180435e+00,1.035032263365548033e+02,3.248365422687295450e+02,3.021981961811979431e+02,7.082533961911742892e+01,7.613778330162406860e+01,-2.274260529054889091e+01,4.391818010841827657e+00,4.290773961110651236e+00,8.605836331568076503e+01,1.421106294498956686e+02,2.838562978673381849e+02,2.199388310705147660e+02,1.965582278073579516e+02,2.156910807607703191e+02,2.313242239985105186e+02,2.234564080401385979e+02,1.923474764481917134e+02,2.008196511361522028e+02,2.181588757183971552e+02,2.312239494662171069e+02,2.180876982519706360e+02,2.016758956259715490e+02,2.479241057378773974e+02,2.666515109431329620e+02,3.503756101575856974e+02,3.851592239708655825e+02,3.248232779436943929e+02,8.629612402591338594e+01,-2.852641940992447189e+01,-1.203398986429363049e+01,-1.216579414346154603e-01,3.672090444670562254e-02,3.475025988412529937e-02,-7.011487065099794564e-06,-1.217238790463396659e-04,6.190608809735845546e-05,6.479436594741751383e-05,1.046238540537026279e-03,7.977532224561396240e-03,-1.638738999104770791e-02,-3.980284646219212163e+01,6.386928349202614754e+02,1.050454545038184477e+02,3.146936071280752003e+02,2.259824699637797778e+02,2.229872395148688042e+02,2.549512653971939073e+02,2.374640366030522785e+02,2.292960918506066719e+02,2.150580030466616677e+02,1.749784811579079928e+02,1.900420408780535979e+02,1.264183014917981751e+02,1.616536168908218656e+02,1.720838331622851456e+02,1.946153656883768406e+02,1.456696806378834879e+02,2.224305472516373925e+02,1.690807733973006179e+02,1.580377761579884464e+02,1.630366243308880030e+02,1.923324628739514424e+02,2.216379890201448291e+02,1.599354619561761410e+02,1.745957731663265804e+02,1.487844591233427423e+02,1.302966364606075729e+02,1.855500714609655688e+02,1.831365947901453808e+02,1.690146025071514373e+02,1.847133368774518374e+02,1.899144008830535597e+02,1.833137796846302763e+02,1.720173897038101813e+02,1.591151686210363891e+02,1.503481996751950192e+02,1.734738536217278408e+02,1.635106718198520923e+02,1.805506861212475656e+02,1.874493539882584230e+02,2.136403854173069590e+02,1.711417507072733031e+02,1.747444733887100199e+02,2.304790653020992011e+02,2.140664002844725076e+02,1.944341610424359317e+02,2.006461949328085268e+02,1.625319024703929642e+02,2.539364186094357478e+02,1.802229488338639669e+02,1.797495930209460937e+02,2.252400952625608852e+02,2.059816396556373093e+02,2.074138471750235340e+02,2.187113203370206520e+02,2.083220034205347417e+02,2.204944792055952973e+02,1.889240033234920872e+02,1.736045696746677436e+02,1.785911691702878272e+02,1.739753641733048539e+02,1.792444458104549767e+02,2.248943949154210884e+02,2.620374209862427506e+02,3.129188495607863274e+02,3.321699205849575947e+02,4.620577469114946894e+02,3.819159905956831835e+02,3.130155325719122743e+02,2.232229475561462664e+02,2.102127039541564955e+02,1.958690632098966660e+02,1.654961349197593563e+02,1.777198793084073714e+02,1.742647502050274682e+02,1.874545768391502065e+02,2.083139727825064256e+02,1.692992362170978140e+02,1.988125925057249503e+02,2.008905170268026552e+02,1.841534708689258082e+02,1.869464757503945975e+02,1.876597789053175518e+02,1.681077036837344281e+02,1.297249963513289559e-14
-3.550163596189614973e-52,6.405598400101246831e-52,-3.135773826217726904e-51,5.338079170054268596e-51,-2.995687065282229340e-50,1.318832550311317607e-49,-5.304010410675245130e-49,1.438463187782451053e-48,-7.063650212960756250e-48,3.315593555639926506e-47,-5.405829048824988120e-47,2.920404980976388773e-46,-1.290976579357366699e-45,5.623147906162223747e-45,-1.570589763051763385e-44,7.474951635272613794e-44,-2.563609629191443473e-43,1.023211530852660584e-42,-2.246011403482830535e-42,1.460298880397841332e-41,1.992327851122565950e-38,2.301369337687178608e-38,-7.369350415606306810e-39,-7.250620883255419171e-38,-8.702920117152813923e-38,2.801663618635291068e-37,4.184066344555800828e-36,4.627174323436318461e-36,-2.194844769613680108e-34,-1.324392943056363866e-34,-2.511891181000079084e-33,1.117048415013680932e-31,-3.010278789959647431e-31,-8.165423463780120531e-30,-8.509285300371196650e-29,3.231521410674840825e-29,4.780867084856967715e-28,4.571980571176208159e-27,5.281801716005743396e-27,-1.834507171177938516e-25,9.971763902093889135e-25,1.541235699909716046e-23,9.344314716875404183e-24,1.730644337023072490e-22,-6.994669832866275038e-22,-7.712739853306681271e-21,-1.676676002257535474e-19,-1.856484086081633474e-18,-1.690604578794027798e-18,9.131936603849447316e-17,-4.279720593527198607e-16,-3.779197231641963154e-16,1.041530111404551701e-14,1.259192054850794494e-14,-6.309957740912151946e-13,-1.521120318170243353e-11,5.000844377748789541e-11,-1.671774650874143162e-10,-3.041960716366939215e-09,-4.334902221000207313e-08,-5.497541945101187926e-07,-6.141761712925522650e-06,-7.628214772826978813e-05,2.656711755790180517e-04,7.815675035726540876e-02,9.436052416790442487e-01,-2.563729486010853709e+00,-2.396430420760253810e+00,-5.989130012269449566e+01,-5.728757118365901135e+01,6.143852943905026223e+02,4.137845310984872071e+02,3.019389909483470547e+02,3.033651033671634423e+02,3.495187070337344721e+02,3.103992972702379234e+02,2.612805473037617503e+02,2.939341465626262675e+02,2.968255263931869194e+02,2.667627087289444603e+02,3.773856242962726242e+02,3.708832580233491285e+02,3.860465312994703027e+02,3.465647406327091176e+02,3.011997999222033968e+02,3.189632002372524653e+02,3.209120895532602162e+02,3.234875334079118829e+02,3.005569724851457067e+02,3.081313182296177047e+02,2.777537825095172366e+02,3.096586483276623767e+02,3.078732682851616005e+02,2.884666050071194263e+02,3.393423542644027293e+02,2.731033794825179370e+02,3.017431037173254254e+02,3.215510394073003226e+02,3.139232732874074259e+02,2.906850967832601214e+02,2.847429476092594882e+02,2.885119905538712146e+02,3.374590813091024302e+02,4.420017502502167872e+02,6.208415092722975537e+00,5.331307236531611649e-01,-3.895736995220591581e+01,1.220445394482131434e+02,1.040941649032263143e+02,-2.613603803384112112e+01,-2.799493005143254010e+01,9.093964901206037510e+00,-1.756132963763326726e+00,-1.715729015766122911e+00,5.927119547300022617e+01,4.676180666215562809e+01,5.857611691918986452e+01,2.716833033028984801e+02,2.253759374258761738e+02,2.119627200930187030e+02,1.986069035390053727e+02,1.928886883698624786e+02,2.152182364820016574e+02,2.262580199978907274e+02,2.152782813406057585e+02,2.209657003591767648e+02,2.005742878432807288e+02,1.986653707201488999e+02,2.488723105332263117e+02,3.254869554102873508e+02,4.205798388411220685e+02,4.784602084511719795e+02,3.232588535014110107e+02,-3.156494609225984860e+01,1.140670796333734849e+01,4.811967672606076718e+00,4.864671550333460326e-02,-1.468339321473080376e-02,-1.389540204072781289e-02,3.081202046375037309e-05,4.942086915748552124e-04,-2.514726721409768083e-04,-2.625706787492354749e-04,-4.254162240917958894e-03,-3.243660033578730367e-02,6.663257207655470804e-02,1.568230384919855958e+01,1.188354290711866668e+02,-7.821109471927903201e+01,3.721642628654466876e+02,1.907871571815500147e+02,1.991834678935121019e+02,2.509049036101992556e+02,2.327903630783629296e+02,2.231232045390799783e+02,2.755584483138994187e+02,2.449065328504697447e+02,2.045455861134331883e+02,1.613600313999012030e+02,2.132279598613369274e+02,1.711061121571900117e+02,1.686384201587481186e+02,1.772928907285820515e+02,1.905758651018795149e+02,2.531009792273979997e+02,1.808637171027158956e+02,1.482844804736545825e+02,1.942709633029527367e+02,1.581831092941806105e+02,1.555635768178937042e+02,1.543558373798084062e+02,1.867141726907670432e+02,1.585224652104829204e+02,1.746163724663415167e+02,2.087159218465409936e+02,1.780836748402821001e+02,2.048782210211616643e+02,1.676934339062859181e+02,1.623718348175332551e+02,1.937108027585304058e+02,1.514524019197808684e+02,1.121759267756636831e+02,1.777262788633126434e+02,1.884126529633997791e+02,1.597526080115529794e+02,1.927188818663643417e+02,1.893156928850938243e+02,1.715012435263769817e+02,1.670487228190471853e+02,2.325072995098186937e+02,1.847986623238923585e+02,1.649845023279339387e+02,1.977380371808804398e+02,1.784543717400673302e+02,2.023407885840871359e+02,2.171572393159862031e+02,1.933193514723375017e+02,2.290440000266240190e+02,1.989175960803361534e+02,1.588864845499725789e+02,2.022071955218965229e+02,2.184905588080275720e+02,2.284784837113315064e+02,2.313959709744485167e+02,1.771087172093102424e+02,1.856507490371119786e+02,1.577461154947616251e+02,1.804917976361927288e+02,2.376058529953195375e+02,2.469585938853446407e+02,3.655037107682005058e+02,4.578475562757532771e+02,4.911878280200364202e+02,4.251849809239443516e+02,2.750771545143688854e+02,2.226978717184898073e+02,2.171059537529835097e+02,2.211884996095300266e+02,1.825461382241774118e+02,1.822132024228402543e+02,1.802770389319387903e+02,2.027609463363993996e+02,2.010244080137046296e+02,1.639232598318768055e+02,1.842631411510845396e+02,1.776234044392386693e+02,1.719618463706086118e+02,1.621758571746226210e+02,1.484503863327142312e+02,1.386654030800479234e+02,1.886800278177048709e-14
6.858244593883906753e-53,-3.784825375052313885e-52,2.005055694824660048e-51,-5.939288306092593163e-51,2.212665000600882969e-50,-9.217778013841095371e-50,2.973784546153517161e-49,-1.327193803390924660e-48,3.962002514648398420e-48,-1.246078285489911120e-47,6.353741257981709204e-47,-2.314468330952959462e-46,7.433225812611044137e-46,-3.119366161720224043e-45,1.300201611561680611e-44,-4.554692989265988906e-44,1.896304290966367555e-43,-6.054470246454625579e-43,2.437360313354778796e-42,-7.973559686446364383e-42,-6.549203607750180836e-39,-7.617955073957073688e-39,2.788916715954094450e-39,2.327636974313807842e-38,3.154636804827035998e-38,-1.080354235912006703e-37,-1.347263754310435309e-36,-1.687613683339420931e-36,7.341135294397186952e-35,4.324194655511220376e-35,8.398173139297132036e-34,-3.677322653716035764e-32,9.927348144378782334e-32,2.686446023884286221e-30,2.800168874023651050e-29,-1.064157068620105782e-29,-1.572916087871191475e-28,-1.504509628941658130e-27,-1.737698660089727145e-27,6.036431512582845060e-26,-3.281219002506480147e-25,-5.071525229332598880e-24,-3.074776246834635527e-24,-5.694786864298176813e-23,2.301642915211131776e-22,2.537913812052304214e-21,5.517189174241533668e-20,6.108854847963655403e-19,5.563022824071027276e-19,-3.004910267059198210e-17,1.408263861888189533e-16,1.243563985412184910e-16,-3.427207794518200375e-15,-4.143435647920714243e-15,2.076323706376480683e-13,5.005323810204087207e-12,-1.645553289904587010e-11,5.501059557074228626e-11,1.000972653382301122e-09,1.426421634792980336e-08,1.808994152346585475e-07,2.020977945165336324e-06,2.510102888633921538e-05,-8.742045224305905493e-05,-2.571787642066618654e-02,-3.104981064906682242e-01,8.436082334008733197e-01,7.885576246467850270e-01,1.970753707373553354e+01,1.885076681677202970e+01,2.910736578953201956e+02,5.981071606668680261e+02,2.728247281510484754e+02,2.356978025271168065e+02,3.089129158103259556e+02,3.280632862447332059e+02,2.695944766432006645e+02,3.682916475747977074e+02,3.600284914362466679e+02,2.818717020320307256e+02,3.587042244255605397e+02,3.507427614110022205e+02,3.853777902299823381e+02,3.315551543838865882e+02,2.991368311973023992e+02,3.067523543484147694e+02,3.409178779795805667e+02,3.365178363852804182e+02,3.001155042843142269e+02,3.248957049584331571e+02,3.169546277230875262e+02,2.931470687190674766e+02,3.638191008302007958e+02,3.077425570430437460e+02,3.192325495891104197e+02,2.853326034391307644e+02,2.922118397471659250e+02,3.186399760250141071e+02,3.391110810527209765e+02,3.633838116805233085e+02,3.510891062596274423e+02,3.881429997478554128e+02,4.623212797465312178e+02,1.565675493790645305e+02,-2.043349572964780148e+00,-1.758262524562584916e-01,1.281922775624218680e+01,-3.403317951093968929e+01,-2.878952667813040378e+01,8.600155109253554642e+00,9.211811488725444974e+00,-2.992415426673293855e+00,5.778644864943183190e-01,5.645693618419810322e-01,1.316989880840735205e+00,1.196505970527864271e+01,1.439572121732097969e+02,2.798213375525194806e+02,2.247370632595646782e+02,2.051603484080112310e+02,1.771380491750929593e+02,1.876960609071602732e+02,2.177861324786785815e+02,2.234500756037407427e+02,2.278128944171347712e+02,2.109677554168500819e+02,1.837978745516955144e+02,2.098962810814282136e+02,2.444749733994002838e+02,3.219354799254351747e+02,6.887519180996471277e+02,2.396056740843635566e+02,1.704727668371789946e+02,1.038660613593783566e+01,-3.753435300556485110e+00,-1.583402449291068326e+00,-1.600744928426679412e-02,4.831645260261556094e-03,4.572352790744275627e-03,-1.051150657697421092e-04,-1.673430215582577454e-03,8.515496925101509506e-04,8.889184883719519715e-04,1.440705481277311517e-02,1.098486838565511797e-01,-2.256561078499443596e-01,-4.368717297313668979e+00,-2.049998673477872657e+01,2.020236196552490924e+02,3.047234598883516128e+02,2.265372112459178027e+02,1.871787631327246402e+02,2.155039444358878029e+02,2.549419016181340680e+02,2.209337093261021323e+02,2.397369915779690075e+02,2.093845417001713827e+02,1.972455497799599868e+02,2.199551708782915966e+02,2.145842516957654027e+02,1.710167054938918341e+02,1.589155127124564046e+02,1.800998488593596960e+02,1.586902689451451636e+02,2.600146139975580581e+02,2.014692109326444154e+02,1.677701656053309307e+02,1.752601055099729876e+02,1.866327413190115294e+02,1.434857616511215213e+02,1.842299446444400814e+02,1.999202615879882217e+02,2.093116463638454832e+02,1.510192019238051557e+02,1.856000071994921257e+02,2.256190823927173028e+02,2.188361606421626107e+02,2.104439104680866137e+02,1.910331859166190895e+02,1.807535994761397262e+02,1.727400251758348304e+02,2.134323820858733995e+02,1.805336364327192484e+02,1.909192392113908454e+02,1.666732644054701211e+02,1.722153445180735503e+02,1.733862724398521777e+02,1.799717769071858129e+02,1.643621189713437047e+02,1.928412519343125382e+02,1.656528858315461434e+02,1.786735985848914083e+02,1.880217079245177842e+02,1.971845602126504104e+02,1.932756222573420359e+02,2.152391745171372008e+02,2.311866774516035719e+02,2.139425972961684579e+02,2.583436092839374396e+02,2.345072105669760845e+02,1.404910595979445986e+02,2.183318320074734231e+02,2.245816461133331643e+02,2.459361539441976277e+02,2.008481065120952849e+02,1.930487745245096107e+02,1.726858264769225002e+02,1.782215008747496938e+02,2.615851158842148152e+02,3.646006036681816340e+02,1.726398268498172683e+02,2.218038080845139177e+02,1.912657916336733308e+02,3.554118084913641837e+02,2.538495857381717258e+02,2.166474815913272778e+02,2.170009165743983317e+02,1.924290690501601944e+02,1.783726639690375464e+02,1.828403788998424773e+02,1.799896824081124862e+02,2.092258922106985040e+02,2.011460121432677397e+02,1.805599185170427177e+02,1.740512608684516920e+02,1.653017713836259759e+02,1.756213859228172964e+02,1.549702788278505352e+02,1.247987234529200862e+02,1.196162441993659655e+02,7.905356752981483352e-15
-8.864899285766756350e-53,1.614785139177594283e-52,-6.434755502026850866e-52,2.307876074369767077e-51,-8.484561888305681467e-51,3.621782365246761853e-50,-1.270535897409865054e-49,4.572832787970353204e-49,-2.391579737240899746e-48,7.355952592037654005e-48,-2.053298561883459370e-47,9.289332547066065560e-47,-3.812211753701691238e-46,1.210162596131203989e-45,-5.148660390475541586e-45,1.478740919288310833e-44,-7.782578718564191634e-44,2.397480987336822289e-43,-1.007335470848520149e-42,3.856637158062940428e-42,1.821569873310257035e-39,2.135833215183598717e-39,-8.036163016052047356e-40,-6.310944501967055297e-39,-9.415747973866447100e-39,3.350841168414309621e-38,3.610216573860091294e-37,5.142817146627768256e-37,-2.049902520470344968e-35,-1.083645051742424069e-35,-2.345535871623718602e-34,1.028145510132058272e-32,-2.775633077825613215e-32,-7.503495419130270183e-31,-7.823885256221566127e-30,2.975296537757621058e-30,4.394073670099862298e-29,4.203516265114365305e-28,4.854055515959182245e-28,-1.686432507822595637e-26,9.166854349282608424e-26,1.416886254281676141e-24,8.590086017968214393e-25,1.591012756193740163e-23,-6.430345393035240604e-23,-7.090405647753297441e-22,-1.541390592470125080e-20,-1.706689632474742738e-19,-1.554195909127153345e-19,8.395108054528509446e-18,-3.934402810853435660e-17,-3.474264639582468819e-17,9.574921198948520567e-16,1.157591658139647904e-15,-5.800826043466145753e-14,-1.398385641177333769e-12,4.597341110850604397e-12,-1.536884123389241784e-11,-2.796513950681137441e-10,-3.985131848686459149e-09,-5.053961630308696165e-08,-5.646201220292846838e-07,-7.012716802173372786e-06,2.442349582857343001e-05,7.185051453784699511e-03,8.674685401495564607e-02,-2.356869775978479853e-01,-2.203069574907993156e-01,-5.505884917791088462e+00,-5.266520738584966388e+00,-5.929339049394152283e+01,3.739703524980257612e+02,3.531502870058610597e+02,2.012807921037150152e+02,2.663326329122047014e+02,3.338371650555268957e+02,3.281024668800085351e+02,3.694530731013768445e+02,3.741564094027716010e+02,3.165923538091414571e+02,3.108055865670269782e+02,3.441292168686961190e+02,3.031564216056376608e+02,3.280864097121973941e+02,3.094120495869236720e+02,3.065047588840345156e+02,3.322035609644146348e+02,2.982875638437290604e+02,3.038004774472306053e+02,3.167444623820027800e+02,3.244432623923115671e+02,3.238427915152922196e+02,3.587147333354205330e+02,3.283619044656872461e+02,3.309750464326444899e+02,2.972310998464260479e+02,3.413452519230621647e+02,3.694864145684819050e+02,3.810447848652657967e+02,4.060748474978716445e+02,4.103217542653825944e+02,4.576277012130528874e+02,4.821894073289975040e+02,3.936485152308660673e+01,5.721292899559293765e-01,5.026047480370625375e-02,-3.581738102388245082e+00,9.508296860842886389e+00,8.043341408128915404e+00,-2.402590202440795686e+00,-2.573412896216074941e+00,8.360199896248268203e-01,-1.614435764085188074e-01,-1.577291891767019227e-01,4.930582302636203895e-01,3.721327154150962713e+00,3.908516893891684276e+02,2.452356820352808029e+02,2.069500060705819067e+02,2.030878318567833105e+02,2.044654612377869682e+02,2.311273630246828930e+02,2.095799628155924665e+02,2.232983259777302578e+02,2.587341648360376780e+02,2.239452458814809859e+02,1.888119027956607283e+02,2.504552116597759266e+02,2.939497608318027346e+02,5.078663060751343892e+02,5.152331320597489821e+02,-4.920444529151247792e+01,-3.527207584176080246e+01,-2.901806443744346264e+00,1.048633461092425501e+00,4.423704307507695943e-01,4.472155665266980620e-03,-1.349863398748194160e-03,-1.277422461573654577e-03,3.017491608284838048e-04,4.800367450958963576e-03,-2.442749916519298958e-03,-2.549886763691075128e-03,-4.132837175158247250e-02,-3.151140635477324703e-01,6.473216274858006880e-01,-1.049768309057099280e+00,-2.158724277893821153e+01,4.360980650454862371e+02,2.795843845165589414e+02,2.877377479103804490e+02,2.139222287230505799e+02,2.275913105505570684e+02,2.308739837606107130e+02,2.449503556928721935e+02,1.728274935175957978e+02,1.641881984454138603e+02,1.984724565391515796e+02,2.360739818621710526e+02,1.910144056660485603e+02,1.767598131523461120e+02,1.767333672788506647e+02,1.695731795448298556e+02,1.832311549225106830e+02,2.042016588090831704e+02,1.935651588028489414e+02,1.673953390293633561e+02,1.468610333619642461e+02,2.280084630664801182e+02,1.557202727710802606e+02,1.887049048826939099e+02,1.760657998581880861e+02,2.043874975439551633e+02,1.616981583689883735e+02,1.645885398966629225e+02,1.972039736089914470e+02,2.140413575721711652e+02,2.181175617693884305e+02,1.953441010388460768e+02,1.814743129609102823e+02,1.937998527348104574e+02,3.089125557811440785e+02,1.890758791187337238e+02,1.887091980592231835e+02,1.680660349644048210e+02,1.488823705947443443e+02,1.892519363704151374e+02,1.786730367490640390e+02,1.726362426595420061e+02,2.162409047278915750e+02,1.638120342325058516e+02,1.864881398832403363e+02,1.895118262253988348e+02,1.865527929965783756e+02,2.122983611355302003e+02,2.250082501139175122e+02,3.033371555340376631e+02,3.672608318114402550e+02,1.919880166776036674e+02,1.937201556639737419e+02,2.544290579048241341e+02,2.218363011384696222e+02,2.234853684306895900e+02,2.318487785676842918e+02,2.222648396439959981e+02,1.998651809667871646e+02,2.141866101060199696e+02,2.103099257126813200e+02,3.071316395559394437e+02,2.853092167188428903e+02,-2.846034582509468791e+01,-3.764459378440869131e+01,-5.908314551055627817e+01,2.952483653599321656e+02,2.212244005417857124e+02,2.054839878411728478e+02,1.968338244024094195e+02,1.731746705531370765e+02,1.628367898037122643e+02,1.671061615449220596e+02,1.696206290763745983e+02,1.966632154542892579e+02,2.131598779145527374e+02,1.787010451678015102e+02,1.817524419606552044e+02,1.783265720499639713e+02,1.798203539388938168e+02,1.821824644317026696e+02,1.498553975039484101e+02,1.361280859077712933e+02,8.856260241538681894e-15
1.088133806153157866e-53,-5.532887672525356667e-53,2.344143441409950647e-52,-8.278374282552056333e-52,3.559835937929353733e-51,-8.629676545112926106e-51,4.045987668053990177e-50,-2.029066305716293068e-49,5.693709524026760929e-49,-2.333841881222485965e-48,6.777488339518334008e-48,-3.978602399313986020e-47,1.215348467958753838e-46,-4.285647776623431010e-46,1.877359005272410349e-45,-6.714135852026127092e-45,1.841054439601531771e-44,-9.657379196131807992e-44,2.929173793481180904e-43,-1.223627204599692998e-42,-4.117065990267274076e-40,-4.899588849142477344e-40,2.137415755865882005e-40,1.341591768152851939e-39,2.494624321347112759e-39,-9.193628443017643995e-39,-7.928899479296878529e-38,-1.230422584766639277e-37,4.756424099077815119e-36,2.375059219980235414e-36,5.388092574613542030e-35,-2.333456869523220597e-33,6.301997193938054233e-33,1.700811718296051227e-31,1.773732936309603931e-30,-6.747625397364339144e-31,-9.959589349265601396e-30,-9.530508561464542841e-29,-1.100017127633043613e-28,3.823061693562949026e-27,-2.078158901459639124e-26,-3.212179326904535659e-25,-1.947357651873924946e-25,-3.606951561998829292e-24,1.457810973084492725e-23,1.607434476052669751e-22,3.494422951887529241e-21,3.869164025576083463e-20,3.523452903809980536e-20,-1.903219716466259779e-18,8.919519284019402778e-18,7.876358266735477547e-18,-2.170690099105890513e-16,-2.624327487384380154e-16,1.315080875871717079e-14,3.170221269057232693e-13,-1.042243866046686134e-12,3.484205350820688270e-12,6.339859155125098633e-11,9.034524796686754963e-10,1.145762383935842809e-08,1.280026530367208867e-07,1.589823530290973206e-06,-5.536948012530158320e-06,-1.628892794305458053e-03,-1.966601441096166997e-02,5.343160337683479366e-02,4.994486370770427619e-02,1.248216011611306131e+00,1.193950765324385488e+00,1.344215516712110237e+01,-5.008010672366287963e+01,4.938005499632392912e+02,3.420012516787090817e+02,3.377018540073698887e+02,2.945628012175390609e+02,3.287894683896787456e+02,3.081208900208005161e+02,3.213010349714657536e+02,3.436324362433375086e+02,3.193935179335425119e+02,3.443308928687113166e+02,2.863719630947377937e+02,3.377040429755369360e+02,3.390985308311102813e+02,3.145965097999056752e+02,3.319006939033926074e+02,2.647178904278858909e+02,2.906094198468348395e+02,2.985168233809159233e+02,3.096787745774813629e+02,3.458703928286676614e+02,3.800896209798496557e+02,3.999342515029500760e+02,3.376440387380216066e+02,2.982161900554414729e+02,3.104416935709901963e+02,3.525529282311326256e+02,3.656050575120494273e+02,3.727730390830259353e+02,3.981759317008574612e+02,3.902140265401287706e+02,3.140886794542965958e+02,3.168922256964930853e+02,-1.325796314595280856e-01,-1.399314447735255235e-02,8.127009851274653585e-01,-2.155857456485607226e+00,-1.823776604292597803e+00,5.444113084778536837e-01,5.829970287667196605e-01,-1.895305725322196100e-01,3.660018335283628244e-02,3.575811050432562560e-02,-1.117791655117675170e-01,-1.411791637867078819e+01,3.181789705328651507e+02,2.329971893833286174e+02,2.121581339439780720e+02,2.214368493702503145e+02,2.339268259044486911e+02,2.479293198346177292e+02,2.104298145213309112e+02,2.255631409805482122e+02,2.499010358186351652e+02,2.298289447399513108e+02,1.936920736516854333e+02,2.821154072436841602e+02,4.390810654624173139e+02,5.068267155722465986e+02,-7.101049292120897860e+01,1.115493283502166655e+01,7.996383957497860351e+00,6.578563336793626926e-01,-2.377312813454298124e-01,-1.002879397174240572e-01,-1.013863599105422437e-03,3.060218777007025527e-04,2.895993341276097252e-04,-6.903285126544098441e-04,-1.098129830342256183e-02,5.588026042803413002e-03,5.833098785874135835e-03,9.454272285522123676e-02,7.208544459440678898e-01,-1.480811988813781177e+00,5.421679566467161315e+00,7.126263565198723882e+01,3.464795014051981639e+02,3.105342337027377084e+02,2.719682601481881647e+02,2.544867822555362125e+02,2.177049860060425601e+02,2.006381951523313205e+02,2.285903007630895729e+02,2.071841587298325749e+02,2.094295698340206684e+02,1.965522122000487286e+02,2.157863505859861846e+02,1.982728666753693574e+02,2.217879149029481027e+02,1.708763301404777906e+02,1.671938260561352649e+02,1.995678650160400025e+02,1.715567648104522789e+02,1.785784402552006895e+02,1.642607264978687454e+02,1.669503411309638352e+02,1.655561956730718407e+02,1.714664430035570604e+02,1.980516006919508527e+02,1.662830444676132799e+02,1.653438190665151808e+02,1.944411064762011279e+02,1.724091330730280447e+02,1.359426253367221022e+02,1.979489606365893053e+02,1.826895266600802188e+02,1.763419663996291717e+02,2.224895308845479462e+02,1.982068023158460051e+02,2.417763521542681815e+02,1.779142453218177309e+02,1.990791227376434449e+02,1.527314268527509284e+02,1.567532438827676060e+02,1.813893838924999216e+02,1.780659073467408859e+02,1.955429124838248924e+02,2.183813503858188483e+02,2.098599192377428153e+02,1.510235086973919749e+02,1.840767984977283334e+02,1.742203378173106501e+02,2.370102613965835019e+02,2.755281737358742475e+02,2.439139567882992878e+02,3.917128641654505827e+02,-4.163472187239939615e+01,-4.032668693719086406e+01,2.642707381589755187e+02,3.024363024488425253e+02,2.431590122837870638e+02,2.321594433456016588e+02,2.492364963297650888e+02,2.195647397058960166e+02,2.425094578712285340e+02,2.487926850321395591e+02,3.138004582285353763e+02,-5.251418671920143311e+01,-8.632276236936050395e+00,-8.724575730522118988e+00,6.422012026865229473e+01,2.822320225929757385e+02,1.929785425802895986e+02,1.992187379737464994e+02,1.862765733568342625e+02,1.886679091665512544e+02,1.686860134092383419e+02,1.592144109952638757e+02,1.720776399131385404e+02,1.868939783678048627e+02,2.022235465414079840e+02,1.719062841008004341e+02,1.930967799101397588e+02,1.927328984352025145e+02,1.876722301206538077e+02,2.260720828686276036e+02,1.873915490812204609e+02,1.745646300627011556e+02,1.961948875959526373e-14
5.106870519556589497e-54,-9.127962695113606141e-54,3.175171173694358754e-53,-1.601305094740356362e-52,5.980022196588769338e-52,-1.897785329347005641e-51,7.533411367155903152e-51,-2.697266315215440243e-50,1.055774338369193759e-49,-4.129603290206230174e-49,1.426990125731591425e-48,-5.470076050373484029e-48,1.254192531364587027e-47,-9.524493052049930290e-47,3.148978510967050039e-46,-1.170159068919593598e-45,3.577510711163669802e-45,-1.983436823616184888e-44,5.552857132549983988e-44,-2.382330071328197740e-43,5.874303921673569191e-41,6.349040744917829896e-41,-8.940734262903272516e-42,-2.571174891540711798e-40,-5.876411938362976451e-41,1.642721404031255306e-40,1.539921306768386483e-38,4.892339095001968545e-39,-6.032128567881419375e-37,-5.308414280937154635e-37,-6.787517041147803193e-36,3.225117863847850047e-34,-8.687754975995758345e-34,-2.372540728171596670e-32,-2.468556929776672284e-31,9.343322478716300833e-32,1.388520156623631083e-30,1.326205476734444311e-29,1.534722891895166582e-29,-5.324400759132958986e-28,2.894089142867501827e-27,4.472570490852042468e-26,2.712177848032331483e-26,5.022204080061438495e-25,-2.029802375827523910e-24,-2.238252519054804516e-23,-4.865707218445936486e-22,-5.387520375540672947e-21,-4.906127910173989624e-21,2.650088000811019831e-19,-1.241974973983996250e-18,-1.096723691235489423e-18,3.022520974492456239e-17,3.654175252567566913e-17,-1.831149968181876172e-15,-4.414291803768724303e-14,1.451245248229960752e-13,-4.851490744215483960e-13,-8.827771253861210812e-12,-1.257988804241066097e-10,-1.595386900028104964e-09,-1.782339503424698503e-08,-2.213708242916545940e-07,7.709778615297428314e-07,2.268109218982099305e-04,2.738342802059659954e-03,-7.439944029935566597e-03,-6.954442073307731328e-03,-1.738045777545179638e-01,-1.662485552953564261e-01,-1.871717780575709478e+00,6.973273633761174928e+00,4.381276901088122600e+02,4.549809233938980810e+02,2.996184574661322699e+02,2.395434751494836405e+02,2.677541401743854976e+02,2.954787020257974746e+02,3.482923067501236005e+02,3.285357561793796890e+02,3.699880081735705630e+02,2.914580569289061032e+02,3.295560398390544492e+02,3.856364430608912244e+02,3.363587597117054315e+02,3.203307647321692571e+02,3.140900666175203355e+02,3.002196528465192955e+02,2.990118486584084962e+02,3.166489557120516452e+02,3.363588955890544980e+02,3.338910080323783518e+02,3.991168337642054667e+02,3.808273614534317630e+02,3.086270110880424795e+02,3.543921120396335027e+02,4.419548506770576637e+02,4.221289539353882674e+02,3.097629006462832990e+02,3.106693620616621274e+02,3.213611721780499124e+02,3.491574213101542909e+02,3.036561847009994040e+02,2.868088455642100030e+02,2.233119160811133583e-02,5.447573759386523974e-03,-1.141052100385341606e-01,3.005522547684966739e-01,2.543570061038262220e-01,-7.544184612359983166e-02,-8.062506993698867475e-02,2.639068546239127858e-02,-5.096282359497647518e-03,-4.979030472736685475e-03,1.556440861658077435e-02,2.003861328943369458e+01,3.219359789752768393e+02,2.363395928325142279e+02,2.419393592729917088e+02,2.708997080635676866e+02,2.524939784056549854e+02,2.689252416792236318e+02,2.283007253551233759e+02,2.434736801819862819e+02,2.238372697148986390e+02,2.132547006099924545e+02,2.470591441120103866e+02,3.738984370969345150e+02,5.053782856363448559e+02,-3.064033635267093914e+01,9.887670582256886220e+00,-1.553239481977350955e+00,-1.113435594774867088e+00,-9.160148662945200027e-02,3.310227123264386506e-02,1.396433217833772597e-02,1.411727861364587828e-04,-4.261124948192436600e-05,-4.032485387493072500e-05,9.335016824951113080e-04,1.484943637663355132e-02,-7.556396230494994565e-03,-7.887793569856969486e-03,-1.278452057040084244e-01,-9.747739626967129034e-01,2.002425013154871536e+00,-7.734460015230248509e+00,4.051339323639300574e+02,2.869383341132501641e+02,2.567518655679369886e+02,2.393857204139671637e+02,2.199836004495435873e+02,1.794841722898404726e+02,2.253361543315871813e+02,1.954480845761593173e+02,2.228414301954716450e+02,1.939606561630548356e+02,1.851861892371535419e+02,1.907695701419588659e+02,1.953855671637817295e+02,2.128093892203069117e+02,1.714268725498791639e+02,1.430939470089962242e+02,1.824853653422122193e+02,2.060901744509255309e+02,1.656815189847485783e+02,1.865881158787498180e+02,2.082296465265959000e+02,1.632704805770069640e+02,1.614143585593683952e+02,2.344003133859389152e+02,1.580819375483284546e+02,1.924781324179124908e+02,1.765417664734647474e+02,1.807841347214196901e+02,1.906727515302994505e+02,1.739527730954430638e+02,2.024992419480776960e+02,2.065545324897516650e+02,1.949374751441292801e+02,2.143386421407510909e+02,1.657812051532447697e+02,1.640560683951642602e+02,1.934623555200204237e+02,1.384117625515442853e+02,1.912347692326071069e+02,1.629102467645241745e+02,1.808688881399402533e+02,1.770788896169883344e+02,1.729796576662930931e+02,2.371954110356669219e+02,1.914127438063267448e+02,1.883333645056397643e+02,1.738746701940300738e+02,2.780838920021128615e+02,2.867345396546295433e+02,-1.207707759165507966e+01,-3.041000944337630330e+01,2.585066244760037435e+01,2.312206111255019181e+01,5.161015680789721394e+00,3.973083312559253386e+02,3.369484592426941276e+02,2.628980308042135903e+02,2.468077076102423746e+02,2.465957443266003395e+02,2.284266237723205109e+02,2.362849378214247338e+02,2.695840677140137132e+02,2.436623087669520515e+01,2.172531089470814081e+01,2.469631770627202627e+01,3.025759092572404256e+02,2.157318682354862460e+02,1.817828156602649869e+02,1.937466293734943861e+02,1.876152574212288471e+02,1.669168331323356256e+02,1.643498849286900452e+02,1.604431221581092473e+02,1.864091314115991622e+02,1.993414207085619694e+02,1.759139868808162532e+02,1.836776944012028707e+02,2.250831868403840303e+02,2.247156476561663112e+02,2.319527743706055389e+02,2.583774482226530154e+02,1.970116661963114666e+02,1.860382499550404987e+02,2.254345052917446635e-14
-8.682582731748412550e-55,3.883315911867118488e-54,-1.773393763189918992e-53,6.144475108854340803e-53,-2.377514571184222428e-52,8.716164900981496393e-52,-3.272205599358971003e-51,1.264526588043843684e-50,-4.478226003238574706e-50,1.652309157912488466e-49,-6.906447194264295454e-49,2.292652784963959278e-48,-9.597182069247945043e-48,3.187310725008215056e-47,-1.164412629287904979e-46,4.433000762446044037e-46,-1.748445562664629777e-45,5.797831632051952333e-45,-2.505560356888059981e-44,8.627953531958479376e-44,9.410553998562074252e-42,1.232833788842715401e-41,-7.744667420133850369e-42,-1.934167217266620061e-41,-1.019451732949925080e-40,3.328654254482921932e-40,1.275870601062021924e-39,5.381586631789465498e-39,-1.181963387623332771e-37,-2.033455167754799878e-38,-1.371219780813743276e-36,5.496744456364192542e-35,-1.489636595188010062e-34,-3.965820026954876808e-33,-4.144420387910290106e-32,1.583248006308456167e-32,2.322740297886762434e-31,2.226680796136958609e-30,2.564084611602640190e-30,-8.925758035893317471e-29,4.852224837216909096e-28,7.501058722866251577e-27,4.546436942175913172e-27,8.422981799069176080e-26,-3.404255464976033728e-25,-3.753499592138039569e-24,-8.159902059313936754e-23,-9.034945406495693344e-22,-8.227698084549933005e-22,4.444242367160539094e-20,-2.082812764925586510e-19,-1.839220804853914258e-19,5.068815628495239892e-18,6.128114335684406884e-18,-3.070868225956824742e-16,-7.402838677775688789e-15,2.433761730199478008e-14,-8.136028349011881286e-14,-1.480431514922330618e-12,-2.109667563561222282e-11,-2.675489626682766107e-10,-2.989012164856740412e-09,-3.712424515747066846e-08,1.292942339353893009e-07,3.803655832141103553e-05,4.592245153931613557e-04,-1.247690643088820127e-03,-1.166271179978409104e-03,-2.914730870524939038e-02,-2.788015152189140741e-02,-3.138900980882050606e-01,1.169429263114622142e+00,1.366894647139810637e+01,3.802350959053804900e+02,2.799677696218413416e+02,2.505450184370844795e+02,2.708177295945775995e+02,3.256304268640809596e+02,3.510330340812142822e+02,2.865563338740984705e+02,2.835384823254532307e+02,2.953505823589446777e+02,3.559824106968963520e+02,3.376465794688342612e+02,3.041872029963357704e+02,2.778121076209715739e+02,2.891754145727098262e+02,2.944021722157405065e+02,3.495494916275320065e+02,3.038089499334905668e+02,2.669293693575849602e+02,3.147779807596807018e+02,3.411753592272139599e+02,3.196132497567209043e+02,3.704440537865625629e+02,5.946091456707222278e+02,1.064300314974028424e+03,7.405829850085362978e+02,3.864365029614323817e+02,2.922854003342064289e+02,2.913660489002378426e+02,2.919868639993890156e+02,2.623295776024276620e+02,8.752902760045399688e+00,9.620148342031200478e-03,6.225047488743871808e-03,-2.056671940846726068e-02,5.095792945629527143e-02,4.327843274952868774e-02,-1.210027537122084287e-02,-1.268179375154452476e-02,4.425754566927754367e-03,-8.546326921791578754e-04,-8.349698882159765391e-04,2.610192765096677314e-03,2.963696196432328520e+02,2.698529321908887368e+02,2.558963928249587241e+02,2.604006013595725904e+02,2.912875315769028930e+02,2.817617637519470577e+02,2.941292831687176772e+02,2.978095903421725552e+02,2.640254413427862801e+02,2.281713069536550336e+02,2.419571705049940817e+02,3.690950655001045675e+02,4.999746737580114768e+02,1.679437245056804429e+01,-5.138433947150257808e+00,1.658178343518070363e+00,-2.604807724818241632e-01,-1.867249495013437732e-01,-1.536171741356286320e-02,5.551304407102752511e-03,2.341841084531198335e-03,2.367490122636692123e-05,-7.146024856762594159e-06,-6.763076189221594421e-06,1.427641242111240888e-03,2.270981741117256494e-02,-1.155628908434296574e-02,-1.206310758215436638e-02,-1.955186207407644539e-01,-1.490759544738218922e+00,3.062386066787223804e+00,-1.189160027961578692e+01,3.363011193642089438e+02,2.745357669244367003e+02,2.409958384382106829e+02,2.414531396531033920e+02,2.072161972358784681e+02,2.120300933417225622e+02,1.607968138858788336e+02,2.054081087032030553e+02,2.223219009532740245e+02,2.209041295227105195e+02,2.104510004955834859e+02,2.181194094960903556e+02,2.011834876894292563e+02,1.964283192806753675e+02,1.662128293973706263e+02,1.840343127312434888e+02,1.966706788307290310e+02,2.100737648127906141e+02,1.704209822191755279e+02,1.891030008105300908e+02,1.698331947154227066e+02,1.435990334750166824e+02,1.752561578689746966e+02,1.952228318171954129e+02,2.222471066604971668e+02,2.345314826397041372e+02,2.231459993493599256e+02,2.310455559035924580e+02,2.215183371471000839e+02,2.082314651594705310e+02,1.912647377217791416e+02,2.068405981464383956e+02,2.003710048923934437e+02,2.230877828354767871e+02,1.566427570248395682e+02,1.610548631771894179e+02,2.080019888117441269e+02,1.605075345000599043e+02,1.560314480406382813e+02,2.150112296979511655e+02,1.485181088612073665e+02,1.713936690992439935e+02,2.026452116852322547e+02,1.904144871404907349e+02,2.174409961827542190e+02,2.190071243836226245e+02,1.942173810834159724e+02,2.277219423174201154e+02,4.042916244736020417e+02,1.017924018715820278e+00,-1.446195486880987247e+01,3.540161664975004783e+02,3.049949511195220566e+02,3.286681103641184905e+02,3.550410141376210618e+02,3.537173835839213893e+02,2.322017431818380828e+02,2.480106894517759031e+02,1.931882192785369909e+02,1.918465110326400804e+02,2.255396071370644222e+02,2.310071267617185242e+02,2.698991817979935490e+02,3.180474092768087644e+02,3.634803037114581912e+02,2.432486679539486545e+02,1.912591668533523546e+02,1.722015934014114578e+02,2.050577915993387990e+02,1.746843196283994075e+02,1.570751664085912296e+02,1.499072166529646779e+02,1.721685167447974152e+02,1.901289774731939701e+02,2.025502786514195463e+02,1.956869334777257166e+02,2.023458542268149642e+02,2.086485398332332011e+02,2.419969461197480030e+02,2.496218037286426465e+02,1.863197969069755686e+02,1.888129010360000848e+02,2.033574725295282235e+02,2.076313952411111792e-14
3.843874918573551513e-55,-6.535733347690121832e-55,2.874789452845110336e-54,-1.018285824158032843e-53,4.103772944162548294e-53,-1.445879343521737243e-52,4.221423841068954796e-52,-2.443168557765604930e-51,7.366839288683972560e-51,-3.122126443078693718e-50,1.092493526126160352e-49,-3.960873739455929943e-49,1.357498495925699391e-48,-5.295837551346239742e-48,2.168609594768342835e-47,-8.606708365842679140e-47,3.116345944334860869e-46,-9.196231205196896220e-46,4.606678599245159847e-45,-1.619337396615683935e-44,-1.182153044289876331e-41,-1.373299109118660740e-41,4.859542936882345149e-42,4.226687097135301441e-41,5.603165636726537017e-41,-1.986603338688102187e-40,-2.448189657296379703e-39,-3.030567406223326071e-39,1.317884256204731993e-37,7.673355741202762363e-38,1.507110796200971298e-36,-6.637589451574395777e-35,1.790247560916320741e-34,4.849045486727992422e-33,5.054535292488871514e-32,-1.920264648209216357e-32,-2.839318334948986935e-31,-2.715813989959874658e-30,-3.136543109270063475e-30,1.089624023037408110e-28,-5.922826333075574710e-28,-9.154498222862161209e-27,-5.550180406234512856e-27,-1.027955513768931982e-25,4.154640177562405617e-25,4.581132333846917673e-24,9.958955007388066879e-23,1.102695879890050014e-21,1.004168910026100815e-21,-5.424096857109748942e-20,2.542025896701405303e-19,2.244729733565265755e-19,-6.186376837330945754e-18,-7.479223718009571577e-18,3.747925902647609968e-16,9.034999059275094866e-15,-2.970351767632339064e-14,9.929840666259841638e-14,1.806833548457964809e-12,2.574802073995534671e-11,3.265375245087159052e-10,3.648022490533472466e-09,4.530931083731142951e-08,-1.578007205264521937e-07,-4.642276864808856176e-05,-5.604732493271894541e-04,1.522778522153630252e-03,1.423407888578544309e-03,3.557363832196056008e-02,3.402710132283183475e-02,3.830958437759147128e-01,-1.427262258407526740e+00,-1.663561531634212187e+01,4.736563216062673831e+01,3.872295697116737756e+02,3.659210018708394045e+02,2.794146676129295770e+02,3.187816462133528148e+02,2.767455643948164834e+02,2.929926820003829562e+02,2.959889532933789837e+02,4.177563116537594965e+02,3.435072275679441987e+02,2.950724787354370164e+02,3.675167799535115591e+02,3.028850827622202928e+02,2.658159308986375322e+02,3.040883054187676180e+02,3.107053623856867830e+02,3.193079793219700946e+02,3.168871325490649156e+02,3.397385702099214768e+02,3.418199371250365175e+02,3.297517678305736126e+02,3.888229313067242856e+02,5.198426729111187115e+02,8.935937540161222614e+02,6.286155970585538171e+02,4.065772183926663388e+02,3.684865938807838575e+02,3.042913904980363213e+02,2.725969314639241361e+02,2.841016302190271290e+02,-1.073490096435932628e+01,-8.037198269975127929e-02,-6.964358423968189382e-02,4.181851086627073888e-02,-6.867426348101988987e-02,-6.009035815386506302e-02,8.326420737418772922e-03,5.675189445027106067e-03,-5.401463725736584121e-03,1.042801930233202201e-03,1.018810074847991071e-03,-3.185872000132355681e-03,2.710182588535450918e+02,2.802234399607177693e+02,2.826822943833660702e+02,2.464960595817676960e+02,2.741015972546098851e+02,2.793259185230873527e+02,2.635218811648660449e+02,2.206213319420570826e+02,2.140614742535683490e+02,2.290941610063535734e+02,2.591316965234622671e+02,3.959703602377692846e+02,7.142880087431043989e+01,-2.044371703471007962e+01,6.271343698510755793e+00,-2.023769578938772629e+00,3.179109565070972754e-01,2.278936242937262546e-01,1.874863249986284675e-02,-6.775242860034884351e-03,-2.858164662543281366e-03,-2.889464927156738247e-05,8.722140829775094947e-06,8.260409398244267503e-06,-1.659065785446144081e-02,-2.639113875718853697e-01,1.342959405543413531e-01,1.401856913475064415e-01,2.272127055948650831e+00,1.732415604481362692e+01,-3.558806936974333013e+01,3.867132911988775277e+02,2.935313736456754441e+02,2.995117539948225840e+02,2.254577198166868754e+02,2.195945612109412366e+02,2.067313971000212973e+02,2.334440760954580014e+02,1.879317021468022801e+02,2.027201983615925656e+02,1.966028995860768021e+02,2.190328857654446892e+02,2.195258821252873531e+02,2.002836720845198215e+02,1.842678877742255281e+02,1.796150923299297233e+02,2.187312024791051215e+02,2.784927325962718783e+02,2.978355527158682889e+02,1.895739529051274417e+02,1.639649227826360516e+02,2.114409023981166627e+02,1.300749153883678275e+02,1.721815069214202936e+02,1.939383491959952721e+02,1.599508631787598461e+02,2.771527389898793103e+02,2.694251673765189139e+02,3.323760986800330670e+02,2.182464661518347953e+02,2.027350190372937391e+02,2.214493848069344324e+02,2.019683526146191639e+02,2.042591668069836146e+02,3.091434045946912761e+02,2.495882247939594833e+02,1.999845920576226490e+02,1.778063400076956668e+02,1.632988351457339604e+02,2.098996650307907998e+02,1.907316776333847770e+02,2.117465668945109485e+02,1.703678161682935865e+02,1.570968714885572126e+02,2.117265123155198694e+02,1.844961327432031624e+02,2.160965328608261586e+02,2.313389518620001013e+02,2.067869381789946601e+02,2.441838852034926788e+02,4.735006258768204361e+02,-3.679230156394073248e+01,3.504410272590809541e+02,3.968692540359076588e+02,3.352386996276709965e+02,2.961184238648477844e+02,2.706582024518318690e+02,2.070384125919546818e+02,2.100928700425155000e+02,2.463573687875411053e+02,2.052821522727724357e+02,1.825053500734494492e+02,1.930467770696899095e+02,1.722251588576628478e+02,1.972739974224777768e+02,2.094903044542964778e+02,2.329913455259987245e+02,2.387341345382726558e+02,2.063220395921293289e+02,1.919872596273295073e+02,1.843821350943856032e+02,2.251900246004945814e+02,2.071022694833465891e+02,1.918807930996930509e+02,2.024373749261184230e+02,2.074151899101392758e+02,1.813637833340115719e+02,1.833909110134942466e+02,1.913767782990682065e+02,1.594857146910752022e+02,1.837371864624665818e+02,1.949661269316888479e+02,1.537002944265947235e+02,1.859448631715302440e+02,2.095427096633498252e+02,3.421915263798095096e-14
4.285690184101756981e-55,-1.456369453308362001e-54,5.289853018395171511e-54,-1.837759015021012230e-53,7.809003059029308256e-53,-2.629873359879692466e-52,1.032587053573570606e-51,-3.762956006818336674e-51,1.626394171069126808e-50,-4.788722533689056627e-50,2.192185295590114606e-49,-7.100488633000525412e-49,2.858852982839404649e-48,-1.023357436140060114e-47,3.957219270041462705e-47,-1.419826750189284556e-46,5.468326570514564029e-46,-2.038505675529061252e-45,7.826142930115541583e-45,-2.685758430937475698e-44,5.921911732422978588e-42,6.264289684890011693e-42,-6.423600178150604305e-43,-2.742724040543486997e-41,-2.750280013030086030e-42,-1.256412052123590064e-42,1.555168165242989688e-39,1.480839729721330177e-40,-5.976853817776112857e-38,-5.485568347134149758e-38,-6.663469963795500090e-37,3.231606901582536704e-35,-8.681204363106668996e-35,-2.381025984536073464e-33,-2.476722739912450483e-32,9.367938257675447197e-33,1.394040672066344783e-31,1.330738762939787133e-30,1.540222853063448820e-30,-5.343007880374670939e-29,2.904105963309552369e-28,4.487986214417227236e-27,2.721575339185903251e-27,5.039497819003512182e-26,-2.036796623278101314e-25,-2.245986935119946072e-24,-4.882499096913166473e-23,-5.406115788195709538e-22,-4.923056954776368672e-22,2.659234537954213191e-20,-1.246261548226305668e-19,-1.100509120672215245e-19,3.032953136846655401e-18,3.666787206845318029e-18,-1.837470095613523149e-16,-4.429527535382500968e-15,1.456254158262299710e-14,-4.868235449462599818e-14,-8.858239909828155303e-13,-1.262330696348404738e-11,-1.600893306496609848e-10,-1.788491168464857974e-09,-2.221348757852787861e-08,7.736388571175189598e-08,2.275937496455606820e-05,2.747794069702568171e-04,-7.465622663823982211e-04,-6.978445018918796004e-04,-1.744044564770381306e-02,-1.668223547444880675e-02,-1.878177930737664758e-01,6.997341575660157575e-01,8.155829946741068426e+00,-2.227363727373787583e+01,4.641131762431690504e+02,4.258544759190829723e+02,3.254153435130725143e+02,3.135396100879766550e+02,3.468823664739614401e+02,3.358399452413478343e+02,2.838444742416733106e+02,3.314836019109407630e+02,3.313995432080423029e+02,3.452262704708068668e+02,3.504269633157684893e+02,3.871648816608197876e+02,2.969892977391168074e+02,3.716178906467654883e+02,3.756817064849998928e+02,3.133414627951808029e+02,2.902124549276896346e+02,2.937986438248705099e+02,2.947459077025201282e+02,2.890331418811824733e+02,3.090661946690995592e+02,3.559985900954728208e+02,4.618260048571924585e+02,4.389612309105140184e+02,3.948145965790023979e+02,3.182698754168442861e+02,2.998816897953316811e+02,3.199850474620585601e+02,7.452579512770229542e+01,5.672317815251991746e+00,3.774158037063399251e-01,3.397256097151746257e-01,-1.028361067975584048e-01,6.558915611570606541e-02,6.526543525187897266e-02,2.764373951894090811e-02,4.549655281001156043e-02,2.647790522477786856e-03,-5.099759756125920923e-04,-4.982439753435357471e-04,1.562852118187906285e-03,2.797038229964769016e+02,2.242404306847066948e+02,2.625590638643435568e+02,2.962947042052850293e+02,2.575148825628277791e+02,2.499696893880905861e+02,2.268666570082175724e+02,1.934971392676729067e+02,1.901119130051565094e+02,2.129483272973050134e+02,2.437730712721183295e+02,3.544139842530408941e+02,-2.763140952559102814e+01,1.002280206916020688e+01,-3.074609010246450502e+00,9.921797434807182459e-01,-1.558600418543310828e-01,-1.117278567905043984e-01,-9.191764506241499946e-03,3.321652224255045981e-03,1.401252944776058785e-03,1.416579534758977562e-05,-4.278988048939185767e-06,-4.080439180656774278e-06,8.126266162740410082e-02,1.292663726719521566e+00,-6.577946204111024819e-01,-6.866431942916539910e-01,-1.112910001809661154e+01,-8.485540667554850813e+01,3.255118455055510367e+02,4.033866264562804531e+02,3.019255486878868169e+02,2.640501487852075115e+02,2.359407045887345191e+02,2.235440298193718718e+02,2.390288077261192825e+02,1.983657050401040465e+02,2.049371534244546353e+02,2.106241703434567114e+02,2.040174127134527851e+02,2.223516464982118066e+02,1.840323661645525704e+02,2.013034469743868726e+02,1.828749924686860311e+02,1.671442915920485177e+02,6.575403927043282692e+01,5.222120397877495179e+01,5.989402077558376192e+01,2.051819900850161105e+02,1.975020627276569485e+02,1.816071943044424302e+02,1.707752263673921220e+02,1.846781413576605360e+02,1.940041890225891166e+02,4.479762804159778398e+02,5.948442405481198421e+02,3.791285873494417729e+02,9.241375322465182762e+01,2.221826366581710204e+02,2.404848206838435942e+02,2.685001412547273958e+02,2.165901883217265720e+02,1.919995737948900398e+02,2.811500400507979975e+02,2.094625876311043271e+02,2.378577670914504836e+02,1.776517953526376914e+02,1.719527913853605696e+02,2.197654642012082604e+02,1.849237475554989487e+02,1.593244211723657600e+02,1.852245916850725962e+02,1.993898328827170019e+02,1.698417078822531607e+02,1.914444573529322611e+02,1.950706885152287668e+02,2.221937064625578273e+02,2.350542362174103062e+02,3.081235431733543919e+02,5.358247105209841266e+02,3.409079809135272967e+02,3.716686681844238365e+02,2.983530891719927922e+02,2.921451101723229726e+02,2.284857922951458420e+02,2.272676154163898730e+02,2.026807923940099556e+02,2.073281095155309401e+02,2.036237388728743838e+02,2.376910753223140773e+02,1.958924245712139225e+02,1.964338817772913330e+02,1.911325589893580172e+02,1.786968998581598100e+02,1.628946194395555267e+02,1.525423650699300424e+02,2.079914710394135113e+02,1.796964695394889873e+02,2.049872928380788437e+02,1.994911760881801968e+02,2.250414137325415140e+02,2.060697647698614219e+02,1.765389723089125482e+02,1.886250623086810947e+02,2.350335267885584756e+02,2.432366057284187661e+02,1.806769140812851902e+02,1.881441330861223946e+02,1.824904345914855526e+02,1.847938583048071735e+02,2.004260765372203537e+02,1.760830476034637115e+02,1.686757059010843136e+02,1.815423656145748907e+02,3.155226124759376937e-14
4.962548096711160150e-55,-1.866172673727309633e-54,8.394571764083893725e-54,-2.669068867871877772e-53,9.567649485774182346e-53,-3.826874727651924712e-52,1.368678423241143074e-51,-5.504425462576886428e-51,2.088132426612715219e-50,-6.878104047524581040e-50,2.802605316096598017e-49,-9.784259608470965295e-49,4.385158386492156418e-48,-1.399368069872292745e-47,5.572165865020209152e-47,-2.006394564773207239e-46,8.051665842921329109e-46,-2.880444416471356444e-45,1.024723083426574028e-44,-3.895144752803701365e-44,-2.024023683401520810e-42,-3.003087081397667995e-42,2.663433672531977440e-42,-7.242551366163054900e-44,3.504373997651580771e-41,-1.340713458019476050e-40,-8.725887023429019912e-41,-1.980846709827932944e-39,2.872170248761424377e-38,-5.544528513427439753e-39,3.439121443420096883e-37,-1.236331803419502898e-35,3.355499833716681932e-35,8.795139013724177125e-34,9.219860746052811417e-33,-3.552012501937556638e-33,-5.151697782639735333e-32,-4.954668844541107565e-31,-5.689376675860765427e-31,1.983804737777696013e-29,-1.078429828471488470e-28,-1.667601524484737267e-27,-1.010468918556453604e-27,-1.872565188899759348e-26,7.568280381630414182e-26,8.344089214301582557e-25,1.813990273972444062e-23,2.008508911877607460e-22,1.829064854542750603e-22,-9.879762257677846894e-21,4.630191766847340428e-20,4.088670563489062217e-20,-1.126821418287247854e-18,-1.362309200302580697e-18,6.826684629158017923e-17,1.645685830205984684e-15,-5.410366698646247828e-15,1.808677336410442952e-14,3.291068851808201444e-13,4.689890161791151870e-12,5.947739207512251851e-11,6.644714546777745328e-10,8.252894208577281154e-09,-2.874271597781387462e-08,-8.455705713364317411e-06,-1.020877684493808697e-04,2.773674949802333307e-04,2.592675656021010532e-04,6.479583737981857612e-03,6.197888739592630550e-03,6.977924430874143935e-02,-2.599696223285549168e-01,-3.030105087916733719e+00,8.275241400360021871e+00,6.732447702582145439e+02,4.303396125547758970e+02,3.474812406211449911e+02,3.317633894102990553e+02,4.019306123242278659e+02,3.281130676728710114e+02,2.561514762104386023e+02,2.716176510279805711e+02,3.116320058063685678e+02,3.101815102192814493e+02,3.365930432554011986e+02,3.395337174255514014e+02,3.843764799658674178e+02,3.611501854161472806e+02,3.661696431448368685e+02,3.777033049986426363e+02,3.050262060600119298e+02,3.106829278844929831e+02,3.200431670383785558e+02,2.958892847253662239e+02,3.191985651703495819e+02,3.082983117695606552e+02,3.185845692253347465e+02,3.830891698728697179e+02,3.788700061170154072e+02,3.122123862998078607e+02,3.148269798997790190e+02,1.452203629698759926e+02,-2.736217772188019026e+01,-3.666954689168811843e+00,-1.427848960352223751e+00,-1.290305034798823858e+00,3.518507186285113053e-01,-1.459672249897356333e-01,-1.606452017641361307e-01,-1.311273749077834505e-01,-2.008174397039788062e-01,-9.823967246742396336e-04,1.846260601891201443e-04,1.803828287378038680e-04,-5.842074753091994416e-04,2.616580933465148746e+02,2.353833048758886832e+02,2.692580083981873713e+02,2.721258749151596135e+02,2.808988386696800603e+02,2.704948105130761746e+02,2.117322881468211904e+02,1.950555711153614027e+02,2.196406191769258669e+02,2.423500477446761749e+02,2.671301006816292443e+02,3.083512026763079916e+02,-1.305421214709999234e+01,-3.723734278824651689e+00,1.142298020696886018e+00,-3.686208403658869370e-01,5.790610016512248714e-02,4.150983401246478854e-02,3.414981992246257474e-03,-1.234081065501991138e-03,-5.206022820720185209e-04,-5.262249804513415493e-06,1.600588170240460842e-06,1.632803981887099298e-06,-3.087693622371963098e-01,-4.911664793676710161e+00,2.499386817916309234e+00,2.609001191445468493e+00,4.228664239214616316e+01,4.818113604463308661e+02,4.920981751062184344e+02,3.493958960315426907e+02,2.691459461497225334e+02,2.389567083702792729e+02,2.418173679867180397e+02,1.997996138664473165e+02,2.239418990287791758e+02,2.020808943400165276e+02,1.841913939724233558e+02,2.090954893770264391e+02,2.187497733538099851e+02,2.073214927707594484e+02,1.779525861081098981e+02,2.027274405511917337e+02,1.671830519860496054e+02,1.991744370833887388e+02,-4.156555996933744979e+01,9.931260040609576834e+01,9.532096070969980417e+01,2.008343253091952363e+02,1.978478935973205921e+02,1.566940111514540206e+02,1.711805527390460497e+02,1.848263018681279277e+02,3.741591984374186382e+02,1.155930567891936533e+02,3.016758167752357735e+02,1.816001525087480104e+02,-3.331377244595594789e+01,3.606560583734093939e+02,2.298026425334243754e+02,2.605360826218636703e+02,2.002331288972375205e+02,2.043103681789856125e+02,2.471631380327803527e+02,1.771499323578719043e+02,2.123672136887378201e+02,1.641924323185629078e+02,1.801623229133055872e+02,1.905285037733278273e+02,1.662735737682226613e+02,1.494958736808626156e+02,1.932222459319023358e+02,2.549793606638163510e+02,1.782931443313311775e+02,2.066177698307793378e+02,1.764481647201239696e+02,2.365537583795502030e+02,2.448851285475831219e+02,3.119317890308381038e+02,4.976624497501180713e+02,3.486961363571500101e+02,2.621725937871953533e+02,2.446926341171186152e+02,2.153622318063395085e+02,2.164209174249014325e+02,2.209547539018071802e+02,2.375444454412913160e+02,2.137136557241934440e+02,1.925087703426358132e+02,2.367570083084208079e+02,2.337841727517790673e+02,2.130527486983964423e+02,2.122073181264125878e+02,2.242730247230528562e+02,1.937282971592661909e+02,1.823768324965174656e+02,1.856713267709007482e+02,1.957897027587481773e+02,1.892254501784125580e+02,1.988038240084686379e+02,2.058380142447721539e+02,2.076091279910073126e+02,1.773239845464588882e+02,1.834178758514304945e+02,2.191527010490392797e+02,2.481658630105439727e+02,1.853008116866026000e+02,1.720677280893371801e+02,2.022474941888172566e+02,1.910832782731276041e+02,1.892824696749046893e+02,1.810512624814990659e+02,1.797318372069805719e+02,1.782872708421913615e+02,2.698316902936253529e-14
1.706016271591270940e-55,-7.327535034634819097e-55,4.409740442290228858e-54,-1.309362070397524888e-53,4.435033544563345314e-53,-1.968628729009324571e-52,7.374322979015226013e-52,-2.410450966746935745e-51,1.077387129916779765e-50,-2.885335216854932961e-50,1.326200429338071963e-49,-3.845054347314675386e-49,2.142249517005604993e-48,-5.491013996695543109e-48,2.731490233452003520e-47,-9.782436662613954850e-47,4.304168038040898224e-46,-1.526511448907502422e-45,4.250040441815784688e-45,-1.933132646184358209e-44,7.445189196132598376e-43,5.072907660064716028e-43,5.388124237166807844e-43,-6.836132774556621864e-42,8.614762659877192670e-42,-4.258878546394119513e-41,3.411738449557517514e-40,-7.084948124128003894e-40,-4.960757178986825390e-39,-1.456048699098311799e-38,-4.612888796279670600e-38,3.627421384227199000e-36,-9.695618400541372285e-36,-2.770378802612296831e-34,-2.861379766292514310e-33,1.061665131301915476e-33,1.622446509486355721e-32,1.536472695053442750e-31,1.792475437811732158e-31,-6.188869924247376625e-30,3.363809741499677741e-29,5.194849898733988146e-28,3.152693419043776831e-28,5.833181728619654120e-27,-2.357535634185652931e-26,-2.600164399797242117e-25,-5.652177533954063481e-24,-6.258396072167162308e-23,-5.699109365154065545e-23,3.078454809015234784e-21,-1.442731192201288980e-20,-1.274005229598587467e-20,3.511093034257769019e-19,4.244844348036115786e-19,-2.127143294297970703e-17,-5.127833401789696744e-16,1.685829626029371274e-15,-5.635702752306463574e-15,-1.025472300097843073e-13,-1.461334509897340598e-12,-1.853270811363660455e-11,-2.070443087283773736e-10,-2.571539776507580842e-09,8.956014163323520189e-09,2.634734316428377088e-06,3.180978098561847454e-05,-8.642562573228305923e-05,-8.078582384310947491e-05,-2.018989568621844168e-03,-1.931215525369889534e-03,-2.174268781184638191e-02,8.100457943975702957e-02,9.441579600974143727e-01,-2.578502993521108788e+00,3.894201474115514543e+02,5.563110557057283359e+02,4.329398881766184104e+02,3.368302063141006215e+02,3.240015409506786455e+02,3.597669175316721635e+02,2.739943783500541485e+02,3.424654403660330786e+02,3.569999498730413166e+02,2.888312275282323753e+02,3.318670272814257487e+02,3.007866524710899512e+02,4.075021714627926599e+02,3.924345910024303521e+02,3.800253601924314353e+02,3.847774909455864076e+02,3.428145408458151451e+02,3.373448122585688225e+02,3.284500944063270254e+02,3.590365482750675596e+02,3.200701598573485853e+02,2.942692252498293897e+02,3.483164323049517748e+02,4.337028081659728400e+02,3.655091666100422003e+02,3.921707185165847704e+02,3.356074327406029738e+02,-8.876917222768254589e+01,1.640582395914825753e+01,6.151481144639803667e+00,4.580478013093481238e+00,4.140834743860067668e+00,-1.116988352483754054e+00,4.360309725894581101e-01,4.881331170883740911e-01,4.290234314907751534e-01,6.532639243055460287e-01,3.018453630983983205e-04,-4.197215577104800136e-05,-4.102100393424657046e-05,1.934905831529206116e-04,2.864697648544413937e+02,2.781839017451314362e+02,2.531028137696724229e+02,2.224511615305465853e+02,2.864517919525221714e+02,2.840658467471063204e+02,2.262017859907352033e+02,1.972774876623765010e+02,2.209058616664949568e+02,2.649383950620052133e+02,2.592704940371642124e+02,2.598653693504619469e+02,9.924194617134665464e+01,1.160287600142303699e+00,-3.559314735799688489e-01,1.148594819622276442e-01,-1.804310537844275655e-02,-1.293415213936477751e-02,-1.064082710393656058e-03,3.845303824190915713e-04,1.622157583370753228e-04,1.637380029753450061e-06,-5.335201773537320586e-07,-8.839481822848921140e-07,9.909397104332070549e-01,1.576310438552389570e+01,-8.021332270345570947e+00,-8.373119878940268990e+00,-1.357113700022706837e+02,1.075493898531224659e+03,4.267608636983583779e+02,3.593312562480319912e+02,2.512851939393079306e+02,2.344018431033449872e+02,2.284188911467546461e+02,1.803215704844427023e+02,1.960970050015769459e+02,2.221828262894875081e+02,1.886722692611562309e+02,1.946938994294857821e+02,1.914996512292420334e+02,2.020611075022485466e+02,1.782561321118896842e+02,2.149944640406094152e+02,1.900221867049364164e+02,2.139976040120249365e+02,9.141419739575101744e+01,2.064542229887095459e+02,2.533979631103588019e+02,1.867325162990006504e+02,1.866428827879510379e+02,1.601566977796783533e+02,1.435265754545800974e+02,1.745253829079867671e+02,4.291230763259414402e+02,3.157453641091479994e+02,-1.348142551659484809e+02,-1.086735152237027933e+02,1.778164866754750761e+01,1.697505315971930031e+02,2.663228313252155885e+02,2.341558756289398389e+02,1.825775539634454105e+02,1.929228717673360052e+02,2.080086430652528691e+02,1.690710592587319923e+02,1.682481546696181738e+02,1.514506661751016736e+02,1.658679087762864128e+02,1.560242109069010326e+02,2.047300708252002437e+02,1.707668512395322296e+02,1.992758887067926139e+02,1.985214145732087445e+02,1.984680252779531884e+02,2.119476148011980285e+02,1.906110938319316404e+02,2.454633254534668083e+02,2.629150794005032026e+02,2.535428021925306723e+02,3.440762957892002873e+02,1.743488749719130624e+02,2.108952674509407927e+02,1.918123899979463545e+02,1.931521058546657628e+02,1.950499380912786478e+02,2.295957174116148849e+02,2.122545218298938323e+02,2.033091810849137175e+02,2.288443563106658871e+02,2.172256528585276385e+02,2.230852569715887341e+02,2.063113522070138970e+02,2.109103760042703755e+02,2.213545034588678675e+02,1.974134021098098799e+02,1.651312115436234649e+02,1.669848173955177515e+02,2.090040963788392219e+02,1.830858683458464213e+02,1.876489120530034995e+02,2.114095301193290481e+02,2.068860892493447352e+02,1.947682079401255919e+02,1.860815920773001437e+02,1.783852041685093468e+02,2.027375689655727626e+02,1.899717396169026244e+02,1.688801557043022399e+02,1.928111334686811347e+02,1.850729146560122729e+02,1.779066215966386437e+02,1.707710342193370252e+02,1.832241510563810607e+02,1.817872650159949899e+02,1.888680527196555876e-14
-1.424069783200807739e-55,4.225159759112552830e-55,-1.990914835948656121e-54,7.849326998091941514e-54,-2.564351006232425708e-53,8.200674190625249842e-53,-3.703128966533734924e-52,1.563621342571416905e-51,-4.901787885975115964e-51,1.883994361164826717e-50,-7.479731403183696914e-50,2.215615395026073117e-49,-1.001048090600757482e-48,3.773192622517909400e-48,-1.413415253924359251e-47,4.025821964711260329e-47,-1.722766269715322159e-46,7.979778680033204765e-46,-2.219965025899845238e-45,1.093126323773114872e-44,-2.103817375952558030e-43,-5.219087090411657462e-44,-4.351541980350521183e-43,2.696404324360276171e-42,-5.435934222710878654e-42,2.684660949429908778e-41,-1.334152594724349252e-40,2.462233607757403312e-40,6.290440906733585701e-40,7.018977448374057670e-39,1.503363999503079704e-39,-9.188446751525954126e-37,2.384573847174800293e-36,7.367463585899182771e-35,7.517688904758254508e-34,-2.717637341114080804e-34,-4.302967808561267041e-33,-4.042362945530447124e-32,-4.761052661520496799e-32,1.630801125782155990e-30,-8.857034564612655147e-30,-1.367060683919565044e-28,-8.304820756561963967e-29,-1.535016445023753809e-27,6.203634819239486465e-27,6.843627134828906082e-26,1.487534862109141345e-24,1.647103295504564353e-23,1.499887365401082918e-23,-8.101946232738139141e-22,3.797012877195492955e-21,3.352968201628078889e-21,-9.240582428322240819e-20,-1.117167342980772429e-19,5.598266137307475303e-18,1.349555516097786677e-16,-4.436806936248057200e-16,1.483217794913212553e-15,2.698862600857478712e-14,3.845975236395934727e-13,4.877482591634585362e-12,5.449041800954146336e-11,6.767840091631297834e-10,-2.357065298760671022e-09,-6.934156998501188870e-07,-8.371774492279813361e-06,2.274570357186396017e-05,2.126140697711404246e-05,5.313625195473561588e-04,5.082619362173015779e-04,5.722292753260834267e-03,-2.131897959996086056e-02,-2.484857575913951011e-01,6.786166053513787988e-01,-7.141315435949840662e+01,4.009420607355972379e+02,5.981062332406600035e+02,3.692981468754264256e+02,3.229285320179717473e+02,3.994178611482608972e+02,3.522471367612790800e+02,3.461959131497276871e+02,3.598735164733261058e+02,3.176321027697607065e+02,3.129332756500203914e+02,3.428687919340934513e+02,3.716117988624973236e+02,3.840659953721470288e+02,4.179397690882935876e+02,3.089937168874806730e+02,3.071636754352961134e+02,2.997986261007696953e+02,3.231392047908552740e+02,3.615072981096386684e+02,2.684106146010692555e+02,3.067076131127839744e+02,3.612945573224488953e+02,4.198505286525352176e+02,3.514003954347468834e+02,3.913550910491458694e+02,3.575116949398817496e+02,1.770300631996464347e+02,-2.551127084140165024e+01,-1.509058425568237105e+01,-1.232830501286619196e+01,-1.114542592221732775e+01,3.003296306519381176e+00,-1.165153885478264817e+00,-1.306696548111669909e+00,-1.156898944781154626e+00,-1.760616765207222212e+00,-6.797736103571232940e-05,-3.079205598895304286e-05,-3.004454177520067619e-05,-8.173454526427039466e-05,3.143007063112925721e+02,2.478086676327591533e+02,2.447063402798157767e+02,2.291131242030890860e+02,2.361402329612766948e+02,2.468729779704113696e+02,2.340674647123712759e+02,2.054409495026627326e+02,2.022607457881468065e+02,2.305617044579560400e+02,2.101524189488961269e+02,2.283374269631013362e+02,2.765854169439095358e+02,-3.053672748933285996e-01,9.367489932931724606e-02,-3.022899408589584114e-02,4.748627770668176901e-03,3.404041197703747482e-03,2.800478439567443442e-04,-1.012016348452893434e-04,-4.269233787932594866e-05,-4.247505394502873054e-07,2.339795336246525548e-07,1.241699664343147824e-06,-2.667213027711802464e+00,-4.242796704104185324e+01,2.159021553546433481e+01,2.253708695734811229e+01,4.021728915960127324e+02,8.742524042029103839e+02,4.373387397040179962e+02,2.974478720395769074e+02,2.598404288589134126e+02,2.342529842119260763e+02,2.170604032361536326e+02,1.902326613701583540e+02,2.079992659293119175e+02,2.079606418354979098e+02,2.121584497911035783e+02,1.660428726010107709e+02,1.766618242869150777e+02,1.957116697225111750e+02,1.701521392915693411e+02,2.148944902725215513e+02,2.128448129331927134e+02,1.944903717650688009e+02,2.166969175783580113e+02,1.348251774779079710e+02,1.923262735872112899e+02,1.798089855833691502e+02,1.999772410642345051e+02,1.595413842815378302e+02,1.738595310249173167e+02,2.257050197137905059e+02,4.347670713887192733e+02,8.754144033082030774e+02,2.036759645140418513e+02,2.115313628996803459e+02,-2.458601988434752528e+01,6.974967276563255325e+01,3.278039037261391968e+02,2.224161174253414970e+02,1.781577391888655768e+02,1.383534969629959051e+02,2.144539629836316124e+02,1.539410477037492910e+02,1.793391342775082933e+02,1.680658676150163444e+02,1.682957962711674611e+02,1.607926035605505604e+02,2.428318409300949554e+02,2.442666843864612360e+02,2.179401847791258433e+02,1.812600751141574733e+02,1.862923672777015724e+02,2.171287358148700832e+02,2.025514074956556385e+02,2.447625316724943616e+02,2.657239558017422496e+02,2.250577603919719820e+02,2.116166020865316284e+02,2.309392733185769089e+02,2.028083049973824927e+02,1.614518275816676578e+02,2.237892210832043531e+02,2.084108103150001909e+02,2.103973216321834911e+02,1.875190382265517712e+02,1.831173710195220963e+02,2.123889597720717859e+02,1.942514131664057402e+02,1.840486223864906208e+02,2.069412729925937526e+02,2.091128185213208042e+02,2.164169088586293128e+02,1.985660422038288857e+02,1.452715474029559175e+02,1.497837648424398083e+02,1.760318228080905385e+02,1.892016352712807645e+02,2.043904316378063868e+02,2.264975442308181357e+02,2.019154391641649511e+02,2.017924171457323439e+02,1.893648595740535825e+02,1.738024387089716924e+02,1.805985765856518697e+02,1.884860295823476122e+02,2.001200059395572453e+02,1.933639024578996555e+02,1.882033849846095279e+02,1.874747610732109990e+02,1.799791818533328467e+02,1.831392891433722809e+02,1.819085008156720278e+02,1.315471895367710343e-14
4.611222222410011647e-56,-1.730885995159675883e-55,5.837967067325448423e-55,-2.631104486051605478e-54,9.899828127724442799e-54,-3.835479041858584984e-53,1.352002275003341707e-52,-3.941216047566241872e-52,1.655329560048567788e-51,-7.427841187287614582e-51,2.488220866217326027e-50,-9.076426444955946032e-50,3.916295723737675678e-49,-1.080190394460663635e-48,4.934068045367467513e-48,-2.318915076812667658e-47,5.857176671842880264e-47,-2.121237566108807754e-46,8.679255591200137274e-46,-3.806971383554896054e-45,5.229304750314168629e-44,-4.137296615118745306e-45,1.660985402691354324e-43,-7.681972156526151816e-43,2.990572541059799651e-42,-9.467738399570951622e-42,4.577961482687692134e-41,-1.341794712517593955e-40,4.169914842381230220e-41,-2.225723137605821765e-39,1.145275515930914188e-39,1.742055987428900504e-37,-4.655491816048186963e-37,-1.510072640920076598e-35,-1.523253482439786545e-34,5.429765844370711744e-35,8.849026790569688710e-34,8.178938406130107820e-33,9.865009779001196887e-33,-3.334139476738906887e-31,1.809284252837731970e-30,2.790173357272802756e-29,1.697256087340032703e-29,3.132485193997698842e-28,-1.266357094236867376e-27,-1.397323726685022667e-26,-3.036928207037472898e-25,-3.362761252978600774e-24,-3.062107624459504564e-24,1.654097815339671934e-22,-7.752002700184259047e-22,-6.845463752410788898e-22,1.886567297909698466e-20,2.280813449392585296e-20,-1.142946858614118831e-18,-2.755264741042611376e-17,9.058225201311099246e-17,-3.028150850703788720e-16,-5.510022084998714123e-15,-7.851977589452721952e-14,-9.957912264679992518e-13,-1.112481268648436687e-11,-1.381728311982831662e-10,4.812205685073053057e-10,1.415683721138317655e-07,1.709188999947428681e-06,-4.643783271628372553e-06,-4.340747945640525009e-06,-1.084834492654100418e-04,-1.037672134236422415e-04,-1.168268428320676537e-03,4.352502024028020305e-03,5.073107546202690332e-02,-1.385469756881450021e-01,1.457977373797954357e+01,-4.449505455166224976e+01,4.638568917118454920e+02,4.364831192286474106e+02,4.085700416419707608e+02,3.546825599609791198e+02,3.923194826889671845e+02,2.968025124110815796e+02,2.900079409654111373e+02,2.768279931958224438e+02,2.906167260470169822e+02,3.312272667924481766e+02,3.410171218950500247e+02,2.693637732691616407e+02,3.317609799306543437e+02,2.912393666295378694e+02,2.718643491042474807e+02,2.885500125297818386e+02,3.599171919886730393e+02,3.120367619059460935e+02,2.962206982525081003e+02,3.556170028588587115e+02,3.450297740611168820e+02,3.047064347097097539e+02,3.462574262198107249e+02,3.522397739878429661e+02,4.135923505717505009e+02,5.885878889594314387e+02,5.010194802682350712e+01,3.173112273950825468e+01,2.621724757052163568e+01,2.367926423019794058e+01,-6.125251267425638524e+00,2.374904182858311952e+00,2.663871198762365555e+00,2.360176379909937783e+00,3.591622398894551704e+00,-9.443099870792356982e-06,9.140634378357156877e-05,8.922363334234971184e-05,7.937215575632649526e-05,2.942708216116125186e+02,2.436449199932526142e+02,2.642279918000376711e+02,2.399300243116638001e+02,2.120721724720795862e+02,2.139061707325721216e+02,2.054512446514708301e+02,1.834234508440896718e+02,2.092273208867503058e+02,1.963559204965686149e+02,1.945324462388287827e+02,2.153842264552230858e+02,2.373798541786677276e+02,6.234405712276266248e-02,-1.912475158663492353e-02,6.171578584534626044e-03,-9.694841108176381096e-04,-6.949721088070138272e-04,-5.717482506934340447e-05,2.066142899954574071e-05,8.716116909042253923e-06,7.414620007002151903e-08,-2.381294605563667643e-07,-2.306429766884414032e-06,5.440369672434075987e+00,8.984369637617628257e+01,-4.403800993771092465e+01,-4.596936319438105301e+01,1.320334703683637599e+03,4.518975022581817598e+02,4.286991659898827152e+02,2.542353740933624806e+02,2.680938530737547580e+02,2.522924167850359538e+02,2.162185220666964938e+02,1.814322382150529336e+02,2.133039133057065158e+02,1.907365849999203249e+02,2.019134282761864654e+02,1.852928128265471344e+02,2.153213359322564031e+02,1.749252482351928961e+02,1.824970122358556353e+02,1.850076784677066826e+02,1.842975936983827694e+02,2.068143481488910993e+02,2.140552179495168446e+02,1.832582378642800336e+02,1.641675645633127374e+02,1.659684026396660101e+02,1.869819445567063099e+02,1.615315015280469879e+02,1.951755386884411791e+02,3.001011016443063113e+02,5.216046882072846529e+02,4.645252729753172503e+02,5.722287268347229201e+02,6.145985977346584832e+02,4.725708717259124825e+01,3.728691662076664670e+02,2.526920051318633966e+02,1.955061421557450672e+02,1.481799085942768670e+02,1.390538037770370750e+02,2.819032422994577018e+02,1.724446456507413643e+02,2.240935912556564347e+02,2.159703829203248802e+02,1.767952655835987628e+02,2.075171546490515482e+02,2.458677780352688842e+02,3.003194105054936358e+02,2.519744159240422903e+02,2.843309963987570654e+02,2.163353670665623838e+02,2.294693962872516693e+02,2.767606864426883817e+02,2.744555068523111458e+02,2.483389762677318799e+02,2.420053857357142419e+02,1.870547396717633717e+02,2.177727479309894534e+02,2.453107945092752686e+02,1.931145558842348180e+02,2.104786520906374676e+02,2.125612765610447639e+02,1.825194864545896394e+02,1.923611429868695950e+02,1.852818981937645049e+02,1.785255330629409229e+02,1.699339831448259872e+02,1.855320669569563563e+02,2.235263741463602116e+02,2.025996241691665887e+02,2.228286214031508337e+02,1.932571757636314373e+02,1.612748721860069168e+02,1.875809151831007853e+02,1.730351951746713723e+02,1.873367386757041686e+02,2.057970093007934622e+02,2.139391287146828802e+02,2.084688549759337945e+02,2.103983385041619272e+02,1.967437283254795659e+02,1.872644536930553727e+02,1.700543044874930274e+02,1.902770623353807196e+02,2.088880524403243442e+02,1.970544380376036315e+02,1.888760110170082385e+02,1.756405522724829211e+02,1.814718682556490137e+02,1.862018888086408310e+02,1.891144697720109775e+02,1.217797934360293054e-14
-2.682315127602668353e-56,2.730247344219129003e-56,-1.553901841821137790e-55,6.572646205392520510e-55,-1.497742682421265105e-54,9.399275110602006681e-54,-3.076185390870720711e-53,9.833407157930500796e-53,-3.832920351306214610e-52,1.514118031666678355e-51,-4.770079864875389523e-51,1.953421541275383183e-50,-8.180273363657429631e-50,4.287862477101371628e-49,-1.464122270532121401e-48,3.559442912185690428e-48,-1.612796647925455956e-47,4.077841063378738009e-47,-2.885352324594547300e-46,1.146890097346914028e-45,-5.150244254938065192e-45,7.219881985400088502e-45,-4.358852017279529985e-44,1.715573730611009348e-43,-4.200959553968449382e-43,2.606045113247437033e-42,-5.114959971499626391e-42,4.469704078624663204e-41,-8.383264148941436301e-41,5.855140377838117841e-40,-1.592407754709610683e-39,-1.431803532693360839e-38,1.989727009311804948e-38,1.378598418209957845e-36,1.299102509795077167e-35,-3.635489201921628335e-36,-7.660956492312329054e-35,-7.013388341024146476e-34,-8.765900860370003010e-34,2.886831861926513951e-32,-1.561121617696450367e-31,-2.397601547037029994e-30,-1.466801253670576026e-30,-2.693482813837353463e-29,1.089310624113286709e-28,1.202803234187190087e-27,2.613200769585568860e-26,2.893754032952558971e-25,2.634952206760896720e-25,-1.423357700464635145e-23,6.670636342746322671e-23,5.890694484587852174e-23,-1.623410015239735987e-21,-1.962646225257568266e-21,9.835156243048123398e-20,2.370930717187398292e-18,-7.794686279157936856e-18,2.605752072114880570e-17,4.741424553450183759e-16,6.756698889431654634e-15,8.568874982781584445e-14,9.573003536220881631e-13,1.188989907115648380e-11,-4.140947205152184393e-11,-1.218208849031462286e-08,-1.470772838106696722e-07,3.996018171295327567e-07,3.735253489076868554e-07,9.335100481492172031e-06,8.929264054169558680e-06,1.005305716362892628e-04,-3.745367981505949529e-04,-4.365455654106049563e-03,1.192209455188384185e-02,-1.254602925728824037e+00,3.828840325248827448e+00,-1.355119100278578692e+01,5.066549138562836561e+02,3.267203571250448704e+02,3.508489097095587113e+02,3.119564728638281395e+02,3.378928504938647848e+02,3.389848359771415858e+02,2.675076479380734895e+02,2.519875672244532439e+02,3.089296272895504671e+02,2.893149070809392356e+02,3.247843941434417161e+02,3.066458025994855916e+02,2.824002437121616822e+02,2.893919166498417326e+02,3.061614868648902075e+02,2.965115112292726849e+02,3.016568851899914421e+02,3.199263631074743444e+02,3.235928393464690203e+02,3.216708018606796600e+02,3.113305431215421777e+02,3.532073387488152321e+02,4.082103339830715072e+02,4.306248314403891300e+02,3.618627245718624863e+02,3.440077060129994493e+02,2.432516537682397768e+02,2.106309680609555244e+02,1.855483459636043051e+02,5.034894513877143929e+00,-1.945743579161427039e+00,-2.182530261159704388e+00,-1.933848426553844924e+00,-2.942837857968652049e+00,1.981632733970326401e-05,-7.722650512139132438e-05,-7.538443150747662323e-05,-5.790980464964662003e-05,3.433104150808491113e+02,2.380422664340456720e+02,2.210645789794959057e+02,2.838156137437967459e+02,2.499494931577826833e+02,1.949219120950193371e+02,1.895660564391690457e+02,1.643780985798697714e+02,1.907206817253361066e+02,1.857239220583518886e+02,1.741918382977080739e+02,1.928060867641782465e+02,2.086645976454428819e+02,-5.364763393186770292e-03,1.645702445367658523e-03,-5.310700075088308197e-04,8.342499839313229342e-05,5.980298876759289540e-05,4.919950877326473509e-06,-1.777944994913357223e-06,-7.500387203917251835e-07,3.863494647386094476e-09,1.756083703679265074e-07,1.871319801349022596e-06,-4.457574254226842392e+00,6.420625127821623437e+02,3.617278836617516902e+01,3.776469067550358716e+01,6.250098286273813528e+02,3.760601456003813041e+02,3.568982152183432390e+02,2.198505968980925900e+02,2.855561313918032624e+02,2.642663314917936646e+02,2.273036766365734707e+02,1.729091092950274913e+02,2.118044204119109963e+02,1.901719321421473978e+02,1.782320034500249051e+02,2.661065056208616966e+02,2.193841130221897515e+02,1.915141950200299732e+02,1.838666544742588940e+02,1.876735223529481118e+02,2.094210522093015072e+02,2.370734396297948763e+02,2.551755631616600510e+02,2.041777606806527388e+02,1.747948851248309552e+02,1.810306640132014024e+02,1.572450129761835456e+02,1.737189320379004016e+02,1.551884132870377755e+02,2.482745331670370774e+02,2.756731988282853649e+02,2.376459226853582436e+02,2.065564083739360228e+02,1.983375038514847972e+02,3.384261908280327020e+02,1.985758884854000428e+02,1.645198446308074267e+02,1.939522317899722736e+02,1.231075949859978778e+02,2.004302765642249256e+02,1.924752977940380845e+02,2.194967099153107881e+02,2.252493957336530457e+02,2.328070714412637301e+02,1.919444488604974595e+02,2.420071360059947381e+02,2.672079982754967205e+02,2.110504573480696138e+02,2.563143489024870973e+02,2.644682810726948787e+02,3.055195341917525980e+02,2.709406915513833383e+02,3.269083211564122280e+02,3.179101761527715553e+02,2.676440385426582225e+02,2.419318854172497311e+02,2.073814178902284482e+02,1.982362326580907848e+02,2.330040483869037473e+02,2.056015557513288172e+02,2.103400559763327919e+02,1.666109790375446664e+02,2.070944799506295055e+02,2.032632435381118512e+02,1.999458989679165768e+02,2.353221142934985153e+02,1.690747033510693313e+02,1.774246181021566144e+02,2.066100968559929356e+02,2.076544257416173878e+02,1.932505379988901666e+02,2.011483239921866755e+02,1.822382196020475078e+02,2.173726153126202689e+02,1.945695200545424086e+02,1.947557943496408086e+02,1.833787716878495644e+02,1.697275775256016743e+02,1.890277683648866400e+02,1.967173110668960021e+02,1.754007840077057665e+02,1.757367056994823997e+02,1.850349394141595383e+02,2.084853477273508133e+02,1.825634803700645534e+02,1.939633050373626304e+02,1.974091199269870458e+02,1.804800605946905137e+02,1.614090047516552602e+02,1.480985366923503648e+02,1.779788220676543347e+02,1.725532480181756041e-14
-1.319391101091813707e-56,3.846879011406272150e-56,-1.602762799522619006e-55,6.333830035798412598e-55,-1.900426055142991194e-54,7.758494804913819266e-54,-3.344637158633006154e-53,1.159943359208586908e-52,-4.344461547779038535e-52,1.452132367022795160e-51,-5.353202339015681507e-51,2.376101431120227096e-50,-7.400924320829934818e-50,3.093605688745243269e-49,-1.269007238338439744e-48,3.982211942067175000e-48,-1.770679229943536360e-47,5.602560570922107324e-47,-2.510414922548289654e-46,7.503985389986334941e-46,-5.488832182405680751e-45,9.261050311105532596e-45,-3.845238494111515741e-44,1.937253074357541300e-43,-5.083875197330374040e-43,2.188748089113275016e-42,-9.104199496886849992e-42,3.332000849355164923e-41,-9.933361530176937203e-41,4.852660062346236563e-40,-1.482998002769573184e-39,-5.659629311763389560e-39,6.655551824275262706e-39,9.122926928462093154e-37,8.317501994877465276e-36,-2.120324911693550348e-36,-5.296854700527070602e-35,-4.512236176693103240e-34,-5.997665314686591620e-34,1.893142862098509372e-32,-1.024064446881632501e-31,-1.567568647829737863e-30,-9.640497813733049155e-31,-1.759365895634296854e-29,7.112659257161961427e-29,7.867046277878246676e-28,1.708576534894725887e-26,1.892178417013258135e-25,1.722723408243773794e-25,-9.306987196217489307e-24,4.361765239270396464e-23,3.851842136325308204e-23,-1.061514395873575286e-21,-1.283322807836713940e-21,6.430984641427692227e-20,1.550298193447976139e-18,-5.096769698105041349e-18,1.703842463070970195e-17,3.100310254663452746e-16,4.418052673612977016e-15,5.602993612644225563e-14,6.259570583174575733e-13,7.774536190215114873e-12,-2.707671756347395021e-11,-7.965592245592513573e-09,-9.617051069302260173e-08,2.612905938394809202e-07,2.442397808192010507e-07,6.104011152611080200e-06,5.838643888133374077e-06,6.573466795164685159e-05,-2.449011446107672682e-04,-2.854472755996300543e-03,7.795588087297397606e-03,-8.203564884956174863e-01,2.503592124501746063e+00,-8.860817425179044804e+00,5.971025822852388956e+02,3.830517327138770725e+02,3.762784001613417217e+02,3.334747162830554998e+02,3.260170870887151295e+02,2.913395534478911486e+02,3.079590984163957046e+02,3.432343632296221472e+02,2.916133040806415693e+02,3.129742414601731184e+02,3.080134624613716596e+02,3.352138785393308922e+02,2.944440998972577290e+02,3.351759987449619302e+02,3.077006985752072978e+02,3.253554973215136101e+02,3.025518219906510353e+02,3.051491563602386350e+02,3.073408894009748451e+02,3.480318501285864272e+02,3.626885046730613453e+02,3.120762239836525396e+02,3.899257585497636001e+02,3.454208537505116965e+02,3.271206411867694328e+02,2.735262253429796715e+02,2.696160009636832910e+02,2.639489545067947347e+02,2.242777491517221904e+02,1.800779927212812765e+02,-1.160232836509179144e+01,-1.301429384225946251e+01,-1.153150512160009278e+01,-1.754808211316867528e+01,1.256895889686264825e-04,-4.619526923985745764e-04,-4.509350249550809890e-04,-3.408762907618561547e-04,2.369279657855421561e+01,1.567331104387521279e+01,2.709851341034436700e+02,3.096602057867188478e+02,2.384941415542872676e+02,1.939477201566959081e+02,2.122133049716957487e+02,1.923805979027364685e+02,1.687946342323522515e+02,1.732980025903800367e+02,1.818556581398936487e+02,2.270603350029600165e+02,2.207637118167267261e+02,-3.507897478626426091e-03,1.076087621831889676e-03,-3.472546712363080382e-04,5.454971984239069424e-05,3.910382396025636933e-05,3.217072226156070395e-06,-1.162617633345433172e-06,-4.904858629914427122e-07,6.329374563438128817e-08,1.034997146439206131e-06,1.114712793504358300e-05,-2.658038925308442657e+01,5.618133651178241053e+02,1.050365805964440824e+03,1.147275843186936527e+03,6.693565130310253153e+02,3.813664389067946558e+02,2.871608903455303903e+02,2.477653869788388477e+02,2.210613831858079266e+02,2.752904897948897656e+02,2.477847396146519259e+02,1.929688682031231792e+02,2.562554897527193702e+02,2.087106321407147504e+02,1.993353704958709613e+02,1.822218367883836549e+02,1.790336637220813998e+02,1.692610160741954815e+02,1.918174388991273247e+02,1.758642018149257922e+02,2.240219358328133126e+02,2.355289460722775345e+02,1.999506115818956857e+02,1.684675788163244761e+02,1.366913586845024327e+02,2.052783957278774380e+02,1.725914394916825074e+02,1.719260594111216847e+02,1.866651486403704041e+02,2.639884585244740833e+02,2.225258329693411667e+02,2.438761713147988246e+02,2.547196418282337902e+02,2.563312528024844710e+02,3.033262147007712883e+02,1.876292008540011409e+02,1.503245265793242993e+02,1.631602062995572169e+02,1.855991896105401224e+02,1.737122092904918702e+02,1.646067588628790475e+02,1.953439200150037323e+02,1.958254127661691655e+02,2.077569537195769271e+02,2.326856776708835071e+02,2.607447753713354359e+02,2.599352703608256547e+02,2.516356033769858698e+02,2.476234804023436027e+02,2.511986025423162232e+02,3.829271976777041004e+02,3.750014757900918312e+02,-1.826271298955135736e+00,3.576566511035523490e+02,2.109868893378525172e+02,2.562705177604432265e+02,1.991149656922322038e+02,2.595979199027072468e+02,2.061760030813248932e+02,2.598515022655894882e+02,1.971613606635368967e+02,1.961755166582669574e+02,1.947415383783372818e+02,1.780860899009649074e+02,1.997883800398770120e+02,1.941262059800565112e+02,1.967527987385151960e+02,1.766363994888542095e+02,1.834239870494062643e+02,2.003578931209495124e+02,1.839340460750670445e+02,2.005471216240676711e+02,2.082196832278215766e+02,1.939921902856748943e+02,1.867064527425394544e+02,2.030100757734315380e+02,2.141344438123412885e+02,1.862370066589055568e+02,2.304451636950710167e+02,2.144048557692402710e+02,1.812509278733502924e+02,1.942131674951228888e+02,1.910177261716895600e+02,1.855175770801630790e+02,2.030577899156498631e+02,1.959073487882845370e+02,1.893886016063075317e+02,1.763583893034846426e+02,1.817991707254894607e+02,1.866721263164538129e+02,2.011469730179636599e+02,2.082541216979202680e-14
3.117147472644024075e-57,-9.011960427246603628e-57,3.828746578752525952e-56,-1.416686102605991334e-55,4.339166249247168768e-55,-1.744385765849171905e-54,7.784963655626377557e-54,-2.082081095417702806e-53,9.482949464752735315e-53,-3.105361797961432478e-52,1.123171598005451116e-51,-5.393246721486186923e-51,1.723414524610962399e-50,-6.859653004297036760e-50,2.716016091397078076e-49,-8.343914282857837942e-49,3.696736575585185618e-48,-1.228474969495742829e-47,5.006079962328384405e-47,-2.066036554157810610e-46,2.231022052095778550e-45,-6.490707388470972316e-46,8.992004574292265780e-45,-3.614002087726228606e-44,1.192779842869808925e-43,-4.374686701098492361e-43,1.960602484500910313e-42,-6.485689475296712973e-42,8.130667188243608003e-42,-1.083212251028309774e-40,1.652526044478280454e-40,6.983561210776672248e-39,-1.835919513629758784e-38,-6.331438506786536175e-37,-6.341703124993732511e-36,2.140727106822834766e-36,3.708034629149168840e-35,3.407373040015041097e-34,4.110780939014063240e-34,-1.387985350569083760e-32,7.532730896074564824e-32,1.161021903751583972e-30,7.071213985248519579e-31,1.303467802318706447e-29,-5.268376648645293061e-29,-5.814529637102007483e-28,-1.263653204833484057e-26,-1.399240876953210392e-25,-1.274130005413960521e-25,6.882665659614925397e-24,-3.225590664087517512e-23,-2.848395968986690286e-23,7.849965744709131736e-22,9.490399997921415206e-22,-4.755777408495648502e-20,-1.146459800161390469e-18,3.769108221502504237e-18,-1.260007137514027202e-17,-2.292708450023801135e-16,-3.267191162011938397e-15,-4.143466091589797389e-14,-4.629010873600920710e-13,-5.749342088144178019e-12,2.002348540045845648e-11,5.890629822757010746e-09,7.111899038948256397e-08,-1.932268332384190125e-07,-1.806175978425611199e-07,-4.513973227046529928e-06,-4.317731657792453671e-06,-4.861140056988651822e-05,1.811066825415746343e-04,2.110909248973275813e-03,-5.764910160761799532e-03,6.066612811012763729e-01,-1.851429746585592229e+00,6.552657199824843737e+00,1.074467590027643240e+02,6.964876861647825308e+02,4.384327150137248736e+02,3.634478868185750002e+02,3.594625120544895935e+02,3.687946610895892832e+02,3.624082522705732572e+02,3.646465138437717997e+02,3.098599193010150543e+02,2.804162932057718081e+02,3.584716897554085904e+02,3.926791010742729782e+02,3.583757931499375786e+02,3.574750380789737960e+02,3.104195472858538096e+02,2.827100413050486623e+02,3.064689875148714577e+02,3.727603940213358555e+02,2.885112141488416455e+02,3.198219190959788421e+02,3.864993538407040319e+02,3.311523876499443304e+02,3.416596777156126450e+02,3.895968012272102783e+02,3.684057848995782933e+02,2.434654148023989251e+02,2.516736609313648785e+02,2.630857719924102867e+02,2.438165541732006147e+02,2.851969063833101927e+02,1.993557281346778609e+02,2.242065022304791455e+02,2.026200214928277887e+02,2.667793693106095816e+02,-9.086384798772836587e-04,3.318768459120383357e-03,3.239616115525563791e-03,2.444557017014265844e-03,-1.735080303807815127e+01,-1.147217409776722619e+01,5.059368137785707376e+01,5.416736132424443895e+01,2.794248137056620749e+02,2.625030109024764897e+02,2.581610449569083130e+02,2.236690660301110825e+02,1.868711110622811873e+02,2.276458804286990016e+02,2.542468254333593620e+02,2.293518121742857261e+02,2.315400042075080194e+02,2.594122821302224068e-03,-7.957768385327763016e-04,2.567980709303063097e-04,-4.034002344445267467e-05,-2.891765484584069430e-05,-2.379254500788437265e-06,8.601978208670764664e-07,3.630987545730338249e-07,-4.864983934441587883e-07,-7.423420192402331675e-06,-8.004644064194628341e-05,4.040953406972396351e+02,4.394868760778371666e+02,7.582283451040681257e+02,1.058042875986176114e+03,7.772143764154018299e+02,3.893473588764089186e+02,3.328639286764665144e+02,3.004376823827536214e+02,2.207231935419644628e+02,2.027110925001731516e+02,2.257333724079213368e+02,2.143518620449761727e+02,2.580566573884195805e+02,1.999122112521603754e+02,2.108343546872672789e+02,1.938734693402846858e+02,1.990903873546889713e+02,1.965492959108801756e+02,1.960154753100846108e+02,2.161039133914177341e+02,2.073158459761065444e+02,1.973197898864902697e+02,2.111544082922837902e+02,1.496574169078397745e+02,1.543166918713083078e+02,1.951786374080690791e+02,1.709554557312297334e+02,1.991134818683525793e+02,1.901019046745360015e+02,2.397494748809307339e+02,2.060188255513220099e+02,2.671606130698735342e+02,2.536690540763241302e+02,2.176709757942960834e+02,2.176980929545776178e+02,1.977182555044861090e+02,1.606475887921598371e+02,1.480479537132468124e+02,1.765199226265496009e+02,1.776887244431958379e+02,1.785914560947845757e+02,1.806847715499494029e+02,2.163317969243681489e+02,2.096050500389226841e+02,1.933212715205616519e+02,2.569394418485138658e+02,2.820290676341915628e+02,3.099852177479452280e+02,2.258405499638393792e+02,2.270685684643474360e+02,3.984702006494458146e+02,7.115998909859921184e+01,3.952392169911662450e+02,3.472648573804837042e+02,2.774959699108536597e+02,2.396696737105542923e+02,2.520186652719788469e+02,2.792919856542727644e+02,2.457244811809142107e+02,2.616263515341556172e+02,2.128365330826740376e+02,2.132529062442026486e+02,1.973959873341665343e+02,1.568635899659173276e+02,1.811973707811818883e+02,1.686830496899113712e+02,1.878709721086533762e+02,1.845672454999355239e+02,1.774784618788122259e+02,2.016393285580869019e+02,2.184840440066456040e+02,1.960993179325333529e+02,1.916760708969295024e+02,2.159212338829580347e+02,2.039167970709994222e+02,2.376476266405739182e+02,2.108436444679456372e+02,2.116786710634772533e+02,2.511984523681439896e+02,2.012459911289182628e+02,1.790037650247634247e+02,1.996662262335894980e+02,2.062704485931574823e+02,1.930622087952911556e+02,2.041757501006871394e+02,1.882568053239745609e+02,1.975281421097830616e+02,1.741312636204220610e+02,1.607022666838140026e+02,1.687335222777683157e+02,1.777975417183346565e+02,1.803509857319188761e-14
7.840827837225304963e-58,-3.432195958754141184e-57,9.890445152919786882e-57,-4.379633947524993010e-56,1.519527679923456570e-55,-5.071413512667040883e-55,1.936512892933051155e-54,-8.640831102262058102e-54,3.781136983170463510e-53,-6.960280448882298220e-53,4.085448718686993419e-52,-1.303564504266033284e-51,7.190059397802095026e-51,-2.033104060788795715e-50,7.966756122261248118e-50,-3.514186409470491726e-49,5.021272806796649203e-49,-4.541003603961089611e-48,1.982415378562928041e-47,-5.838760045395142224e-47,-4.317143562805676875e-46,-1.657789091846863230e-45,3.058085610536597990e-45,-3.652905271632611280e-45,5.297942132759625241e-44,-1.625255223516501612e-43,1.707776103081787885e-43,-2.733935843282113636e-42,1.050572554692018386e-41,-3.635184476317380332e-41,1.707748941924903273e-40,-4.136496586010453703e-39,1.094759013394929794e-38,2.624791786914944833e-37,2.817876751954950120e-36,-1.171808333583494558e-36,-1.549090418709107789e-35,-1.515058026163709364e-34,-1.703929196093837608e-34,6.023499235732609395e-33,-3.279797511496690190e-32,-5.078863231484925265e-31,-3.068868824195094918e-31,-5.703809099742204807e-30,2.305915740926901984e-29,2.540831290482337725e-28,5.524308516031589971e-27,6.116493771571089598e-26,5.570155218613365493e-26,-3.008707784879684378e-24,1.410039328162530901e-23,1.245115423480782766e-23,-3.431521440022531634e-22,-4.148678597149427565e-22,2.078940339719912029e-20,5.011629829620385296e-19,-1.647626438318887980e-18,5.507990117338539642e-18,1.002233792760556418e-16,1.428218782841159450e-15,1.811273309302071862e-14,2.023524178793698617e-13,2.513265372359144316e-12,-8.753059345003398438e-12,-2.575027842325834024e-09,-3.108893036601834739e-08,8.446710970583964513e-08,7.895511299334342702e-08,1.973236663810140134e-06,1.887451693459161450e-06,2.124997049360657919e-05,-7.916891130655721929e-05,-9.227621243051278626e-04,2.520070793644621065e-03,-2.651956983726778683e-01,8.093333461835819920e-01,-2.864426256361341405e+00,-4.439146253337850823e+01,2.367578611344229103e+02,4.988244104001442452e+02,3.434147511672236988e+02,3.287390664909517000e+02,3.648451136180364642e+02,3.143191513653765128e+02,3.271340615886295495e+02,3.201595132670048542e+02,3.562863955572144619e+02,3.554150912322645581e+02,3.701154558063583977e+02,3.430580380210555518e+02,3.298203247647122112e+02,3.063716525564398125e+02,2.987321078796243796e+02,3.347393175299259838e+02,3.442986492326950270e+02,2.717377815705439730e+02,2.965800063193361780e+02,3.641431694727494346e+02,3.401781542052233362e+02,3.562942953905663330e+02,3.761965329969897880e+02,3.527425754675770690e+02,2.575762400075429923e+02,2.569629994301515694e+02,2.674983973648695610e+02,2.553102606895760402e+02,2.712577281725298235e+02,2.493691054133342959e+02,2.848638275514614975e+02,2.858226648416322178e+02,1.167853372705451562e+02,4.010731026154103207e-03,-1.463962452485861356e-02,-1.429047117655236725e-02,-1.078134265270687744e-02,7.587239892697569488e+00,5.018002221643889094e+00,-2.089746157010239713e+01,-2.234919368734795242e+01,3.740253057568833128e+02,3.440969638625881544e+02,3.637583945278821034e+02,3.119352595079194543e+02,2.837748869200830200e+02,2.374496408655900552e+02,2.279217169661300773e+02,2.221014610615735876e+02,6.583267364297137192e+01,-1.133993449072029152e-03,3.478655937199698258e-04,-1.122566181201540913e-04,1.763420771441713948e-05,1.264110660104840930e-05,1.040950525201771784e-06,-3.779369283545862905e-07,-1.604077298894175618e-07,2.160516019817989125e-06,3.274033321479896230e-05,3.530809504102244527e-04,1.768967338274087524e+02,3.753465630301478200e+02,5.225286257278751236e+02,8.193767775696285298e+02,5.935364274703330238e+02,3.674988024793873933e+02,3.038902556972929005e+02,2.368541237387122180e+02,1.769810310825475028e+02,1.718349230923354583e+02,1.976221563939923840e+02,2.104338915764522824e+02,2.168795593586074517e+02,1.775679064814029005e+02,1.647520549038829927e+02,2.239998168748148828e+02,2.056660527981161692e+02,2.116174026280721989e+02,1.819452221140587653e+02,2.062850944020513566e+02,1.810964146557146250e+02,2.279121910096510248e+02,2.069494728447819512e+02,1.723377654591431281e+02,1.591127781787262165e+02,1.897658050357161699e+02,1.473444634417539021e+02,2.453256170125586664e+02,2.028253226042714630e+02,2.603457698704285690e+02,2.183798680572012643e+02,2.357129844356947217e+02,2.437657677759866601e+02,2.177621909558582161e+02,2.103548089732500728e+02,2.094132170917443432e+02,1.790470647753016351e+02,1.685463980747838662e+02,2.235558261138001797e+02,1.919309446483224804e+02,1.844598489513168147e+02,1.815713852035592595e+02,1.792716320210410572e+02,2.189020836632457190e+02,2.180086350364942689e+02,2.360210112415248886e+02,2.199459392848341679e+02,2.459743321871039541e+02,2.153326989829825209e+02,2.681192732816592752e+02,8.577861231002178499e+01,-3.214645858670989753e+01,4.356410524490292460e+02,2.701976361489087139e+02,2.810882502760684929e+02,2.212686341714413345e+02,2.221021713971513805e+02,2.083297914077032260e+02,2.579340808446295341e+02,2.146067718850996187e+02,1.958476987738630157e+02,2.026560714986041773e+02,1.935794899912415588e+02,1.791715331380674456e+02,1.432368021830548628e+02,1.959548419346807862e+02,1.750252730868714366e+02,1.698730042217014216e+02,1.723600343028700195e+02,2.117028814366282177e+02,2.116219040511214757e+02,1.893525194349962533e+02,1.964153390027979071e+02,1.738229351342489792e+02,2.741166016080394456e+02,7.925425916970155527e+01,3.168611611166039097e+02,1.866688256470519036e+02,2.011124826342463905e+02,1.658389143219868060e+02,1.876779339437008787e+02,2.130617173205806125e+02,2.141165793550107139e+02,2.072374359063956319e+02,2.312180478822402563e+02,2.078907564388938454e+02,1.992448027334822598e+02,1.833939447921249268e+02,1.732677252922046875e+02,1.790620534055090047e+02,1.924440530416173374e+02,2.318553181461027506e-14
-1.076356539775466490e-57,3.895127066863054271e-57,-1.564047431741419578e-56,5.403684683606503998e-56,-2.430524238785270268e-55,8.771507319663824393e-55,-2.725492346113101336e-54,1.170457476358408073e-53,-4.407241513176072562e-53,1.506168558866494663e-52,-5.607604312844866046e-52,2.042180024847708295e-51,-9.035370020481024037e-51,3.098281464316029462e-50,-1.167386345339229294e-49,4.491893802229092107e-49,-1.598666610494282955e-48,5.703591855490878373e-48,-2.280733219632913547e-47,8.580904998909542775e-47,-5.742882028698052881e-47,1.466176388535637640e-45,-4.649563354149715623e-45,1.413105404733634548e-44,-5.840218572077122958e-44,2.244698146149057262e-43,-8.157425799993501358e-43,3.037975018458372891e-42,-1.358313958137898704e-41,4.135657459806596812e-41,-1.859787894018374115e-40,1.935656390064264525e-39,-5.674915930633568123e-39,-8.630936527201726554e-38,-1.009540097995406690e-36,4.873249319164018311e-37,5.119913748818691302e-36,5.432986172770740982e-35,5.402772710413789418e-35,-2.087271614463739894e-33,1.136398648463186341e-32,1.773482105371792420e-31,1.061256294441060441e-31,1.991862322368987311e-30,-8.049372148513460826e-30,-8.851696797130861279e-29,-1.925901492890385165e-27,-2.132143116158154148e-26,-1.942038626005798847e-26,1.048842222756695222e-24,-4.915435089723553325e-24,-4.340371487516182227e-24,1.196223017210129932e-22,1.446242265448049313e-22,-7.247185945221471744e-21,-1.747052355593977025e-19,5.743619806103339410e-19,-1.920083282770310436e-18,-3.493784002841731625e-17,-4.978766181805441242e-16,-6.314093137742010537e-15,-7.053998985097533684e-14,-8.761235273050868273e-13,3.051313765993257642e-12,8.976539048988256998e-10,1.083759145576206451e-08,-2.944520817099910082e-08,-2.752372783121497538e-08,-6.878696872528517830e-07,-6.579650732676514290e-07,-7.407733104527533863e-06,2.759825785693804421e-05,3.216745895183202109e-04,-8.784958948256699120e-04,9.244713796671105710e-02,-2.821333527459731205e-01,9.985381020214396663e-01,1.547485003169356510e+01,-7.257925863251820431e+01,6.598599134102704511e+02,4.531415218318546181e+02,2.612987654682668222e+02,3.342661023263616471e+02,2.979170060426396844e+02,3.219713091296548555e+02,3.242891809046682283e+02,3.871850856883421557e+02,3.273392406735924283e+02,3.503541810848851128e+02,3.296786525339126115e+02,3.325792881016863589e+02,3.094049580057395588e+02,3.021001035455860801e+02,3.518010201612669334e+02,3.477326939946864854e+02,2.959666291115340186e+02,3.021686435551027898e+02,3.270324060490100351e+02,3.513224088767501030e+02,3.890827815079595098e+02,3.135801690109399829e+02,3.498486321332304101e+02,3.126558152847517817e+02,2.545585766990113541e+02,2.561906074689192678e+02,2.536868695195124417e+02,2.454841374743605797e+02,2.141092905354530842e+02,2.524718510280176815e+02,2.948023431946081701e+02,-3.640054951352976786e+01,-1.435681298136663557e-02,5.240065431593533135e-02,5.115090494079304467e-02,3.858972171293060388e-02,-2.653932139738899743e+00,-1.760247948358611536e+00,7.139598341385434033e+00,7.790870931956495937e+00,1.653953461641361287e+02,1.475427440653219548e+02,1.662709305071636834e+02,1.436786322716335178e+02,1.342196144896781789e+02,2.618627648290392358e+02,1.950986462844523146e+02,2.564146615273416501e+02,-1.988484590508619476e+01,3.953080216791944406e-04,-1.212657922071634745e-04,3.913262216073145982e-05,-6.147222301364553338e-06,-4.406876486428805920e-06,-3.660453764976100790e-07,1.385995268652946184e-07,6.195311847783392069e-08,-7.738439949949935871e-06,-1.171878335090644499e-04,-1.263801891919536652e-03,-5.513640991709729633e+01,5.175113779301502746e+02,4.955084674476128725e+02,6.853462930070811581e+02,5.244533406731067089e+02,3.205214486829175371e+02,2.644335797021421399e+02,2.439807231323428596e+02,1.856394972088652366e+02,1.845405995969573212e+02,1.700278126011428128e+02,1.716287780601395809e+02,1.814548334818494197e+02,1.589955249787302876e+02,1.675512252186714761e+02,2.019078277246917139e+02,1.930754336953077086e+02,1.711332919960148615e+02,1.591922551037856977e+02,1.861392458842663871e+02,1.581917493077826009e+02,2.314771611807940133e+02,1.936435510300149758e+02,1.993642223908494202e+02,1.477723302753229291e+02,1.687001725357442297e+02,1.802162956451012121e+02,2.737559285743284931e+02,2.683247784429713079e+02,2.630568637561765968e+02,2.398394278957025847e+02,1.937919884456167381e+02,2.441403351426290556e+02,2.401593880341906697e+02,2.053507245312284226e+02,2.257743883315137055e+02,1.826901244875022030e+02,1.708316626623062291e+02,2.260752700725109037e+02,2.080342019725820251e+02,2.019754751129989359e+02,1.995044565537320125e+02,1.620202087568414129e+02,2.102249928952043092e+02,2.171712962592237375e+02,2.305050562145126207e+02,1.816055637224073678e+02,1.889761598304610004e+02,2.038659591884723170e+02,2.572784365682442740e+02,8.654772601409652566e+01,2.079240123373591231e+01,1.173261512226811334e+02,2.620944067270200435e+02,2.348951382916475552e+02,2.347813175049837184e+02,1.997921008954152171e+02,1.802606734226239382e+02,2.417515005653034450e+02,1.933655445049683124e+02,1.922521427133254406e+02,1.660566466407265693e+02,1.784396177337680740e+02,1.868581054859565711e+02,1.459092266186677875e+02,1.761409017948604969e+02,1.767940765801544671e+02,1.717013287871019145e+02,1.830815981498195981e+02,1.923109087609530548e+02,1.823303120833848538e+02,2.018646161782748436e+02,1.991981777955649591e+02,2.181002600881292892e+02,1.241431636031563954e+02,-4.686717835053904935e+01,1.318699952374587099e+02,1.887485229536686688e+02,1.732405331714035697e+02,1.818195029923653010e+02,1.684717572326592574e+02,1.771897919718981314e+02,1.927027696154590615e+02,1.998579338898413766e+02,2.202970075793000717e+02,2.123381033653330974e+02,1.949575098996180884e+02,1.854559438627389056e+02,1.917210926165220428e+02,1.945487526666814233e+02,2.216890409029180375e+02,2.040362199721409161e-14
-8.440958771773435149e-59,7.062380399508932125e-58,-2.521025708159286725e-57,1.074070513853784429e-56,-4.023394613571152574e-56,1.395114067752762438e-55,-5.915320091530477284e-55,1.838698749476162414e-54,-7.824899438330268341e-54,2.522837241434821319e-53,-1.073015190134218533e-52,3.082800353008483850e-52,-1.238216991651246253e-51,5.291898134529590149e-51,-2.109414239400485082e-50,8.383509309419273781e-50,-2.032220896424520047e-49,1.049534458995107596e-48,-3.763053407737480674e-48,1.321621815601018653e-47,-1.222420255079761987e-46,1.392187336987660579e-46,-6.936558828715429752e-46,2.952373310286659081e-45,-1.177645926613916147e-44,3.832658010085683456e-44,-1.850193779304939154e-43,4.164334271114830361e-43,-1.968716520716556013e-42,6.222837734836332448e-42,-2.088514645150049263e-41,-2.663703184829963088e-40,6.719856489010653914e-40,2.907342906688216639e-38,2.832625380164711033e-37,-8.741079523092329150e-38,-1.705593865038983260e-36,-1.519515542308586665e-35,-1.885119769280415803e-35,6.265654934257705520e-34,-3.397125854111646227e-33,-5.222444596372855272e-32,-3.191331286780685258e-32,-5.861005645552088867e-31,2.369510117074217640e-30,2.616828689540927651e-29,5.685928381288370201e-28,6.296285582625147447e-27,5.733008526748095847e-27,-3.097006959186878313e-25,1.451427499848653709e-24,1.281713338894434731e-24,-3.532280569950775996e-23,-4.270406757230200882e-23,2.139972679464422863e-21,5.158764736117826704e-20,-1.695998684195209982e-19,5.669697823764522702e-19,1.031657892040833243e-17,1.470149246358042167e-16,1.864449681697316094e-15,2.082931939735861356e-14,2.587051227419337258e-13,-9.010036572898794120e-13,-2.650626955497038828e-10,-3.200165663874252833e-09,8.694694253704576762e-09,8.127312153098468020e-09,2.031168053670861186e-07,1.942864560005616456e-07,2.187383905826660925e-06,-8.149319665447305104e-06,-9.498530928416643298e-05,2.594056446915968066e-04,-2.729814625813433565e-02,8.330942089662814187e-02,-2.948521690646242477e-01,-4.569473201430578335e+00,2.143148247781116567e+01,3.954732841776320242e+02,6.613439046409847606e+02,3.856537586537426705e+02,3.042125111301287461e+02,3.636268537056279229e+02,3.410434376220897548e+02,3.136325520526153809e+02,3.398182765151442482e+02,3.136261098351119472e+02,3.545618504291660997e+02,3.887482577243030164e+02,3.957482374307741111e+02,3.258893956445976983e+02,2.910048947369721191e+02,3.486902327341023806e+02,3.594065768995265557e+02,3.233842896505276485e+02,3.106275212937196670e+02,2.696910499004716257e+02,3.463700903281677483e+02,3.598757870723729297e+02,3.642979190835847589e+02,3.808223739137317239e+02,3.287937428675231217e+02,2.636115853832157541e+02,2.357606872284458177e+02,2.487240379375306532e+02,2.858628308219108476e+02,2.351591750556525255e+02,2.506054296112843929e+02,1.356729675982139156e+02,1.073895709724201808e+01,4.363071039819338415e-02,-1.592458962850467896e-01,-1.554479006391771001e-01,-1.172741812082127855e-01,8.110901268689121313e-01,5.531310084382150549e-01,-1.666680778162234366e+00,-2.300363178610516979e+00,-3.770996168335013010e+01,-3.350987798835982545e+01,-3.805951347303095389e+01,-3.291915869851629139e+01,-3.084279668641044836e+01,3.480726026701343017e+02,2.922477587554454885e+02,1.447818195176921563e+02,5.871673711056971001e+00,-1.167227770388276078e-04,3.580769076114427942e-05,-1.155523109426515885e-05,1.815002093638479309e-06,1.301858982384390379e-06,1.177244090220119020e-07,-6.175114514999695330e-08,-3.663886895864085951e-08,2.351868929303948342e-05,3.561339278862604078e-04,3.840699601206046688e-03,1.626608261714306991e+01,3.409961319330856782e+02,3.390220899758094788e+02,4.066146906396613758e+02,4.510395028049380812e+02,2.812385295649023078e+02,2.536661365879934067e+02,2.760595197519595558e+02,2.245101537250226897e+02,1.990558932059889798e+02,1.819538286568333092e+02,1.563090770091038735e+02,1.544358706745141774e+02,1.589510929267561039e+02,1.954821024896451149e+02,1.838992443221866893e+02,1.793643376196317547e+02,1.645149484871424761e+02,1.739347575316116945e+02,1.808973479188967417e+02,1.513643573860557012e+02,1.960923639295843941e+02,1.844568620082731059e+02,1.862632538980088270e+02,1.123584683387561540e+02,1.612665738711993981e+02,2.027547965331526996e+02,2.429115346133683033e+02,2.599091780088261316e+02,2.384887360886762053e+02,2.388607769640645415e+02,1.871331727362588140e+02,2.014886274666444876e+02,2.461886265341998694e+02,1.953045319754980085e+02,2.238843778766793093e+02,1.894224787191720623e+02,1.533863448593500323e+02,2.063754274006979870e+02,2.234224333745966362e+02,2.203101114249757870e+02,1.976784729550139446e+02,1.756902801681352742e+02,1.770990504086500437e+02,1.669336876274834935e+02,2.379180286770981070e+02,1.888908657751890701e+02,1.675882273483444180e+02,1.983430683001879800e+02,2.360726137117041503e+02,3.406667924671333481e+02,-3.527936063812044409e+01,-4.938184048192588449e+01,2.889669641919074934e+02,2.438347211696207637e+02,2.345565158980984677e+02,2.054161556975614928e+02,2.091227986275932267e+02,2.159504727989404387e+02,2.064056326262286802e+02,1.877954066173417971e+02,1.482997940421463170e+02,1.706139893732427879e+02,1.847920928792723885e+02,1.761237390005654220e+02,1.839469499141211202e+02,1.937926817894643818e+02,1.830652466900885713e+02,1.755264877868227416e+02,1.902148370817910745e+02,1.676602658283926814e+02,1.819022958417282041e+02,2.021875770783609312e+02,1.183935524676007276e+02,-2.999066334241083354e+01,9.656969615862836065e+01,3.566751830431867631e+01,2.026583778649854537e+02,1.907553864540588222e+02,1.983718880148491905e+02,1.650298739796334360e+02,1.691686209582403819e+02,1.815175669151146565e+02,2.072758165235027548e+02,2.092027796443341856e+02,2.056588066546866287e+02,1.796175917574308016e+02,1.681110967530235598e+02,1.775929423492808041e+02,1.695190936528399277e+02,1.144661077996769905e+02,1.451916895302868689e-14
1.510622601941759326e-58,-5.579991124225724072e-58,2.678460337707243373e-57,-7.070082325187980565e-57,3.722817283129070058e-56,-1.106248528585844123e-55,4.925851213636610285e-55,-1.474735015446458122e-54,8.637782572963237947e-54,-2.198728075599127503e-53,8.974290628509716432e-53,-3.761374456659173751e-52,1.195719778865522079e-51,-5.209863908771551694e-51,1.617994111199536851e-50,-7.136833634890364156e-50,2.635915932394820846e-49,-9.443264722098781653e-49,3.502845748478132462e-48,-1.289612486610253658e-47,6.348863883946409125e-47,-1.588876204358568958e-46,8.130543457541363561e-46,-1.987200741779613273e-45,9.884248792281685305e-45,-2.620717969701091183e-44,1.550299312480489704e-43,-3.718067386997015090e-43,1.970937327465065284e-42,-6.044520335550415013e-42,2.323482127601080813e-41,5.718802361814754486e-42,1.046486645611156109e-40,-8.233374254300043814e-39,-6.622923156056283876e-38,7.585811629595765237e-39,4.606958250570419709e-37,3.575510199474516805e-36,5.409805415220415697e-36,-1.563855750747228255e-34,8.445235757848469890e-34,1.280394663234668734e-32,7.966436754579169062e-33,1.436868250251684571e-31,-5.809613098770470794e-31,-6.444483181130065138e-30,-1.398135838628716248e-28,-1.548565573113421269e-27,-1.409669638102744474e-27,7.616574942540538949e-26,-3.569551635126349493e-25,-3.152408104712265633e-25,8.687279322553929606e-24,1.050233919761554843e-23,-5.262990863952674411e-22,-1.268735629229115857e-20,4.171102920517136347e-20,-1.394393405759712609e-19,-2.537236402670236516e-18,-3.615652527527072824e-17,-4.585386187296261923e-16,-5.122716643684562960e-15,-6.362536429466969304e-14,2.215908417885425706e-13,6.518893169051094304e-11,7.870416484893924382e-10,-2.138353828299053270e-09,-1.998813132412060457e-09,-4.995409679462062900e-08,-4.778238024913920302e-08,-5.379603482889662687e-07,2.004225611180081807e-06,2.336047637952864191e-05,-6.379764914388163231e-05,6.713645569756131887e-03,-2.048893427534272810e-02,7.251528876192020467e-02,1.123806108473793808e+00,-5.270811286227234937e+00,-6.278195534435355540e+01,4.661406964999193292e+02,4.962853467250624817e+02,3.099640820838928903e+02,3.733291671816048165e+02,3.168479761775647603e+02,3.177643890081834002e+02,3.441501317873088510e+02,3.170452559188020132e+02,3.179313961076859982e+02,4.031058268211944551e+02,4.055044288985067737e+02,3.329501859799763679e+02,3.147958736369128019e+02,3.271930359593106914e+02,3.100091936352998800e+02,3.302023901936266839e+02,3.148067457334230426e+02,2.699728264263882238e+02,3.022833150887482816e+02,3.089101389582957609e+02,4.122398521717902895e+02,3.622621010273683737e+02,2.902880665162122114e+02,2.880653688410876612e+02,2.576531952381550923e+02,2.595391995461913552e+02,3.110153904242714589e+02,2.598732706055123458e+02,2.353019239799630498e+02,2.768561193140066479e+01,-2.617295620687347668e+00,-1.091137549281192554e-01,3.982494681661278846e-01,3.887512658290618317e-01,2.932846200677468040e-01,-2.679785839626376842e-01,-2.193508290485116363e-01,-6.928521662862417996e-01,5.653587506540482810e-01,9.273873029167715387e+00,8.240842742305998669e+00,9.359818475726848774e+00,8.096064941481714072e+00,7.585409083196191560e+00,2.481435295607843727e+02,2.431543025568757912e+02,-2.277924606321749934e+01,-1.444066356001569407e+00,2.869331594787603761e-05,-8.806118168392480447e-06,2.841867916778900085e-06,-4.459446672901983816e-07,-3.216237968039897469e-07,-5.302241618721257545e-08,6.719901163389495194e-08,5.482936426448022539e-08,-5.881699087718768147e-05,-8.906359788453859037e-04,-9.604997935477213589e-03,-3.963458948723207254e+00,-5.501996451482938255e+01,3.217019364863378996e+02,2.684193651798409519e+02,2.566568284076915916e+02,2.498198718033433749e+02,2.368161977494553128e+02,2.230075460094052175e+02,2.129450311727271412e+02,2.067661460082381382e+02,1.957013570308687633e+02,1.754494631684648311e+02,1.733533307541025010e+02,1.766129545664973932e+02,1.749986904666435521e+02,1.780709395167091031e+02,1.758999571020968915e+02,1.908937911297717562e+02,2.015268973271635389e+02,1.750813136471454072e+02,1.498290067836761921e+02,1.961042874819002293e+02,1.741522605138756319e+02,1.715177630820955983e+02,1.110417948074135523e+02,1.948830072566967715e+02,1.817379359614665475e+02,1.802505971318753950e+02,2.377786190964432080e+02,2.272436969565665947e+02,2.275676543427462377e+02,1.920234842954584451e+02,1.575622485528806180e+02,2.331995428970470243e+02,1.993246463213970401e+02,2.153695078333628601e+02,1.950069197699267534e+02,1.812731487195260343e+02,2.246437386843644219e+02,2.249057742359928795e+02,2.182941988330885010e+02,1.768854279592545424e+02,1.818780627185514902e+02,1.500485375246242654e+02,1.740294040557381550e+02,2.304517730049871318e+02,1.873486892147166998e+02,1.633614419005620846e+02,1.911168662075732243e+02,2.276498209978767591e+02,3.352164081809295340e+02,8.803869778820273950e+01,7.893068990432206533e+01,2.802177056870739307e+02,2.657700556324388117e+02,2.337584583346167619e+02,1.628580239168089747e+02,2.065447862003317425e+02,1.812791395873920806e+02,2.044966833358107010e+02,1.981589335677101928e+02,1.533514296270780903e+02,1.956345919813124397e+02,1.823303289028815755e+02,1.889929053241025372e+02,2.219669462228138173e+02,1.938503839160669031e+02,1.807810512374735197e+02,1.628883595153989745e+02,1.927532142925309984e+02,1.778295861114043532e+02,1.532351382072778847e+02,1.896512095070672785e+02,3.811196504059186907e+01,1.132873421348457832e+01,2.602407836217888075e+02,2.051741094179953961e+02,1.815337798922745094e+02,2.024649976381172110e+02,1.869981105129547245e+02,2.030785421490168403e+02,2.002426583206309374e+02,1.779503902558088555e+02,2.127237986904845286e+02,2.265639450551556706e+02,2.066216609967977433e+02,1.675658481149804118e+02,1.601804752874270434e+02,1.548699407324792787e+02,1.511500145815863618e+02,-1.834846141421927967e+01,1.709535191357028353e-14
-6.305496403759095266e-59,2.345795472018650656e-58,-8.491156217088093461e-58,3.560204534723344103e-57,-1.012552377821503116e-56,4.638212696696115584e-56,-1.836859729998447297e-55,4.933679374113333540e-55,-2.029337015957586692e-54,8.266563705598732835e-54,-2.422593213147499457e-53,1.229770575107168205e-52,-5.234746069679263098e-52,1.219140023024055376e-51,-4.556894193976820688e-51,2.465071021319139786e-50,-7.491832167174470291e-50,3.067662251192598551e-49,-1.213631912685457605e-48,4.333893266623024792e-48,-1.988575765192248841e-47,5.420797215541469437e-47,-2.306501951073820257e-46,9.019239779445749810e-46,-3.527551770260919527e-45,9.770637279331564546e-45,-3.927809444187072311e-44,1.608229091004441877e-43,-4.793253477456286772e-43,2.249699961480585482e-42,-8.272856916099797667e-42,1.657926814244360625e-41,-6.925985823751438196e-41,1.598009708419518270e-39,1.089462773369931584e-38,1.723997285166816837e-39,-9.517242562727332507e-38,-5.902242392190109782e-37,-1.091892055359902264e-36,2.850195133632683296e-35,-1.507316354325225215e-34,-2.246713821615235960e-33,-1.446360200355694804e-33,-2.526845459610732317e-32,1.017700647827985844e-31,1.135735098269840352e-30,2.463207918641191000e-29,2.729168403698034131e-28,2.482794820262037309e-28,-1.342159394134541493e-26,6.290214357087253757e-26,5.555763924618642885e-26,-1.530891186608407510e-24,-1.850675454445258532e-24,9.274411475078990566e-23,2.235763581090697068e-21,-7.350310590077626636e-21,2.457197919857681563e-20,4.471111286194287190e-19,6.371494445313563529e-18,8.080356590568475938e-17,9.027239130740796096e-16,1.121204658105329285e-14,-3.904868550205185394e-14,-1.148757806520544232e-11,-1.386922924339282150e-10,3.768202039256021726e-10,3.522303756354199822e-10,8.802899076844414227e-09,8.420199702913269988e-09,9.479924485062719831e-08,-3.531841613505948742e-07,-4.116577601273627283e-06,1.124240658507353156e-05,-1.183077028323676998e-03,3.610555133441907798e-03,-1.277862696877572410e-02,-1.980368456170086555e-01,9.288211134432677873e-01,1.106342126485587229e+01,-3.897957570118014559e+01,4.645266825125585228e+02,3.847212774609126882e+02,3.352497685333508457e+02,2.875167714956867258e+02,3.348463287690326524e+02,3.310059946659809498e+02,3.326905210622174422e+02,2.917346557276187013e+02,3.517068570353101222e+02,3.378568303985647390e+02,3.355664929877350460e+02,3.160205490359683154e+02,3.032469110020380754e+02,2.995467252768447679e+02,3.266444938051837994e+02,3.182083990122276305e+02,3.440896452483066241e+02,2.978226391696509268e+02,3.156899613718673550e+02,3.103402111840651969e+02,2.775421989811713956e+02,2.754820949648973283e+02,2.817629625032171248e+02,2.848219610788468117e+02,2.733589064435939804e+02,2.605477651511250770e+02,2.625102436592853223e+02,2.305407298659751802e+02,2.577591982502368069e+02,4.199460234405965608e-01,1.897002032270470595e-01,-6.923783406245720418e-01,-6.758651997468948514e-01,-5.098912399149034824e-01,1.659169817627227372e-01,1.830167856250600467e-01,2.032871022109233650e+00,-9.895600287460785960e-02,-1.633492300469246539e+00,-1.451328899018215601e+00,-1.648598521063168398e+00,-1.426686700918608608e+00,-1.336699066917789391e+00,-2.082587322446453015e+01,-2.100322469260350644e+01,4.014153244245567187e+00,2.544729285409758623e-01,-5.033413802433728984e-06,1.551212681842176076e-06,-5.007932892616735104e-07,7.783412139490250576e-08,5.918457677105417866e-08,5.104972278306519899e-08,-1.019649263048569877e-07,-8.905330009960661420e-08,1.022565977095082489e-04,1.548419020664800264e-03,1.669881075720056410e-02,6.343539921888520228e-01,9.891870532591578780e+00,2.820233540745739447e+02,3.955131547911782945e+02,2.362692872569408848e+02,2.221561595886020370e+02,2.294183081890978997e+02,1.966935685915765646e+02,2.135078503440277586e+02,2.098975591071391591e+02,1.707316846287868088e+02,1.955097906146731930e+02,2.267160289564768902e+02,1.822313030221533268e+02,1.707623358987352447e+02,1.749630793206783892e+02,1.987797035259617360e+02,1.671874320024351164e+02,1.887108427123985166e+02,1.895032628913823487e+02,1.454056507336001971e+02,1.917125558169853150e+02,1.877913074219939631e+02,1.933034210785858704e+02,1.859511483744421412e+02,2.080858503043763790e+02,1.951312814620048357e+02,1.739550525789238407e+02,3.184816297371522751e+02,2.217576455155954989e+02,2.138761892893616903e+02,1.792461353012431857e+02,1.458029944529286297e+02,1.744742230346718657e+02,2.016050870527673169e+02,1.985851210206119219e+02,1.769128536274150747e+02,2.387882828438792444e+02,1.898860753211180281e+02,2.174197285817480747e+02,2.139070231377227174e+02,1.859634914549247924e+02,1.895076252173642501e+02,1.745122219545937696e+02,2.232434322286565873e+02,2.055833678627708423e+02,2.046157333282170327e+02,1.910645889344984028e+02,1.767822432036506939e+02,1.696535701262007763e+02,2.393098924935019340e+02,3.893311860695751534e+02,3.440487956927984783e+02,2.601400234882122504e+02,2.374746529499970791e+02,2.555323910399471572e+02,1.337673745537340722e+02,1.804011623574502607e+02,1.771852574867396299e+02,1.816421770467258909e+02,2.360338568448847809e+02,1.637725912317553707e+02,2.405324178232240797e+02,1.647815398499514288e+02,1.928612162612060956e+02,1.864835890247728400e+02,1.629315995200676355e+02,1.805866302163515513e+02,1.796825960841090932e+02,1.549165412499682759e+02,2.014617449237839821e+02,1.902901621060621551e+02,1.617999266759569252e+02,2.787604792483911638e+02,-8.845669382831282235e+00,2.380806531559400412e+02,1.556736480177787882e+02,1.871608660422980108e+02,1.917609030146905980e+02,1.968759075318347982e+02,2.167512965887516714e+02,1.938090862413710056e+02,1.835182547611980794e+02,1.936556143057771351e+02,2.137119515505791867e+02,2.005407302149827160e+02,1.890742896490341138e+02,1.869919616522971637e+02,1.551949533553590470e+02,1.661051201374875745e+02,4.291273003544366027e+00,1.792825377804997163e-14
-3.461263586337040969e-59,1.708777228105458189e-58,-6.233838927395821405e-58,2.749556696209057489e-57,-7.477406978724500165e-57,3.269606560987421314e-56,-1.303961144653117594e-55,5.095985870960947673e-55,-1.642907739906627486e-54,6.046738690183541463e-54,-2.452202993768959285e-53,9.024692233187523917e-53,-3.503319313843082563e-52,1.191015200994184731e-51,-4.212749494978076556e-51,1.697548415966662255e-50,-6.836652538634975782e-50,2.671816762261011889e-49,-8.186121792317856655e-49,3.362744747143303760e-48,-1.302793598643507144e-47,4.663216954820398068e-47,-1.727309859698742479e-46,7.120303231438696465e-46,-2.383909278381789733e-45,8.199591067988643407e-45,-3.444318807850663671e-44,1.218660196922514120e-43,-4.516195922261741694e-43,1.763085063214635141e-42,-6.696008956206453796e-42,2.373175617443234993e-41,-8.697545231748787415e-41,3.819259706011311996e-40,-1.215444478574465162e-39,4.941899283741619549e-39,-1.750752388759488731e-38,6.977180657069545668e-38,-2.309066466784169482e-37,9.890366304875302313e-37,-3.440182495197374720e-36,1.310083176853218977e-35,-4.973897085047483984e-35,1.791782437207003638e-34,-6.733686933007617352e-34,2.446588054875798181e-33,-8.986594373593103062e-33,3.542571938388885299e-32,-1.349311025984714983e-31,4.938986693125320564e-31,-1.803685719717638012e-30,7.016667048961747114e-30,-2.450037139107719274e-29,8.920988148179141051e-29,-3.498913096027919817e-28,1.194392803591113769e-27,-5.418489200907754179e-27,1.776588250114550650e-26,-7.478320532024391469e-26,2.637974313435007738e-25,-9.456713672662633702e-25,3.368638800375759728e-24,-1.470669673882267617e-23,4.553159425868315358e-23,-1.900683108276369216e-22,6.593348905255516973e-22,-2.655707207552709766e-21,9.527023225907366064e-21,-3.201112651542076398e-20,1.366256049773360679e-19,-4.958696885734134561e-19,1.698483576042032044e-18,-7.385227692033226230e-18,2.361494343243415452e-17,-9.935689136947264532e-17,3.441192535362009896e-16,-1.462463674203903300e-15,5.199192169895219931e-15,-1.656234965422800325e-14,7.237491019436194608e-14,1.633825469178233017e-14,5.753909294920468938e+02,3.826034440111307617e+02,3.629155196015418596e+02,3.392374389724576531e+02,2.803104385274072001e+02,2.690181564452396970e+02,2.990130254535640120e+02,3.304838703779821572e+02,3.630653731180325394e+02,3.413632436027705239e+02,3.636157049565314310e+02,3.203736761724156281e+02,3.332886092827943116e+02,2.861727527524155903e+02,2.865395345320208094e+02,3.104736098149106738e+02,3.147873423001488504e+02,3.444503829568504329e+02,3.417440167350285947e+02,2.550496695705802495e+02,2.315234192157351174e+02,2.112846148764062946e+02,2.572131189600277139e+02,2.331323190672844987e+02,2.420896832365878879e+02,2.576718053719084764e+02,2.341837829388055638e+02,1.949592297310578317e+02,2.084492881642679549e+02,-9.489280452701147463e-15,1.252904731825034677e-15,-1.223596235380581813e-14,-9.857379452431714376e-15,-9.132097309107726448e-15,1.281400780292479187e-15,2.430149550114148901e-15,3.300485633641694753e-14,-1.720370792149673422e-15,5.750008210018206371e-16,3.901977660276265379e-16,-2.521467270411203634e-16,-6.979643877919668918e-16,-7.039298183792687187e-16,-1.343406965058767402e-15,-6.018941644882154082e-15,-9.360479688719220924e-17,-8.553931346691751156e-16,2.464510029173725018e-17,-1.244595425591820655e-17,-6.871981089479182211e-18,-5.040214038530758111e-18,8.491452020222552509e-19,-5.490416995290931669e-18,2.339116296105634101e-17,-6.836034205812672823e-17,3.039449898925755385e-16,-1.007894978177684949e-15,4.296511829224515554e-15,-1.757955409358538141e-14,4.611928934914161851e-14,-8.726623851832348647e-15,4.567942768838516372e+02,2.988922190828117778e+02,2.396076819466516099e+02,1.939714607625240888e+02,1.868139618657104961e+02,2.195763645914040580e+02,2.170285217409676193e+02,2.017415123956801040e+02,2.238656321197048555e+02,1.933219511289569255e+02,1.639963850588324590e+02,2.045996281648717456e+02,2.102782370319340544e+02,2.142745980990772523e+02,1.578109967058313146e+02,2.008252362888404718e+02,2.005139426390043127e+02,1.644032235095460237e+02,1.685105820815821005e+02,2.010862878855172085e+02,2.005200118457694600e+02,1.920717189999485015e+02,1.975628566769817667e+02,2.091211333955951943e+02,2.240593688307718025e+02,2.847134111639750245e+02,2.516826663508837214e+02,2.040626006572236975e+02,1.822355425923027497e+02,1.636525761901206124e+02,2.068738939481071100e+02,2.218365212747434043e+02,1.794754103828207406e+02,1.736949075446360666e+02,2.193445301802873644e+02,1.534006687589677824e+02,2.017580433164791316e+02,2.127066519250481349e+02,1.943389089524420683e+02,1.527030073651592659e+02,2.106449192885227433e+02,2.255643522815326776e+02,1.871356518410699437e+02,2.026775661099761408e+02,1.658430628577960988e+02,2.066839327857785520e+02,1.973975363691135669e+02,2.700079119499550870e+02,3.111897445009861372e+02,3.134637755354896740e+02,2.013711156101214215e+02,1.961870129527748929e+02,2.192427616429214652e+02,1.752878155111371825e+02,1.799435563299324770e+02,2.038059343975211846e+02,1.850232998021153321e+02,1.887502465096943922e+02,2.222453340197772320e+02,2.333898700420286048e+02,1.851186507790000633e+02,1.874615473012757150e+02,1.830572775768461611e+02,1.576288127217242163e+02,1.702021565449389300e+02,1.629218617764829276e+02,1.713233407203529737e+02,1.964237961812667095e+02,2.100166571603745922e+02,2.057840747722166270e+02,2.319832018871979926e+02,3.318066349868620662e-14,2.647632648465808529e+02,1.796624566238921830e+02,2.355177560990292136e+02,1.857363490709953169e+02,1.909623172611212851e+02,2.078169910353003047e+02,2.348938199538351626e+02,2.551281145539032309e+02,2.189506066470034682e+02,2.188012270031834419e+02,2.113223682309673848e+02,2.143695232415172995e+02,2.112000946156263410e+02,1.857542017128149894e+02,1.702514565988892059e+02,1.855810746265537068e-14,1.639847034270408496e-14
2.018805521192505668e-59,-2.204412510191721719e-59,6.845517134158338886e-59,-3.886828963773614558e-58,1.594556880002646291e-57,-4.301862880277282078e-57,1.875925116559307414e-56,-6.332726439532911704e-56,2.928569703631711293e-55,-6.760540907582343244e-55,3.410546639332040345e-54,-1.384297025445722937e-53,4.763832016844785115e-53,-1.985700803871292185e-52,8.255981854428511974e-52,-2.172009183354086380e-51,1.284255091794996928e-50,-2.184411815859596880e-50,1.348381754878890702e-49,-5.148358190828681638e-49,2.130307983520682650e-48,-7.429078937619947872e-48,1.916145340074850816e-47,-8.084860668369532023e-47,4.383416154276187572e-46,-1.489144813796774466e-45,5.244546533446037729e-45,-2.301418276930449626e-44,4.687517831051465271e-44,-2.811446276277951357e-43,7.582072823346076976e-43,-1.473700302246402645e-42,6.459419676973622711e-42,-1.837308501563809634e-40,-1.202233832810468159e-39,-1.723630126750174589e-40,1.096905070687698524e-38,6.048353057640810932e-38,1.098011190634767044e-37,-3.050878090099309740e-36,1.624320629973645152e-35,2.414731448383859348e-34,1.539442395859362254e-34,2.717334178120379136e-33,-1.096864397464123928e-32,-1.223929548518349980e-31,-2.651767502811362072e-30,-2.938253600554298488e-29,-2.673365797796229892e-29,1.444989550319932367e-27,-6.772008357887572312e-27,-5.981326695750697651e-27,1.648176959614333496e-25,1.992380451487007821e-25,-9.985014726470437731e-24,-2.407067310403929922e-22,7.913487944233256013e-22,-2.645466815758505075e-21,-4.813685901125585554e-20,-6.859675648381991248e-19,-8.699470096244857470e-18,-9.718902421514661723e-17,-1.207110892483849298e-15,4.204057952131882689e-15,1.236775151418028024e-12,1.493188381414027670e-11,-4.056920110761719876e-11,-3.792181203758275958e-11,-9.477373539367062458e-10,-9.065351898683873253e-10,-1.020627235253308230e-08,3.802449847585845454e-08,4.431988063313650673e-07,-1.210379509730846479e-06,1.273723897707962859e-04,-3.887194364658771019e-04,1.375772004726285918e-03,2.132103462836115390e-02,-9.999870004784701394e-02,-1.191109599636448690e+00,4.196617456384707623e+00,6.165059475033920222e+01,4.765596145492155529e+02,3.502768951710160081e+02,3.355941450436730520e+02,2.905242278204208333e+02,3.733462442945476596e+02,3.158158992754197243e+02,3.121473969744596388e+02,3.044555360741941854e+02,3.387558035942592483e+02,3.695082906204551705e+02,3.375421268598682900e+02,3.613510932347286939e+02,3.108427231376055033e+02,2.831719883675606297e+02,2.729062011295149546e+02,3.140518666633299176e+02,3.170968722273286176e+02,3.356114476911287738e+02,2.571375996506829438e+02,2.399545013225001071e+02,2.158184537037420796e+02,2.564667142881788777e+02,2.454715662629301676e+02,2.323996512574206861e+02,2.694251474024163713e+02,2.475782334112736862e+02,1.875093364748882721e+02,1.787336063660088925e+01,3.764421812624551000e-01,-1.761998457225602888e+00,6.431039815439426377e+00,6.277660282559870630e+00,4.736039050931811545e+00,-1.230460951960166360e+00,-1.494540859714064140e+00,-1.973970516376425621e+01,3.794837375395643947e-03,1.682293764707931405e-01,1.473602112311385159e-01,1.694566405741800841e-01,1.536004882691274220e-01,1.439124487541794117e-01,2.242155072445511266e+00,2.261249105557027850e+00,-4.321706934879832596e-01,-2.739601323890871604e-02,3.077980668589125998e-07,-1.608833118397940071e-07,5.391638312433299262e-08,-7.161871889500178539e-10,-3.199521046695059972e-08,-4.315734558766311161e-07,9.316920176521166483e-07,8.206634030864905879e-07,-9.497932819194397159e-04,-1.438222973078544416e-02,-1.551040962671629275e-01,5.864163965340513096e-01,-3.070061592692429286e+00,-2.436160367276924976e+00,5.463724088365855636e+01,3.427094261646410587e+02,2.369566487398729464e+02,1.968954380221197482e+02,1.972128699791820168e+02,2.223349367496550997e+02,1.860493725715968765e+02,1.903906071374716475e+02,1.753532866308634084e+02,1.914526580444017441e+02,1.645090354890088520e+02,1.838483210249366380e+02,1.813339240622560453e+02,2.043326109689091368e+02,1.793622250220795138e+02,2.511695023999791374e+02,1.911196047621539549e+02,1.795335085369290766e+02,2.200364332547485731e+02,2.125369216242650054e+02,2.185433695013109627e+02,1.859299970836778186e+02,2.425552156749598680e+02,2.267860699473825150e+02,2.247388787268950239e+02,2.196085548368805576e+02,2.405949866369057872e+02,2.069697152313841855e+02,1.959311184797779219e+02,1.826778402547877533e+02,1.845435130251990756e+02,2.267199490310277099e+02,2.391477788109319818e+02,1.668752655640194575e+02,1.627717829985705009e+02,1.661900848140635389e+02,1.845934332513103016e+02,2.015501401791797491e+02,1.789836106253389403e+02,1.605096875922772881e+02,1.691172303857557608e+02,1.794014126116749708e+02,1.924209233375693202e+02,1.787383812529037641e+02,1.910271161059204132e+02,2.328024632293376612e+02,1.993271684761295433e+02,2.991300607972405032e+02,2.854277828281337293e+02,2.660829509141450444e+02,2.100991441757539064e+02,1.845683344219964113e+02,2.235342498245293825e+02,2.128154525706789286e+02,1.884741935748129436e+02,1.918486736317474310e+02,2.118340489805741242e+02,2.158584694388472656e+02,2.392424502318690998e+02,1.906359386019441331e+02,1.900943768711871655e+02,1.772534259868175468e+02,1.670807767662982997e+02,1.568143571089360364e+02,1.684497907143448003e+02,1.779776470378183433e+02,1.881191929454778062e+02,1.982072177137965809e+02,2.021348784628463306e+02,1.872709125716733354e+02,2.295621155548950298e+02,2.589164204040470736e+02,2.462691793331191263e+02,2.096053810155708561e+02,2.357518835802047761e+02,2.427915797957160464e+02,1.994328673976430650e+02,1.940405171712120591e+02,2.175362286182632090e+02,2.388891294420702707e+02,2.224018801206845524e+02,2.063284525093174011e+02,2.090047956493789343e+02,2.086448048867178215e+02,1.958601542873061305e+02,1.873691355262433831e+02,1.584974979957715959e+02,-1.126982259860077917e+01,1.178590822747822091e-14
5.859753224111218261e-60,-1.339972545433136089e-60,1.315187672342920571e-59,-1.211986685332482670e-58,2.765512684486170608e-58,-1.946834649728550327e-58,4.863271698167891072e-57,-4.900662478617483286e-57,1.752728906078383525e-56,-1.486865099078583559e-55,2.471301065840054834e-55,-2.007251668906024661e-54,7.057975604621507206e-54,-4.266026137835128927e-53,5.885193319740731729e-53,-1.124862264548961468e-52,2.549663690636089165e-51,2.707947155177977096e-52,4.192944336464561676e-50,6.242281365034727352e-51,-2.232553043651779810e-49,-1.779303862221287880e-48,6.351547810516217529e-48,-8.121678144965986811e-49,1.198015358763497066e-46,-3.983393270942207918e-46,6.579562756864797165e-46,-4.061742365825483080e-45,5.166855859199625482e-45,-4.086566073459641563e-44,3.369613412806001831e-43,-1.661508215861983115e-42,4.854523716198173274e-42,7.096242172440212594e-41,7.752512666033111691e-40,-5.015634514185589706e-40,-3.845061018099293460e-39,-4.313397819471336854e-38,-5.165804260035912174e-38,1.640798408901242622e-36,-8.951053712945492594e-36,-1.408901002556204447e-34,-8.519379759696645443e-35,-1.578582515740458209e-33,6.371946763088509781e-33,7.013429319018821032e-32,1.526444201082884556e-30,1.689778739307400332e-29,1.539325941074026022e-29,-8.311990696809061196e-28,3.895429990208888207e-27,3.439550010656538383e-27,-9.479897724879357231e-26,-1.146139640864317192e-25,5.743323225717299536e-24,1.384520965033494183e-22,-4.551758913077556480e-22,1.521645546272901819e-21,2.768787493433655185e-20,3.945620336689450939e-19,5.003853023193916382e-18,5.590220677856449388e-17,6.943187637893840141e-16,-2.418134353592507386e-15,-7.113813633538978021e-13,-8.588678268061316526e-12,2.333502056706400254e-11,2.181226742578041870e-11,5.451295574563579529e-10,5.214304625710356552e-10,5.870551274255786173e-09,-2.187133169396582261e-08,-2.549237593670788664e-07,6.961988400527423341e-07,-7.326339325861823545e-05,2.235877413646056907e-04,-7.913310380517008316e-04,-1.226365735517205569e-02,5.751830596992310585e-02,6.851149701228008704e-01,-2.413854647905945949e+00,-3.472640093052377352e+01,1.078030987340770395e+02,5.900650123709148147e+02,3.379609754397809525e+02,3.009695259266619587e+02,3.805155868983451910e+02,3.072454868919049886e+02,2.788301257534004094e+02,3.020478286802176058e+02,3.131394375604553488e+02,3.580761162731876084e+02,3.669538171841319922e+02,3.801502396231226726e+02,3.381167514168935782e+02,2.597297359241458707e+02,2.345885923956909380e+02,2.913117919240873448e+02,2.858788579584860372e+02,3.037352385722795134e+02,2.716579932803207384e+02,2.246114728974585546e+02,2.424163334132928753e+02,2.632336976132594941e+02,2.804230648120704359e+02,2.586353663063978274e+02,2.450387551929111112e+02,2.592992224529265854e+02,2.231313514145176669e+02,-9.465292638489925636e+00,-2.391986186895109334e+00,9.998869772579626058e+00,-3.649443014475371427e+01,-3.562404233672479137e+01,-2.687575435136571045e+01,6.963960156504956700e+00,8.468837255068851988e+00,2.389849320689551462e+02,3.320498033598977272e-02,-5.736923721729912662e-02,-3.887969612514399070e-02,-5.601604745096749882e-02,-8.835266391634928607e-02,-8.278125494695473541e-02,-1.289670385410659703e+00,-1.300653230487508472e+00,2.485758189519112205e-01,1.575255875151642185e-02,1.030807031691781053e-06,6.094643130903811495e-08,-3.101217717457519131e-08,-3.912713887577801738e-08,1.506026827133110087e-07,2.446516697425640517e-06,-5.286182416480216912e-06,-4.656656911073828981e-06,5.389822734553372831e-03,8.161530534552037530e-02,8.801742437931309171e-01,-3.715186796343904696e+00,1.211078628286402115e+01,-2.848431399246672768e+01,-6.998334566994857653e+01,3.787822003456212201e+02,2.027421627662656789e+01,2.593290770134647119e+02,2.197713728165610689e+02,2.202815531578050070e+02,2.445277040485703424e+02,2.297520460058530318e+02,1.868678428569027119e+02,2.103988784644671739e+02,1.943214240888145241e+02,1.733892095097687616e+02,1.521313316435468721e+02,1.816887044566987299e+02,1.908360822954095966e+02,2.115390414751952335e+02,1.505086282201297649e+02,2.105991077971362131e+02,2.163862046406942454e+02,2.024287568481491348e+02,1.544821705976202111e+02,2.163062676079040045e+02,2.076807461750462664e+02,2.147449521740884677e+02,1.946936088803338976e+02,1.834666033595140675e+02,2.266568688636442062e+02,2.009533723341262998e+02,2.052321164716048258e+02,1.590063535393190080e+02,1.799758249417492380e+02,1.879089380768861588e+02,2.494267309137603092e+02,1.984874611390390839e+02,1.843417055656506136e+02,1.638298274987469085e+02,1.721817911075078769e+02,1.760884718835516196e+02,1.798480646625472161e+02,1.729858104597062152e+02,1.694647570448402405e+02,1.991534951712310146e+02,1.865415889588440450e+02,1.929510817111920744e+02,2.077659898605876947e+02,2.107333748811517751e+02,1.992229850878619857e+02,2.250628629660780859e+02,2.557413092427966319e+02,2.425072354818613860e+02,1.871237631863507431e+02,1.990225804319474321e+02,2.520210980827606591e+02,2.086427699127500546e+02,1.879244520267319558e+02,2.145273876887463302e+02,2.042580075011221652e+02,2.169502977924722984e+02,2.347710794920081128e+02,1.969587465208803110e+02,1.688424795876371149e+02,1.845160549224940780e+02,1.660264126303513024e+02,1.777533533719468153e+02,2.215011386613163893e+02,1.962700106836313125e+02,1.870419520216715341e+02,1.997038961380920625e+02,1.942313684556682176e+02,1.703963537056905579e+02,2.258163896382007465e+02,2.822002038026898845e+02,2.156581292476983549e+02,1.763730251504967157e+02,1.852137453509764953e+02,2.036593016806011462e+02,2.033812828456750594e+02,2.312137844673774794e+02,2.110759564395986558e+02,2.148031567971636662e+02,2.078953976833583681e+02,1.878348491683056238e+02,1.852923847536998494e+02,1.780102571798884128e+02,1.809510297120942255e+02,1.877028709748927326e+02,1.672174664056585698e+02,1.288509814528822801e+02,2.128171684882942232e-14
-3.511748483399317225e-60,1.099493863969401517e-59,-2.894266576828332736e-59,1.148006131076187272e-58,-4.126214277340038903e-58,1.775018376030387716e-57,-8.199411425834885183e-57,2.433599741124735682e-56,-9.362763842532570518e-56,3.169137842329432427e-55,-1.602350172463296144e-54,5.114527608673807335e-54,-1.779460174022660558e-53,8.628977425597022329e-53,-2.372949020488122001e-52,1.181518411954000187e-51,-4.300156663489106497e-51,1.276428637336476102e-50,-3.306167981253463432e-50,2.196301957298279479e-49,-7.112153193475371166e-49,3.024266500487365911e-48,-7.963709566917632285e-48,3.976151124028272037e-47,-1.354012248401023446e-46,4.881695238632949221e-46,-1.904195178985275779e-45,6.692159405978592782e-45,-2.575257008491620899e-44,1.207874742936394247e-43,-3.286968212568090570e-43,1.769506521445247831e-42,-5.982249727037374376e-42,-8.188428455178312676e-42,-3.559012132215651781e-40,4.869201476226440726e-40,8.582732785319285371e-40,1.986825010242430304e-38,2.890878014678285091e-39,-6.321944667582352370e-37,3.479300151256488159e-36,5.678850800165279432e-35,3.093711977413081892e-35,6.412854600372481621e-34,-2.576997747873401065e-33,-2.789425337350397382e-32,-6.106363980634011605e-31,-6.754890342373402428e-30,-6.160223358411947217e-30,3.323967582279168906e-28,-1.557721667160507810e-27,-1.375197946491703248e-27,3.790557978788928711e-26,4.583380333346185445e-26,-2.296567222558730198e-24,-5.536203767319939844e-23,1.820084784883312099e-22,-6.084516550044695403e-22,-1.107140557985413332e-20,-1.577714139681917314e-19,-2.000864189712948525e-18,-2.235331857495711075e-17,-2.776335603405277714e-16,9.669265568929480100e-16,2.844562910421276959e-13,3.434309206069811427e-12,-9.330850854638013060e-12,-8.721955635290781562e-12,-2.179780635903381555e-10,-2.085016322595858868e-10,-2.347426187905833269e-09,8.745573351479993057e-09,1.019350109882147205e-07,-2.783853360198327625e-07,2.929544431409771747e-05,-8.940484374426388230e-05,3.164253432465089682e-04,4.903803593528569156e-03,-2.299953980612673768e-02,-2.739532877646198017e-01,9.652152497283941202e-01,1.388586167580644215e+01,-3.987724625484049312e+01,2.330762252029364276e+02,4.363929997877206688e+02,3.478098455527537567e+02,3.360580286542153203e+02,3.142450476372827097e+02,3.313689800992611367e+02,3.140976419457100519e+02,3.024824739559619502e+02,3.265606556624500740e+02,3.473084377283613549e+02,3.447448009516696175e+02,3.508145655494049038e+02,3.198268339574523793e+02,3.368241012588165972e+02,2.666756362568306145e+02,2.515501761112255394e+02,3.129849979529010398e+02,2.750087826608478281e+02,2.443116680405661043e+02,2.462790675088149328e+02,2.273614110263374926e+02,2.431344722618814558e+02,2.476535643441977754e+02,2.313523739062764548e+02,2.454962185632469129e+02,2.299428557264864139e+02,1.544139546010615760e+00,9.831750230238888832e+00,-4.065609461118241796e+01,2.281621818727755056e+02,2.237981717413620117e+02,1.696973205667355558e+02,-2.830826087706970640e+01,-3.442979784215850714e+01,3.487647067355509876e+02,-1.576497262341756411e-01,-1.377796435314050660e-01,-1.716332171817088470e-01,-1.467213000011304280e-01,3.534182577904185218e-02,3.311833924326627182e-02,5.157099950387090681e-01,5.201022096976944953e-01,-9.937762400874186608e-02,-6.276988804300795075e-03,-5.339877421148875832e-06,1.045168653258091408e-07,1.240060871820467100e-08,1.769541469457287873e-07,-5.995576506414936813e-07,-9.946652435090954747e-06,2.149360191553031948e-05,1.893412782588451600e-05,-2.191539124242143644e-02,-3.318534645703530850e-01,-3.578849224323457090e+00,1.526641652357003132e+01,-4.704708796843964080e+01,2.153257616964395993e+02,2.803604187157039860e+02,4.129886394959005997e+02,1.711623416974560996e+02,2.416570582864303844e+02,2.108881671881121349e+02,2.259676208306519811e+02,2.404457266306166332e+02,2.515098964299548925e+02,2.229022161110982836e+02,1.695126821993062549e+02,1.885077474023123898e+02,1.879041708756495552e+02,1.894339378779723404e+02,1.487106722748220875e+02,1.727706877837846946e+02,1.678081362129430261e+02,1.746493080704409522e+02,2.039104549287622490e+02,1.984760406048833374e+02,1.945416400134742503e+02,1.432586464176371237e+02,1.946926642090332962e+02,1.766224856566452104e+02,2.285768899541539838e+02,2.119302014908766409e+02,1.840975102107385908e+02,2.279500411971366418e+02,1.870368954821552450e+02,1.983579317757781553e+02,1.800806277614867099e+02,1.775309897043143224e+02,1.571972818891806014e+02,2.087453875635514748e+02,2.169831297290173495e+02,1.900384425581505354e+02,1.762641801570397888e+02,1.609012313020720342e+02,1.578762310964110327e+02,2.026580369092829415e+02,1.786190130624883636e+02,1.800724537057657528e+02,2.062509358899083338e+02,2.475028698966048637e+02,2.484093697120233628e+02,2.007111644003338427e+02,2.024425687960517450e+02,2.101718419296562388e+02,1.720390361162217516e+02,2.057829157609845367e+02,2.421177226599061498e+02,1.921161027890901494e+02,1.701067557393195386e+02,2.287588813945055222e+02,2.206873421359646272e+02,1.801687026836511905e+02,2.098302342486993837e+02,2.139985818329801930e+02,2.322921284611855697e+02,2.209820626335672671e+02,1.991599386917843901e+02,1.544808538690749629e+02,1.612604794476018242e+02,1.834443598885444828e+02,2.065659170755563991e+02,2.106600349408453212e+02,1.896123927391617769e+02,1.849217248653817762e+02,1.919269484948574700e+02,2.027721261753762576e+02,1.891022564500606791e+02,2.084011921884972764e+02,2.284629649807462783e+02,2.432357085927976357e+02,2.071539687492772828e+02,1.796657887710836690e+02,1.810769403868220024e+02,1.802659151170420841e+02,2.102284286599572738e+02,2.021435883956372379e+02,2.178507268734734339e+02,2.058182691245316107e+02,1.632682925520618937e+02,1.529709868235564443e+02,1.714837784089234276e+02,1.809980417574215039e+02,1.869619654141644105e+02,1.702014794046870350e+02,1.720271372454193681e+02,2.514238837109876471e-14
5.853590326251480394e-61,-7.379020658265214193e-60,2.738469324234208106e-59,-9.137643364993436039e-59,3.358263044736840291e-58,-1.234659916848737123e-57,5.171596959317772604e-57,-1.909079303430640891e-56,6.034859335776260973e-56,-2.809094490775291182e-55,8.803225969587917732e-55,-3.195774365245929094e-54,1.435741088069780750e-53,-4.807051517175606724e-53,1.972762558692345927e-52,-7.295336591803348763e-52,2.700956202224709413e-51,-8.651774775694824130e-51,3.957468071134645432e-50,-1.370870420296874260e-49,3.867033116636613087e-49,-2.188670069822452001e-48,6.832473641678179919e-48,-2.520269808522238756e-47,1.142058020251891058e-46,-3.386938265750486162e-46,1.246385440284166016e-45,-5.231178446540811161e-45,1.781449191188454795e-44,-7.161008776979156991e-44,2.398773453601179040e-43,-1.095641791006834207e-42,3.425225004932912941e-42,-4.536581671142519269e-42,1.528779198743495364e-40,-2.295886058020104641e-40,1.677386303912983501e-40,-8.060483505214649525e-39,4.105264556662834503e-39,1.802437056537828276e-37,-1.064974737889539453e-36,-1.896503906475307059e-35,-9.559478141947872314e-36,-2.160010372817559245e-34,8.580471018381173459e-34,9.124845866528646163e-33,2.011467526912889202e-31,2.221981991824491146e-30,2.029259792122074070e-30,-1.093843861522363336e-28,5.126207984902003696e-28,4.523443713063529532e-28,-1.247256564069687946e-26,-1.508392235954919598e-26,7.557029524750203787e-25,1.821713234417936053e-23,-5.989074713471883923e-23,2.002136979168732143e-22,3.643103922815190109e-21,5.191547973393548329e-20,6.583945615738637719e-19,7.355473166971217448e-18,9.135673609390537152e-17,-3.181721047658322774e-16,-9.360179007404546921e-14,-1.130076920411924602e-12,3.070363955584409925e-12,2.870003884915111791e-12,7.172679104802694297e-11,6.860852309346382553e-11,7.724325324682037460e-10,-2.877775414883035327e-09,-3.354223408138318233e-08,9.160411143378731379e-08,-9.639815027036561327e-06,2.941911878773223856e-05,-1.041213693862522730e-04,-1.613621526395381256e-03,7.568115610774071335e-03,9.014572340277299256e-02,-3.176089896059690054e-01,-4.569213445293431874e+00,1.312181080316807424e+01,-6.526800149801344730e+01,5.426600634092141036e+02,4.281665707780596222e+02,3.668124309907529437e+02,3.285834309887400195e+02,3.565504225445345128e+02,3.166912448722661111e+02,2.983786353082815594e+02,3.333443385546037803e+02,3.232698029920588283e+02,3.244835314202759378e+02,4.239332411555669751e+02,3.749975709505673080e+02,3.515073007642958487e+02,3.141895788037064108e+02,2.851646861436974518e+02,3.329355462948794866e+02,2.893280020683453699e+02,2.552002179018527954e+02,2.275824929359876876e+02,2.175348913313223420e+02,2.271298518039126293e+02,2.289378930505292828e+02,2.389073003839314140e+02,2.420909264965576426e+02,2.417498962361684960e+02,7.090081164545775749e+00,-3.333120169027316138e+01,1.771007944517490387e+02,3.625125952127395976e+02,3.663586141180520031e+02,2.881809661108130172e+02,1.246586859608460998e+02,1.513750792311901421e+02,1.352074490758318177e+02,5.414407191546319886e-01,5.903361207834706414e-01,6.912023760332421940e-01,6.217646746054664719e-01,-1.167252366823201028e-02,-1.095553407204193606e-02,-1.697524111888754350e-01,-1.711995998002030783e-01,3.263604755512466982e-02,1.991201236137834715e-03,1.846689214966499833e-05,-4.714474270233612614e-07,-4.080259552479285281e-09,-6.052240179384005143e-07,2.026175572492159686e-06,3.368470344687758922e-05,-7.278950364755917488e-05,-6.412173372800095551e-05,7.421805050933598380e-02,1.123845653611813544e+00,1.212003060114417252e+01,-5.175424531948179663e+01,2.044207411055205910e+02,4.460080158236415855e+02,3.985539107411796067e+02,4.052797305752670809e+02,5.194030745776575486e+02,3.081622503573215113e+02,2.117925387162974289e+02,2.065162793556478107e+02,2.023705437494307944e+02,2.066528304258258970e+02,2.127933271284317698e+02,1.998951825626152186e+02,1.855948841428512992e+02,1.913046569686502778e+02,1.791907862188619447e+02,1.596855989413745931e+02,1.819936054424715905e+02,1.819806379046367795e+02,2.229395386797062883e+02,2.035778226860200562e+02,2.242993756546009365e+02,1.629120524839935911e+02,2.176364532416083080e+02,1.848279054020831325e+02,2.255193969714351283e+02,2.273484799597305823e+02,2.675021349555143502e+02,2.514000241309001353e+02,2.501161801944533352e+02,1.784800828447584422e+02,1.966110426862973952e+02,2.198587575095941702e+02,1.710758678059781630e+02,1.458862474814706047e+02,1.757785443290434841e+02,1.790894418268413517e+02,1.832179923797232561e+02,1.695281542476636503e+02,1.688432878269069590e+02,1.524927654403137183e+02,1.938727358063067356e+02,1.891218786139198187e+02,1.819080001192052123e+02,2.113369174510531536e+02,2.496851708512526216e+02,2.280978506797241323e+02,2.218551438858135043e+02,2.442305397926217267e+02,2.045965912982924522e+02,1.823789488661081464e+02,1.914698835527082110e+02,2.162461566894887142e+02,2.238441195364824523e+02,1.678961642300265567e+02,1.997334946668621001e+02,2.377813891932425747e+02,1.812370012582023548e+02,2.023931292387413521e+02,1.910908112309078888e+02,2.477628464973680877e+02,2.107018102952876006e+02,1.885370489053073300e+02,1.562267982570501772e+02,1.675761147923786609e+02,1.821210906054470513e+02,2.025366432234494880e+02,1.720122749583035215e+02,1.746752487765893704e+02,1.847239629655547049e+02,1.952539095807287026e+02,1.965230502260828587e+02,2.003404099042007829e+02,1.985801699075900899e+02,2.079882099143104597e+02,2.312111492682637959e+02,2.176706765788827056e+02,1.928644668528497164e+02,2.077048438422245908e+02,1.810831077602963433e+02,1.809798694230777585e+02,2.138065803477982456e+02,2.380724336253169042e+02,2.114235415542154897e+02,1.726580914112483640e+02,1.511539659075785949e+02,1.766935086470112424e+02,1.852578418950352557e+02,1.802738945433333129e+02,1.725183182989100317e+02,1.580231400497035850e+02,1.379052534903099691e-14
4.869488162711542717e-61,-2.698190114132217613e-60,1.076949920441865957e-59,-3.823821433643473870e-59,1.539681933237698345e-58,-5.424356287932424901e-58,2.046422672092666284e-57,-8.364191379517635772e-57,2.662235489119151522e-56,-1.102128130609659022e-55,3.967845409257717323e-55,-1.494927289237917846e-54,5.651427568204595101e-54,-2.134273716584134645e-53,8.068302308301369667e-53,-2.635120018871282735e-52,1.156440557945782899e-51,-3.714450628835449985e-51,1.528374829088565968e-50,-6.312887888331229386e-50,2.185537357331645676e-49,-7.837737496680912479e-49,3.131364726512860535e-48,-1.118975924374931386e-47,3.958568000997395743e-47,-1.380709063112532229e-46,5.621761655482656648e-46,-2.123976197314589696e-45,8.013099044540991196e-45,-2.747067384615467764e-44,1.032873162707813404e-43,-3.440118572118124564e-43,1.372690209313631923e-42,-8.380595511088312308e-42,-8.022732540224239595e-42,-7.243389419559388525e-41,4.556341995072910119e-40,4.512136693558569743e-40,6.408100368810603708e-39,-7.623081830055761191e-38,3.956886072055943443e-37,4.930467383369199210e-36,3.922908454816153535e-36,5.476584126445348419e-35,-2.242587461473952246e-34,-2.624345981854356114e-33,-5.593836737999826886e-32,-6.217041424652859537e-31,-5.636446142983494067e-31,3.054708671801518127e-29,-1.431664980149992494e-28,-1.265604625456489909e-28,3.485270520792062135e-27,4.211642628085522910e-27,-2.111188555258948735e-25,-5.089532079825234454e-24,1.673239348198507664e-23,-5.593612152552969551e-23,-1.017807379151472869e-21,-1.450413654619901457e-20,-1.839420208065183010e-19,-2.054969654542118141e-18,-2.552321310113041007e-17,8.889081160212722222e-17,2.615043586704597755e-14,3.157205006595710483e-13,-8.577972240000369415e-13,-8.018206968302752054e-13,-2.003900616985581069e-11,-1.916782554773957729e-11,-2.158019347802109570e-10,8.039919038713520061e-10,9.371017801493945149e-09,-2.559232509257676326e-08,2.693168201035358180e-06,-8.219103271111306388e-06,2.908939230606843131e-05,4.508130261006040949e-04,-2.114377531882635775e-03,-2.518488114621895285e-02,8.873349008979156127e-02,1.276545278107658943e+00,-3.665966981310601280e+00,1.823455177162641050e+01,6.635724557500387846e+02,3.783803408133833273e+02,3.483091805139114854e+02,3.110477948502218055e+02,3.181726170459685932e+02,3.049017490941065489e+02,2.788678420425273430e+02,3.306683268222678294e+02,3.091813209885529545e+02,3.119265317504638801e+02,4.105700456857715608e+02,3.507068624110917199e+02,2.934689706922305845e+02,3.416227787624171697e+02,3.336155642632703575e+02,3.257363488894709462e+02,3.060018538619375477e+02,2.650819121450203966e+02,2.473114796776089293e+02,2.663588577000224404e+02,2.558604389589896471e+02,2.453557926829563200e+02,2.471358738510100181e+02,2.698520605504368177e+02,2.913177994064995460e+02,-2.377165754796078190e+01,1.092555884171310794e+02,3.783191663138317722e+02,2.702809020712164170e+02,2.619854000210352751e+02,2.353582056996380913e+02,2.918982130888920778e+02,3.467319168777333402e+02,-2.795825439107035493e+01,-1.555291086054809924e+00,-1.727929850341701767e+00,-2.013436518731962721e+00,-1.818406043274156447e+00,3.384718105916889510e-03,3.226449087023342682e-03,4.758428911027054453e-02,4.799407619432463634e-02,-8.932394121020065247e-03,-3.432911831387558052e-04,-5.308122376127206635e-05,1.385144021481722251e-06,1.139299534004623254e-09,1.737817358528788247e-06,-5.811137784438958721e-06,-9.662851228073487855e-05,2.088053822824529032e-04,1.839408655734430843e-04,-2.129033755894168267e-01,-3.223885990715809058e+00,-3.476776080105064182e+01,1.681718873118879287e+02,4.440026332995728353e+02,3.805958763313577720e+02,2.946143707258713675e+02,3.734848491330585603e+02,3.534511440046906046e+02,4.749765608051810091e+02,2.767323749617937096e+02,2.278102091952130479e+02,2.024574967412229398e+02,1.964756134818807425e+02,1.937106869630714812e+02,2.518771278773741642e+02,2.192614885777746849e+02,2.112036323876337462e+02,1.532868991792304030e+02,2.023048383179873326e+02,1.905532654485200794e+02,1.819955729890597809e+02,2.183742808115215439e+02,2.371947314176545945e+02,2.263346083482133224e+02,1.754601688515903959e+02,2.383000898678156148e+02,2.315052951531093584e+02,2.643379814619485160e+02,2.352313499674923492e+02,2.813570836027204791e+02,2.774806892138729495e+02,2.255107514110221985e+02,2.002736946502384967e+02,1.962817197048894400e+02,2.242441395016157912e+02,1.998551969559828478e+02,1.588831188019661624e+02,1.791114602765424593e+02,1.548381731602442528e+02,1.927821031493407702e+02,1.870321056033417619e+02,1.695893512287878480e+02,1.735182146966432128e+02,1.731741006828458183e+02,1.867882082795020153e+02,1.812355045483323579e+02,2.267379749250796976e+02,2.039377546716116001e+02,1.881365365355406993e+02,2.310297457816285487e+02,2.353191852558964854e+02,2.024971781439855079e+02,2.006327584831293223e+02,1.993802817869033106e+02,1.918672236898924552e+02,2.043889423606123046e+02,1.828540024535028010e+02,2.089907017488607153e+02,2.158608866129781063e+02,1.836530063712266667e+02,2.130914997605429164e+02,1.921461561718423923e+02,2.332966503238973530e+02,2.136686472426652585e+02,2.055411890486654727e+02,1.813142964323945137e+02,1.930594239839300030e+02,1.844064358455252943e+02,2.061946820915699732e+02,1.934320679780654757e+02,1.710969380648016340e+02,1.950154959485719246e+02,1.865850286135661520e+02,1.637074059805790114e+02,1.977449503075776818e+02,1.902402949323947325e+02,1.766530656003620265e+02,1.870338934509670139e+02,1.921275029606628664e+02,1.933907845227819564e+02,2.065399793652503888e+02,2.051625139644052638e+02,1.879502511535518749e+02,2.111624352599992562e+02,2.361111139428955994e+02,2.179645329459844447e+02,2.011238198407360755e+02,1.661331605307017583e+02,1.837797951355870794e+02,1.867281717532264338e+02,1.722361748098852559e+02,1.979312368002320852e+02,1.918061010441795702e+02,2.184894546546177334e-14
3.559199571089628921e-61,-3.049639137976102205e-60,1.151013979460992081e-59,-4.820953214444923373e-59,1.414818517984681242e-58,-5.986511057764188640e-58,2.163481980921892077e-57,-7.238778319610280876e-57,3.089415411944918995e-56,-1.056544766799183628e-55,4.217037510028481110e-55,-1.476618849075629099e-54,5.872450561873750618e-54,-2.266555453602811055e-53,8.462790944406763908e-53,-3.034250642275249465e-52,1.155209250596835668e-51,-3.962578116135935383e-51,1.352532003859939611e-50,-5.941295414601624727e-50,2.424867457270730485e-49,-7.742569601308076087e-49,3.079189056776835696e-48,-1.188394495869081514e-47,4.436939182931966518e-47,-1.426820150725000093e-46,5.947573901566497604e-46,-2.165198548971444746e-45,9.193793838564270621e-45,-2.554566947806736974e-44,1.159389096797359026e-43,-4.283762477910342719e-43,1.524786142493530978e-42,-4.795679326500747093e-42,2.900766049415429455e-41,-8.629710485437589448e-41,3.290432775273867793e-40,-1.525757373400427769e-39,4.269182241980618529e-39,-1.999944608217053112e-39,-1.859780564354118727e-38,-1.388928834866388670e-36,1.408287067512314717e-37,-1.672108429824638571e-35,6.451080390364122449e-35,5.418531839709383611e-34,1.288998109065606722e-32,1.402119664541470419e-31,1.305210136633353464e-31,-6.933792611748736738e-30,3.249219498277942207e-29,2.853888874921869798e-29,-7.895855851065377307e-28,-9.567087081820179550e-28,4.786844278744381968e-26,1.153798697553233886e-24,-3.793222746400299134e-24,1.268067079533673667e-23,2.307441272972539575e-22,3.288165848004195423e-21,4.170074123823057330e-20,4.658734498249212021e-19,5.786260544354233453e-18,-2.015206310510477363e-17,-5.928455321351592616e-15,-7.157566678068777028e-14,1.944676007552511456e-13,1.817773974699013603e-13,4.542958804334548361e-12,4.345457106169300706e-12,4.892354896731630162e-11,-1.822696229218554752e-10,-2.124464030519029246e-09,5.801928378251573721e-09,-6.105568352186357633e-07,1.863318332516234840e-06,-6.594733777852114048e-06,-1.022019249992098705e-04,4.793416370474730317e-04,5.709558475450373510e-03,-2.011639631956521276e-02,-2.894002107694171877e-01,8.310959550434076082e-01,-4.133878536464272280e+00,5.002473733106701275e+02,4.164557051844124089e+02,3.337307292090322335e+02,3.249337230542143971e+02,2.925617036734632848e+02,2.853599627779319121e+02,2.715964992341413904e+02,2.947505734008735772e+02,2.900713687913295189e+02,2.766699189346683170e+02,2.904062300869811679e+02,3.093190343776990971e+02,3.336248159940471396e+02,2.891338477414174122e+02,3.166535577534601202e+02,3.036378814759373768e+02,2.812536348217729483e+02,3.083290994819206503e+02,2.788892909518029342e+02,2.849884381322485183e+02,2.552784667386212618e+02,2.560457726445995945e+02,2.426413733145270442e+02,2.804249735100657972e+02,3.111583184005270368e+02,5.836034936175445154e+01,3.418237567057121851e+02,2.766129851941238940e+02,2.907197798323138045e+02,2.435546704854121174e+02,2.444943542489291701e+02,2.541575029868756985e+02,1.651419283311364836e+02,9.249958463309166490e+00,3.558349302214575349e+00,3.960477056377808225e+00,4.612747716341493387e+00,4.167521333195708166e+00,-1.049666369422261325e-03,-1.109781770839121922e-03,-1.115048790148251943e-02,-1.125588309065924005e-02,1.601586057563862209e-03,-4.085317097125256282e-04,1.214522612874788650e-04,-3.175933926946237431e-06,-2.568200151794495060e-10,-3.975797448032553349e-06,1.329328549657970359e-05,2.210472177292774646e-04,-4.776628708846360617e-04,-4.207828443621988907e-04,4.870374420792670800e-01,7.374956747991766370e+00,8.403418657233895317e+01,4.689254080504441617e+02,2.999375760431342997e+02,3.085996291347466354e+02,3.418240990350385573e+02,3.107275478467404355e+02,-4.948353143909450580e+01,3.670466089453028644e+02,3.962265456124881098e+02,2.643394394535503693e+02,2.269980234594614785e+02,2.407850876989791118e+02,2.031423099396918985e+02,2.199345985130723591e+02,2.217062226084933059e+02,2.364482965149622657e+02,1.966043037022723183e+02,2.291965287428381259e+02,1.802435116334692395e+02,1.743098989390324220e+02,1.991059002616171085e+02,2.423212725212026726e+02,1.965961693468556746e+02,2.312072569938526385e+02,2.125479230534232613e+02,2.593457271644218736e+02,2.259084643379462420e+02,2.543650224794464236e+02,2.297118959487823133e+02,2.148858716361328902e+02,1.780074247309845248e+02,2.157868926335982280e+02,1.758716275656037453e+02,2.059090234902809300e+02,2.203204398780727615e+02,1.891742316052638841e+02,2.101785436184501350e+02,1.733166322228308616e+02,1.937577660244683386e+02,2.389658571904682276e+02,1.527547210815265544e+02,1.916189862134476982e+02,1.813984025131585724e+02,1.836909588567750404e+02,1.874496990078227441e+02,2.129899423505268032e+02,2.101440938416183997e+02,2.087284396263665371e+02,2.219775433273379122e+02,1.641475575153652358e+02,2.173014600494586546e+02,2.003854454886208032e+02,1.950060502311986568e+02,1.970234036801842876e+02,1.764626882916597310e+02,1.707771995832269170e+02,2.062963553019636436e+02,1.885775323991539665e+02,1.911905510978529890e+02,2.135603713333202336e+02,2.446760291911223817e+02,2.039379401932919791e+02,2.026040903034560472e+02,2.264625885994709904e+02,2.068538211163613880e+02,1.754501595672046790e+02,1.896254374502543101e+02,2.172468873312394351e+02,2.255276774031992204e+02,1.868179017455816222e+02,1.995576012396813610e+02,1.909601915131707415e+02,1.883833022995522413e+02,2.063272556730239558e+02,1.908157657114140306e+02,1.672788622530233624e+02,1.908486415897978645e+02,1.985218307235976738e+02,1.875912154007481831e+02,1.907334551511000313e+02,2.120084589791375151e+02,1.890002022981326775e+02,1.808396839362401636e+02,2.127416614986539685e+02,2.097060578063967853e+02,1.866282057220007005e+02,1.607788150395630851e+02,2.034123332738355998e+02,1.955318494753239520e+02,1.835264726394916295e+02,2.162119437581025068e+02,2.114859742850798909e+02,2.685302992305376344e-14
-3.093775722228137331e-61,1.060220717665178292e-60,-3.834262376099541797e-60,1.307111601580948762e-59,-4.564984481210089324e-59,2.354924530715481056e-58,-5.453419817672650145e-58,3.021210083146574714e-57,-9.856796235118051095e-57,3.875579514970736843e-56,-1.394315451874757430e-55,6.374957625930768212e-55,-1.684097082022356872e-54,8.158448633525190691e-54,-2.915526361543992338e-53,1.051998739396396712e-52,-4.477622886681816291e-52,1.604933991892589565e-51,-5.084536094674964534e-51,2.032015678658333570e-50,-7.176924803215645023e-50,2.861349912375047585e-49,-8.616206734944620902e-49,4.277564656619774640e-48,-1.289164678216973249e-47,5.378924888992627217e-47,-1.909751730226199529e-46,6.772690533482724156e-46,-3.366544138133313624e-45,1.065411686994014396e-44,-4.323487386784509292e-44,1.079852020926184972e-43,-5.414471677643863766e-43,2.287607693210183427e-42,-7.656193704311618453e-42,2.820239341255436208e-41,-1.044356852316422100e-40,5.158178769302983077e-40,-1.053380864247596927e-39,2.096216916472597126e-39,-9.443572892519407560e-39,2.564628379504125187e-37,-1.898422387937028101e-37,2.821713921163040186e-36,-1.219609958768007774e-35,-6.609209372936500272e-35,-1.831084343754840315e-33,-1.945949774854680331e-32,-1.877751699138759763e-32,9.671564752981839677e-31,-4.532511712753934214e-30,-3.952610089428278334e-30,1.098423421198960784e-28,1.334984270298963148e-28,-6.666808864261859315e-27,-1.606543762966755919e-25,5.281609291128307152e-25,-1.765604041119696391e-24,-3.212961661565995530e-23,-4.578510939287916585e-22,-5.806513610991287691e-21,-6.486931928218804151e-20,-8.056928011022779487e-19,2.806021573409411973e-18,8.254922736236387948e-16,9.966366742120426625e-15,-2.707813305666098363e-14,-2.531111880881345262e-14,-6.325724309822451996e-13,-6.050718224204143477e-13,-6.812231772062788434e-12,2.537965749756215969e-11,2.958154440525177999e-10,-8.078743602417858309e-10,8.501539152896647670e-08,-2.594528935631246256e-07,9.182664771131892328e-07,1.423084005891313923e-05,-6.674467404061718175e-05,-7.950125545249596935e-04,2.801055054365003596e-03,4.029677633274485193e-02,-1.157237851430551606e-01,5.756111176552486386e-01,-2.871873089943006008e+01,5.451996443367203256e+02,4.642359666230784114e+02,3.898336092386890073e+02,2.924871914768986016e+02,2.998941615649222854e+02,2.928756018914196488e+02,2.963658073983758641e+02,3.111964551425722334e+02,2.993523801580087138e+02,2.836851243690941260e+02,2.954985772914740778e+02,3.549834896163919780e+02,2.930214556438717750e+02,3.022818389398560726e+02,2.888433251656718426e+02,2.704954393491565838e+02,3.120541253755534399e+02,2.468570318020669561e+02,2.405452859428957026e+02,2.436598491343827959e+02,2.403052383945541237e+02,2.311604307671064760e+02,2.498807271018091001e+02,2.700455126879135150e+02,3.259816719550552762e+02,2.640492606142236696e+02,2.718768692971090672e+02,2.867540684426085136e+02,2.627540437582151753e+02,2.553943435977144532e+02,2.467189309525382157e+02,5.191051205462830609e+00,-5.208364025788749352e+00,-4.811833050377457788e+00,-5.356570167474904665e+00,-6.238487897172421803e+00,-5.636554855147275056e+00,5.263002137824134832e-04,6.639236166916854219e-04,2.041181753854658370e-03,2.072679773079309350e-03,3.471274222388507887e-04,7.117368673594074184e-04,-1.642367411996435765e-04,4.295621699547749151e-06,3.378665112504526095e-11,5.376313292407736278e-06,-1.797578308263846056e-05,-2.989106495103454057e-04,6.459186485374682945e-04,5.690027484814980108e-04,-6.585953944922259273e-01,-9.972770323511424451e+00,4.528154799290150549e+02,2.506258618367027111e+02,2.616481104542010598e+02,3.501566105147956591e+02,3.035570567423830539e+02,2.527632413840771335e+02,9.012151488857663040e+00,-2.990066085073505420e+01,3.318640996933035581e+02,2.556767348552568819e+02,2.606987620109149475e+02,2.271895242310500578e+02,2.032478716133878152e+02,2.086936907906163867e+02,1.859740249932090705e+02,2.113774811673510499e+02,2.233289120465830990e+02,2.324125910673747057e+02,2.026551573203486498e+02,2.184924683285888989e+02,2.117223540935557651e+02,2.054907041718773826e+02,2.070005958894035984e+02,2.293867053904758393e+02,2.470311888942012502e+02,2.525276949126943293e+02,1.962253447136006912e+02,2.247293724523841263e+02,1.907313304603109714e+02,1.878417612775647854e+02,2.026975906593380046e+02,1.764157200366771008e+02,1.601181878344599454e+02,1.874308748803634046e+02,1.745888657265877271e+02,1.970369405369479807e+02,2.295623893692786623e+02,1.663726849779702945e+02,1.937087618492979288e+02,2.171261580975379104e+02,1.640825447486336373e+02,1.654578753498375931e+02,1.952327974730455651e+02,2.121644596397386238e+02,2.135660703222065706e+02,2.030655122407630699e+02,2.040063256623534471e+02,2.001814227550315479e+02,2.416729005123330012e+02,1.602760546321518405e+02,2.115957981112097741e+02,1.949667288952717854e+02,1.802927331910495070e+02,1.891484844638297886e+02,2.063796533712064161e+02,1.876187926962584527e+02,1.714122377368320258e+02,2.040554477533472948e+02,2.080134233992282020e+02,2.162548425409891877e+02,2.238965716671533528e+02,1.860980105240908529e+02,1.841467253135365638e+02,2.185580396639878131e+02,2.036749616714295428e+02,1.525979534136021698e+02,1.669189776212077447e+02,1.876191791876519517e+02,1.999556419222556656e+02,2.133033154009997929e+02,1.848202152980516360e+02,2.343303451356585470e+02,2.644981455895104432e+02,2.095779986783181528e+02,2.015040180057601731e+02,1.871880261514738493e+02,1.878787005632327691e+02,1.904513701507369206e+02,1.845643089859097756e+02,2.039670345190650664e+02,2.054372883026221359e+02,1.880382727447925220e+02,1.899716761322853813e+02,2.139455897090008136e+02,1.891245853032362447e+02,1.698636558608180849e+02,1.593942487506265593e+02,2.030021904140513982e+02,2.052402873064731068e+02,2.100596099204949780e+02,2.018261039479476722e+02,2.063758608020335998e+02,3.360023743275927761e-14
1.145955700629170210e-61,-1.690107618888601362e-61,3.213995248797157425e-61,-2.454778708904439717e-60,7.032817853022731803e-60,-1.855891897913280667e-59,7.708189481711306507e-59,-3.348855210538127443e-58,2.063984557186652893e-57,-3.788970563193001230e-57,7.814780739959103293e-57,-4.654742803245452343e-56,3.367282673564247830e-55,-1.276787881108484125e-54,2.422843016832730185e-54,-1.495008444245220898e-53,4.041170313617994255e-53,-1.729610785859616248e-52,-2.438391618017309900e-52,-4.680084225023396671e-51,9.609499576572632652e-51,-2.406914200718292353e-50,1.752023994739630221e-49,-6.747358823561001130e-49,5.646045974528579454e-49,-1.048933452148252809e-47,2.152874616307205563e-47,-9.067866097804494515e-47,3.921608662999860803e-46,-1.753024366066907142e-45,5.038002003475955090e-45,-1.261862748249704280e-44,6.873309489591229867e-44,-1.771848703934195546e-43,9.349797134181399930e-43,-2.674310756897205757e-42,5.726523736915212420e-42,-4.323549978111983809e-41,1.223739245291699191e-40,-1.074041910353077489e-39,3.490767214208086741e-39,1.827190484362912611e-38,2.023918523583771539e-38,1.995122232149651416e-37,-1.002693754380947913e-36,-1.553149674847198597e-35,-2.946330249244950964e-34,-3.304647323698508151e-33,-2.836775625642661984e-33,1.613594633399666666e-31,-7.568297882951539975e-31,-6.701770864724498631e-31,1.846872320052249373e-29,2.220888706898827532e-29,-1.117420245754577181e-27,-2.694368762406587055e-26,8.858034904279404596e-26,-2.961279821888643867e-25,-5.388074096630788445e-24,-7.678287867132893303e-23,-9.737607125143542514e-22,-1.087869447818845707e-20,-1.351159612385025109e-19,4.705742733141342238e-19,1.384363893486479255e-16,1.671375815530886151e-15,-4.541046690655286742e-15,-4.244715566826743983e-15,-1.060834194111790147e-13,-1.014715231296981416e-13,-1.142422281363890812e-12,4.256209593968117656e-12,4.960872826539130260e-11,-1.354818364695002778e-10,1.425721861662636017e-08,-4.351066974732153434e-08,1.539947729121380605e-07,2.386534886993079704e-06,-1.119318975266772531e-05,-1.333248908094323627e-04,4.697414615014968765e-04,6.757834544815618724e-03,-1.940706587641096922e-02,9.653091510720628043e-02,-4.816177605695258990e+00,1.869544644668271260e+01,4.794220043875532156e+02,3.927081951490961842e+02,3.429171738296552689e+02,3.129366931538032759e+02,3.060627750889399294e+02,2.863733104609874545e+02,3.325117594924319064e+02,3.503132834151061843e+02,2.842757479632187483e+02,3.218173499689897312e+02,3.645421942496990368e+02,3.651809357612987696e+02,2.973365297363092168e+02,2.958252677862509472e+02,3.547656672342224056e+02,2.825713095821417937e+02,2.412588543572485094e+02,2.355759104018994776e+02,2.506885259853105197e+02,2.529370175664176088e+02,2.428428055585364689e+02,2.496936276461495936e+02,2.419337488574057602e+02,2.754225937634308821e+02,2.922301339126127004e+02,2.478541952171450191e+02,2.343455690019588644e+02,2.710045526929772564e+02,2.475926284102365003e+02,2.376773854083709523e+02,2.207717440546706200e+02,-6.824353390824777321e+00,-7.358932257943703981e+00,-8.192169969993027934e+00,-9.540903073639340093e+00,-8.620362870630358998e+00,6.652947940345121632e-04,8.845725797826761065e-04,1.083916579295882620e-03,1.114734474449942045e-03,9.236468098397703028e-04,1.113386067154021122e-03,-2.511740992915265027e-04,6.569612352289861112e-06,2.670275661072123621e-12,8.222211679456031038e-06,-2.749105521511988900e-05,-4.571356237115096924e-04,9.878283861532294579e-04,8.701979236505940143e-04,-1.007215424500114587e+00,-1.525174360288630560e+01,3.570773410115133970e+02,3.314638598240395595e+02,3.123913451090643321e+02,2.696473993888795349e+02,2.312164185126272571e+02,4.001101990625428471e+02,4.732341979948728294e+00,-1.769568986232529895e+01,-6.283574340758780741e-01,3.766601046491378497e+02,2.454244303502615310e+02,1.909043331737910876e+02,2.022876905771340716e+02,2.005212017058973686e+02,2.047692395399078862e+02,2.066346390191078797e+02,2.228142884285354910e+02,1.930842314994262665e+02,2.016338666944835154e+02,2.118781831584098256e+02,2.134996453209966205e+02,1.877026038997756245e+02,2.035141220190977833e+02,2.682741587154524723e+02,2.427818500770945604e+02,2.744994162582452759e+02,2.406665496946216649e+02,2.562082760406593138e+02,2.262354950433726799e+02,1.755638856906639376e+02,1.869958602888421240e+02,1.635396640787872116e+02,1.863501812368010917e+02,1.865340691066113550e+02,1.580235864565642316e+02,1.974008676031107257e+02,2.101204126359351676e+02,1.623813288379625703e+02,2.037135597074490079e+02,1.830137290714676510e+02,1.838699682160300313e+02,1.666534277779853710e+02,2.057671162567465615e+02,2.163301197536221991e+02,2.042246065180324024e+02,2.235770895665276328e+02,2.109108657496674368e+02,1.957163764152478507e+02,1.957373419589811476e+02,1.818507172693288112e+02,1.980313053709567725e+02,1.953196173425629638e+02,1.717397543536677631e+02,2.093277709718202289e+02,1.985041354278820052e+02,1.929693166089866168e+02,1.793618242779577372e+02,2.114169604513909348e+02,1.926490680888291820e+02,2.092459215351377679e+02,1.943420164767258029e+02,2.234684794046507363e+02,2.195133179710174147e+02,2.266348522331691413e+02,2.171000670301317541e+02,1.584058922187843166e+02,1.805345250485584074e+02,2.003059132044384114e+02,1.713079479746656659e+02,2.148524643845884725e+02,2.115166780772487130e+02,2.004289079689736468e+02,2.181623128783376160e+02,1.908411409901685261e+02,1.853006033572775948e+02,1.950393288144937856e+02,1.617010158434657114e+02,2.002558828926992192e+02,2.252974461159011526e+02,2.060419094323790432e+02,1.908943300740119469e+02,1.896827319580929156e+02,1.926169422628047414e+02,2.057679630135013724e+02,2.039111208511118605e+02,2.226257790375553327e+02,1.882996809079124887e+02,1.736708643419259772e+02,1.903749342151997723e+02,2.036837038835774933e+02,2.011378138240321505e+02,1.982781127308133193e+02,4.073799469741433156e-14
1.233473198656606958e-61,-3.864800687661709642e-61,1.222482351660372544e-60,-4.733166112780740192e-60,1.806995017021393659e-59,-5.528534977841422206e-59,2.514553927288133483e-58,-9.178653909280681596e-58,3.219625079036330386e-57,-1.238379996411181187e-56,4.691298424408558103e-56,-1.596160089853541777e-55,6.689753185783683013e-55,-2.563122167515413125e-54,9.331167592759904191e-54,-3.347178099227136883e-53,1.377085231946350948e-52,-4.799233774011274991e-52,1.693240845645094931e-51,-6.659762116280768932e-51,2.363552648230387856e-50,-1.008911908003366038e-49,3.300237081477897973e-49,-1.413313178861268427e-48,4.614278167945328864e-48,-1.925952143758647600e-47,6.381750521590371003e-47,-2.351979789541603342e-46,9.288046638588454653e-46,-3.393123750226703790e-45,1.256705682728020751e-44,-4.877999365883567319e-44,1.979015150501202273e-43,-5.798375389098650601e-43,3.024585500846684456e-42,-8.842024397616472159e-42,3.417641048095606554e-41,-1.297693834376895310e-40,5.199672160410662963e-40,-1.299717627076427079e-39,4.970194006640769334e-39,-5.689080959364367601e-38,7.179915967651233464e-38,-7.249777291674252923e-37,2.784765402806617421e-36,1.192692093928780624e-35,3.801587224714184886e-34,3.943314053271549550e-33,3.923605398520750698e-33,-1.984037191757737637e-31,9.284605423287509551e-31,8.043411649518105557e-31,-2.246540324083105723e-29,-2.741514714776848277e-29,1.364756497054216539e-27,3.288084189803224819e-26,-1.080984705876842329e-25,3.613659642364401764e-25,6.576211680496065493e-24,9.371104789135991709e-23,1.188455272781598007e-21,1.327719507356228443e-20,1.649060421578970355e-19,-5.743255072021876587e-19,-1.689585160563427919e-16,-2.039876800307091827e-15,5.542245921178844179e-15,5.180580377400296455e-15,1.294724406477540028e-13,1.238437239509682597e-13,1.394300843103236353e-12,-5.194608614270228128e-12,-6.054634320868367352e-11,1.653525509473156604e-10,-1.740061642283238347e-08,5.310379920018909922e-08,-1.879471758559389775e-07,-2.912712448741530679e-06,1.366103772936588955e-05,1.627200470866079288e-04,-5.733089468137376760e-04,-8.247785906000745446e-03,2.368588981437633537e-02,-1.178138227319268372e-01,5.878037041837803400e+00,-2.276017891814212035e+01,6.235839969823028923e+02,4.679484408873331631e+02,3.758764940551023983e+02,3.027916303410137857e+02,3.534615267742680658e+02,3.624986720822166149e+02,2.667171555760078263e+02,3.276843187371189288e+02,3.805273930196553920e+02,3.192469421324124710e+02,3.537780696468815336e+02,3.829038520299451420e+02,3.340250383648603929e+02,2.737741418756093026e+02,3.179435232895222612e+02,2.777864940049216216e+02,2.287889023525878827e+02,2.774885529531271118e+02,2.688825873145634091e+02,2.631856647860143994e+02,2.595280460048963960e+02,2.567789076200303384e+02,2.224560047227823247e+02,2.276337481713881061e+02,2.740498684117161474e+02,2.680996156962964392e+02,2.796557141972315321e+02,2.621068904591940054e+02,2.558909769960909557e+02,2.671969469611803447e+02,2.606859165057937275e+02,2.225784444476197166e+02,2.537331516693165554e+02,2.789387850305069492e+02,3.139118991469753723e+02,2.989864994755020007e+02,-7.552592267136204116e-03,-1.011210395750308973e-02,-9.985978266593953032e-03,-1.032188520371310307e-02,-1.123684445964919301e-02,-1.297058369012706915e-02,2.918901476247520808e-03,-7.634583317790380073e-05,3.173651341556626805e-11,-9.555054896256470135e-05,3.194742717151067245e-04,5.312385156979896293e-03,-1.147957976696588334e-02,-1.011259305549793916e-02,1.170487705190554273e+01,5.110163982251954167e+02,3.588167589765225785e+02,3.166706121310629669e+02,2.649915968138067228e+02,2.623497585996847761e+02,2.693898393600960617e+02,5.534100867213935544e+02,-4.340170325308161381e+01,4.584458359683139292e+02,3.487878527782410174e+02,3.470291494253787619e+02,2.607727803770398509e+02,1.949652267092968998e+02,2.595266104930395841e+02,2.202329794617494940e+02,1.841641235720456677e+02,2.051972125444210917e+02,2.093028365803831434e+02,2.002468880776468154e+02,2.259146205769542917e+02,1.971087470393819956e+02,2.109302490364656819e+02,1.817970122114303138e+02,2.238815542117747839e+02,2.700953659784253773e+02,2.642065520683298132e+02,3.081748615348511180e+02,2.736595279939533611e+02,2.543025198601337991e+02,2.663313208541519543e+02,2.029358255713765971e+02,1.601538082289803526e+02,1.822132238615972710e+02,2.161020982890240703e+02,1.803179815965274884e+02,1.861854090682793981e+02,2.144003564823507872e+02,1.949825616233185031e+02,1.949137181233664364e+02,2.215385528867001881e+02,1.876638571933708590e+02,1.901906791296635504e+02,1.994486191144843588e+02,1.767855093831648219e+02,1.732619377584649385e+02,1.445167645410893442e+02,2.095426364436983704e+02,2.289351265090070626e+02,2.325514592744641220e+02,1.879364021420020094e+02,1.689833576456360333e+02,2.048381338112960179e+02,1.897469734807799853e+02,2.176121726481353846e+02,2.197075747164635970e+02,1.997508599697521561e+02,1.858666732257665331e+02,2.317847559905301296e+02,1.869097817895982985e+02,1.984346672031364278e+02,1.802923088136213039e+02,1.761243799486937860e+02,2.339756708227515958e+02,2.084383801992818235e+02,2.226614668472076346e+02,2.186554909200738166e+02,2.229078671409920673e+02,1.666823930561775455e+02,1.861043496088954896e+02,1.811115458029284184e+02,1.944431259434264518e+02,2.404309280638132975e+02,2.078745827906207921e+02,2.182073302442433089e+02,1.916028673033605969e+02,1.659779301457388954e+02,2.024624562630854996e+02,1.737576234068670260e+02,2.146364157141740066e+02,2.073715494424944552e+02,2.294248472683189846e+02,2.103518781695878488e+02,2.116843691443866931e+02,2.109447377013579512e+02,1.727931896705758277e+02,1.844850787322991721e+02,2.055788734816730994e+02,2.016356178210305927e+02,2.117996435109948550e+02,2.021692634264053368e+02,2.104720088119454999e+02,1.862324929841618655e+02,1.888442736436209941e+02,1.888134065773654895e-14
1.253039038417766866e-63,9.496963960700612023e-63,-2.328834106834375360e-62,1.854488865472194374e-61,-5.483466311165184327e-61,1.346742264646108125e-60,-1.197564307426491214e-59,3.823254709827425980e-59,-1.045499059433444569e-58,4.446864355648594195e-58,-3.083086495223855881e-57,7.526570438605474862e-57,-3.259901694816162767e-56,5.643756465981778492e-56,-2.976580710613983723e-55,1.358502060673225076e-54,-6.604543676931169405e-54,4.382614114081128531e-54,-5.480858532668343375e-53,2.331225797030484334e-52,-9.481550217398943834e-52,2.692937073906325340e-51,-1.675607674068703884e-50,8.203310976905727382e-51,-2.308806307405961100e-49,5.411321525725712913e-49,-1.324257625648668410e-48,1.050768800614050875e-47,-5.199625253434279339e-47,2.915729174846458096e-47,-4.970648624347520484e-46,2.813018409688478685e-45,-6.332160498293959122e-45,4.298743547264735257e-45,-1.742892470926467828e-43,3.733621949572641459e-43,-1.411645231381847588e-42,8.378496127513920677e-42,-1.578001476621836843e-41,-1.741297126438841606e-40,8.644014058534280978e-40,1.720157945097208701e-38,5.772140884048008074e-39,1.884950368164314839e-37,-7.863845820355914693e-37,-7.973952145367445165e-36,-1.780986376183160819e-34,-1.965547926933983622e-33,-1.796528500970848024e-33,9.682209948520102050e-32,-4.536870927479854975e-31,-3.997480544374727992e-31,1.103600499869092885e-29,1.335326756431173183e-29,-6.687839362032865897e-28,-1.612149641784899537e-26,5.300088362624042751e-26,-1.771815264165609391e-25,-3.224017325208054752e-24,-4.594328016641043385e-23,-5.826550428422148214e-22,-6.509323219422785241e-21,-8.084735330227425515e-20,2.815706131388933592e-19,8.283414238552698946e-17,1.000076520718457739e-15,-2.717159200862039494e-15,-2.539847905008773342e-15,-6.347557262546520630e-14,-6.071602014525500565e-14,-6.835743882803480663e-13,2.546725423975417438e-12,2.968364378563857209e-11,-8.106627025881255102e-11,8.530881834898636687e-09,-2.603483836162755060e-08,9.214358327734468996e-08,1.427995716652638091e-06,-6.697504029621866115e-06,-7.977565047812163075e-05,2.810722770541956611e-04,4.043585885300798530e-03,-1.161232006089207153e-02,5.775978136696709869e-02,-2.881785231399192071e+00,1.115847807753853260e+01,1.695659637407783293e+02,4.901439737177144025e+02,4.232547788132667392e+02,3.416906449564672243e+02,3.239730666191002229e+02,3.278331210953272716e+02,2.652992310294748108e+02,2.617344290598656471e+02,3.502064968319796208e+02,4.218571919451065924e+02,3.091718720214390146e+02,3.855410846472631192e+02,3.669759105397127996e+02,3.400236761351712858e+02,3.114254364357423697e+02,3.100297102620982059e+02,2.814870844504598040e+02,2.719792576523880143e+02,2.423347884295259291e+02,2.198318923002605345e+02,3.459045365570149215e+02,2.745393193839219066e+02,2.283791791209596056e+02,2.333786114198460098e+02,2.569983626914463457e+02,2.501844776791062657e+02,2.827945979436142352e+02,2.665900062503874892e+02,2.574238447883693652e+02,2.667719891631918472e+02,2.511250970643050380e+02,2.649648078445914621e+02,3.454205280404225391e+02,3.616540438182013872e+02,3.462777689245894521e+02,3.873344966300463739e+02,3.690084157566893980e-02,4.944341348527398622e-02,4.756215188836488555e-02,4.919595912358796369e-02,5.529939865012804823e-02,6.354768201165464370e-02,-1.429706456432521498e-02,3.739494407987278076e-04,-1.879155789723982976e-10,4.680159170650316177e-04,-1.564816151244037383e-03,-2.602058084340801505e-02,5.622810179433800765e-02,4.953246750120356146e-02,-5.733162987908309560e+01,6.021668853848967728e+02,3.562185424175629009e+02,3.133714956211306912e+02,3.116868090360514429e+02,3.564900889435202203e+02,2.982985978188679042e+02,5.464729554774381768e+02,3.713035970856874428e+02,4.210057851391429722e+02,3.738506663773015362e+02,3.190651995754243444e+02,2.184017177841195689e+02,1.919231690196303646e+02,2.398883121165167438e+02,2.353867462814320106e+02,2.191785043071544976e+02,2.314400761465385017e+02,2.314105466682833878e+02,2.123206166207719718e+02,2.184849933520864624e+02,1.896970291995605749e+02,1.934779568124137086e+02,2.157934139715388824e+02,2.584257866082176633e+02,2.596866027216550492e+02,3.240086447203031526e+02,2.654507183983214418e+02,2.474949294207358719e+02,2.601381296195387449e+02,2.500784704141725001e+02,2.710726874025954203e+02,1.631752393413397044e+02,1.803754580352041330e+02,1.902765130077368951e+02,1.957585234351059285e+02,2.010938205117516588e+02,2.088257569313927888e+02,2.032703896362659179e+02,2.222864598473274214e+02,2.074415034932785318e+02,2.234134325942671921e+02,2.025259642204894703e+02,2.060594123453181226e+02,1.907808685465051326e+02,1.612645967060081205e+02,1.486278559622669775e+02,2.174803755274589321e+02,2.204208802428495062e+02,2.103335576993313509e+02,2.353946783195151795e+02,1.668152924244108988e+02,2.384028746352534824e+02,1.957435148931981530e+02,2.027132105510122528e+02,2.278871379094518659e+02,1.904443962391861191e+02,2.059428333830230144e+02,2.301320340074261424e+02,2.034099316623061497e+02,1.936936482093285861e+02,2.027065309652283531e+02,1.918391682302889194e+02,1.881669084308525726e+02,2.053587246575495726e+02,2.157631737512538166e+02,2.036247061813593007e+02,2.364387346541261934e+02,1.989875687826888964e+02,1.856368827486069506e+02,1.630598834863544084e+02,1.826719583247603680e+02,1.989789615136355678e+02,2.041416305985492556e+02,2.034961282306783801e+02,2.036080365696047920e+02,2.061884313125352435e+02,2.185546721733293793e+02,2.085158042444828368e+02,2.163153903114322247e+02,2.087387261122050575e+02,2.068930377580923050e+02,2.126649981648882886e+02,1.883717099854683568e+02,2.057358953185937480e+02,2.015341142347761263e+02,1.977390048262608104e+02,2.028598398955214179e+02,2.122422272308693323e+02,2.172430227541534578e+02,1.840611016375957831e+02,1.803039581902302473e+02,1.754297901199232115e+02,1.926083169151755499e+02,1.148184310831782813e-14
-2.039308998319813949e-62,7.819833229249790365e-62,-3.198994033785138696e-61,1.081831092166950033e-60,-4.464427649757213858e-60,1.542918010688726853e-59,-5.930880485789753112e-59,2.086015787819912437e-58,-8.815888592124663637e-58,2.933171513896055158e-57,-1.065320531053577138e-56,4.601716848722081650e-56,-1.575243768248012786e-55,5.455275145625789711e-55,-2.345753010709816749e-54,8.721507437146245428e-54,-2.983074601542109303e-53,1.093677862485571533e-52,-4.419798137416497231e-52,1.537833336060069035e-51,-5.919468334368179576e-51,2.278996032642530053e-50,-8.275553702991918559e-50,2.753237723002412829e-49,-1.187090776701235091e-48,4.572599819955633407e-48,-1.557582347130360903e-47,6.024843842216565162e-47,-2.204358967977471205e-46,8.062710809801377324e-46,-3.103519339278534544e-45,1.194855170349423210e-44,-4.330033665462612066e-44,1.615155383770711537e-43,-6.209786968898810564e-43,2.310488212235692346e-42,-8.547405982675835431e-42,2.723803520462385492e-41,-1.157517556171049693e-40,5.159905217494631705e-40,-1.994486811866610451e-39,-1.474409820822755438e-41,-2.711004654397256435e-38,1.047793531054161016e-38,-4.198500156095925926e-38,4.292630791935323923e-36,6.154031923664735991e-35,7.473659413249124907e-34,6.040780499105232514e-34,-3.573157197654405539e-32,1.676808203481366879e-31,1.520986191940265689e-31,-4.112664666340062115e-30,-4.908998092386110715e-30,2.482958385175304437e-28,5.990180167561320422e-27,-1.969362425774736657e-26,6.583601922503378816e-26,1.197773101501612723e-24,1.706926679468620970e-23,2.164711443110429207e-22,2.418386371077624009e-21,3.003690869598092206e-20,-1.046108562508061459e-19,-3.077506013863977720e-17,-3.715547002303200055e-16,1.009496024638219574e-15,9.436202266838615628e-16,2.358284278733378259e-14,2.255759663036416598e-14,2.539658432470064855e-13,-9.461753993286236656e-13,-1.102825349191173223e-11,3.011824911473259957e-11,-3.169446717445018915e-09,9.672626415598608047e-09,-3.423376190240007040e-08,-5.305379237658762533e-07,2.488298697858252533e-06,2.963874994751573602e-05,-1.044257350063598159e-04,-1.502298385876795145e-03,4.314281971152683984e-03,-2.145927619136938497e-02,1.070658921160478227e+00,-4.145667751406177715e+00,-5.679734646604200066e+01,6.422307649792069242e+02,4.545471352031760262e+02,3.615737244777054684e+02,3.337923243937407278e+02,3.032678431663910601e+02,3.044882646666382016e+02,2.676583831000380655e+02,3.195939023453901768e+02,3.509096177774029570e+02,3.151831402287684796e+02,3.787666557815072679e+02,3.853043487732207950e+02,3.733291838510214120e+02,2.942524396483440796e+02,3.033228491230688064e+02,2.930052628630226081e+02,2.679719146724948473e+02,2.466455945955464415e+02,3.436766111340850784e+02,4.733665305429171895e+02,2.558779969730234143e+02,2.264241531480562060e+02,2.462684190839522103e+02,2.297012145320211971e+02,2.644413364187978459e+02,2.824758973780316751e+02,2.965022952620573733e+02,2.748464471529302386e+02,2.519960283027442358e+02,2.783804498982444784e+02,2.808575295425685567e+02,3.308543290393261600e+02,3.427423119381567176e+02,2.872087259931539620e+02,1.246991424575615781e+02,-1.401748750479342998e-01,-1.878344349517212242e-01,-1.802045469431440838e-01,-1.864080523549253021e-01,-2.102173761742787694e-01,-2.414649977326171482e-01,5.432378690977364422e-02,-1.420875603329106989e-03,7.263916478578696200e-10,-1.778294894304440757e-03,5.945747713105812605e-03,9.886900065330204990e-02,-2.136468923003458087e-01,-1.882058510224227377e-01,3.106092778998093422e+02,4.133496045031292283e+02,3.640600010524516961e+02,3.114046511352146922e+02,3.202824336304682902e+02,3.473946921495333413e+02,3.793101993512579497e+02,4.178576980351162433e+02,4.487921526838279078e+02,3.278603810855359484e+02,2.570242997073547713e+02,2.703464831791389997e+02,1.715850228237627562e+02,1.808270631254270029e+02,2.283595618313142950e+02,2.177489690728640142e+02,2.268260063756534350e+02,2.345390530100508784e+02,2.006633637092559184e+02,2.164029481346196917e+02,2.056768049127198594e+02,2.034313701579639826e+02,1.981387387929906936e+02,2.270299348717055921e+02,2.479312605694053673e+02,2.638433224222418403e+02,3.039755310305955049e+02,2.441692741611487634e+02,2.530955374802894937e+02,3.145316394418304640e+02,2.848312757170803025e+02,2.950539016694254428e+02,1.716332302635621829e+02,1.685957716203921564e+02,1.773745990182404739e+02,1.879504023327609161e+02,1.808131673312999794e+02,2.085964804172710103e+02,2.385664080893373296e+02,2.446131871643321745e+02,2.093103953153465682e+02,2.286172954640439627e+02,2.013706865187515973e+02,2.175104202731697569e+02,2.033724115101339294e+02,1.804392527927073218e+02,2.153381302225241427e+02,2.673238702964040954e+02,2.216946045176437110e+02,1.903574300252046783e+02,2.220991562688388115e+02,1.740188364681702922e+02,2.072584303739311054e+02,1.875334664044540034e+02,1.553836417426544472e+02,2.094825938565950878e+02,2.099661491097179180e+02,1.880769010025877037e+02,2.187275654878371824e+02,2.079039497120278668e+02,1.751681744355875878e+02,1.767200954866589484e+02,2.278431251020796253e+02,1.995538711740144890e+02,2.276376055303076100e+02,1.991948048784125263e+02,1.731693891236995739e+02,2.228587032226947713e+02,2.176115076825929577e+02,2.210610730440446616e+02,1.786768775085193113e+02,1.801162539075282325e+02,1.848040513043023623e+02,1.911744027327265201e+02,2.005791298727130254e+02,2.051754496557005609e+02,1.920310128193169135e+02,1.744956475457149452e+02,2.020370087440638542e+02,2.235939648664655692e+02,2.050959394884719416e+02,2.003337992438374897e+02,1.970343985376195519e+02,1.792569396794372381e+02,2.184980744336604630e+02,2.214446469348174560e+02,2.091741658870004699e+02,1.886651389280394824e+02,1.997763857150956142e+02,1.859105067216199245e+02,1.793553047926018849e+02,2.018539380890052541e+02,1.958760835211647304e+02,1.961329596109909801e+02,1.202622943756622910e-14
-6.090202254123040709e-63,2.364355952678599146e-62,-1.103238416682684741e-61,2.694259946349774207e-61,-1.472012589152299867e-60,5.583984530837690266e-60,-1.726989112469936069e-59,6.355878246687553412e-59,-2.704333927840497064e-58,6.642796885864575599e-58,-3.207812227475558252e-57,1.621939677025894966e-56,-4.258752080552684053e-56,1.818803561788867975e-55,-6.500451910562197169e-55,2.764479280335074022e-54,-1.102216817121674975e-53,3.854329216445911456e-53,-1.521436857065801705e-52,4.324494842694052091e-52,-1.847557157428629730e-51,7.167241418867866198e-51,-2.500084857147124464e-50,7.940446615008895305e-50,-3.408103047077344608e-49,1.364520837366757084e-48,-5.436668427615311218e-48,1.748153497146693185e-47,-6.338829239769443038e-47,2.486229376979037574e-46,-8.817535307867782114e-46,4.808666583624235308e-45,-1.170632428688825283e-44,5.288490439563551215e-44,-2.458571897333220065e-43,7.154007496867829229e-43,-2.672410815664944475e-42,7.724808153115581977e-42,-3.612594124019637949e-41,1.303497994533476740e-40,-2.779035046285505922e-40,3.999100591830781024e-39,-6.860678272330826570e-39,4.689753725846700017e-38,-1.822562358851637689e-37,-5.688098046338892651e-37,-2.206483198941880480e-35,-2.216625319600743433e-34,-2.272849848568502991e-34,1.127667935369489285e-32,-5.278151687917292565e-32,-4.515255170939812288e-32,1.274922600579230113e-30,1.559746551977861604e-30,-7.747503834751035712e-29,-1.866114980172676659e-27,6.134916914029611214e-27,-2.050875474427053683e-26,-3.732370527524877079e-25,-5.318571332799205613e-24,-6.745107657761792210e-23,-7.535500017489106657e-22,-9.359279006733653205e-21,3.259597201148106738e-20,9.589277264281284585e-18,1.157736508410498368e-16,-3.145513710482749575e-16,-2.940249638867588857e-16,-7.348236486335998567e-15,-7.028777439973459036e-15,-7.913384716362336548e-14,2.948211400990719648e-13,3.436320857656895213e-12,-9.384619938045392344e-12,9.875757640326859652e-10,-3.013917656338584062e-09,1.066698278283021034e-08,1.653116275931211779e-07,-7.753351631490542767e-07,-9.235211610913862662e-06,3.253827378403769001e-05,4.681048802974310894e-04,-1.344297820367802276e-03,6.686549095216349527e-03,-3.336092688646465909e-01,1.291758897411789508e+00,1.769762606325627985e+01,3.627190129387112165e+02,6.074546776922649087e+02,4.526480296988249279e+02,4.369473588370113362e+02,3.959565066557217961e+02,2.964605945267472293e+02,3.422683472615029814e+02,3.174235101130387307e+02,2.585580203129096617e+02,3.187995606715530812e+02,3.902758051663920469e+02,4.131394194644474851e+02,3.840106718808930282e+02,2.907816115862114543e+02,2.769360607989956407e+02,2.975106731731097511e+02,2.652008465227521583e+02,2.543730778910167487e+02,3.278010800642773006e+02,3.682024565038345258e+02,2.243744803149117502e+02,2.088098625165388285e+02,2.553968163336864450e+02,2.513729258604012671e+02,2.616857505549926941e+02,2.687577892246361557e+02,2.991243967414348504e+02,2.976251662744386408e+02,2.761060312217190358e+02,2.604349922223373710e+02,3.314454251140493284e+02,3.172942200373024093e+02,3.211245974786142483e+02,2.801643344476752873e+02,-3.020582220747208524e+01,4.498549640765576729e-01,6.028104446397144489e-01,5.781723980410364838e-01,5.980800556714892524e-01,6.746860055812744505e-01,7.749404382088993515e-01,-1.743424194933622107e-01,4.560044598760306170e-03,-2.335110071840768771e-09,5.707117490240797009e-03,-1.908180744953867636e-02,-3.173022678174831634e-01,6.856612587477054488e-01,6.040128144448210223e-01,5.105659231562372042e+02,2.894515467096819634e+02,3.352768342804874351e+02,2.999776667582122514e+02,2.504542938585095726e+02,3.100824644666004701e+02,4.997340672373969710e+02,2.935090261723132699e+02,3.176052305189879235e+02,3.803359371344644728e+02,2.848610415633136768e+02,2.221405261289720841e+02,2.006898136053173971e+02,1.798536888584201563e+02,2.374663969848409693e+02,2.057714330794398734e+02,1.915535326019509910e+02,2.050416234091873662e+02,1.882373337506705866e+02,2.317388631180037919e+02,1.935698404672167499e+02,2.410771074923640356e+02,2.143074451271940006e+02,1.997541693001427632e+02,2.098389548857073521e+02,2.714312272190149429e+02,2.703353492446958057e+02,2.903232495802092217e+02,3.348580256005618594e+02,3.343285053684118679e+02,2.999792817640204134e+02,2.535109795339903656e+02,1.793625245734336886e+02,1.505958307538587633e+02,1.859454536205277577e+02,1.790216836429981129e+02,1.632573368211554623e+02,2.183645451496548446e+02,2.355405838271838661e+02,2.382605493705327717e+02,2.185730415102458153e+02,2.174273593686351944e+02,1.969768571563915884e+02,2.098178309919504159e+02,1.975863626353068128e+02,2.031684332742076435e+02,2.417025992979414184e+02,2.550340120721908761e+02,1.975270118959400634e+02,1.985658546900653505e+02,2.183868902744345633e+02,1.721968472466481899e+02,1.862431940379739785e+02,1.686511727165973866e+02,1.651775618684641529e+02,1.932505955213240725e+02,1.908621036448401185e+02,1.582052207549111813e+02,2.054528333173617511e+02,1.816547237977844418e+02,1.798388092595620265e+02,1.626252221032139857e+02,2.365510623228001350e+02,2.650866945924843208e+02,2.491810795151616844e+02,2.320750062345925926e+02,1.573910057379780483e+02,1.884877545785696213e+02,2.154299670640381521e+02,2.512805006563280870e+02,1.834231418366683783e+02,1.444563320944268412e+02,2.000787724863787673e+02,1.884771113943272383e+02,1.921037596738304956e+02,2.041518607888904171e+02,1.692890463980957065e+02,1.429759891047291660e+02,1.679968180804075359e+02,2.091271904928271965e+02,2.028195421089031640e+02,2.158818927303478290e+02,1.972890529987795674e+02,1.805715833617947794e+02,2.009950105027374718e+02,1.952449047180337516e+02,1.695847422514743528e+02,1.599142638863548598e+02,1.954611568467373388e+02,2.096021359419230237e+02,2.127893590721430996e+02,2.523098533719721956e+02,2.780400023798031839e+02,2.559839259916233800e+02,2.112136844018900060e-14
5.076185203775398164e-63,-2.129213485861069112e-62,6.823802810956241394e-62,-3.215710951077955175e-61,1.012519536248521536e-60,-3.106661309351972859e-60,1.641114923622997385e-59,-6.035653784847001329e-59,2.001278027768913503e-58,-8.933040515933952248e-58,2.984655568721694339e-57,-8.138197742395063575e-57,5.107005336430632388e-56,-1.252637386045751817e-55,5.309712218800792740e-55,-2.281315308546195698e-54,5.994045394954314766e-54,-2.838409989692511694e-53,1.075550989280352207e-52,-4.265661801701070167e-52,1.230804799216051054e-51,-6.521903607796214851e-51,2.377116210110555131e-50,-7.637053966339415079e-50,2.837273156330826007e-49,-1.046391216071310199e-48,4.340338008901658852e-48,-1.419854878862825801e-47,6.049520387151250593e-47,-1.798849867102145882e-46,9.080395033615347642e-46,-2.981620543406369358e-45,1.123679685601963562e-44,-4.565081762718265581e-44,1.263340232476632089e-43,-5.373998650011716450e-43,1.961871047788792323e-42,-9.417155520151411902e-42,2.597718547039356565e-41,-1.086552105895859418e-40,3.957180798530181195e-40,-2.138006586179295124e-39,5.339944980101000579e-39,-2.504337251596658791e-38,9.565145497142245181e-38,-3.462292513014713432e-38,6.606856949782215965e-36,5.625893503832702034e-35,6.822711381762915120e-35,-3.011045629424399827e-33,1.404843422898422119e-32,1.132816538417809177e-32,-3.335758452524951331e-31,-4.180529468403660529e-31,2.042132080496890710e-29,4.910064860586864859e-28,-1.614296698274482873e-27,5.396453660894681857e-27,9.823521685282770525e-26,1.399741648094148383e-24,1.775201529858385406e-23,1.983207551431136707e-22,2.463198342478079182e-21,-8.578689264913410605e-21,-2.523728986228818586e-18,-3.046958729525488600e-17,8.278438485569735808e-17,7.738219481633613335e-17,1.933926515338742875e-15,1.849850506881749376e-15,2.082663584302640914e-14,-7.759173526020012510e-14,-9.043791687983157027e-13,2.469866793038546947e-12,-2.599125594109454168e-10,7.932100811209474363e-10,-2.807362125772156111e-09,-4.350711084113333869e-08,2.040545687754167659e-07,2.430545153071157183e-06,-8.563500975080212414e-06,-1.231969656867524913e-04,3.537955262150297309e-04,-1.759782036288179592e-03,8.780008792680099594e-02,-3.399682063959702516e-01,-4.657703695516613784e+00,-6.632073408612311027e+01,4.438896934972731287e+02,3.234309084109787022e+02,2.931391551643314415e+02,2.742647336967443721e+02,3.575935169495422201e+02,3.613896017173148607e+02,3.012737385903798781e+02,3.192043606750088998e+02,3.293529741370925876e+02,3.821129042360178687e+02,4.105332551361264564e+02,4.097613855805010985e+02,3.291361284740470410e+02,2.878616292467656876e+02,3.159724755553314708e+02,2.508727165854892007e+02,2.386687210509405190e+02,1.992535023609516429e+02,1.803763951973502628e+02,2.255120655327205839e+02,2.049190011293773921e+02,2.469981891116358668e+02,2.788708989710034984e+02,2.298143591171248374e+02,2.631748111804956807e+02,2.833920216392605766e+02,2.762619231950503149e+02,2.902081428360739324e+02,2.402722967406108694e+02,3.047912394535532599e+02,2.944339193680603444e+02,3.000373079246607517e+02,2.651699356430349326e+02,6.871457528125342051e+00,-1.210826594447022897e+00,-1.622521702517779163e+00,-1.556166436665497699e+00,-1.609749522465035998e+00,-1.815992787663600394e+00,-2.085829967140063523e+00,4.692600040811579776e-01,-1.227381467886383068e-02,6.286197873754398978e-09,-1.536127572689786197e-02,5.136058721368351454e-02,8.540506889856307460e-01,-1.845525638603530805e+00,-1.625760710382010199e+00,3.205167529045712058e+02,2.584981616900529389e+02,2.895403930733845641e+02,3.376473169052550247e+02,2.905421060056789315e+02,3.669663355397578925e+02,4.303183301225535047e+02,2.594915106518412244e+02,3.462914858928501758e+02,3.191309900424423631e+02,2.590704809732204694e+02,2.524378536425491859e+02,2.497027974705897577e+02,2.205263746618494451e+02,2.427223592077327226e+02,2.285029586146022211e+02,1.989963542641025640e+02,1.984230896745848440e+02,2.198879387777935790e+02,2.421821541797272630e+02,1.867539995967038067e+02,2.335379522663429270e+02,2.232836826322591719e+02,1.997075604725348796e+02,2.069935284871317265e+02,3.066787270203063258e+02,2.824602231798487537e+02,3.298492652605476678e+02,3.405632137652597748e+02,2.920438229669340444e+02,2.570211040673189018e+02,2.336201356540590837e+02,1.846333351384227228e+02,1.604916028942763830e+02,1.761419857225725991e+02,2.190931437556270680e+02,1.771654335568980514e+02,2.284249096633879503e+02,1.972899784131357990e+02,1.987012042551821764e+02,2.003850037642597783e+02,2.217103552780627069e+02,2.120794091458062383e+02,1.822599111219827535e+02,1.983226601677561405e+02,1.954543741889307285e+02,2.194646707511922727e+02,2.136445924364994369e+02,1.769973558520906352e+02,2.056424138955692058e+02,2.275006951561202868e+02,1.790890068737375316e+02,2.261762008152910823e+02,1.723060610860898976e+02,1.882855546487260767e+02,2.067895949630296570e+02,1.655161426374806126e+02,1.700700761026893417e+02,1.773484907032193689e+02,1.745358108737301563e+02,1.981955157482107950e+02,1.747752692621050699e+02,2.134699316407502181e+02,2.357756460307457473e+02,2.296827593246070478e+02,2.285020249575632931e+02,1.693059124208735966e+02,1.750853594494870151e+02,2.076935064628262069e+02,2.211967162212577023e+02,1.821869672119702273e+02,1.553125087432027556e+02,1.909099879164245692e+02,1.874188899794760630e+02,1.772467084599063867e+02,1.971148455223409144e+02,1.778138153344340822e+02,1.592469829247949633e+02,1.720494720646043163e+02,1.897160445781469775e+02,2.008334871588627664e+02,2.275661536631253341e+02,2.061335533619988496e+02,1.660093364811438335e+02,1.718805481366927665e+02,1.846355880386982449e+02,1.694708644161054565e+02,1.604185766935980268e+02,1.902768961308039763e+02,2.347059384164483617e+02,2.544513408272238166e+02,3.154460958235018211e+02,3.367345935111200106e+02,3.209588134227529963e+02,3.847037689413739788e-14
-1.160454561299717314e-63,2.970309077177404802e-63,-7.890787276650673300e-63,3.983529550391283836e-62,-1.435563138408616652e-61,5.683829054433856819e-61,-2.013421961637352482e-60,8.554733762904476095e-60,-2.995031575036259749e-59,7.764042358908856496e-59,-3.901394860780263818e-58,1.876226671475898641e-57,-5.252675729846196537e-57,2.662216380561335832e-56,-7.272336809250306787e-56,3.082319330902655859e-55,-1.055672642837158889e-54,4.648674872801539204e-54,-1.570386462133996793e-53,5.115152372729102346e-53,-2.358770942346223048e-52,5.243832091042954815e-52,-3.923493919352508847e-51,1.161998997032624327e-50,-2.743823273896423269e-50,1.188484988148621892e-49,-7.032139277605444440e-49,1.753141831839118845e-48,-8.404905337179699844e-48,1.518826067810999985e-47,-1.072567473882168317e-46,4.282055073826804381e-46,-1.400267551995613261e-45,8.720168714892975116e-45,-1.508755244284119434e-44,1.295786365900713228e-43,-3.686920779257749063e-43,9.192387325352940237e-43,-4.317170377418637976e-42,1.155104651067500478e-41,-4.619171696653319505e-41,3.795258413364558976e-40,-5.734985652451845681e-40,4.205075730980486753e-39,-2.076970254445783116e-38,-3.199341272646001983e-38,-1.292723813401061699e-36,-1.167615553820115187e-35,-1.284624163235593189e-35,6.088372716826588954e-34,-2.847729477642595350e-33,-2.338558818276209062e-33,6.828229348677563597e-32,8.456210882849446129e-32,-4.165747815406976442e-30,-1.002596684534670948e-28,3.296086332704365098e-28,-1.101821912771684402e-27,-2.005560361971752692e-26,-2.857730291093451160e-25,-3.624261092098025610e-24,-4.048937515756430663e-23,-5.028886723855714074e-22,1.751432944273186544e-21,5.152467790373159337e-19,6.220698305481947981e-18,-1.690133435101132645e-17,-1.579841842522281944e-17,-3.948321740665176206e-16,-3.776671416072690924e-16,-4.251984673682117993e-15,1.584119835201476872e-14,1.846388634557220094e-13,-5.042502231915728777e-13,5.306398158628177172e-11,-1.619424826322377782e-10,5.731535731968661365e-10,8.882450827756440346e-09,-4.165996404469101895e-08,-4.962222815898040181e-07,1.748332050887879269e-06,2.515200317123377906e-05,-7.223121241442802699e-05,3.592786811807048715e-04,-1.792534481397216328e-02,6.940821438033051294e-02,9.509209700684633226e-01,1.354010064090898169e+01,-4.936809593931822349e+01,-3.584992455080816853e+01,-3.209063636766305194e+01,-3.020973577260106069e+01,3.324830140853948706e+02,3.557179743274234625e+02,3.332176582631058750e+02,3.304851852739910782e+02,3.631767013807324247e+02,3.557213230463539162e+02,3.552529386173488888e+02,3.719587109672875158e+02,3.499038293675645264e+02,3.338361901282123654e+02,3.264786461000398958e+02,2.827240408754828422e+02,2.545825468782852852e+02,2.728846203423241832e+02,2.066935964130522052e+02,2.334251376724701856e+02,2.235736850171419690e+02,2.261408092562266177e+02,2.345967709973025137e+02,2.548369712341383888e+02,2.903961444935568466e+02,2.815879508460424177e+02,2.502951119111922083e+02,2.721067681920004588e+02,2.753261855780548331e+02,2.757732760558350833e+02,3.055496573108879943e+02,3.263505667578947964e+02,2.820187311551657103e+02,7.906707740762832781e-01,2.469747515497383361e+00,3.309490593291903870e+00,3.174136523610820770e+00,3.283430982341921212e+00,3.704119731806061910e+00,4.254510701199685663e+00,-9.571593525407667835e-01,2.503515409223701013e-02,-1.282228936836984939e-08,3.133271235789666931e-02,-1.047612538377369756e-01,-1.742024884702029874e+00,3.764356880996666099e+00,3.316097803773287556e+00,3.126808423515118989e+02,3.030587632487448673e+02,3.322199348419582634e+02,3.836453780911685385e+02,4.073212403365433261e+02,4.296449152727122964e+02,2.627964283762536866e+02,2.818351402148334159e+02,2.978132468537642126e+02,2.304569576082063236e+02,2.054993833832937469e+02,2.799265976970132215e+02,2.506219997481868802e+02,2.625831753268921034e+02,2.552621392743602371e+02,2.355945601313801774e+02,2.217990309827450517e+02,2.071465118796155025e+02,2.193509413962659949e+02,2.336081273069507631e+02,2.018009410625609519e+02,1.844355696316974900e+02,2.421522367991277633e+02,2.098337416906160513e+02,2.242762002950855447e+02,3.191796997946768215e+02,2.836148511298900985e+02,3.036847271601986336e+02,2.290237001588682801e+02,2.760128704708947112e+02,2.592359513325066018e+02,2.357919410422685189e+02,1.811688872326037085e+02,2.013678984091890811e+02,1.697622645237855465e+02,2.526857635539046214e+02,1.878819322143399688e+02,2.187700646004724092e+02,1.934158968740449609e+02,1.762148714468232811e+02,1.871145307619675009e+02,2.274734915197568341e+02,2.135013920106169678e+02,1.650254624053141868e+02,2.028131357507663211e+02,2.026419399713415714e+02,2.224385928170739533e+02,2.238865145257424842e+02,2.090002960128293239e+02,2.283415384228424614e+02,1.895167652029103067e+02,1.952408027330583025e+02,2.219865221202305463e+02,1.928730004377007674e+02,1.803687449196188766e+02,2.160658213762744424e+02,1.992814753175053397e+02,1.986595951956359158e+02,1.663779042490997142e+02,1.776868244774658478e+02,1.943626698740448546e+02,1.454721830907677429e+02,1.886691208518268752e+02,1.513955341919437103e+02,2.058681664284284523e+02,1.638656922712480650e+02,1.886349964980314553e+02,2.065643451670264312e+02,1.937313114177196383e+02,1.658255170240829273e+02,2.024422998418899340e+02,2.141839268711316322e+02,1.785947967515710104e+02,1.835609941612428031e+02,1.939505063848894792e+02,1.915521878158645563e+02,1.726030197651473941e+02,1.861997937276670427e+02,2.058529424160527697e+02,2.071339994247244078e+02,1.875739330400365077e+02,2.235986828743442345e+02,2.011039430883295438e+02,1.757858952061086768e+02,1.950064863100798220e+02,2.005378163226326365e+02,2.114483660348739988e+02,1.728196052101010594e+02,1.662039378811129495e+02,2.164102634492796255e+02,2.908084041708489735e+02,3.616166174805469495e+02,3.124028943278895554e+02,3.111737110488870144e+02,4.547588270790757840e-14
-2.830454294598560042e-64,-1.356348077559625683e-64,1.124693523121054627e-63,-4.989850812892630682e-63,1.210966129619253936e-63,-8.766882948504809279e-62,2.534458569685879100e-61,-5.444666623962813482e-61,2.935662555687925548e-60,-1.535983452299280429e-59,-1.392870252049562272e-60,-2.404354495813575910e-58,-7.656208538380950207e-60,-2.457113564235625492e-57,5.096641367506422291e-57,-2.685081279457331236e-56,-3.533663826913214403e-56,-2.651236339569251399e-55,4.149470993958572597e-54,2.712973940997910595e-54,4.233975123299904333e-53,-3.732435199740454080e-53,-2.485329436046217939e-53,-1.371913261834983409e-51,2.839747048120698016e-51,-3.479364690672042078e-50,-1.851850049746440713e-50,-3.100884233261382574e-49,1.491402968278955885e-48,-1.486011154576307101e-48,2.219977909659460203e-47,-4.161789772846309248e-49,2.497350609043739898e-46,-7.193591779624502550e-46,1.401563490087679563e-45,-1.777778514873485161e-45,1.411732264600219193e-44,-1.625913762204989645e-43,4.008306816929547480e-43,-8.689984980818487558e-43,1.604618206110551235e-43,-3.896453802845136565e-41,4.484870329112254179e-41,-6.527020132418564650e-40,-2.292816378471657473e-40,1.822470066062105130e-39,1.014446333606192983e-37,9.815228732595405216e-37,1.221119981636220830e-36,-5.293052062897344835e-35,2.417696266884018721e-34,2.000015418309208375e-34,-5.838612865046301665e-33,-7.227525708749088901e-33,3.590708531093589838e-31,8.629917068870501822e-30,-2.835236895741530825e-29,9.478788564894253514e-29,1.725780103994851138e-27,2.459129345565662862e-26,3.118701491131323319e-25,3.484155023037445986e-24,4.327403720426659038e-23,-1.507124137217107668e-22,-4.433745845849455277e-20,-5.352968045383634110e-19,1.454375349041150467e-18,1.359468441052994917e-18,3.397567141668470301e-17,3.249860440615519531e-17,3.658871867228100246e-16,-1.363149671925676654e-15,-1.588834384311610849e-14,4.339119503950376036e-14,-4.566204369420071194e-12,1.393529941933669892e-11,-4.932039157459366180e-11,-7.643430547224708037e-10,3.584878182337085797e-09,4.270038324891685574e-08,-1.504455793074005162e-07,-2.164352981991759103e-06,6.215562192709115982e-06,-3.091626061296404355e-05,1.542492390655082627e-03,-5.972640618169450938e-03,-8.182762315967978539e-02,-1.165138100497104867e+00,4.248170013899859931e+00,3.084918945719813177e+00,2.761428743608805192e+00,2.599575519273645163e+00,-1.015819303351551639e+01,3.379413318988252968e+02,2.932482731669758778e+02,3.128696846927373940e+02,3.696872740336839342e+02,4.135741882448299407e+02,3.486642305716097212e+02,3.302241804885829310e+02,3.675346438397122029e+02,3.763570255232060617e+02,3.843982900489390317e+02,3.460391923669255902e+02,2.968446638537682816e+02,2.918672776619239357e+02,2.355536797782672238e+02,2.263917307033434270e+02,2.446714538462473740e+02,2.344050116607313896e+02,2.297696211791686096e+02,2.805812894069294998e+02,2.618542201305388062e+02,2.662744796686056361e+02,2.925119495389309350e+02,2.941065344647969937e+02,2.836176593169849411e+02,3.009511705396035381e+02,3.212543439572812645e+02,3.069822190200519003e+02,2.654790244677514579e+02,-1.855481684988444346e+00,-2.023590922509910683e+00,-2.711635552787586612e+00,-2.600732371597029413e+00,-2.690282928446758870e+00,-3.034975647520560038e+00,-3.485939109547365966e+00,7.842498109452624711e-01,-2.051258738866104311e-02,1.050597658815815917e-08,-2.567250027683807764e-02,8.583627511816900590e-02,1.427330446975925149e+00,-3.084330905209124563e+00,-2.717049223602316044e+00,3.191545703215663821e+02,3.199355699770404158e+02,3.546979958305226432e+02,3.602484854292177943e+02,3.760451747574874730e+02,4.138466625752526511e+02,3.206478546850070757e+02,2.667596409143903315e+02,2.523908323257070379e+02,2.289215149068613755e+02,2.531494156208815980e+02,2.335460196965938451e+02,2.342481735368066893e+02,2.338861064325809593e+02,2.401675012818614050e+02,1.983422397026710939e+02,1.981384949319193538e+02,1.857255172023744763e+02,2.347609302597102499e+02,2.281616709330589572e+02,2.159159340436108891e+02,1.952728376678205962e+02,2.426454129695850099e+02,1.886292338723279158e+02,2.095575508029666594e+02,2.455809760487177584e+02,2.884123968406171343e+02,2.558299759468533807e+02,2.222525616025849899e+02,2.915627229415062516e+02,2.863331285548401866e+02,1.990518043874158707e+02,1.823077886137967596e+02,2.023888885372332709e+02,1.913600723731310325e+02,2.130545409478639272e+02,1.714743306629269455e+02,1.855186850382500836e+02,2.047228850730464558e+02,1.863659216550721851e+02,2.020371803845550289e+02,2.112684473714540445e+02,1.865831115236001096e+02,1.530204442031927670e+02,2.123054822900308807e+02,2.667268582526434670e+02,2.422541884423797569e+02,2.099427768559228014e+02,2.110641467261684738e+02,2.533456824167151638e+02,1.976556059440045203e+02,1.883521991504813400e+02,1.844861070963150951e+02,2.014021012493015235e+02,1.930422975415993392e+02,2.104031430745597220e+02,1.949187201708484736e+02,2.112857078361483900e+02,1.761515031214956082e+02,1.616042823237988557e+02,1.859931821133933454e+02,1.610797467248316934e+02,1.943075987317978957e+02,1.873924160670732704e+02,2.307730493123330007e+02,2.187212461847108500e+02,2.024657948368742666e+02,1.926937856403871479e+02,1.971898750651287742e+02,1.667180010825728118e+02,1.683034361674296804e+02,1.844472764913759306e+02,1.822154804384510101e+02,1.829589289258735789e+02,2.079877969129983342e+02,2.174463251843800435e+02,1.978618529061538709e+02,2.376239864869369569e+02,2.075572471966141848e+02,2.198101665257599677e+02,2.088110257176454354e+02,1.881951142228439835e+02,2.067082401531787639e+02,2.040213495116050808e+02,1.955051265736018138e+02,1.924307266092313569e+02,1.759150834894188336e+02,1.772986104093184849e+02,1.900479768142259616e+02,2.530159444970087463e+02,3.067785635809028122e+02,2.912017465800740297e+02,2.962714089758825935e+02,3.155201131019463219e+02,3.106733951114839980e-14
3.110910215809052203e-66,-1.427971207161851347e-64,8.660010106721451566e-64,-3.544352763997750846e-63,6.911397384676754278e-63,-1.502347400976289758e-62,1.750296239679645779e-61,-3.532819025542649893e-61,2.477839311135494738e-60,-6.475738087172117282e-60,3.272074210885805509e-59,-7.361186814271852726e-59,2.299893525449242445e-58,-1.519675795101553948e-57,4.738527902290864115e-57,-1.361101522734401818e-56,5.098000653599117042e-56,-2.667774226509783456e-55,9.727975840851195283e-55,-2.089946784886722024e-54,1.731768729269702424e-53,-3.859181218548283385e-53,2.432488916659103210e-52,-6.401125229714248967e-52,1.273152485340025267e-51,-6.968654821248908047e-51,2.672675264544118067e-50,-1.371900139074257748e-49,3.389489203429465548e-49,-2.485496140048061029e-48,6.085677281367968698e-48,-2.057428592457955925e-47,1.261600933191532400e-46,-3.301148400507228682e-46,1.674627158463827091e-45,-3.828540327215853934e-45,1.961694791228513677e-44,-7.192423554729536444e-44,1.776962433279456249e-43,-9.331334152726988195e-43,3.654821129595651037e-43,-2.334193403577358128e-41,4.318329102645887068e-41,-2.333346132769756923e-40,3.728630313790093839e-40,1.050656338561264023e-40,6.097772503646539505e-38,6.631809830169985876e-37,7.808226426994186315e-37,-3.435520214694824264e-35,1.605289698896795063e-34,1.306084666419873909e-34,-3.830348960784304172e-33,-4.806252321953172798e-33,2.345029059163183737e-31,5.642259505800506945e-30,-1.854006166297970673e-29,6.200249392188349516e-29,1.128446571126025209e-27,1.607970548972415483e-26,2.039255254582391692e-25,2.278206769978479822e-24,2.829591690272468531e-23,-9.854738622567424358e-23,-2.899126163587942381e-20,-3.500184780849160469e-19,9.509831593329540967e-19,8.889256662261751587e-19,2.221592336456966852e-17,2.125010280847726868e-17,2.392453599578975466e-16,-8.913327510894700872e-16,-1.038902882600448749e-14,2.837252138951334731e-14,-2.985737802330722438e-12,9.111977235084480075e-12,-3.224948899261032462e-11,-4.997866428674438362e-10,2.344070794855113606e-09,2.792081521664540145e-08,-9.837296296673838096e-08,-1.415221482240005322e-06,4.064215593533448758e-06,-2.021544384579976273e-05,1.008600900873869114e-03,-3.905374668022054858e-03,-5.350523278767293361e-02,-7.618574619383919888e-01,2.777782327512672733e+00,2.017158753343505140e+00,1.805635823798007467e+00,1.699803659657158850e+00,-6.642212763527811425e+00,2.210017243889875260e+01,1.861036502589458408e+01,3.758108550646264803e+02,4.525160123046170497e+02,4.637462832547266203e+02,4.343621430700069368e+02,3.856461476583119747e+02,3.696330562436965579e+02,3.681349150559033205e+02,3.472160758703361125e+02,3.225007664950962294e+02,3.276492521215412239e+02,3.020621133112549614e+02,2.532861819657280762e+02,2.456848088315876169e+02,2.540091687610324414e+02,2.632668126456720188e+02,2.516128654968806302e+02,2.600060747478321446e+02,2.640476745131130656e+02,2.812849928569003737e+02,3.086265945672461157e+02,2.939175783350206075e+02,2.905195061512488905e+02,2.989146723241805148e+02,2.866550653378879474e+02,2.693161616177175119e+02,2.329503818311268901e+02,-1.181655769645649734e+01,-1.206661543057951924e+01,-1.616940611032036301e+01,-1.550809317699172318e+01,-1.604208061207257785e+01,-1.809747406336208897e+01,-2.078655636071588120e+01,4.676459450297796749e+00,-1.223159786652210368e-01,6.264685265640521543e-08,-1.530843933359496700e-01,5.118392817600946332e-01,8.511131101725087689e+00,-1.839177798732972491e+01,-1.620168770372336908e+01,3.389454506872899628e+02,3.310041305552611561e+02,3.098341904165686174e+02,3.224222965665031779e+02,3.423982989811708535e+02,3.356213180884802227e+02,2.902609169003528109e+02,2.388502432780854576e+02,2.243893904965736965e+02,2.433560153836300515e+02,2.380857022654783464e+02,2.496832370896738951e+02,2.217002134363523282e+02,2.544772621890743665e+02,2.473961355766776364e+02,1.977925258741325933e+02,2.162087234830288764e+02,1.958878902379824751e+02,2.460480985031615262e+02,2.142529293795471119e+02,2.250375529496008653e+02,1.884482398455841405e+02,1.795424764026746516e+02,2.571439245951206658e+02,2.089479804107183156e+02,2.768541272001679090e+02,3.058840395880654341e+02,2.754680382701899362e+02,3.090752211997284462e+02,2.628038338194029961e+02,2.809966664497102329e+02,2.367344417314317297e+02,1.843312105511326990e+02,1.980714307172500526e+02,2.114917884996711734e+02,1.832948061004620115e+02,1.809626858648751409e+02,2.189226770065235428e+02,1.931330330873012713e+02,1.904713702913929865e+02,1.938964813427520255e+02,1.627457753426490115e+02,2.157033851380985539e+02,2.019806392228740606e+02,2.213440392305948876e+02,2.194830255365503433e+02,2.268748054175779032e+02,2.105707586530564583e+02,2.105116622592944111e+02,2.186657205459681279e+02,1.904381509120286466e+02,1.812010721708434176e+02,2.405239107537061045e+02,2.125511086480935887e+02,1.703799448907130056e+02,2.247621378529012190e+02,2.106065641311104173e+02,2.020569965500306182e+02,1.886606340138617099e+02,1.850388188988871434e+02,1.939683792587995583e+02,1.934085315012419528e+02,2.546875577396378105e+02,1.880237484598664821e+02,1.751123841429658796e+02,2.347307798519314304e+02,2.061888444321077145e+02,1.783343357247738368e+02,1.657343327475371382e+02,1.749766608354362916e+02,1.931924104947921421e+02,2.151127051654124216e+02,1.866734454626349589e+02,1.918762198818579350e+02,2.164121890418580847e+02,2.267359642520771956e+02,2.074200046319902810e+02,2.138748640763608648e+02,2.086893384799599289e+02,2.081648746446939242e+02,2.160123940474988160e+02,1.961593724004303567e+02,2.379961639477222661e+02,1.961740762702445409e+02,1.735692104255511481e+02,1.857311819598135116e+02,1.939534500018575613e+02,2.063000311261322679e+02,2.319639421290981716e+02,2.518535053112867956e+02,2.678414327807405471e+02,2.667474473620589492e+02,2.610779145534315262e+02,2.837044499959096129e+02,6.226509343056590120e-14
-2.259489345496146679e-65,1.059671722425135571e-64,-4.674460332433563845e-64,1.565003511054066178e-63,-4.434701823329256634e-63,3.232101673392749894e-62,-4.907473450121754619e-62,2.693407409778934041e-61,-1.355239618032357512e-60,5.191727009309626416e-60,-1.736487980047213090e-59,4.590989712288852806e-59,-1.853326929795317367e-58,9.076256957703033154e-58,-3.908162426774550539e-57,9.218900093476360233e-57,-5.153691553626854064e-56,1.819935253847310487e-55,-7.054314587852663217e-55,1.732944393939742293e-54,-1.044995139176806004e-53,2.912678040100372216e-53,-1.284879043209917567e-52,4.327855337506751039e-52,-1.887157505486444180e-51,8.195129847202058017e-51,-2.710346504830824217e-50,7.336579739932338848e-50,-3.711822155229136382e-49,1.427065557364122766e-48,-4.773126660104123842e-48,1.817861190739007599e-47,-5.641635953953862945e-47,2.925876546200999366e-46,-8.197163196539122105e-46,3.584976919056200925e-45,-1.136350543882097709e-44,3.881465208976971271e-44,-1.953052403301746025e-43,6.528983698221809623e-43,-1.785003280780219116e-42,1.397004855279321786e-41,-2.652884754019485347e-41,1.792276333749876128e-40,-7.138786586095542068e-40,-6.057557893643561182e-40,-5.286266182552311121e-38,-4.818985236264038181e-37,-5.465117148261867693e-37,2.546555629117551921e-35,-1.185734398878855927e-34,-9.908146860140948248e-35,2.838122839371676236e-33,3.511927632019421336e-33,-1.733099951059480345e-31,-4.171713340627101709e-30,1.371337363210151219e-29,-4.584875628883641976e-29,-8.345113659521313077e-28,-1.189096653244834774e-26,-1.508046972090137704e-25,-1.684754451426810636e-24,-2.092509530144703968e-23,7.287673477153748207e-23,2.143930873369987537e-20,2.588419320764230721e-19,-7.032609245192621703e-19,-6.573688295933226258e-19,-1.642888270578764270e-17,-1.571464934097505011e-17,-1.769241769471123251e-16,6.591488909554382281e-16,7.682783797371599755e-15,-2.098174442646779564e-14,2.207980976084635535e-12,-6.738392223762186413e-12,2.384879815235701850e-11,3.695968878086044251e-10,-1.733462234203869946e-09,-2.064770348773724308e-08,7.274772440532040799e-08,1.046569496917507523e-06,-3.005525370030276538e-06,1.494950943098241622e-05,-7.458697812777970388e-04,2.888061022870135833e-03,3.956761910680713784e-02,5.634007048858633571e-01,-2.054195961221272348e+00,-1.491707727858836874e+00,-1.335284546936980954e+00,-1.257020673633377994e+00,4.911978342316285051e+00,-1.617410644675224773e+01,-1.361525278346744194e+01,6.896401671893706009e+01,8.310383908349045612e+01,4.995830927910462265e+02,4.464563647435740563e+02,3.439475957612804677e+02,3.703175473427097018e+02,3.638337979058578640e+02,2.916820848903468573e+02,2.569026284787208283e+02,2.964513305319520100e+02,2.952804901037821992e+02,2.930974016471288905e+02,2.646425480863826465e+02,2.526294115284418638e+02,2.566291374738485160e+02,2.654695825219820904e+02,2.552487125198196338e+02,2.458284855276622807e+02,2.795215041569655909e+02,2.933070023775084678e+02,2.846759514585189663e+02,3.005311222360566035e+02,3.040503465044715767e+02,2.786836165496667377e+02,2.459643762202228743e+02,2.452806341440636402e+02,2.069038728189699157e+02,2.082431307308485202e+02,2.723336554063978951e+02,2.592613568224291498e+02,2.678285696868484820e+02,3.027665456262829480e+02,3.494452408735060658e+02,-3.358502773015285925e+01,8.784392506708920134e-01,-4.499122356652878318e-07,1.099409424990109185e+00,-3.675886993994835983e+00,-6.112457022335571821e+01,3.220686704720471312e+02,2.830282698190774227e+02,3.259341118621009628e+02,2.906634408369658331e+02,3.000082316244008780e+02,3.769834107310370541e+02,4.254975068961570628e+02,3.086619083014063563e+02,2.565880382920440184e+02,2.499124866750291858e+02,2.540340915172910456e+02,2.647167583709514815e+02,2.624161948662448935e+02,2.667025549762278160e+02,2.803215453432289905e+02,2.940752996079829700e+02,2.547909644247393999e+02,2.022110873236757413e+02,2.061139674242585329e+02,2.061916639497317476e+02,1.961680029834478773e+02,1.896964393587385587e+02,1.867013453098937248e+02,1.715716221398849655e+02,1.761067233652308346e+02,2.651912647464538964e+02,2.237742909459157374e+02,2.831385579501971961e+02,3.245927159250102250e+02,2.547625196091919690e+02,3.245307323219064983e+02,3.059699546649227955e+02,2.716206866234137465e+02,2.110790017210027258e+02,2.146382106498215023e+02,1.861895819589144594e+02,2.498560382733948302e+02,1.926915477601355917e+02,1.656632321681086921e+02,2.158763559423150014e+02,1.860750380467359264e+02,1.974871392579219957e+02,1.773482977135147109e+02,1.705729111806213041e+02,2.512867928031604663e+02,2.071590750749620611e+02,2.026781480363169123e+02,2.196651997917958568e+02,2.063525435041227922e+02,2.133438550938876972e+02,2.561044532203401332e+02,2.192223419489548348e+02,1.871503696394854614e+02,1.914073010388248690e+02,2.334555090585941741e+02,2.217914364640365648e+02,1.684201729992271908e+02,2.083382216005861949e+02,2.264265508257434192e+02,2.119344968831280767e+02,1.849019130739192178e+02,1.872165142817897561e+02,1.818449302349257266e+02,1.854862876853236457e+02,2.153556213464681264e+02,1.801283552048427055e+02,1.361534533013962971e+02,1.982224625227294155e+02,2.196452012905222944e+02,1.979988289855861012e+02,1.840583660669583992e+02,2.020113985525586031e+02,2.101639395812837279e+02,1.765710524929117753e+02,1.901892051056655646e+02,2.031830816659429217e+02,1.852019733903079555e+02,1.899035378055459944e+02,1.735655566811571759e+02,1.725212058895937730e+02,2.276953138692658172e+02,1.860282232887857390e+02,1.891258657645094559e+02,1.986426541939251820e+02,2.172790265122575306e+02,2.157988106372663992e+02,1.600939387366703386e+02,1.914950292987014393e+02,1.693612548865492897e+02,1.843127250714041736e+02,2.291075897362154592e+02,2.243386928049810649e+02,2.289239445798295662e+02,2.427763647565996337e+02,2.281274540046231039e+02,4.660574863397075518e+01,3.709755285426393654e-14
1.188360827136324491e-65,-6.504844139451000765e-65,1.667818061145672446e-64,-6.294527244558321239e-64,2.661712198890339565e-63,-1.059662570359687399e-62,4.196099681962359172e-62,-1.368318909215139234e-61,5.758616618109528824e-61,-1.474577779011323473e-60,8.164738756437129359e-60,-2.916432814677523742e-59,1.221345901351000463e-58,-3.499267511942420871e-58,1.475153149713959569e-57,-5.565621084328463283e-57,2.074501468371043893e-56,-7.683694183272777057e-56,2.611331957179705807e-55,-1.019073055173176129e-54,4.280660481407636600e-54,-1.268033297181595551e-53,4.845433958152760571e-53,-2.878665365589953318e-52,7.316404161194877870e-52,-2.745710121194131470e-51,9.539941881645199366e-51,-4.299907131898814972e-50,1.688146000679251570e-49,-5.329494151933493720e-49,1.904850428260966848e-48,-6.637427826555029150e-48,2.946652841496547070e-47,-1.071340102974456148e-46,3.616935710688877731e-46,-1.442274438845645654e-45,5.357455557411491659e-45,-2.109873368243289232e-44,7.738438489018689562e-44,-2.573474962011077989e-43,9.062006563616268421e-43,-6.024667342221334418e-42,1.544889339866476994e-41,-5.652760742317314275e-41,3.291777552127635551e-40,1.320570576235405693e-40,2.297247033766432618e-38,2.129364806694860501e-37,2.466963300066417606e-37,-1.110302063819640966e-35,5.190004721569348885e-35,4.310586568444476608e-35,-1.241744727316871487e-33,-1.543485285658035985e-33,7.577831132860188212e-32,1.823648794619493498e-30,-5.995558743356034842e-30,2.003979691997856764e-29,3.647883099710026955e-28,5.198006092423620259e-27,6.592270755843325365e-26,7.364728992840504840e-25,9.147187926894841814e-24,-3.185731398666612717e-23,-9.371971864849712651e-21,-1.131500708130132283e-19,3.074232321402816568e-19,2.873619774376134823e-19,7.181715986700077053e-18,6.869496267058545673e-18,7.734057231838031806e-17,-2.881401135128802087e-16,-3.358449398637972959e-15,9.171952354698612381e-15,-9.651960248466550270e-13,2.945618399185290114e-12,-1.042525520977269385e-11,-1.615654531314831466e-10,7.577650694439738661e-10,9.025929817511871839e-09,-3.180091457900326150e-08,-4.574970206219042459e-07,1.313834299818188124e-06,-6.535023278032703156e-06,3.260492530229896265e-04,-1.262485976544627320e-03,-1.729657505573069937e-02,-2.462847853494787576e-01,8.979704977075571026e-01,6.520845898378834216e-01,5.837058157203987019e-01,5.494935737582568036e-01,-2.147220479469815757e+00,7.070343185433157984e+00,5.951766797903603745e+00,-2.851818210716541202e+01,-3.436650901714302364e+01,1.440284310724296688e+02,1.228137356986822795e+02,5.624518341803576504e+02,5.776554569501374772e+02,2.973317816205818076e+02,3.208464049648172818e+02,3.294100467370099068e+02,3.091258933739843542e+02,3.173626073408938737e+02,3.085895748174854702e+02,2.675040310342470775e+02,2.498380782975750947e+02,2.638924315181772613e+02,2.582142037422594854e+02,2.500616006680091346e+02,2.637721903386954523e+02,2.908790329018858642e+02,2.743826328949157869e+02,2.727119887818316215e+02,2.854182692132489478e+02,3.066405286707017694e+02,3.079567074773801210e+02,2.529336531429584056e+02,2.583648066139872412e+02,2.758245147402009820e+02,2.682935950372994967e+02,3.065109531429665708e+02,2.808426901161859064e+02,2.877032628258464229e+02,3.293833300346560122e+02,3.876104099555595326e+02,2.538669017201017937e+02,-3.874798413473990344e+00,1.984564355855004797e-06,-4.849498576545321349e+00,1.621434957689211132e+01,4.479750125425308624e+02,4.376376932749790853e+02,3.800060827645120298e+02,2.955551817137273929e+02,3.028695738328227662e+02,3.192515160150869065e+02,3.633988237262560688e+02,3.804470057516798533e+02,2.797782313374058276e+02,2.478609632482600205e+02,2.558950296790962966e+02,2.532834073912545421e+02,2.662546892133566416e+02,2.729805543266090808e+02,2.832755941662163650e+02,3.077337841847993900e+02,3.170830435231492288e+02,2.979030461468211683e+02,2.305164436284163116e+02,2.118560162630231218e+02,2.095317317037458054e+02,2.094053780037674812e+02,1.951567935272491638e+02,1.890408467103287649e+02,1.882678680648674003e+02,2.057554515352854310e+02,2.465027190441342952e+02,2.625405473486386541e+02,2.479902411838512819e+02,2.498546166647691393e+02,2.236566041952213197e+02,2.633630479066373482e+02,2.936299823725731244e+02,2.155596290306995400e+02,2.533485512081518323e+02,2.528533870069817624e+02,2.332336313107776107e+02,1.960731167929744174e+02,1.909298427943716092e+02,2.007704293757641096e+02,1.819779782966789696e+02,1.747546217969283475e+02,1.817706491380527893e+02,1.921298221249815583e+02,2.149095765151259059e+02,2.456799237905462405e+02,2.471241113913767151e+02,1.834159774218911423e+02,2.089140487566570812e+02,1.875849127936402851e+02,2.230069384515503828e+02,2.425218552356870987e+02,2.302552920317243661e+02,2.149082852627380191e+02,2.069412183443631079e+02,2.074191232767587962e+02,2.041919570995209199e+02,1.618929945724373738e+02,1.674475151461271594e+02,2.107924054177519508e+02,1.973290661073457102e+02,1.673277740307762258e+02,1.694049497529305199e+02,1.882070157645047175e+02,1.948492716650212628e+02,1.985796666797128012e+02,1.951620492704647347e+02,1.868182768450799642e+02,1.676637611678864914e+02,2.165503311013670782e+02,2.196276084955463830e+02,2.140200044127188903e+02,2.181289762474102645e+02,2.281150876420553857e+02,1.870091599201104202e+02,2.118385827525598870e+02,2.095180999608914760e+02,1.890858193702927963e+02,1.487144146423705706e+02,1.734602726446026395e+02,1.819457485714758036e+02,1.943913001325684036e+02,1.772925100231709905e+02,1.820920374583631940e+02,1.940374439752355045e+02,1.914279990719077773e+02,2.211044161428882262e+02,1.878803126440328128e+02,1.966218325433716814e+02,1.928410467498541436e+02,1.832373039645178494e+02,2.081393874299066340e+02,2.187743167210103934e+02,2.067795081285578647e+02,1.988295306691581175e+02,1.975928107304659989e+02,-1.916949051184127129e+01,2.204709066856872208e-14
-4.729394780355388339e-67,1.982576516676643836e-65,-7.945604972695871558e-65,2.225995457129699121e-64,-9.243696572129422452e-64,3.524879182050065576e-63,-1.213716282177895112e-62,5.528610694629564408e-62,-1.982677778429492993e-61,8.188771529742901653e-61,-2.436859745280170535e-60,8.843481541144383900e-60,-4.163834891425985452e-59,1.366197264007687387e-58,-5.247736525007140699e-58,1.848049190180415904e-57,-6.368337282936486264e-57,2.259352400849614846e-56,-1.090869995269396588e-55,3.477606416806006782e-55,-1.440109766673137218e-54,4.641621940023841290e-54,-2.118812513004552711e-53,6.118749562296254776e-53,-2.960131285330507677e-52,1.094846992449771840e-51,-3.505885395848167170e-51,1.517600944972158869e-50,-4.384998958330040819e-50,2.359488021737093215e-49,-7.550312574862256356e-49,3.200626379162433683e-48,-1.008232400606822179e-47,3.755363923401511198e-47,-1.607552854330636187e-46,4.860911394866814926e-46,-1.839459363895748872e-45,6.204966358340193764e-45,-3.561261908136188851e-44,8.438104532071032467e-44,-3.284158089368730255e-43,2.221051178552671050e-42,-5.644766507947044031e-42,2.977824377965908847e-41,-1.160297822034750697e-40,-9.150477149443236944e-41,-7.803997107187158179e-39,-7.327448283855183403e-38,-8.304219196038218500e-38,3.874193344515370727e-36,-1.805971846027918381e-35,-1.492510948415605251e-35,4.333325956767562311e-34,5.369147186540802539e-34,-2.641668584785242876e-32,-6.357191147536095889e-31,2.089909644988197070e-30,-6.985923329012824494e-30,-1.271655731623691279e-28,-1.812023358658316099e-27,-2.298062677850484607e-26,-2.567342080652219256e-25,-3.188707040361882983e-24,1.110544822992314439e-23,3.267066472475895806e-21,3.944407951843171637e-20,-1.071676430830674461e-19,-1.001742961038095477e-19,-2.503543959547358284e-18,-2.394704264034708625e-18,-2.696089946187061982e-17,1.004455539723903634e-16,1.170754415662642309e-15,-3.197339738627630962e-15,3.364670340467488267e-13,-1.026841657761335964e-12,3.634240723502069702e-12,5.632166670867407599e-11,-2.641566675139333801e-10,-3.146436326977049149e-09,1.108578893093408629e-08,1.594833190897448532e-07,-4.580022282637877986e-07,2.278107082079740011e-06,-1.136606681900329869e-04,4.401022187420461731e-04,6.029580684531508396e-03,8.585479956884270458e-02,-3.130322361976934364e-01,-2.273164851942446330e-01,-2.034796658053028284e-01,-1.915532888986153648e-01,7.485203912755044042e-01,-2.464719435294914440e+00,-2.074784054522143428e+00,9.941429412312764669e+00,1.198015435407764073e+01,-4.355872577166543635e+01,-3.698111852200635497e+01,2.896512140608995765e+02,2.828670417727313975e+02,6.930449397551658421e+02,4.197426076004740594e+02,4.039424429659129601e+02,3.567610512785144010e+02,3.506753746974271166e+02,3.089892029537248277e+02,2.529482844838138362e+02,2.419009396889132972e+02,2.622975574002327335e+02,2.528828501028997096e+02,2.542800426513935292e+02,2.702994675489167093e+02,3.049809764182705294e+02,2.817254285132811447e+02,2.670278370680911735e+02,2.585074782559545952e+02,2.716957934562090031e+02,3.156878651541254044e+02,2.883893949401366399e+02,2.922550395914186652e+02,2.669819039311743722e+02,2.530032094375407610e+02,2.408300628641290757e+02,2.272462076711611587e+02,2.324311015948822501e+02,2.692798357300922589e+02,2.908457402324006580e+02,4.238169523446592279e+02,1.386929340641324515e+01,-7.103467758099126552e-06,1.735809491358527623e+01,-5.803697319945171529e+01,6.398460362515911584e+02,3.626761282648785709e+02,3.105027648315269175e+02,2.570042307312187972e+02,3.173772475407184288e+02,3.038893787531827684e+02,3.027889896316812042e+02,3.263384111105999636e+02,2.718482445865921591e+02,2.727527915560369252e+02,2.520516694195392802e+02,2.409532410405235510e+02,2.845519441453454306e+02,2.816064148120595405e+02,3.008621724050594253e+02,3.212072258799160522e+02,3.016351802553855919e+02,3.059047919951656809e+02,2.483396430885911741e+02,2.449212470266565447e+02,2.801927819344729187e+02,2.421343382812716243e+02,2.175360494340943944e+02,1.926280041776221879e+02,1.989779640925787021e+02,2.095978750879017980e+02,2.584052953724051918e+02,2.667772335403619195e+02,2.180596991597714407e+02,1.840695435108018216e+02,2.132924183475463167e+02,2.161077094277997332e+02,2.576542072300753716e+02,2.348570619755993505e+02,2.658647686363965477e+02,1.737587912891096664e+02,1.816930314872836618e+02,4.160479910371643086e+02,2.576524371310228503e+02,2.326173758070437714e+02,1.767758732090439651e+02,1.856829365302505437e+02,2.012363435432387746e+02,2.203159300170893857e+02,1.906287428602982743e+02,2.606314089944892771e+02,2.239180683693427341e+02,2.026938202459365925e+02,1.991604733886542249e+02,1.956169628043116404e+02,2.268618469953776753e+02,2.404352012054611407e+02,2.672645179076148452e+02,2.282506866373288403e+02,2.005048163011076667e+02,1.754301155619828307e+02,1.888941954355167354e+02,1.709450368165781242e+02,1.851447302392698759e+02,1.827063861371359508e+02,1.927161338816767113e+02,1.728824034954760975e+02,1.700240845680239943e+02,1.681762449616418564e+02,1.998744414252905415e+02,1.887502784820495947e+02,1.893007365272062259e+02,1.897382317390403159e+02,1.569572190797701978e+02,1.813509703626928342e+02,1.952025193239272483e+02,1.928204469503452572e+02,2.095500710293468103e+02,1.995250821077599710e+02,1.897163673066195315e+02,1.829406618793310031e+02,1.769136475456324149e+02,1.875219523684683622e+02,1.581330961672206854e+02,1.785945854953868661e+02,1.907981859134966385e+02,1.633788169243190396e+02,2.109028871563180303e+02,2.270693567981124374e+02,2.030613523060930277e+02,1.934225672461286933e+02,2.035416729147704302e+02,1.963503556740875524e+02,1.870109445398700814e+02,1.934310029647064937e+02,1.805076944251916586e+02,1.877856620962788270e+02,2.199007640773807566e+02,2.157159042889301759e+02,2.160399969600576924e+02,2.285977544355816917e+02,6.682478429983300217e+00,2.226132443627170708e-14
1.556900646731704532e-66,-5.791881256534179772e-66,2.195372594834359813e-65,-8.275674987852308412e-65,2.532311749671495630e-64,-9.658505131596882797e-64,3.666847547654107253e-63,-1.811163742237805740e-62,5.448056406271208055e-62,-1.992741192508348318e-61,8.370683253076999563e-61,-3.193400456759138089e-60,9.956745609008917537e-60,-4.088941947838410281e-59,1.278264670736049802e-58,-6.656927235430441396e-58,1.525143516729141298e-57,-1.044907590351013598e-56,2.857344712875192265e-56,-8.406548085234370406e-56,4.389443145212700809e-55,-1.593013036822793368e-54,4.729526893909335698e-54,-2.405304029790912420e-53,6.438732707318640581e-53,-3.178562198201799286e-52,8.410495378586659899e-52,-4.979789645482446885e-51,1.163714122660070466e-50,-5.477599150414938957e-50,2.301748843386316881e-49,-5.146324747547832617e-49,3.421113972152474277e-48,-9.873803382928293339e-48,3.377886286476902485e-47,-1.829840568729796008e-46,5.286185535365812679e-46,-1.822270300160137794e-45,9.605823811115079334e-45,-2.311318511129092281e-44,1.065991992954605809e-43,-5.393026180862052018e-43,1.658773189962533293e-42,-6.975980739667954169e-42,2.992355823756192788e-41,4.710559099839918941e-42,2.359993398017294074e-39,2.196742758607267282e-38,2.584341296100986020e-38,-1.140767595378648429e-36,5.352650123166290125e-36,4.489573619603377054e-36,-1.276427148310922466e-34,-1.589174498969995437e-34,7.800059001363376314e-33,1.877081700633899808e-31,-6.171139957603810593e-31,2.062934704791953422e-30,3.755015459119085080e-29,5.350598567571455223e-28,6.785802815833708984e-27,7.580945870519720679e-26,9.415736029117165680e-25,-3.279259663371444421e-24,-9.647119467666903376e-22,-1.164719941763381707e-20,3.164487359464648382e-20,2.957985123545144206e-20,7.392560837019235047e-19,7.071174794348925177e-19,7.961118025368637759e-18,-2.965994927801916669e-17,-3.457048641897877741e-16,9.441227681759399441e-16,-9.935327916569956150e-14,3.032097517980015470e-13,-1.073132570549130112e-12,-1.663087824166455238e-11,7.800119618047745299e-11,9.290918132759172344e-10,-3.273454368406048943e-09,-4.709284750180196954e-08,1.352406584852480925e-07,-6.726882160560138231e-07,3.356215900556978692e-05,-1.299550748674909080e-04,-1.780437761749035326e-03,-2.535153523559484715e-02,9.243336197505767904e-02,6.712288553434384020e-02,6.008425787837089194e-02,5.656259146133586074e-02,-2.210259783876863948e-01,7.277918290360838594e-01,6.126502109214276848e-01,-2.935543490918466336e+00,-3.537546028416617361e+00,1.286218798207689495e+01,1.091992682960716898e+01,-6.718148100444116722e+01,-6.525505532587332880e+01,5.555391488234657800e+02,6.318260952763700971e+02,5.897802078773747780e+02,4.953883656881027946e+02,3.735575414074758669e+02,3.122614709561531185e+02,2.906705696904618890e+02,2.675026551024535593e+02,2.724402040055162502e+02,2.710852171085497275e+02,2.789551505956215465e+02,2.915518465701777586e+02,3.128799215717110656e+02,2.981251061336158727e+02,2.737275784463578248e+02,2.572113564609846890e+02,2.559096145623511802e+02,2.990784294268246981e+02,2.610489046329651615e+02,2.815205916422226551e+02,2.693433266792919767e+02,2.476750629493709823e+02,2.333237358672119228e+02,2.516373734214356830e+02,2.957404935593476125e+02,3.241184464433937933e+02,3.510181537522989288e+02,1.429233140039024761e+02,-4.214884948765214290e+01,2.158747265374670973e-05,-5.275133407782517736e+01,2.068951108949258924e+02,4.036759333780965449e+02,2.706058728392716830e+02,2.614509076148820554e+02,2.550547978974378793e+02,2.893846035272306949e+02,2.946393984960000125e+02,2.767343943808115796e+02,3.360274292907513995e+02,3.058838198858985038e+02,2.777507485621276260e+02,2.299998736610519643e+02,2.360814153687909709e+02,2.926873370800457224e+02,2.754385032844813850e+02,3.072262810226921488e+02,2.985032919946995094e+02,2.935100748050057859e+02,2.969155273048402250e+02,2.381953984952852466e+02,2.502692782293361802e+02,3.300808249517352237e+02,2.424880660255222722e+02,2.309550049680397024e+02,1.820770481081534342e+02,1.672131744341031663e+02,2.027115383789321186e+02,2.515418249431565982e+02,2.368396030217298289e+02,2.142864342380840128e+02,2.011365088819240157e+02,2.024658152472981953e+02,1.954280975021274571e+02,2.312523297382873579e+02,2.682091650203666973e+02,2.302812499644077775e+02,5.499480173662818743e+02,7.912892829580628131e+02,2.080054284267343689e+02,3.728043053473900841e+02,2.690889917933607194e+02,1.981600523813069685e+02,2.263219894252194990e+02,2.272195826212152667e+02,2.225070948673813973e+02,1.561835456355908320e+02,2.372161518357696366e+02,1.717820757906507936e+02,2.085796600521589710e+02,2.056128172193010357e+02,1.978419997487941941e+02,2.168385549227738238e+02,2.305814497344850338e+02,2.499362577440217876e+02,2.081070365609288331e+02,1.774946760284518064e+02,1.757898909999458397e+02,1.978196478143060517e+02,1.731980673225899352e+02,1.996713701842880369e+02,1.828300479867517652e+02,1.894735020245477699e+02,1.922640456635654971e+02,1.724650348455648157e+02,1.722347475914451422e+02,2.012316827446417449e+02,1.969752242983001906e+02,2.022891231301769324e+02,1.672134650402751959e+02,1.828297219986967264e+02,1.704633231580190795e+02,1.712534773916633810e+02,1.739226942553009962e+02,2.071046874112714420e+02,1.673365796673501222e+02,1.858418225496185414e+02,1.607916192596282485e+02,1.582839032215433690e+02,2.079213280279844582e+02,1.862385143270551282e+02,2.008926559032302634e+02,2.075549472443863692e+02,1.862745815730125116e+02,2.026077841668814585e+02,2.264786477667961435e+02,2.026500608080798429e+02,1.948248353051082233e+02,1.992699722759951442e+02,1.994928795804999879e+02,1.726721850637224236e+02,1.642760884951151183e+02,1.703888041476244553e+02,1.861224318444445487e+02,2.063375619543221262e+02,2.083972292213632613e+02,2.181253149727894822e+02,1.357096140086792673e+02,-1.973227917712204071e+00,8.341307957185355552e-15
-1.227966420735921127e-67,1.823809485397073821e-66,-3.852339567486308637e-66,1.762800392533640328e-65,-8.164950549032484933e-65,2.946837787212059768e-64,-8.978177819641940288e-64,4.132011850454897922e-63,-9.552769526077072548e-63,6.127763637912206135e-62,-2.155114455331440102e-61,6.256034075474229287e-61,-2.097674510619046608e-60,1.204432921296189137e-59,-3.285345593951461093e-59,1.346049430818132254e-58,-6.101494360359492554e-58,1.887728386698741632e-57,-6.442806206993665757e-57,3.212961398596972169e-56,-1.129850690189856618e-55,3.178801610447185733e-55,-1.426130210520140014e-54,3.704893205048868598e-54,-2.766515649555540723e-53,5.752623281370171229e-53,-2.781524236909679112e-52,8.228285039364631204e-52,-4.046402771409525901e-51,1.417240391412700831e-50,-4.988986066482653111e-50,1.613256310498813663e-49,-9.188015327251314298e-49,2.027624951783556267e-48,-1.176893312628776364e-47,4.111062399201855700e-47,-1.485795554971027340e-46,4.204513748461130357e-46,-2.121651131402406756e-45,7.605582335920427144e-45,-2.195275511522193192e-44,1.631030530884796050e-43,-4.929269394051294016e-43,1.915661717677603399e-42,-7.068892127739412430e-42,-5.726675118213533445e-42,-6.020513531145965463e-40,-5.408881049246050767e-39,-6.236220699626468067e-39,2.806311850869198455e-37,-1.315495405357536266e-36,-1.104126922904028246e-36,3.137543747143033344e-35,3.893218864545097507e-35,-1.918070133161939452e-33,-4.616644866363545196e-32,1.517763406874263569e-31,-5.073326196575427001e-31,-9.234841662097529094e-30,-1.315915436725994057e-28,-1.668888080545935547e-27,-1.864442030318048528e-26,-2.315685175450822462e-25,8.064938530266764623e-25,2.372591172632930180e-22,2.864486401266658664e-21,-7.782670061044106083e-21,-7.274803042981632071e-21,-1.818110023734643675e-19,-1.739069051728359947e-19,-1.957939716218440788e-18,7.294502172515906390e-18,8.502188786062014972e-17,-2.321954604571310257e-16,2.443472520830655805e-14,-7.457073413040153334e-14,2.639238452315215713e-13,4.090161323501652762e-12,-1.918344125712689406e-11,-2.284987807272520306e-10,8.050661099989893228e-10,1.158191050805885378e-08,-3.326078771447870740e-08,1.654394484828700183e-07,-8.254202977319237183e-06,3.196086299784773639e-05,4.378769158301630288e-04,6.234900370579021280e-03,-2.273285611606591997e-02,-1.650805365447109360e-02,-1.477698917365116195e-02,-1.391087834270633879e-02,5.435863910214364797e-02,-1.789915088925380648e-01,-1.506738346065178424e-01,7.219610579512485415e-01,8.700162273623202047e-01,-3.163297996379771604e+00,-2.685622594604020197e+00,1.652246449447857302e+01,1.604868363404656506e+01,-9.158180229269389372e+01,4.978132666645620361e+02,4.966262659540945492e+02,3.886940647034234075e+02,5.149560409299426738e+02,4.009518617904095095e+02,3.163746960241285251e+02,2.899254228061452068e+02,3.012671793064038752e+02,3.068733377733178713e+02,2.814872630067215482e+02,3.101809555175645983e+02,3.045980264164556388e+02,3.056526935953232282e+02,2.714357527054902448e+02,2.560517100283689729e+02,2.999173030091531587e+02,3.405842836740536654e+02,2.654898828673635762e+02,2.613898463449893939e+02,2.371278551242508570e+02,2.290228790287980871e+02,2.293307254357937950e+02,2.524418033678829545e+02,3.419328958538794154e+02,3.687078190492186422e+02,4.214044301598013362e+02,6.381821032486838874e+01,1.145495120596959424e+02,-5.398694346252759318e-05,1.407454336952332596e+02,5.132668709124899351e+02,3.102186811578576453e+02,2.181115363998561634e+02,2.420190561039322574e+02,2.783568665864777358e+02,2.756299213317208796e+02,3.050419492137128827e+02,2.648885469165575728e+02,3.067263792763467904e+02,3.017075645134453907e+02,2.472930134096710049e+02,2.319500019268129165e+02,2.601545364407880356e+02,2.657181721885072534e+02,3.059750455707533092e+02,3.254910398314022473e+02,2.603510456089753689e+02,3.099839074532167160e+02,3.248681554499892741e+02,2.264353695572607705e+02,2.393087769262406539e+02,2.843735051639607718e+02,2.369303385541053331e+02,2.483125148971484464e+02,1.844486426063836575e+02,1.789268468423334468e+02,2.414075048261235850e+02,2.716276684531033538e+02,2.514600119882141769e+02,2.132268293780979889e+02,2.129210741572165659e+02,2.165890512540721033e+02,2.125791701485671865e+02,1.960300249085202040e+02,2.201687633010900527e+02,3.650460866475340822e+02,5.310381611379175411e+02,1.022631151084042017e+03,1.946513631905296791e+02,3.800030578909628503e+02,2.939648426007079252e+02,2.215578901006987280e+02,2.454085031141750619e+02,2.286205851905543511e+02,2.068810169231370537e+02,1.804204792188645285e+02,1.759824656353978867e+02,1.848401501524437549e+02,1.832591572117411545e+02,1.917901322973734466e+02,1.813465951152703326e+02,1.992603100610430999e+02,1.827182834108637906e+02,1.901493659474101321e+02,1.836443146938828477e+02,1.717735352695809183e+02,2.061933874721421773e+02,2.095252602251242990e+02,1.633536945963380447e+02,1.834014416822562339e+02,1.899827733567840085e+02,1.776738693614372835e+02,2.050358800349591775e+02,1.664090019883849152e+02,1.997714630207483424e+02,2.033825993051331125e+02,2.230656846060953171e+02,2.355186259234066597e+02,1.938524220125608792e+02,2.071772032484292652e+02,1.873166934839267412e+02,1.921605072382562298e+02,1.925454342555002540e+02,2.060362263618497991e+02,1.788538352759083807e+02,1.990682527481766613e+02,1.861365413120375081e+02,1.788204464096691879e+02,2.432962728021207397e+02,1.906641565638853990e+02,2.172788549651256744e+02,2.177816947954543707e+02,2.032133742550580280e+02,1.652727466266316583e+02,1.727261055485315069e+02,1.793176456170267272e+02,1.730800280275020668e+02,1.897136925376394458e+02,1.989351880604495761e+02,1.726419017409700132e+02,1.701713498096394517e+02,1.847443725856531671e+02,2.110304432241424024e+02,1.828558439059553677e+02,1.678820602854282527e+02,2.061677693326234362e+02,-2.152929382024951011e+01,4.852912993650531082e-01,-8.196007758364437373e-15
1.456771503080496500e-67,-1.257834132187497873e-67,8.976073843410355320e-67,-4.197123782115369781e-66,8.213138905286161431e-66,-2.457472550981207014e-65,2.025512118766488941e-64,-6.372653533500529794e-64,2.004634988868547574e-63,-1.098966452963587499e-62,3.390189295745516126e-62,-1.097236641862224410e-61,4.900944158168704068e-61,-8.394068947530142005e-61,6.951439164914162872e-60,-2.097597589681361051e-59,1.062024593772948300e-58,-1.748208222237183818e-58,1.688359473372583278e-57,-4.487664490982527554e-57,1.841283644212713402e-56,-3.459436468286152504e-56,3.283360658532214328e-55,-7.868174295074620282e-55,3.563228682263819673e-54,-1.132483241861913156e-53,5.698892053156370217e-53,-1.751981932104762120e-52,8.643667901698646919e-52,-2.436515588951697231e-51,9.320185830098193685e-51,-3.016746045292068530e-50,1.293888601833664567e-49,-4.339323598134778238e-49,1.868304147181920214e-48,-6.109031603712758443e-48,2.851248948337440557e-47,-6.996436427915957662e-47,2.999314868200861228e-46,-8.396369828677422155e-46,5.237128159023408954e-45,-1.792077940460297697e-44,7.344769218665209594e-44,-2.723799145656846960e-43,1.226278367596827669e-42,-3.327260570430835918e-43,1.035701986232305366e-40,9.478245831738060091e-40,1.104455367725326726e-39,-4.948770932440170356e-38,2.315424674468345854e-37,1.923051441214296926e-37,-5.537103605622195296e-36,-6.858828620763480102e-36,3.382483329244084107e-34,8.135367958550819606e-33,-2.674326373871126084e-32,8.940843550536848819e-32,1.627360281496753984e-30,2.318913198187710725e-29,2.940908830453437645e-28,3.285512984162263813e-27,4.080694649317775869e-26,-1.421201652846352698e-25,-4.180974552614574567e-23,-5.047791136030781058e-22,1.371460268668074935e-21,1.281964064837146548e-21,3.203869165534837112e-20,3.064583360856962899e-20,3.450276721764343156e-19,-1.285435440346397778e-18,-1.498253688730213301e-17,4.091742893177503229e-17,-4.305881474856761988e-15,1.314083706332596902e-14,-4.650859734482075318e-14,-7.207672573236926518e-13,3.380501463746237279e-12,4.026600088877328702e-11,-1.418685587622664297e-10,-2.040961519910112041e-09,5.861208114146227440e-09,-2.915370033239174721e-08,1.454553688919526205e-06,-5.632135689213227004e-06,-7.716256614521942723e-05,-1.098712662990118921e-03,4.005978507453588147e-03,2.909045295587181328e-03,2.603997523772880792e-03,2.451371678779055898e-03,-9.579066476548761186e-03,3.154184120021093218e-02,2.655170736081641572e-02,-1.272238062214798016e-01,-1.533140530232879051e-01,5.574356218800256002e-01,4.732597759905806667e-01,-2.911584770391824950e+00,-2.828095219653299797e+00,1.613852345632520624e+01,-4.257391179941857473e+01,-4.300909647101047995e+01,-3.324448764675874912e+01,5.177463777167707804e+02,3.877549726935649801e+02,3.462385018965742347e+02,3.355057510436924417e+02,2.982109192837237401e+02,3.096928072951370154e+02,2.608089721325744677e+02,2.577977337950609922e+02,2.615067591891989309e+02,2.898702631216000327e+02,2.723120090691605242e+02,2.500480160490167236e+02,2.394023612766779365e+02,2.996140377354288944e+02,2.724674227204595240e+02,2.245301920957240327e+02,2.560439075952276653e+02,2.682999018323142195e+02,2.820398652396098100e+02,2.699306582404214510e+02,3.510181617932528297e+02,4.027341621570916459e+02,4.392744228510231324e+02,4.430951331336040084e+02,5.526564552291976042e+02,9.385923462791331362e-05,4.797102306979631408e+02,3.001383023313769627e+02,2.596532405485381787e+02,2.784648593211167054e+02,2.785762058611272209e+02,2.894165363758920080e+02,2.922819222044858520e+02,5.255686636133218599e+02,4.587638982308916411e+02,3.014319018098295260e+02,2.696117743307475507e+02,2.518152142428555180e+02,2.967506176496530088e+02,2.989124445148018481e+02,2.582611557807040299e+02,3.725140564429360666e+02,3.422219623407300446e+02,2.769585080398768469e+02,2.881034128736022240e+02,3.379929965581684428e+02,2.147979695295576050e+02,2.599771197786809012e+02,2.423342314362720060e+02,2.591390030478277140e+02,2.467587880833871736e+02,1.830294836539038954e+02,2.536527728709148164e+02,2.921248006967271067e+02,3.616044352416952279e+02,3.100598982305004938e+02,1.951819839858254113e+02,1.961989121972090686e+02,2.508060390337244598e+02,2.607036270764982646e+02,1.872540514787947927e+02,2.070919935060181842e+02,5.551377410069910638e+02,1.004936796929645766e+02,-1.047997488054228512e+02,9.642930911888273613e+02,2.820203367541675448e+02,2.509717180614787253e+02,2.294704126226099561e+02,2.170333944736175056e+02,2.496851217400467817e+02,1.932576598984919656e+02,1.969044766048645840e+02,1.842196263399175393e+02,2.121249920698266749e+02,1.882414325541108155e+02,1.837233487182175509e+02,1.790034197464863155e+02,1.819088630293134372e+02,1.636762930402199459e+02,2.074437042415511598e+02,1.761379134655101097e+02,1.687845424558138916e+02,1.982430655446937635e+02,1.953102578953621276e+02,1.933419493349204004e+02,2.228820365208719352e+02,1.805775025188464440e+02,1.879071463018154873e+02,2.087703033100164873e+02,1.744855029316669572e+02,1.726128446830824146e+02,1.785771200573162218e+02,1.935181934959181831e+02,2.089034019577676133e+02,2.043464207278807123e+02,1.916727038750472047e+02,1.791586635751940833e+02,2.095761166696225928e+02,1.922901075654775411e+02,1.898143459192237970e+02,1.840470650577606762e+02,1.826788021665107919e+02,1.983065456949989880e+02,1.851106844858173019e+02,2.208963721554267750e+02,1.870083316554087389e+02,1.790056146574090974e+02,1.800246194316199535e+02,1.731258591373282059e+02,1.970581157964715544e+02,1.733855034407758637e+02,1.625228357642628509e+02,1.599651341160474658e+02,1.818370357811679980e+02,1.735380433032867700e+02,1.932518775433009353e+02,1.883082961334050651e+02,1.981088545563846424e+02,2.311360693788844287e+02,1.818665027463866579e+02,1.662211076724237273e+02,1.859977491249495358e+02,3.793887045439068295e+00,-8.551791755443410858e-02,-4.593316847118785764e-15
1.801814149178148968e-68,4.161943123479395502e-68,-3.178089444562365300e-68,1.990985849125029204e-67,1.219811845413382775e-66,-2.871368306907017769e-66,5.888798124403530801e-66,7.931637363182577670e-65,2.786273132358206185e-64,3.110261262790597308e-65,-1.371618668661692014e-64,-6.129352567195086992e-63,-1.667013869390012135e-62,1.141346181723422457e-61,5.602819595909094186e-62,8.285679625902579534e-61,-6.870746140117015233e-60,1.762355486433232559e-60,-2.320383233370214263e-59,3.349951727405321183e-58,1.122645130293141135e-57,6.027362950676734481e-57,1.164798080971619073e-56,5.475510862078577814e-56,-3.173326152584646981e-55,3.530312468726427867e-55,-3.602956277119039350e-54,9.266186197564838577e-55,-6.955087893305343357e-54,-3.254727083184554379e-52,-1.632627668133400255e-52,6.548686739590883152e-52,5.436796355468001346e-51,2.604180627458994564e-50,-6.034388937755193108e-51,9.121812803279616571e-49,3.584465043715205688e-48,1.855652689401269245e-48,-4.196838220302827035e-47,-1.542007182640139608e-46,-4.140978814896041509e-46,-1.495596320043935121e-45,-1.431645976413585995e-44,9.453245663157886690e-45,3.045346798800990733e-44,-3.288502010849937584e-43,-6.320289628443521726e-43,4.202212578214245118e-42,2.387580705360861969e-42,2.534929694887010056e-41,1.501977755611096352e-40,-1.411341851091146856e-40,-1.596328861122814059e-40,2.019444927702737808e-39,2.477528980781721857e-38,-3.132562707988378781e-38,1.267205361705792060e-36,4.084340342692500085e-36,2.754995424528752644e-36,1.780951979184227983e-35,-7.173612533128391129e-35,-2.905884072217809706e-34,1.264182404329014517e-33,9.533887220124522445e-33,-2.707379624174582421e-32,2.673157002723906047e-32,-9.988210594335416106e-32,7.081205990788990867e-32,-5.261657527420789045e-30,8.551268957453496575e-30,6.966414709911835752e-29,8.750056742761844160e-29,5.680712486583607864e-29,-1.665403619634463226e-27,-1.984995238047791966e-26,-1.506374961275107117e-26,2.190211792688821328e-25,1.691728493012200818e-24,7.374753928892957822e-24,1.994626488787455992e-24,6.704952389680925895e-24,6.561084567168638148e-24,2.920010677280670646e-22,3.249400244964879347e-23,-1.719365936859699968e-20,-2.914651564135596861e-20,8.338518928223227902e-21,-6.529045119172184913e-19,4.454680276310805824e-19,-5.821036799427352521e-19,-1.607940152294913900e-19,-1.099301696196104141e-18,3.221978597181696969e-18,4.322488184357078972e-18,1.012975494269294554e-17,3.143755641782780484e-17,-8.613055946901933417e-18,5.094467198531367905e-17,-1.166140226558610434e-16,4.745740994907597072e-16,2.969300370170727528e-15,1.259417150600472857e-14,-1.175320553253227698e-15,3.424199589950823576e-15,-2.703101842425150656e-16,5.506521913584414664e-14,1.246652478414358697e-14,4.502855337751815341e+02,4.109323811330928606e+02,3.789151062007531436e+02,3.151073167587486523e+02,2.761514107666857285e+02,2.350332058842924710e+02,2.416313553406093320e+02,2.399428368648379148e+02,2.962092386262198715e+02,2.431937339139829533e+02,1.847586984326219802e-14,1.262803890449338938e-15,3.961193936254414488e-14,3.864674265042054100e-14,2.511984588255003530e+02,2.897030699084587013e+02,2.804417273996023710e+02,2.690750310208666178e+02,3.557653721336620833e+02,3.858863011145606379e+02,4.395844916026796341e+02,4.561869920634993605e+02,5.358786392932871649e+02,5.655698466529955276e-14,5.831799219915286400e-14,3.575248583531978852e+02,2.799959555972642988e+02,2.899350897550941681e+02,3.174188720380304858e+02,3.178148265963990298e+02,3.585882140145293420e+02,8.623912177140335871e+02,7.242963480625018065e+02,3.982356362558026603e+02,3.196949186977946056e+02,2.752083074150650646e+02,3.251045846136274236e+02,2.710165527479434786e+02,2.787698030051771525e+02,2.982522252812898387e+02,2.876112708614853091e+02,2.613853523013645486e+02,2.488435928734556342e+02,2.954647228703402675e+02,2.050629625252808808e+02,2.770894801107982062e+02,2.536199184391363985e+02,3.045850201857157913e+02,2.117626978780780291e+02,2.062531455748501799e+02,2.532219397679023416e+02,2.708980709075260052e+02,4.178156003735396098e+02,3.151292298699912067e+02,2.020860418072522577e+02,2.369617866625137594e+02,2.245262893579075580e+02,2.466391986810251353e+02,2.083447346470466641e+02,2.580413792781087068e+02,4.035307555036241638e+02,1.339130203907612668e+03,2.185501566031017921e-14,3.956641539549355002e+02,2.332815939856256477e+02,2.342907347613249840e+02,2.095698563785516058e+02,1.921915513665848891e+02,2.480357193589765643e+02,1.800949444151162595e+02,1.989519020527266662e+02,2.074002011489227755e+02,2.248309192139883521e+02,2.109434815061364077e+02,2.106311228658105108e+02,1.855703344064116038e+02,1.723417197288704870e+02,1.489698500944401189e+02,2.174662192825782938e+02,1.834603240985163097e+02,1.502822593257808990e+02,1.898861088447706891e+02,1.694818068677559779e+02,2.169210930407854505e+02,2.454643998234437845e+02,2.049520070090667048e+02,1.946349233433652159e+02,1.934918473632974383e+02,1.836354081910166087e+02,1.723600784150612242e+02,1.614820716569079764e+02,1.677449707766152756e+02,1.652526198286313388e+02,1.873970317604741354e+02,1.954015982901244399e+02,1.761756568318416498e+02,1.918087761611192548e+02,1.688956450085208019e+02,1.868527655434135966e+02,1.780868724267376422e+02,1.878926919041655026e+02,2.127561491025686280e+02,1.908983372997103629e+02,2.095314295720416169e+02,1.865685354529598783e+02,1.750677273565854364e+02,1.785442606009621045e+02,1.679230139570816505e+02,2.153839089211060411e+02,1.972308597849516332e+02,1.687900710128879496e+02,1.939918219112749398e+02,2.539413267063353885e+02,2.225629573210836725e+02,2.289660958628987544e+02,2.108757676430280696e+02,2.027407980084721828e+02,2.304750327640204830e+02,2.105607785747282037e+02,2.108536649277991728e+02,1.779257403826901157e-14,5.022283526935194317e-15,3.238979262663001107e-16,1.836024954427874782e-15
2.340239251063650618e-69,3.678271577875166580e-68,-8.724047573637315466e-68,2.626265112474012157e-67,-1.865066314639110917e-66,3.599708781142243841e-66,-1.291396244037532540e-65,8.314523116586205881e-65,-2.189249231704025471e-64,7.539787175485989641e-64,-2.948919030956150359e-63,1.670105578274884118e-62,-6.579239992017421815e-62,1.765811652891559256e-61,-6.715257943586093982e-61,3.131823539931395769e-60,-6.692610377016558496e-60,5.323683438346189070e-59,-1.570929064617279848e-58,3.903112377109742017e-58,-1.884568823833048891e-57,7.481517676514577992e-57,-2.461635427329049210e-56,7.345988839419041762e-56,-5.151965903823218009e-55,1.641944146801581168e-54,-3.549513986052693855e-54,2.791096887366822373e-53,-1.025886358637464425e-52,1.628670792331671914e-52,-1.489176054907509763e-51,2.544235515333606386e-51,-2.075696915043698556e-50,2.715363273035600083e-50,-2.273424700789234733e-49,5.240657764329837138e-49,-2.545130107306336880e-48,1.189623147984962437e-47,-3.188979343843855527e-47,1.497032736216388053e-46,-4.194722175217503437e-46,3.194964433914217094e-45,-7.992275461372603097e-45,4.331260897894617241e-44,-1.240950180648706012e-43,-1.372295148162934763e-43,-1.065017916364664505e-41,-1.016966891454846836e-40,-1.193164280293922890e-40,5.366918994168087197e-39,-2.497819340752824940e-38,-2.077872205889372838e-38,5.959548056861568509e-37,7.340656894944390077e-37,-3.640473341341691500e-35,-8.758931204547924912e-34,2.879643631000150922e-33,-9.624428523929214398e-33,-1.752073585727750490e-31,-2.496584344526328099e-30,-3.166242615190655316e-29,-3.537248765178367290e-28,-4.393356380222576248e-27,1.530093106779019394e-26,4.501319051023576695e-24,5.434550792685971695e-23,-1.476540981211702923e-22,-1.380187611670863666e-22,-3.449348286438811258e-21,-3.299390444930094606e-21,-3.714635488134312762e-20,1.383924968726158047e-19,1.613049263407330723e-18,-4.405250527205397760e-18,4.635796320879523096e-16,-1.414768252858601801e-15,5.007206671261891264e-15,7.759921445222059275e-14,-3.639514078529082414e-13,-4.335116511361675295e-12,1.527384686735145609e-11,2.197339141894072457e-10,-6.310291439774441429e-10,3.138744471492197964e-09,-1.566000987020369714e-07,6.063667581010492720e-07,8.307472983977603516e-06,1.182895569824174821e-04,-4.312914912968767583e-04,-3.131935135072600102e-04,-2.803514729976099647e-04,-2.639194756278389719e-04,1.031301056212794278e-03,-3.395856394181078017e-03,-2.858608812508073738e-03,1.369716412897220223e-02,1.650609119398734753e-02,-6.001461071628667876e-02,-5.095207430045551461e-02,3.134669183379567015e-01,3.044782698020933043e-01,-1.737505040493218633e+00,4.583590719757664189e+00,4.630443553753458730e+00,3.579166645026561344e+00,-1.553393338621684094e+01,-1.155103995760278401e+01,4.837119513695291317e+01,4.343719591801249891e+01,5.826574734786611316e+02,4.435378733288096100e+02,3.420726019909500906e+02,2.806415893689178915e+02,3.296593976695262427e+02,2.774047101660348744e+02,2.442888479948149154e+02,3.184289487601648716e+01,-6.807271660563609217e+00,-8.752418390153660965e+00,-8.269137368251577414e+00,-6.565715132321078507e+00,2.491892402961935815e+01,2.714765557644089995e+02,2.544733609763642335e+02,2.969493671870381490e+02,4.483626224227717216e+02,4.280615352428083611e+02,4.900476192403618256e+02,4.619222329290987545e+02,4.571425040022836583e+02,-8.717957206716786620e-04,-1.647435954655518486e+01,3.519981248162389420e+02,2.980200218134709189e+02,2.733410847248544542e+02,3.248082989202065960e+02,2.770971106970928304e+02,5.689430231397166153e+02,1.011860744326600496e+02,3.939004366807735380e+01,4.047518191614472585e+02,2.991404597335138646e+02,2.487464034438698377e+02,3.093113440485443562e+02,3.062211632899269489e+02,2.855652664812058674e+02,2.850154033540621867e+02,2.501686080510632166e+02,2.425020980406191313e+02,3.023227687406727000e+02,2.343042046451571991e+02,2.509249912101072084e+02,2.925736787884877685e+02,2.953300044099007664e+02,2.566144606073830801e+02,2.895177387648764125e+02,2.826260130193825830e+02,2.692967540839941876e+02,2.928206680158048130e+02,4.931788038870498099e+02,2.841760166541097874e+02,2.626545298598295517e+02,2.384272119674160990e+02,2.300686145625535630e+02,2.415572834402413491e+02,2.176127719036847168e+02,2.516475120389238782e+02,2.625435962128950109e+02,5.500563593676758956e+02,3.989159902243773672e+02,2.515062241137813999e+02,1.817699131891063189e+02,2.093759746874308689e+02,2.274841402670005834e+02,1.941833417296881237e+02,1.970386339432008072e+02,2.100579478742820072e+02,2.292687790095395997e+02,2.376593446320623286e+02,1.870693572792641532e+02,2.085785509409004703e+02,1.811684484667743789e+02,2.307460829582645943e+02,1.704640093813887347e+02,1.786041203688521648e+02,1.834317940333835679e+02,1.831515415248484260e+02,2.077235947643557097e+02,2.043874593724360125e+02,1.842266228346337016e+02,1.691531587410096336e+02,1.683014601921064184e+02,2.255681165898053280e+02,2.106146255229360804e+02,2.032685843137966799e+02,1.914710782712773778e+02,1.883646115188467149e+02,1.751032309251312711e+02,1.866459787027679909e+02,1.673620291541751328e+02,1.652487555606510625e+02,1.778840883723109414e+02,1.859614284977096190e+02,1.822900461661482723e+02,1.603908827144962004e+02,1.562004013244956298e+02,1.702633968990798508e+02,1.704201160284311527e+02,1.792499535454306852e+02,2.035804872746927288e+02,2.027601927150303140e+02,1.927893756746491363e+02,1.718807125412841970e+02,1.884144588970713983e+02,2.096238822502731693e+02,2.082696177066090399e+02,2.067667743149315243e+02,1.937859230501610170e+02,2.326277056079327110e+02,3.071134384344870227e+02,3.166787450206443282e+02,2.649804179661206263e+02,2.377540965403527480e+02,2.440869893447313927e+02,2.410185136099420902e+02,1.810908279241716343e+02,2.250368824089336215e+02,-5.501499344467415398e+00,-4.084573091430337421e-01,9.207026479554375475e-03,2.625980972485732215e-15
3.731675758219015790e-69,-1.930944142767321655e-68,4.885653149990753882e-68,-2.111802739651739731e-67,7.502239418035016986e-67,-2.938663302737374718e-66,1.009799201607175818e-65,-5.320815788659448244e-65,1.282166879629958759e-64,-5.946736978504111597e-64,2.226739184074249266e-63,-4.654115564392623910e-63,4.012389465402286658e-62,-7.152082146935181172e-62,5.525522825984767450e-61,-1.380258321935228531e-60,4.691362356050184036e-60,-2.291784062273892753e-59,5.742067756506510905e-59,-3.721415006466813318e-58,9.309704720635709890e-58,-4.361735767204465994e-57,1.342935701893516628e-56,-6.824378827990033246e-56,1.463167885169271361e-55,-8.052136925116687291e-55,2.796065515463795322e-54,-1.197468922753377763e-53,4.070830666700355825e-53,-1.634605316943026035e-52,4.893977341357847882e-52,-2.281570648608326517e-51,6.393485184199628769e-51,-3.026661550358700950e-50,9.842757882661928612e-50,-4.662616172442492673e-49,1.460587330844821552e-48,-6.320910031152628103e-48,1.847752337358129835e-47,-8.005495807104256580e-47,2.333195323322287636e-46,-1.472620356233478189e-45,4.402972397920341331e-45,-1.888986485389796689e-44,8.576064445055673787e-44,5.542400857565594156e-44,6.502678695557390904e-42,5.926242794809370141e-41,6.892315407185870346e-41,-3.061870645423907937e-39,1.434498927424536949e-38,1.193709860375411423e-38,-3.430389729161552479e-37,-4.255970460719002599e-37,2.093671192143479991e-35,5.038003872893962463e-34,-1.656232996901649497e-33,5.536510137853292489e-33,1.007770711068431305e-31,1.436008678607074065e-30,1.821191610804379277e-29,2.034592777191054295e-28,2.527016917615516641e-27,-8.800952428710363806e-27,-2.589116126950987441e-24,-3.125902187720672079e-23,8.492924006146925684e-23,7.938708537911670560e-23,1.984032494209342471e-21,1.897778168653785231e-21,2.136623179752532786e-20,-7.960205458338270091e-20,-9.278106716502901496e-19,2.533858416723667326e-18,-2.666466174762700006e-16,8.137613109490088342e-16,-2.880097893552713170e-15,-4.463433382367516467e-14,2.093414056896130277e-13,2.493517993705476352e-12,-8.785372180178156490e-12,-1.263888680779843733e-10,3.629619921245523774e-10,-1.805376117752143622e-09,9.007489485117266547e-08,-3.487764211510554794e-07,-4.778379845944508980e-06,-6.803903379049628362e-05,2.480747844398765913e-04,1.801459451881467079e-04,1.612555142744771569e-04,1.518039848850034912e-04,-5.931946082295891029e-04,1.953264462607658038e-03,1.644244737656404710e-03,-7.878479189364434587e-03,-9.494147456006206409e-03,3.451983615980454972e-02,2.930715097309788755e-02,-1.803032050595065050e-01,-1.751330194821487385e-01,9.993964571094622329e-01,-2.636438007031781883e+00,-2.663387313773153409e+00,-2.058702784210924897e+00,8.934971484602208136e+00,6.644048874978251362e+00,-2.724790237366563872e+01,-2.446014367850605709e+01,1.367589369969980737e+02,1.032914810855518510e+02,6.681190618106982129e+02,5.416331288065712215e+02,4.541917692960035424e+02,3.975802279872966096e+02,3.122074897116730199e+02,-5.639070477470551879e+01,3.915478241270457183e+00,5.034308233014552769e+00,4.756329562552622292e+00,3.776537212098695750e+00,-1.344210565850193539e+01,5.507742889943222053e+01,2.287641650536500322e+02,2.604648420344701663e+02,3.431906401462707663e+02,4.192848986324722773e+02,4.605256819827731078e+02,4.577885920855561608e+02,4.321145354556214784e+02,4.947207441379440282e-03,9.513315678124943275e+00,3.912024236784063760e+02,2.759204680421058811e+02,2.742071080705408690e+02,2.637233992447194737e+02,2.935549026843278284e+02,5.531620796885082427e+02,-8.504545548547208966e+01,4.092006301642474568e+02,4.276932634705483451e+02,2.571319456666951169e+02,2.418472075000622112e+02,3.292126126631718535e+02,2.760932026453381241e+02,2.629643515325809062e+02,2.950812821989978261e+02,2.967184607682937667e+02,2.752789255088584923e+02,3.088126174334853999e+02,2.657325357073078180e+02,2.816376570158267327e+02,3.314839474129669270e+02,3.153078981145073953e+02,2.381791006889767175e+02,2.835914405898266182e+02,2.601527444012351680e+02,2.572538888452914989e+02,3.411349351562527659e+02,1.056091055831716119e+02,3.043153872539954818e+02,3.044890439526955106e+02,2.231953285091998396e+02,2.025390580053362726e+02,2.217311542159191333e+02,1.858521764986595883e+02,2.492068489584637234e+02,2.151800157874740478e+02,1.996431591529840830e+02,3.398829920788191430e+02,2.305732730437738098e+02,2.240771169795761466e+02,2.031741280384656818e+02,2.594722097530926703e+02,2.000023574923087324e+02,2.150505550535175985e+02,2.028322894574789643e+02,2.233036224167626926e+02,2.239441426730575984e+02,1.728123899511204513e+02,1.781823769302407072e+02,1.630676266942319330e+02,1.994546785572478029e+02,1.848778285776945722e+02,1.902165361062847069e+02,1.904732876215464330e+02,1.844392600067465082e+02,1.714501261339051439e+02,1.777237219287503649e+02,1.657318470189067625e+02,1.954861355063196129e+02,1.643183961701895441e+02,2.003663561780890063e+02,1.914853864217578803e+02,2.039177978864641432e+02,1.860714288578990363e+02,1.985378620955647762e+02,2.179834912022014350e+02,2.108186141436727326e+02,1.801014288892451134e+02,1.828962447064256196e+02,1.895714242717140507e+02,1.926876622441295979e+02,1.987579407962172979e+02,1.573188012178678719e+02,1.505370245722302514e+02,1.688235511368949062e+02,1.820353994621039533e+02,1.883118133243835928e+02,2.227115750684605189e+02,2.152626655189810663e+02,1.847085774156900868e+02,1.685889762627985249e+02,1.946076842143607450e+02,1.980653110373446850e+02,1.787003883988781752e+02,1.989029308448452582e+02,2.078228513169343898e+02,2.385029573495859836e+02,3.001524218186713142e+02,3.616715956839627211e+02,2.914705175111652125e+02,2.352063635618265209e+02,2.384661771966825370e+02,2.106342714252201347e+02,2.152718792096566176e+02,2.669951430836436543e+02,3.164410361704635299e+00,2.349407789471260888e-01,-5.295794504026127628e-03,1.986918301791250937e-15
-1.592507506426932974e-69,6.676998592075598702e-69,-2.190751254820109898e-68,7.763414521833880713e-68,-3.241816643886277776e-67,9.769798764846614696e-67,-5.003088757649001625e-66,1.599266698362556928e-65,-5.464635401130243274e-65,2.287797444854373566e-64,-8.402203583476936731e-64,3.199164136109765678e-63,-1.148581210969214847e-62,4.070253723732047635e-62,-1.502133554133358626e-61,6.690080730534132206e-61,-1.995890292044954310e-60,9.007043090130631237e-60,-2.620003393360702155e-59,1.350369827403092887e-58,-3.605505704283529947e-58,1.835343720681566986e-57,-7.306288011330052449e-57,2.257443910262969221e-56,-7.899380338469072007e-56,2.688671590046934276e-55,-1.210825349276954480e-54,4.712077379224968443e-54,-1.373632069564176972e-53,6.035762311697106593e-53,-2.728819052131323018e-52,6.699128291259897717e-52,-3.324227219491419593e-51,1.051997523612296429e-50,-4.676091724634102508e-50,1.623455122011739455e-49,-5.927235497412946329e-49,2.299422686907139048e-48,-1.029148172995543754e-47,2.475965209304800129e-47,-1.044950563140997856e-46,7.487624259586554184e-46,-1.307679239850881297e-45,7.984174352608236889e-45,-3.023079761089601124e-44,-1.122369119917977692e-44,-2.533566691241072660e-42,-2.329754836879653125e-41,-2.665058374921081758e-41,1.229756627238759493e-39,-5.738138021139856772e-39,-4.753449831509572127e-39,1.369958994980451356e-37,1.692373437797724394e-37,-8.370055821591268882e-36,-2.014468617164672533e-34,6.622746097237232509e-34,-2.213796526973932338e-33,-4.029678571065713012e-32,-5.742110408547996740e-31,-7.282297805863075032e-30,-8.135615072387504096e-29,-1.010464862724724629e-27,3.519190206678482863e-27,1.035296128644833227e-24,1.249937921734488707e-23,-3.396020460283974678e-23,-3.174409253478078907e-23,-7.933445452622555160e-22,-7.588544854950126100e-22,-8.543601737339345899e-21,3.183005116129751661e-20,3.709987301218353469e-19,-1.013200519868136624e-18,1.066225680573076126e-16,-3.253944174528927189e-16,1.151649462393833705e-15,1.784769422861658838e-14,-8.370823709169159952e-14,-9.970698091050562941e-13,3.512960156984625137e-12,5.053844603717915321e-11,-1.451356858518416966e-10,7.219061685680136073e-10,-3.601777025118623560e-08,1.394633768577322673e-07,1.910705394088928357e-06,2.720640741493913348e-05,-9.919634772631396018e-05,-7.203400321687995029e-05,-6.448038684332055282e-05,-6.070105393779932283e-05,2.371975803997037203e-04,-7.810414963042710147e-04,-6.574754186000550393e-04,3.150325668879617319e-03,3.796374365646741980e-03,-1.380326371700728479e-02,-1.171889495080696147e-02,7.209688588719252722e-02,7.002951121427239412e-02,-3.996233583341197715e-01,1.054218476476304733e+00,1.064994552765300195e+00,8.232025584898221560e-01,-3.572779637045726098e+00,-2.656720569166508117e+00,1.089547414008076842e+01,9.780747862976497231e+00,-5.069377609449560396e+01,-3.827149200851952315e+01,2.670939541370698862e+02,2.158933293594001839e+02,5.803353512524831785e+02,4.898080372846367254e+02,3.717480995211889194e+02,2.559746436888766823e+02,-1.565661508132887958e+00,-2.013042120226399501e+00,-1.901888264271628604e+00,-1.510103896043099470e+00,3.047988764482170598e+00,-2.185073377837177588e+01,2.708548056128076951e+02,2.470599702960578838e+02,2.359133814493302737e+02,3.195130229184227346e+02,3.964638231279771503e+02,3.754982061049471440e+02,3.852430826142554565e+02,-2.011568690949034136e-02,-3.956702229683440653e+00,1.321153540509628499e+02,3.526002012190801906e+02,3.151309735975680724e+02,2.320466196260234710e+02,2.989426608747475029e+02,3.916228022173600607e+02,2.183625588026267508e+02,4.564949364246277810e+02,3.924058242352348884e+02,2.650492787953512561e+02,2.611009467407774878e+02,2.901705686232031667e+02,2.603249614238386584e+02,2.482609761938769850e+02,2.762706826457503553e+02,2.804169836316175974e+02,2.537051973412003747e+02,3.137501559027026019e+02,2.802013757946434680e+02,2.912925048319840471e+02,3.277647123620249658e+02,2.945639461224458842e+02,2.579363723365881924e+02,2.791022574683056519e+02,3.029646450399550872e+02,2.751483336681789069e+02,3.494038669817674645e+02,-2.988961472063993341e+01,3.612680015047781126e+02,3.100413231452711216e+02,2.543361376641209404e+02,2.168043034688734281e+02,2.540764034879850897e+02,2.095711222695182698e+02,2.394908442331682750e+02,2.224817043331566140e+02,2.670014977623021650e+02,2.349198001800396014e+02,2.298453546775444352e+02,2.307894664992119260e+02,2.047676329294850746e+02,2.912657277985754263e+02,2.174513174107276257e+02,2.512544745964818844e+02,1.969333817473166164e+02,2.339831924399482546e+02,1.775045206111287257e+02,1.798938659474006556e+02,1.774418176697858485e+02,1.660448170692987446e+02,1.700363656542055821e+02,1.808758703744727541e+02,1.602985146332379429e+02,1.943214796697498912e+02,2.346154735057824894e+02,1.705982432731292704e+02,1.866861284664291247e+02,1.405178559336071658e+02,2.170914192464400685e+02,2.075496424116380183e+02,1.842399603720830896e+02,1.941956247172048506e+02,1.797298871900186725e+02,1.809859922690485519e+02,2.200152379890661223e+02,2.469101980505200231e+02,2.156749436863848359e+02,1.716800256357874446e+02,1.827198933247796333e+02,2.065575346595299209e+02,2.083177543049205269e+02,1.901111369830413196e+02,1.931753436258271392e+02,1.612771921377423041e+02,1.558508418051214619e+02,1.894349722133745502e+02,2.039874577696439246e+02,1.914821734560243556e+02,1.815551225027591613e+02,1.666790767319371582e+02,1.784626617040324845e+02,1.985271744393440940e+02,2.472556530316431349e+02,1.934438055706545754e+02,1.901624075160086420e+02,1.852352528766660384e+02,2.223975003644655999e+02,2.574016346970877294e+02,2.749524646064639910e+02,2.876119424855166358e+02,2.632904946035276907e+02,2.592162913327469482e+02,2.152491834627942069e+02,2.313787962545753487e+02,2.615881055083022488e+02,-1.265335980426856022e+00,-9.394452264127710339e-02,2.117601247877775369e-03,2.007159260080743261e-15
1.215092297537018647e-69,-2.318410599827220237e-69,7.480401590583018354e-69,-2.269501770178077816e-68,9.856980806321163288e-68,-3.508285981023949204e-67,1.300252967523269966e-66,-4.478248420865114346e-66,2.210700232664292929e-65,-5.987933122158942663e-65,2.578221235714542290e-64,-1.063879672400864930e-63,3.923067338280174066e-63,-1.310464779401744011e-62,5.412876940296158214e-62,-1.838590558293094822e-61,6.820101259274625547e-61,-2.814615217279779874e-60,9.723520865996528364e-60,-4.759326194342089968e-59,1.401513102947313746e-58,-5.378651465014625332e-58,2.056192773402692066e-57,-7.510327888599996259e-57,2.709460529473536359e-56,-1.168662209666668903e-55,3.370184408372142926e-55,-1.353955274134945728e-54,5.911033870078162776e-54,-1.973231183366343855e-53,7.091023424776512363e-53,-3.761234704305091731e-52,8.702051729684490504e-52,-3.435122326441562091e-51,1.622037544666824240e-50,-5.055956148582267394e-50,2.408408685149588333e-49,-6.457153703334714901e-49,2.501718304246935893e-48,-1.034005792172553851e-47,3.307197778530561244e-47,-2.631820860301887355e-46,4.558954515651226230e-46,-2.768489369191974072e-45,1.027218488959916367e-44,3.061845085387576335e-45,8.079577801221028431e-43,7.692125925192052805e-42,8.969014819923011252e-42,-4.027845655291534861e-40,1.882108743462555858e-39,1.574515697015347530e-39,-4.509811945975041521e-38,-5.579693316405653568e-38,2.755260323428903985e-36,6.628809334914587849e-35,-2.179253226323344000e-34,7.285044761158836580e-34,1.326008688393147968e-32,1.889465972482412509e-31,2.396276694542496265e-30,2.677066095851398677e-29,3.324986091355919694e-28,-1.158007521409042127e-27,-3.406694595846253868e-25,-4.112984335946753190e-24,1.117477813947227577e-23,1.044555525569943843e-23,2.610540598222826606e-22,2.497049300005807690e-22,2.811315628646541363e-21,-1.047384030893985835e-20,-1.220790200446957028e-19,3.333987869840795642e-19,-3.508469858873970373e-17,1.070726888946861535e-16,-3.789561159903866235e-16,-5.872874607343780962e-15,2.754462138035845804e-14,3.280908944668338196e-13,-1.155957416026028588e-12,-1.662993284310020543e-11,4.775763598030792242e-11,-2.375468983252307981e-10,1.185183058448195087e-08,-4.589113384116781634e-08,-6.287273329156747526e-07,-8.952406804905781192e-06,3.264106299897663550e-05,2.370315531734986942e-05,2.121759941160507166e-05,1.997399068718324572e-05,-7.805107085588523449e-05,2.570056788383131815e-04,2.163456321800648102e-04,-1.036630692380975226e-03,-1.249216303594850690e-03,4.542034166634992612e-03,3.856162017406700865e-03,-2.372384718000674839e-02,-2.304356702365002382e-02,1.314980996199155983e-01,-3.468959542773573657e-01,-3.504418770163816310e-01,-2.708789908951169112e-01,1.175641320344042118e+00,8.742074225161935441e-01,-3.585211209502589202e+00,-3.218404855523054664e+00,1.668104498889231024e+01,1.259342919722771015e+01,-7.486486883458823627e+01,-6.049875503801312959e+01,2.740475035709687859e+02,6.099021562334954751e+02,5.656557236398326722e+02,2.122999588834225904e+02,5.151888864198866935e-01,6.624017534112519590e-01,6.258260114816395214e-01,4.969073714461569868e-01,6.888003186535068600e+00,1.264666702344619686e+01,3.276257369709256295e+02,2.532694058744818904e+02,2.348670211676048609e+02,3.318738921604441998e+02,3.711729347477995589e+02,3.452874796995139945e+02,3.622216064286754431e+02,6.812322219362310083e-02,1.819652806978990567e+00,-2.940784999989886117e+01,1.908740251146458320e+02,3.235494377279355263e+02,2.835296082338966244e+02,3.351818545449207818e+02,3.339923000121968357e+02,3.316200525792107214e+02,2.541753484856286605e+02,3.230963111692643679e+02,2.715914872324571547e+02,2.468787752444557100e+02,2.732655484677438267e+02,2.842162690516746579e+02,2.562618252537733383e+02,2.768392568110155594e+02,2.935825961094471381e+02,2.986256564957441810e+02,2.711742461743272656e+02,2.706489543997039391e+02,2.573834204197666509e+02,2.930693392681751561e+02,2.590618491821588805e+02,2.546158459096900799e+02,2.380274583391723127e+02,3.079167265436722118e+02,2.768979039210068436e+02,3.255054071116896921e+02,-2.078403204617715971e+01,3.682017586614921356e+02,2.640756969050606813e+02,2.480570109600826640e+02,2.369090299860877735e+02,2.589323075863401868e+02,2.537373075537609282e+02,2.489982762152809812e+02,2.397299723036959165e+02,2.209694961316647550e+02,2.203589084346737650e+02,2.353177522224399638e+02,1.992793053927881033e+02,2.327208256242654727e+02,2.962370639569027730e+02,2.652842498610342545e+02,2.877399856664366666e+02,2.212886520536847854e+02,2.554158471762663680e+02,1.922757209594310837e+02,1.929630932590517034e+02,1.743262149995478012e+02,1.906193985682086804e+02,1.669601594171708712e+02,1.716648274059525363e+02,1.561453424819614213e+02,1.733933576640728802e+02,2.241206860603972189e+02,1.929222246675717258e+02,1.970539609508005583e+02,1.640597447036661265e+02,1.903087129865024281e+02,1.990214535056362877e+02,1.720217823302715487e+02,1.955379472125085272e+02,1.638617267174419112e+02,1.683446719837267267e+02,2.017875365652862456e+02,2.196945470650045991e+02,2.001158362975110094e+02,1.747780220346509168e+02,1.898810028616958903e+02,2.316778699198101776e+02,1.964635730558389355e+02,1.634978506653490626e+02,1.880137224064781378e+02,1.718965931742182249e+02,1.731729572604395173e+02,1.869063391578425808e+02,1.930612926138173577e+02,1.697158954061600866e+02,1.778339777449495784e+02,1.568147133239172035e+02,1.738127164787931065e+02,1.980442800128322745e+02,2.670255169294480311e+02,2.804756994046655336e+02,2.230689292736986147e+02,2.424463782041322588e+02,2.423046584422146452e+02,2.179773561366114620e+02,3.379140729681965922e+02,4.713106061520541061e+02,3.953586732447905092e+02,2.726745818253128277e+02,2.579711251190493613e+02,2.412593991401906521e+02,2.609422419602533978e+02,4.163652432643078494e-01,3.091292322999437958e-02,-6.968074662798613185e-04,2.180406508391992342e-15
-3.907833530820355274e-71,5.152130772505367094e-70,-1.822885084550571392e-69,7.481892006679396331e-69,-3.643053088523453543e-68,9.974227585039667621e-68,-4.180453574300205482e-67,1.783563255913451522e-66,-4.008559621654598277e-66,2.426611140102202160e-65,-6.812306588828148804e-65,3.176717643083491859e-64,-9.558646902628947917e-64,5.745813683204871035e-63,-1.241757874735561559e-62,5.106872908893362747e-62,-2.143143553271008054e-61,7.798289961572403927e-61,-3.423725504117227155e-60,7.435294821046637488e-60,-3.944503820631125876e-59,1.466572352789970982e-58,-5.807249829112114644e-58,1.818263742506886830e-57,-7.467484327664913967e-57,2.613747406868268015e-56,-1.327738937717105965e-55,4.087751768835379404e-55,-1.183429640451502531e-54,6.345222892025091610e-54,-1.807552833154907456e-53,8.472096420025368485e-53,-2.627458634395678724e-52,1.078416160101742371e-51,-5.252145763220079809e-51,1.437435953611293460e-50,-6.026750169418904407e-50,2.089703101837720473e-49,-9.627385902087992807e-49,2.128990414996266045e-48,-1.050312007074614523e-47,5.403477672116021203e-47,-1.815450220994786792e-46,6.753045195640834995e-46,-3.455995989396353259e-45,-3.610556834930020731e-46,-2.295309247310580759e-43,-2.158813200537646290e-42,-2.571054299631526804e-42,1.124696853585346544e-40,-5.280025101764999324e-40,-4.381120351803560029e-40,1.259992082784802946e-38,1.556762626810559844e-38,-7.696831378548889235e-37,-1.851943483621046910e-35,6.088397376258325167e-35,-2.035238080299443691e-34,-3.704615801814329969e-33,-5.278780346165330350e-32,-6.694714190056402884e-31,-7.479177693893530994e-30,-9.289334370460525371e-29,3.235237129254247189e-28,9.517611609995800923e-26,1.149084146866875549e-24,-3.122005667487040447e-24,-2.918275624514428571e-24,-7.293319329946363729e-23,-6.976247748681627298e-23,-7.854243916290911049e-22,2.926177898444146537e-21,3.410639456244568001e-20,-9.314483821866511471e-20,9.801951003867540000e-18,-2.991393093389394711e-17,1.058726291228326516e-16,1.640761684407884312e-15,-7.695406831263206048e-15,-9.166192105845072973e-14,3.229509846258954968e-13,4.646064908169170800e-12,-1.334251188616422987e-11,6.636577061170361753e-11,-3.311160345362504620e-09,1.282104916159995019e-08,1.756536256535510696e-07,2.501120328767592815e-06,-9.119248934776626430e-06,-6.622179366075318805e-06,-5.927765613480874906e-06,-5.580326636514405035e-06,2.180588128465736042e-05,-7.180215800727177806e-05,-6.044256818056102616e-05,2.896135256853720028e-04,3.490056205038449171e-04,-1.268951940600212668e-03,-1.077333215853436884e-03,6.627960251535397994e-03,6.437903815830463110e-03,-3.673789376656216854e-02,9.691567218939199646e-02,9.790633086253812400e-02,7.567807914990727636e-02,-3.284502670321402529e-01,-2.442357685104972753e-01,1.001635072492300216e+00,8.991568396938768304e-01,-4.660344601849712554e+00,-3.518347910287241032e+00,2.091572126169464596e+01,1.690212133878766210e+01,-5.581571009418374274e+01,3.788033135850735107e+02,4.089008936030525092e+02,-4.579616350804943181e+01,-1.439332935891289578e-01,-1.850615736497080166e-01,-1.748430554709069495e-01,-1.388258102343527811e-01,-2.455483935809496288e+01,-1.918211632723077287e+01,3.109440455893778221e+02,2.731393016111751422e+02,2.792889489981175188e+02,3.770583888123062479e+02,3.589297592874476663e+02,3.707387368051147973e+02,4.195895533438556981e+02,-1.954196298812118093e-01,-1.993027158099495599e+00,-1.187837692380911037e+01,-5.914602956037492731e+01,3.311157752498512536e+02,3.456269895224583593e+02,3.844287402612351343e+02,3.613462427978902838e+02,2.779731911313423893e+02,3.410652637265321800e+02,3.669382287578046089e+02,2.334304523686452626e+02,2.347747430673960878e+02,2.939448802972019053e+02,3.047381092544698049e+02,2.918239903557735602e+02,3.117261898424004585e+02,3.323307074041653095e+02,3.301421795776092267e+02,2.547855284803726192e+02,2.859920733012398841e+02,3.186303486940149696e+02,2.332152581872450696e+02,2.337943662082368803e+02,2.258866649119438819e+02,2.760685483660880664e+02,2.507785300962212887e+02,3.162748699120699030e+02,4.286987940112018691e+02,1.073526668912705446e+02,3.555094308881228926e+02,2.260488823180664895e+02,2.027005484966462916e+02,2.215703490218701859e+02,2.372139477749697392e+02,2.896231626463128919e+02,2.441254515598531043e+02,2.280209032551122164e+02,2.077169092975243814e+02,2.052718022144092629e+02,2.523886542409319702e+02,2.233840526348678850e+02,2.983236920490518855e+02,3.025596909395621310e+02,3.091330033398432420e+02,3.185585824607045993e+02,2.473544084252077369e+02,2.561774137091503007e+02,2.564343443029943046e+02,2.123902954818676676e+02,1.735130624245693411e+02,2.084079257641325569e+02,1.740909572121574911e+02,1.644077241359261166e+02,1.749367353292233247e+02,1.728296064398412000e+02,1.758408552257758402e+02,1.860637675803017999e+02,1.909828356487827818e+02,1.872615537381467448e+02,1.824941289505223381e+02,1.867657092762050013e+02,1.948468668042177114e+02,1.805673315747545189e+02,1.770111922163550844e+02,1.652239888524261460e+02,1.941869961467192809e+02,1.918071618327019507e+02,1.975148965349260664e+02,1.969734068994239635e+02,2.005730606036368044e+02,2.268561909740548401e+02,1.867793840555119118e+02,1.502716440309446000e+02,1.729607261773491302e+02,1.808636716580427333e+02,1.886170923687893435e+02,1.775838629279701308e+02,1.766492967305631510e+02,1.712272053619896042e+02,1.915041622407676130e+02,1.792458342145078234e+02,1.933105354015083606e+02,2.141048939702215819e+02,2.395530084187481634e+02,3.221195309870138885e+02,3.091393757359873007e+02,3.122163663563426326e+02,2.647034603654716420e+02,4.269006852469610749e+02,2.790917853327037506e+02,3.741270894383475252e+02,4.622631032897770069e+02,2.983133655457317559e+02,2.945146767100885086e+02,2.403509252810261216e+02,2.880581097279622895e+02,-1.163239782125640442e-01,-8.636441841999216787e-03,1.946738294130085408e-04,2.036216176971665221e-15
2.211647190345293105e-71,-1.685561146640682837e-70,3.045874586662446958e-70,-1.837611269549033225e-69,7.498783068456830298e-69,-2.011565349732334738e-68,8.948337049041498623e-68,-3.099987823341808877e-67,1.009066579474574896e-66,-4.440199162780658978e-66,1.044665917894049010e-65,-6.702081121280697389e-65,2.404223917523315219e-64,-7.925914025296012349e-64,3.399918183688922841e-63,-1.145856234408217283e-62,2.747050337129054346e-62,-2.306023476350404923e-61,5.291173919796023509e-61,-2.328094801338894155e-60,1.045607699201098691e-59,-3.638523727956824711e-59,1.235613549681757586e-58,-3.359498547806293168e-58,1.742786601728615839e-57,-8.398157333429151814e-57,1.950159130381910346e-56,-1.056133296764962602e-55,3.589960812885214948e-55,-1.220751336755010208e-54,5.482154482033243821e-54,-1.907697857465389493e-53,6.479447315022598831e-53,-3.066303439454346035e-52,7.258747983750781939e-52,-3.735024689809058243e-51,1.022575395425583163e-50,-4.468334741561987251e-50,1.828822289207776093e-49,-6.613864403551475119e-49,2.190166817916193826e-48,-1.410986928287242946e-47,3.397229731656188956e-47,-1.662738363990461894e-46,6.653344365688029917e-46,-1.618739562011836271e-46,5.250350607190290810e-44,4.763877582544197872e-43,5.585468153345247942e-43,-2.551543486283456136e-41,1.196334932276551502e-40,9.937762996089238534e-41,-2.855266771688640161e-39,-3.537029256419245941e-39,1.744290746205277803e-37,4.198604734341567410e-36,-1.380250559287102052e-35,4.613554295080403202e-35,8.398492546246831065e-34,1.196738647475328068e-32,1.517731438068353254e-31,1.695572971228284184e-30,2.105945953790971445e-29,-7.334470553510366609e-29,-2.157697697781421540e-26,-2.605040336634100844e-25,7.077767729911295454e-25,6.615899930023529625e-25,1.653437748983248753e-23,1.581555781433394197e-23,1.780602602438915025e-22,-6.633814836769027865e-22,-7.732117258122602536e-21,2.111647450317053846e-20,-2.222159084465656707e-18,6.781661462096209770e-18,-2.400193844139139631e-17,-3.719701803248521563e-16,1.744593315348034594e-15,2.078028858733010435e-14,-7.321485937219874977e-14,-1.053289833687302368e-12,3.024824750260374025e-12,-1.504550471673982081e-11,7.506592349467376078e-10,-2.906606129280515493e-09,-3.982169466162804872e-08,-5.670184698641913031e-07,2.067386569863899683e-06,1.501286430776582291e-06,1.343858809674175902e-06,1.265092380556476147e-06,-4.943519629125189064e-06,1.627796523739872365e-05,1.370268040694030184e-05,-6.565706427527609923e-05,-7.912159628465503802e-05,2.876787571611428445e-04,2.442376820343087631e-04,-1.502596991004466346e-03,-1.459510095855218745e-03,8.328693373906417841e-03,-2.197134440859402002e-02,-2.219593246960979011e-02,-1.715665901727549125e-02,7.446157855620501309e-02,5.536966380788452269e-02,-2.270764743440966960e-01,-2.038440652163120426e-01,1.056527122980420064e+00,7.976298563467955072e-01,-4.741715194388814503e+00,-3.831808837322360439e+00,1.265374487103622059e+01,-5.072947734306053036e+01,-5.608799341950705752e+01,1.038225560734205288e+01,3.263051159703803800e-02,4.195453098140711212e-02,3.963793370484083867e-02,3.147261552806615570e-02,5.994121835163931422e+01,4.251171276419030676e+01,2.637371789352071687e+02,2.966155131355947674e+02,3.238176348894719467e+02,3.453829518603623114e+02,3.200719647279880746e+02,3.655264243370768327e+02,3.097004111239915005e+02,4.470416516691969600e-01,3.841685275320513515e+00,5.167463707166371023e+01,6.037981566114886789e+01,3.784408832712312574e+02,3.655439592930609365e+02,3.543454639562136776e+02,3.433619306082438811e+02,3.048145512541734092e+02,3.653217177225203613e+02,2.953887861064919207e+02,2.449334454359487836e+02,2.686981422424665311e+02,2.959720237458803354e+02,3.240106588750597325e+02,3.160870655856364237e+02,3.302806728450724449e+02,2.926199914418695585e+02,2.602491309379157087e+02,3.312845238777687769e+02,3.863892763854817076e+02,2.474424524084683981e+02,2.949494822205573996e+02,2.229622817050546644e+02,2.321275510093130947e+02,2.647050158204642116e+02,3.479257086331078881e+02,2.545232012779983961e+02,3.771722395038996751e+02,3.431291358050439726e+02,3.485279172086268318e+02,2.431294653469968807e+02,2.022568886382403832e+02,2.201042059639215722e+02,2.558172569327313965e+02,3.086435082786404678e+02,2.136427334953166337e+02,2.289436888129038437e+02,2.421976358873757817e+02,2.487334296180509341e+02,3.289709150316297155e+02,2.930779675761084491e+02,3.302168752070607525e+02,3.181766149722996602e+02,2.996588263054696881e+02,3.196382066727240385e+02,2.731645347765747260e+02,2.396931443215656259e+02,2.777515940331981028e+02,2.208468218391374194e+02,2.032615695178155590e+02,2.099982971462766841e+02,1.884519631553646946e+02,1.647625469809056256e+02,1.869609273204710291e+02,2.010187607172616708e+02,1.885065373191285687e+02,1.942330034831568639e+02,2.108703814759437876e+02,1.774872311484688794e+02,2.140646373962214284e+02,2.107741146839708222e+02,2.416599520748678174e+02,1.800227953776977472e+02,2.025343468732739893e+02,1.839835387721428788e+02,2.255186005730465979e+02,2.174356556832255194e+02,2.211441184023003927e+02,2.198376625989414777e+02,1.829081997339658585e+02,1.794094721803671177e+02,2.084598150768290452e+02,1.703172215489010455e+02,1.923096385159303736e+02,1.975478408409415181e+02,1.744032076084624237e+02,1.560061931774834250e+02,1.840268754397582995e+02,1.824801330933686074e+02,1.768158018353692569e+02,2.157170553403758504e+02,2.425858176757160152e+02,2.614228238476504202e+02,2.384074495396863540e+02,3.055768172226546540e+02,3.828653848839499574e+02,3.931400543399136609e+02,4.230968936975486940e+02,4.081767160405166237e+02,-7.024381128255289752e+01,-7.142999915542985434e+01,4.162868320788792857e+02,2.932035438899424094e+02,2.916112230403268200e+02,2.134758254070719943e+02,1.871860194074692743e+02,2.637131983536620747e-02,1.957931405666151706e-03,-4.413368404537658179e-05,1.119003604350110927e-15
-8.101669246394843018e-72,9.231678539872668346e-72,-8.881943698043609843e-71,2.724667423646483643e-70,-7.203267318250107729e-70,2.989164335661641259e-69,-1.757522637507084788e-68,3.471159715769000095e-68,-7.026809198638824391e-68,7.471154867094557930e-67,-3.140704341376940802e-66,9.590268745176641930e-66,-4.538349587974329442e-65,6.689867058188193489e-65,-5.486229215077954174e-64,4.278817524506073239e-64,-4.353454261185277176e-63,3.764802178961790044e-62,-8.060638140043980240e-62,3.722876175793413917e-61,-1.063358836331129172e-60,7.206573890744159614e-60,-1.446124631800119038e-59,7.241833814630337774e-59,-3.772733550512333463e-58,1.100621318160085311e-57,-1.008320850400798244e-57,1.973965047916196180e-56,-4.226531396072127153e-56,2.716717642279142073e-55,-5.575734772103858915e-55,3.941691754163805839e-54,-1.709959964448445636e-54,3.927663090130175206e-53,-1.925911177267323751e-52,2.847573330129108602e-52,-1.113491106599789029e-51,8.011326755720238509e-51,-4.354376125941701785e-50,1.023512569127320155e-49,-4.634134262598071052e-49,1.083176523648127555e-48,-3.975995752054308739e-48,3.975281508174365244e-47,-4.350643108583333778e-47,6.982155847860109788e-48,-7.546972854901122386e-45,-6.779548600794728113e-44,-7.818597790442371034e-44,3.559929587865935665e-42,-1.660554930707662738e-41,-1.362530010813392537e-41,3.998096062600742978e-40,4.954752011504724632e-40,-2.427317052474211839e-38,-5.845248015441162216e-37,1.921882309901343186e-36,-6.424470872409512810e-36,-1.169433349091653612e-34,-1.666356027918053866e-33,-2.113317193700919251e-32,-2.360953006624351417e-31,-2.932368881672841909e-30,1.021269041661597466e-29,3.004429790534225538e-27,3.627320365661725340e-26,-9.855252789608741522e-26,-9.212136963973495705e-26,-2.302286197554356480e-24,-2.202196028396152913e-24,-2.479353576764630603e-23,9.237082175306883033e-23,1.076638468635752647e-21,-2.940308327626231512e-21,3.094187366456940280e-19,-9.442947341746813288e-19,3.342087216654976436e-18,5.179401604143875728e-17,-2.429213386996930745e-16,-2.893496998864159739e-15,1.019461183014702619e-14,1.466625913257860711e-13,-4.211838204365451969e-13,2.094972000094958811e-12,-1.045235841823811685e-10,4.047227773870346741e-10,5.544867844788543186e-09,7.895300558317889920e-08,-2.878678421747862577e-07,-2.090427071616275948e-07,-1.871221093179244180e-07,-1.761544836612397994e-07,6.883474765334535109e-07,-2.266582745671326566e-06,-1.907993937010192468e-06,9.142246395505632250e-06,1.101707998102531872e-05,-4.005707702210439217e-05,-3.400823799954183789e-05,2.092251926969119244e-04,2.032256705400846050e-04,-1.159707151352793635e-03,3.059342455241636973e-03,3.090614633094221353e-03,2.388934165590913487e-03,-1.036820798604403369e-02,-7.709804191757112582e-03,3.161867046587066299e-02,2.838373434815295512e-02,-1.471133592163807180e-01,-1.110638856553338299e-01,6.602477452032430305e-01,5.335502115111834254e-01,-1.761937648504350529e+00,7.063693549273131644e+00,7.809826121996145787e+00,-1.445650059915687624e+00,-4.543550344873825177e-03,-5.841849066421255302e-03,-5.519280530379280097e-03,-4.382322131570297319e-03,2.589691308103846268e+02,2.493089872583754243e+02,2.734456663951612541e+02,3.030277336268972022e+02,3.517844275400350398e+02,3.610091839769306716e+02,2.857078853504141307e+02,3.889458883186841263e+02,-1.832218307003203250e+01,-6.045111679269864480e-01,-5.099163363949164030e+00,3.177131306550887189e+02,3.103104015446098174e+02,3.763298088862846953e+02,3.653845645023662883e+02,3.019671385662708190e+02,3.096458348625889130e+02,3.715275295665927047e+02,4.521529406312009201e+02,-1.517966157340368305e+01,3.649701747069335624e+02,3.048189643604650314e+02,3.113848684373429592e+02,3.452812428219384060e+02,3.138512813561922599e+02,3.172303904790938986e+02,2.755448579915922664e+02,2.671212017285797629e+02,3.335736402052403378e+02,4.819400071759372963e+02,1.446908188404806950e+01,3.539619785011267936e+02,3.190704648718722183e+02,3.442664323879787958e+02,-1.621646413683335197e+01,4.051562644788899661e+02,-1.274168877374580866e+01,-2.077888349922334399e+01,2.813442420805665733e+02,2.888864217118552347e+02,2.587620018176512531e+02,2.400736935691928409e+02,2.403343674329431394e+02,2.771903929099685797e+02,2.696058263008406470e+02,2.332670915323340068e+02,2.632620862301963598e+02,2.693410581841601470e+02,3.201610103012724835e+02,3.997996636140473470e+02,3.288161877017015513e+02,3.204289577513182508e+02,3.013537510448272769e+02,2.797271568264170583e+02,3.246598633827211415e+02,3.094188907754155480e+02,2.488949832495441115e+02,2.657972063216849961e+02,2.327979857433417976e+02,2.275854464245804252e+02,2.097122799190239846e+02,1.795379881490752325e+02,1.840530621705425176e+02,2.103415524981453757e+02,2.060770020656199506e+02,1.994779861253274476e+02,2.060117291441194993e+02,2.242418100615935259e+02,1.873559162559147921e+02,2.311016532198724178e+02,2.008271411857495536e+02,2.286711222650569653e+02,1.905276156688314302e+02,2.142494182549031621e+02,2.057266948324501925e+02,2.005930453456438727e+02,2.396605109983595696e+02,2.316294252527884225e+02,2.253374159927885501e+02,1.768357208951371433e+02,1.711217717523500710e+02,2.040981917176875413e+02,2.077739116813563953e+02,1.748189191555448758e+02,2.069200845120986401e+02,1.764920750805650300e+02,1.456846981483535046e+02,1.900081479613794215e+02,2.236639815712168797e+02,1.902936373908893017e+02,2.100619301286037626e+02,2.291455285280157739e+02,2.868679007123030260e+02,2.382043038752793223e+02,3.405231421977809418e+02,3.964696398208759547e+02,4.321293714373654211e+02,5.564142937655921060e+02,1.692086426644424435e+01,5.094332383475113346e+01,3.561677739972500945e+01,3.349561396095500072e+02,2.863349634846465506e+02,3.054616374722622822e+02,2.905252566615448586e+02,-1.037153489443215193e+01,-3.672005540353090718e-03,-2.726270452408057344e-04,6.145278180195607327e-06,-8.684509162764790764e-16
-2.928631098894970184e-72,4.247721898897475416e-72,-2.340092554673497962e-71,1.294868806044205141e-71,2.594024777792706425e-71,5.285074551942530041e-70,-2.040357598687845244e-69,3.829537726449909101e-69,-1.197377551976074303e-68,1.136131796779822109e-67,-3.659765663342400861e-67,1.188015316566403349e-66,-2.772580024382345468e-66,2.459076113768516431e-65,-6.947765322551886522e-65,5.809169389931033576e-64,-1.107600297446398968e-63,4.134351283165286408e-63,-6.883793864030929005e-63,9.359206094961485818e-62,1.095728736125437767e-61,5.838836369979694614e-61,-1.608889743641830930e-60,1.226915984286365540e-59,-3.393269139846481133e-59,2.248967547801321843e-58,-2.819354946586889220e-58,-3.815851294959162152e-58,-2.431843132992986321e-56,-1.210872222781059016e-56,-1.872392796556439697e-55,6.323440144308844063e-55,5.432712913752036911e-55,1.165219853197753231e-53,2.440248537503455198e-54,7.352998732738717876e-53,2.970502555287407465e-53,1.887916974859046318e-51,-4.062928755844255218e-51,2.639123924393285526e-50,-1.382525429836548215e-49,2.245965204502683751e-49,-3.993103029549720007e-49,1.319189397167774841e-48,-2.232525531319799384e-47,-7.229852227918485297e-47,-1.385707628596290455e-45,-1.181899443550183779e-44,-1.307755439158220128e-44,5.911707016074967537e-43,-2.823229766437726432e-42,-2.348544234113595599e-42,6.709785975970926084e-41,8.275150335343711766e-41,-4.078474159876181216e-39,-9.803355666259828955e-38,3.223938223223669162e-37,-1.077021433988231689e-36,-1.961061230469992779e-35,-2.794523857911610331e-34,-3.544096161522571211e-33,-3.959364723590982785e-32,-4.917633518535176952e-31,1.712683688563486587e-30,5.038477323623533530e-28,6.083074918088741605e-27,-1.652741823972682446e-26,-1.544890274921574568e-26,-3.860971172842253738e-25,-3.693118336644185464e-25,-4.157916041327964199e-24,1.549073610839487724e-23,1.805540121228619220e-22,-4.930944604257458151e-22,5.189002241810887662e-20,-1.583597537036763506e-19,5.604734299009058747e-19,8.685940233280667941e-18,-4.073830126723198979e-17,-4.852441250575805539e-16,1.709652887066991050e-15,2.459555369664142115e-14,-7.063320767799460300e-14,3.513301916700137977e-13,-1.752877406627256333e-11,6.787266414355815859e-11,9.298833027869081916e-10,1.324054669141347184e-08,-4.827590257163992115e-08,-3.505679998156647522e-08,-3.138068028087345066e-08,-2.954139172524925848e-08,1.154369847688180951e-07,-3.801095911718800107e-07,-3.199736681753321577e-07,1.533169502161272853e-06,1.847582125776353511e-06,-6.717636582865133824e-06,-5.703236498720071103e-06,3.508740310088528361e-05,3.408127353486184252e-05,-1.944847643535966685e-04,5.130566762398286896e-04,5.183010710281069902e-04,4.006281221162064565e-04,-1.738765243089741234e-03,-1.292946628549426595e-03,5.302502159752740286e-03,4.759998142407167315e-03,-2.467114820072357356e-02,-1.862559319796881774e-02,1.107246143917099829e-01,8.947723314072918155e-02,-2.954797924418888777e-01,1.184592829141301484e+00,1.309720467970904023e+00,-2.424378524461950624e-01,-7.619607390729238490e-04,-9.796875338256036490e-04,-9.255922687988770749e-04,-7.349225069868040418e-04,9.865227180800518525e+00,2.812648878529136596e+02,3.168860409818184962e+02,3.649375707886719056e+02,3.716562587885687208e+02,3.023641606828751947e+02,3.003371334765759570e+02,4.733698623666293770e+02,-3.961579727020890118e+00,-9.245023237492531187e-01,-7.783382113596678309e+00,3.141088314843050284e+02,3.212923713592142008e+02,3.262194700867679558e+02,3.345347841607956525e+02,3.043919839804380558e+02,3.310016232602567925e+02,3.726376956631209509e+02,4.581418505336404223e+02,4.008925861908876898e-01,4.352952956963595170e+02,3.309183584415924884e+02,2.836701792585005251e+02,3.454391225369833478e+02,3.606633858497520464e+02,3.079957780827716078e+02,3.281508236138414532e+02,2.689505411822505039e+02,2.598789045474841259e+02,3.118746287831239670e+02,4.352968496775698100e+02,4.335121448921979703e-01,4.501306989780654817e+02,4.299953890707565165e+02,-3.097062284063994753e+00,1.694848800101716080e+01,8.912546695271670316e-01,-1.235891257798927834e+00,3.940770741000448538e+02,2.437622385985231688e+02,2.561106922058517057e+02,2.912830124069998874e+02,2.631407694782500357e+02,2.988890316760766837e+02,2.424343989333726768e+02,2.613749950054620399e+02,2.339779238321184494e+02,2.876817795792449033e+02,3.337627531940037784e+02,4.519873847082676548e+02,3.129537114650375997e+02,3.762551650521899091e+02,3.004624401047327069e+02,3.187960623725821847e+02,3.635815217555298204e+02,3.219318472090678256e+02,3.321284833239744785e+02,2.886659261741756382e+02,2.911453722249933662e+02,2.494748694049371522e+02,1.672695709602549528e+02,1.596238890135934128e+02,1.702782172082468719e+02,2.088787377372609342e+02,1.719096710513038317e+02,1.844166211556787403e+02,1.870896769217529254e+02,2.066928316533350767e+02,2.007561879847978048e+02,2.180736830422363539e+02,1.811022968498894841e+02,2.198979378042641883e+02,2.128485952079053902e+02,2.016772487022523137e+02,2.254095715102932047e+02,1.783825771422458786e+02,2.147965459448054162e+02,2.169159445649246152e+02,1.858713298604118052e+02,1.835572583284039752e+02,1.951743811755492573e+02,1.820870047046216769e+02,1.916934982293563223e+02,1.804424700131579868e+02,1.698651250214263086e+02,1.620798531809998622e+02,1.627927487574878000e+02,1.533842667788199492e+02,2.167511353604496378e+02,1.782587346331236517e+02,1.893997470999319432e+02,1.967199455141446549e+02,2.583753809331875573e+02,3.016752405716079579e+02,3.359592199478086627e+02,4.142627639547773128e+02,1.729782307137256936e+01,2.132494830587954482e+01,6.169108854972811287e+02,6.323648077601754949e+02,4.257668147875240834e+02,1.359748162290126317e+01,4.733079161629462419e+02,3.627397147612037429e+02,3.857719664190917115e+02,-1.739323170998143375e+00,-6.158012678734279969e-04,-4.571999851358884986e-05,1.030571020005823395e-06,-8.982778527660221068e-16
-1.074917544297398536e-72,-4.790245013480659248e-72,9.331940269906231632e-72,-4.415779175909182492e-71,2.323161726527247154e-70,-6.587149218811392758e-70,2.911925463055834926e-69,-9.354436856613978075e-69,4.680343415244675895e-68,-1.268577151812210054e-67,5.721933928235823756e-67,-1.315173639526495501e-66,6.153637594803931407e-66,-3.709762362024643531e-65,6.601267048955530878e-65,-3.002469718755582380e-64,1.080375702474558775e-63,-7.335208981292846456e-63,1.694174346975114937e-62,-7.684010596238467895e-62,2.610963671808813079e-61,-6.943768698511226536e-61,3.206776869611330026e-60,-1.703821687059567404e-59,3.429774036930524433e-59,-2.383122471950137226e-58,8.053812195897838498e-58,-2.889867401996204409e-57,6.412912930559101899e-57,-4.044510453381042403e-56,9.610448611055536950e-56,-6.903110213886061156e-55,1.691441823359714551e-54,-6.322704136658007957e-54,2.303860637055369639e-53,-1.158073387454250043e-52,4.613979881321415487e-52,-6.798631248821783717e-52,6.076662686069309233e-51,-1.836478209640104779e-50,7.109927912450683437e-50,-4.127002978679355281e-49,8.814421318356491561e-49,-4.063236083912436117e-48,1.532873796845262261e-47,-1.247756136643355154e-47,1.492670876382138077e-45,1.403971896639522047e-44,1.671716912105666954e-44,-7.259545424543917071e-43,3.396188353728015417e-42,2.816038168325711581e-42,-8.138772162586608605e-41,-1.010843689537413041e-40,4.971637511554513543e-39,1.196534957707543783e-37,-3.933624472392452376e-37,1.315112676452030503e-36,2.393494191046427663e-35,3.410621354594309678e-34,4.325465534599213611e-33,4.832309134076673501e-32,6.001858523903825952e-31,-2.090293753640438516e-30,-6.149348900904593581e-28,-7.424256854807671235e-27,2.017134432234877364e-26,1.885504022579393158e-26,4.712228968260200433e-25,4.507368341549130554e-25,5.074643521371309740e-24,-1.890609698893654715e-23,-2.203621330185902957e-22,6.018107601038427812e-22,-6.333061171250989009e-20,1.932745372827279009e-19,-6.840452847911639344e-19,-1.060099577182359911e-17,4.972018548211818576e-17,5.922296009294964974e-16,-2.086593107981099132e-15,-3.001832314539313599e-14,8.620625008184005209e-14,-4.287906405507193928e-13,2.139347667281095813e-11,-8.283706844454292235e-11,-1.134901771874925115e-09,-1.615979107877492105e-08,5.891965927682658124e-08,4.278604024408580804e-08,3.829941837504376775e-08,3.605460783321427776e-08,-1.408882578721283529e-07,4.639152539192026160e-07,3.905207049929327230e-07,-1.871199084199643164e-06,-2.254932658693528015e-06,8.198725192565854290e-06,6.960672579473476876e-06,-4.282339066669869763e-05,-4.159543203598309031e-05,2.373643047531427783e-04,-6.261741975490290680e-04,-6.325748640840560483e-04,-4.889576619882528849e-04,2.122124087337510460e-03,1.578012440144545541e-03,-6.471585282194229974e-03,-5.809471263489431742e-03,3.011058454676444895e-02,2.273211988993002058e-02,-1.351369152308717070e-01,-1.092049616651178112e-01,3.606264775273391732e-01,-1.445769051571903496e+00,-1.598484535969389997e+00,2.958899761788559846e-01,9.299560388701614416e-04,1.195686721865665174e-03,1.129664660856077169e-03,8.969564814659688416e-04,-1.201389590441269384e+01,3.139631560335064364e+02,3.417484729316739163e+02,3.165853074006781185e+02,3.046533791656650578e+02,2.866347860415248192e+02,3.453142496049168244e+02,5.288705132995789882e+02,1.521893725094649064e+01,1.074366592336147086e+01,2.597254659217481958e+02,2.663568392865146848e+02,2.596865709888913329e+02,2.803677406090340014e+02,3.059419237188769216e+02,3.313514320780599292e+02,3.645736001976044349e+02,4.079305485377778950e+02,8.262247396295160584e+00,-3.490935794561384142e+01,3.955774402669384244e+02,3.094615739353905042e+02,2.679700489029081041e+02,3.298018219939089590e+02,3.239086771837506831e+02,3.065798652616152822e+02,3.346959965089765774e+02,2.602861230988189050e+02,2.850480286351775590e+02,2.801226982288042109e+02,3.458157995463128032e+02,3.645826261843864131e+02,3.304963381037033798e+01,6.809005824819736574e+01,8.190070173441718282e+00,-5.758373126776888995e+01,-3.645999405846015406e+01,-2.476052213792084089e+01,4.028480592534149309e+02,2.321986253357916894e+02,2.393942149101124244e+02,3.101523998736078056e+02,3.253479543305851962e+02,2.635896379236864391e+02,2.339563124814356172e+02,2.833103922814541988e+02,2.829437644471685758e+02,3.806718921305801473e+02,3.844981831510469874e+02,3.953647210943957475e+02,3.184324266905779268e+02,3.371178010339724551e+02,3.169222672121665596e+02,3.144902623546523159e+02,3.996980113458674850e+02,3.440418893193301528e+02,3.571130523831850496e+02,3.441028273527244323e+02,3.000758982322200836e+02,2.645756830177407437e+02,1.713921562791163069e+02,1.809536517895237466e+02,1.439568758786956266e+02,2.024916101175916197e+02,1.625533350412046616e+02,1.844562486611321219e+02,1.747689735551198851e+02,2.032347426802932659e+02,2.067699367022739523e+02,2.104974992564416141e+02,1.920327713780160366e+02,2.136500163129379644e+02,2.308549026977886456e+02,1.855569187821245691e+02,1.773994835299280908e+02,2.088868193518759995e+02,1.836311211566056443e+02,2.046686293877162939e+02,1.843271129915408437e+02,1.758289398301994879e+02,1.853191953943886006e+02,1.673828644726517041e+02,1.595734317147766319e+02,1.780281771677685470e+02,1.664280189133353645e+02,1.873941740540136891e+02,1.942923727057825829e+02,1.987562519428558687e+02,2.152696827083994435e+02,1.781294410965616066e+02,2.393578905366684921e+02,2.542041299022063185e+02,2.961443283845355268e+02,3.484056656151619791e+02,3.392724298510036078e+02,4.492273160385879009e+02,-5.345603451907237513e+01,-5.140235262861165211e+01,4.530081305231299780e+02,3.862467820778754231e+02,3.989871575534059502e+02,-5.150982592064904964e+01,8.029715138116232254e+01,5.051733140757526996e+01,5.595308927108489883e+01,2.122805025783934596e+00,7.515716931060547864e-04,5.580026159941821508e-05,-1.257764729785181446e-06,-1.235353179756529388e-16
-5.886821595211639720e-73,1.622132978044871251e-72,-5.743984182575976621e-72,2.449322374540696523e-71,-9.428943152694898507e-71,3.805743882733040757e-70,-1.164827448337866102e-69,4.669827545294989038e-69,-1.738317538619910323e-68,6.884737279418517116e-68,-2.355844543913666478e-67,9.223186663643150448e-67,-3.303583274655261980e-66,1.406547862305415675e-65,-4.001320175166226650e-65,1.618441846777836378e-64,-7.626309064272477017e-64,1.987787451152246364e-63,-9.740452729854682183e-63,3.374078265083527279e-62,-1.429603984225657260e-61,4.458798570926084657e-61,-1.890026585764469362e-60,4.875399505141007157e-60,-2.097831993473615213e-59,1.095889958635531445e-58,-3.805451918436358287e-58,1.198986772098406410e-57,-4.150923747240891361e-57,1.896427295580173152e-56,-5.981771968914011245e-56,2.331309956853749500e-55,-6.671974065162733078e-55,3.861157272461037049e-54,-1.232407014018389664e-53,4.440534867691853759e-53,-2.099548770203551397e-52,7.121349611316708520e-52,-2.338094696754996288e-51,8.585431268357126991e-51,-2.584896320245730275e-50,2.094260894609725546e-49,-3.905608572131505910e-49,2.721941062136356991e-48,-8.578158329486082191e-48,-4.729507389634884281e-48,-7.320393963671342484e-46,-6.748764736038351931e-45,-7.156714785483393824e-45,3.578254850089180159e-43,-1.673215079639672260e-42,-1.397647574277892370e-42,3.997501607871760872e-41,4.950142275915813240e-41,-2.438048373048448205e-39,-5.866036256967450987e-38,1.928445418725892565e-37,-6.446777691957789361e-37,-1.173475101381374396e-35,-1.672107529514604335e-34,-2.120617579662263803e-33,-2.369104962862383338e-32,-2.942490722840084806e-31,1.024793901322290153e-30,3.014799448908094629e-28,3.639839899154599036e-27,-9.889267741475088158e-27,-9.243932276327241126e-27,-2.310232438081843149e-25,-2.209796816037825820e-25,-2.487910957264165448e-24,9.268963540788457897e-24,1.080354437956853644e-22,-2.950456670926001281e-22,3.104866815731039996e-20,-9.475539252045081128e-20,3.353622281181087402e-19,5.197278076997743200e-18,-2.437597708299126490e-17,-2.903483774279187428e-16,1.022979807666183553e-15,1.471687906966272212e-14,-4.226375175451972746e-14,2.102202702205851498e-13,-1.048843426558504402e-11,4.061196599422103834e-11,5.564005708026986694e-10,7.922550834887308432e-09,-2.888614051502244183e-08,-2.097642087109222684e-08,-1.877679529046885697e-08,-1.767624729788411501e-08,6.907232770457752315e-08,-2.274405754590469101e-07,-1.914579292702770168e-07,9.173800449832376721e-07,1.105510493957538235e-06,-4.019533223092789216e-06,-3.412561591115911225e-06,2.099473240868654790e-05,2.039270948477875500e-05,-1.163709828689830591e-04,3.069901638823071253e-04,3.101281751198112398e-04,2.397179464960790180e-04,-1.040399339193984760e-03,-7.736414235918133604e-04,3.172780089207644788e-03,2.848169953710888696e-03,-1.476211143925248472e-02,-1.114472176866638208e-02,6.625265607503162679e-02,5.353917361903200167e-02,-1.768018897453030314e-01,7.088073571464494904e-01,7.836781387373494834e-01,-1.450639656405940392e-01,-4.559232205573315725e-04,-5.862011947041214852e-04,-5.538330080198729547e-04,-4.397447520196581306e-04,5.889971012853581378e+00,8.112614808854290516e+01,8.495157780204166897e+01,4.005833654524307121e+02,2.796237285106045078e+02,3.602147566763491113e+02,4.159030783837171157e+02,4.134751661532087041e+02,-5.860293561179796740e+01,-5.262352398331253767e+01,3.060730835573932609e+02,2.405822232167847687e+02,2.690711299415704616e+02,2.381758236784111773e+02,3.067653981072636498e+02,3.603190435087845458e+02,3.468803297864888009e+02,3.970674595963783986e+02,4.286791517854598510e+02,3.422808393718279376e+02,2.821627100804291786e+02,3.096299952479909052e+02,3.009958082855771977e+02,3.273780063433940200e+02,2.808915528268952926e+02,2.820403826032505776e+02,2.807537397630792384e+02,2.605487891736799497e+02,3.192070821552287612e+02,2.674015529640872160e+02,2.612310758608307992e+02,3.693772752901903118e+02,2.556740978782822253e+02,-6.222286733368295586e+01,-2.573576489359023967e+01,3.644101587051784463e+02,3.441924305974292793e+02,2.571363267754563822e+02,3.170921780677207948e+02,2.275543091720377902e+02,2.192774714874900042e+02,2.538672012274458325e+02,2.526261005673985949e+02,2.765552472814214866e+02,2.718796061631462067e+02,2.420620429057287595e+02,3.162367568728956826e+02,4.938418767273107051e+02,9.992188193584981093e+01,2.985560331109904268e+02,2.850019207767606986e+02,3.339687556047230146e+02,3.462363529301121616e+02,3.589031065328344994e+02,4.755522059818903244e+02,3.814706359766205424e+02,3.880554814215743136e+02,4.740497748148733308e+02,3.639714758005359272e+02,2.843565392613775202e+02,2.247574125894370809e+02,2.018425994988969023e+02,1.685609978529770956e+02,1.857047030426651304e+02,1.977155246449640345e+02,2.034891222556251762e+02,2.062673666798532395e+02,1.802220287193970307e+02,2.073117630866598802e+02,2.167326373472981516e+02,1.861505724729803717e+02,1.934487922865237408e+02,2.132559497745130841e+02,1.799509085290505652e+02,1.543965740007954821e+02,1.980526139740470626e+02,1.684872099616638934e+02,1.898237203263784352e+02,1.843330001663767632e+02,2.013061234153336727e+02,1.833880942440500519e+02,1.639101271128604651e+02,1.389565143740384769e+02,1.528964967146474692e+02,1.516568745497191912e+02,1.895726816612163077e+02,1.867775777994232556e+02,1.875381974632005324e+02,2.192877535548187780e+02,1.756051654568400693e+02,2.168570396541277034e+02,2.352787994355277021e+02,2.660362142771637650e+02,3.145639402593233740e+02,3.751866535135865206e+02,4.603727241185494563e+02,3.373440495559898409e+02,2.752890368616418755e+02,3.037348827794642148e+02,2.869962974151110302e+02,4.000985567749279994e+02,3.448481647526426741e+02,-6.999000547603161237e+01,-1.821011342987539550e+01,-2.645527299721626235e+01,-1.040733177828408129e+00,-3.684680374908124801e-04,-2.735694296232826038e-05,6.165168246746943378e-07,7.429388057750841565e-17
-3.344402471870405840e-74,-6.694382920188186827e-73,2.629809940330768629e-72,-7.498000048380936171e-72,3.805390510309678353e-71,-1.164805272988756227e-70,5.024183746339186076e-70,-1.791245834107194960e-69,7.129215424325650254e-69,-2.368403965259448430e-68,9.373763792241796091e-68,-3.138846687996807072e-67,1.083197742872089004e-66,-4.515302407073640507e-66,1.938551850260302931e-65,-5.628434234067312636e-65,2.255775577355137392e-64,-9.765157609825653317e-64,3.585826545229204189e-63,-1.364216188456128721e-62,3.456023657672437055e-62,-2.033075454669391690e-61,7.623755510393084517e-61,-2.525320433425579415e-60,7.980660172309528701e-60,-4.201351138553883163e-59,9.835371431324642865e-59,-4.127174932771224537e-58,2.278275415575799162e-57,-5.549360383081084169e-57,2.831525832963879359e-56,-7.098592597164877175e-56,3.388475842647377511e-55,-1.406833524457831235e-54,4.671004088811648906e-54,-1.745943254542231490e-53,6.979561394986406866e-53,-1.955013786920801742e-52,1.110946786966091560e-51,-2.575360836189163971e-51,1.483488492260928804e-50,-6.419519558240471325e-50,1.452461054348458184e-49,-9.106461633582206178e-49,3.653027092360907163e-48,2.916452378912818699e-48,2.850103791885625171e-46,2.547857473503729986e-45,2.946119954526481782e-45,-1.329805964319030129e-43,6.209060293588243209e-43,5.134627468791226040e-43,-1.482823501943083272e-41,-1.841230890162676682e-41,9.055418498221353071e-40,2.179526547574289871e-38,-7.165263498908857489e-38,2.395161030862324512e-37,4.359696018975041924e-36,6.212318202068729211e-35,7.878648917272197747e-34,8.801846348464686227e-33,1.093212533694364916e-31,-3.807378948999619023e-31,-1.120077196283769724e-28,-1.352296145048613921e-27,3.674122771484159326e-27,3.434363699592569604e-27,8.583120431265354708e-26,8.209975694329346568e-26,9.243242803009639869e-25,-3.443663463114404705e-24,-4.013800558631750200e-23,1.096172164953381365e-22,-1.153539590334533291e-20,3.520411765063033695e-20,-1.245958780842104169e-19,-1.930925343869916649e-18,9.056315870312265582e-18,1.078720499885139917e-16,-3.800638733630397640e-16,-5.467707203124293443e-15,1.570209409245898551e-14,-7.810235310670111362e-14,3.896728872471107175e-12,-1.508841228826361335e-11,-2.067174293135884808e-10,-2.943435769362055872e-09,1.073196007229468414e-08,7.793291427462809215e-09,6.976072737656481610e-09,6.567190245794295737e-09,-2.566218434894308500e-08,8.450014889932480731e-08,7.113165053615447048e-08,-3.408307873029935433e-07,-4.107261914925934656e-07,1.493362189976878995e-06,1.267856282879190538e-06,-7.800094644743512523e-06,-7.576427312701533835e-06,4.323487733067421426e-05,-1.140549108545233599e-04,-1.152207644682932725e-04,-8.906151477974264344e-05,3.865356869556492371e-04,2.874281132830014689e-04,-1.178771155594148575e-03,-1.058169962388653658e-03,5.484512216730077008e-03,4.140556921266782577e-03,-2.461460226266432363e-02,-1.989120953296927286e-02,6.568654682220585739e-02,-2.633405543356815426e-01,-2.911570166352115407e-01,5.389507422682322801e-02,1.693874540459100919e-04,2.177891439886368212e-04,2.057635122863292715e-04,1.633767279607073008e-04,-2.188278967349224668e+00,-2.707533063544816088e+01,-2.826960065863321958e+01,1.684619033008268616e+02,3.451129218069027047e+02,3.816237436311928377e+02,3.424369249859341835e+02,2.814490532970647791e+02,2.894688524627554216e+02,2.619977242166310134e+02,2.573627686529570155e+02,2.145772371205058278e+02,2.565067361207632644e+02,2.240307904105852401e+02,2.950953933084876439e+02,3.675333417842610970e+02,2.878198801872717354e+02,3.102595931153659876e+02,4.977153816134128306e+02,4.565788951987187261e+02,3.050929954009063749e+02,2.487686295737474325e+02,3.219989751400798923e+02,3.160178010889787288e+02,2.388292176983945865e+02,2.665633450028504399e+02,2.808983911911795417e+02,2.843642326074154880e+02,3.099634366786816599e+02,2.677752515677971132e+02,2.690060276841917357e+02,2.481241333870449637e+02,3.431885805748736971e+02,1.897874790213469112e+02,1.341278431522761139e+02,3.635734026227754612e+02,3.935898238064942802e+02,3.187701229516397348e+02,2.539427997006289957e+02,2.166386081973377031e+02,2.246861696399544996e+02,2.179117925042769741e+02,2.013225582725289655e+02,2.701925423460155571e+02,2.769966733192835022e+02,3.057582011182871611e+02,4.861895499395716342e+02,1.914443548016016337e+02,-3.336271810346192979e+01,4.904894510805806931e+02,2.402039421671883019e+02,3.251099199055262261e+02,3.124035034940908986e+02,3.814770519797663724e+02,4.551687201312770412e+02,4.230532333845833932e+02,1.451891129101420290e+02,1.922783435769523521e+02,1.457189709145051779e+02,3.833307836722472075e+02,2.478727159651272416e+02,2.304491978614165646e+02,2.136588511252760156e+02,1.513102131251637275e+02,1.764710138614640869e+02,1.939946361468046518e+02,2.430825889547655549e+02,1.927492332271808664e+02,1.936317840181672807e+02,1.977334425956862844e+02,1.657647038531052885e+02,2.026568101515142075e+02,1.952442660249458299e+02,2.057607239219234998e+02,1.741932237765835225e+02,1.955438159108347520e+02,1.996388386329309128e+02,1.913043814738596780e+02,1.807292014269117146e+02,1.938502255579048779e+02,1.899295750465117862e+02,1.762691894202079652e+02,1.597055914147012743e+02,1.524985501733014246e+02,1.459950425343669451e+02,1.704236248892504193e+02,1.732034881479567048e+02,1.535198836146144004e+02,1.736472570390458543e+02,1.694775269519778931e+02,1.921554958762514218e+02,1.956865001105157660e+02,2.274893087067238469e+02,2.870168663105364431e+02,3.824417952150705560e+02,4.393891829601329846e+02,4.747289541923653928e+02,4.293509946562195978e+02,3.415764811712040796e+02,2.931850174663849771e+02,3.232048159648715568e+02,3.609242813428726322e+02,2.027619780450978340e+02,-1.472060602613094460e+01,9.828828926302520586e+00,3.866597151589468706e-01,1.368959238260413511e-04,1.016431184982292504e-05,-2.285991335576448560e-07,-6.040728041959643546e-17
-6.214066736801216483e-74,1.752751617952007349e-73,-7.937719373314138205e-73,2.762076139545814613e-72,-7.667551057836193679e-72,3.746125047939911650e-71,-1.495617204211082162e-70,5.958498573256860569e-70,-1.645430811236309451e-69,8.248378207470162780e-69,-2.455575672958188278e-68,9.196689810819925022e-68,-4.161647738923759944e-67,1.411030214546090209e-66,-5.356474281778693608e-66,2.379941631319194623e-65,-6.893633693109919601e-65,2.460019285547282493e-64,-1.090572466307589169e-63,3.566064296282656137e-63,-1.772651271642280496e-62,5.064796541833105318e-62,-1.696487016443213454e-61,9.342548655016738299e-61,-2.419394602170997414e-60,9.990965180433187303e-60,-4.111115329395306962e-59,1.488893972254477702e-58,-4.723609747083008535e-58,1.949297770334510493e-57,-9.933518111109131721e-57,2.909308923551335694e-56,-8.894469828182106918e-56,4.082520097417524311e-55,-1.431909670141463942e-54,4.585608536556496037e-54,-2.221679501368449486e-53,6.766116222771882891e-53,-2.788113028263089599e-52,8.967067748315135892e-52,-3.369190525887231416e-51,2.597552660584818167e-50,-4.930536064103628513e-50,3.105115740361086592e-49,-9.657229829399425315e-49,-5.151499115507085532e-49,-8.511427445453946122e-47,-7.815795758325283263e-46,-9.150782585384991543e-46,4.133392491962417650e-44,-1.929916636503718919e-43,-1.593240221801330404e-43,4.629602688576340192e-42,5.747716230027723885e-42,-2.821800948421157150e-40,-6.791087161743727679e-39,2.232480185982024248e-38,-7.463410299417893625e-38,-1.358467972077154286e-36,-1.935709615846468969e-35,-2.454928043122772360e-34,-2.742588556307669017e-33,-3.406367609789642553e-32,1.186350818685112107e-31,3.490076321988813512e-29,4.213653101499181487e-28,-1.144829026445757933e-27,-1.070121899053677200e-27,-2.674435783262105970e-26,-2.558166691295018811e-26,-2.880124952174523997e-25,1.073019639430394050e-24,1.250670071513674840e-23,-3.415590038160486866e-23,3.594342621471510930e-21,-1.096933833768712058e-20,3.882313869464669995e-20,6.016618172866693087e-19,-2.821879924953027917e-18,-3.361211961748915508e-17,1.184250449965572022e-16,1.703696449307096829e-15,-4.892654445124767349e-15,2.433610592651718471e-14,-1.214191414666168230e-12,4.701435809603895489e-12,6.441159653359468800e-11,9.171524521577287905e-10,-3.343998058057568240e-09,-2.428331006056390560e-09,-2.173691807502570262e-09,-2.046287097687195851e-09,7.996143672758984076e-09,-2.632961098638338282e-08,-2.216408742270608189e-08,1.062003103990068715e-07,1.279791927562532688e-07,-4.653204288516812038e-07,-3.950544839231387948e-07,2.430450837403316141e-06,2.360757778636709860e-06,-1.347166266555243966e-05,3.553865257047174444e-05,3.590192378972371332e-05,2.775089829489515086e-05,-1.204416134464116907e-04,-8.956043874322719054e-05,3.672962281491496664e-04,3.297178032237977371e-04,-1.708932765179116062e-03,-1.290166401171900313e-03,7.669724972114012711e-03,6.197951315750956786e-03,-2.046743405065593047e-02,8.205493650499894043e-02,9.072233698776745181e-02,-1.679329985755626323e-02,-5.277985694812978431e-05,-6.786145957106588800e-05,-6.411436316091646251e-05,-5.090695989892537738e-05,6.818512711573500029e-01,8.436469429283503629e+00,8.808594988028112027e+00,-4.272116957658469971e+01,1.840838100016098338e+02,3.495781346582592732e+02,3.105420421457387761e+02,3.890237258247082082e+02,2.649417143537990569e+02,1.726021243443153139e+02,2.535776645841341121e+02,2.156927193809709706e+02,2.648339691561400855e+02,2.378053694767008608e+02,2.697125227035318176e+02,3.412715251062053312e+02,2.862481851752852435e+02,2.750764635872537838e+02,2.889496949933671885e+02,3.265634175969314015e+02,3.384945848336200811e+02,2.398904160242496459e+02,2.775050421742684534e+02,2.993609871205994182e+02,2.574583249205039692e+02,2.821460265823965301e+02,3.074870538839422238e+02,2.946748288371511535e+02,2.722203329252999993e+02,2.768366933457515415e+02,2.331825525131616530e+02,2.556646186287431988e+02,1.999794926692312913e+02,2.760093574057510750e+02,2.567796258934041020e+02,1.666975720365129234e+02,2.175988436349625488e+02,2.084485299538579000e+02,2.310016286974501725e+02,2.254036732080793684e+02,2.604250117093390600e+02,2.620102003201984644e+02,2.228640718209771308e+02,2.718277683467031807e+02,2.887032349612688336e+02,1.795838661902990339e+02,2.922007005755486944e+02,-4.811845880864623126e+01,1.039777069274903454e+01,3.200505924485165679e+02,4.349981803672174010e+02,3.508551153411231667e+02,2.747535267747770149e+02,3.514088835269578794e+02,5.075645948597053803e+02,2.072527192251355643e+02,-3.653462219235115072e+01,-4.778541202424028000e+01,-3.928488399734614944e+01,4.233142998921053959e+02,3.152961004995470944e+02,2.281066700327972399e+02,1.892672707519058974e+02,1.676456701066499875e+02,1.926553580515130761e+02,1.967576043147824123e+02,2.420260638389437702e+02,2.182524450333511652e+02,1.814686968341453053e+02,1.948335853676543934e+02,1.716257857491785899e+02,2.123880411082879220e+02,2.032868025935029550e+02,1.971466713623881617e+02,1.854133860099076401e+02,2.167991202521288017e+02,2.092895818954304730e+02,2.136898398528412883e+02,1.921353661132627906e+02,1.626615643649237199e+02,1.936782572310233377e+02,1.772780547932546824e+02,1.831989079110498722e+02,1.825006367998649068e+02,1.593485767461397984e+02,1.580317342984366746e+02,1.639346691593280809e+02,1.606822457642166171e+02,1.599665365691849956e+02,1.661192544364923549e+02,2.005941478232909958e+02,1.966744333493942634e+02,2.252687345701591255e+02,2.460708395380664797e+02,2.794130025834327853e+02,3.510117952354402746e+02,3.712810909042235608e+02,4.179212058798693761e+02,3.577557935466023764e+02,2.408416488363033352e+02,2.164590293465870161e+02,2.036500814922409290e+02,2.856483152494067781e+02,9.194540327881449571e+01,-3.062589179240317705e+00,-1.204802544997972541e-01,-4.265692185634635124e-05,-3.168693190174308275e-06,6.977463463234578655e-08,2.492803862524306930e-17
1.960057551712895237e-74,-5.985127758291251131e-74,1.645125451615982940e-73,-7.287345907737331954e-73,2.697486104690605542e-72,-8.485350879403495347e-72,3.938568259057577069e-71,-1.292491869275412213e-70,7.107284756248738406e-70,-2.093669062389939185e-69,7.970496660251728164e-69,-2.558591650609895226e-68,8.859734405167991944e-68,-3.821029228388250396e-67,1.340075097929422730e-66,-5.784660024922858170e-66,1.649744291444948130e-65,-8.200712991046247604e-65,2.302299144120205328e-64,-1.059628839734274665e-63,4.483583120674164100e-63,-1.068322255211192380e-62,5.616922384297460509e-62,-2.344020217973607505e-61,7.025850970712096385e-61,-3.111222511451449489e-60,1.362782084487461907e-59,-3.304338123102811435e-59,1.406203922582445053e-58,-6.353218204086200274e-58,1.713451533472932311e-57,-6.876179240662058701e-57,2.944884265873818853e-56,-1.254430867512908107e-55,2.970261423812990038e-55,-1.590393091985419195e-54,4.372284342959930381e-54,-1.732424292193562121e-53,8.417624723567155146e-53,-2.077649033062242718e-52,1.023546079644131858e-51,-5.194661394798157197e-51,1.343770754516157376e-50,-8.048937752611592318e-50,2.841242992752428281e-49,1.935201228803948732e-49,2.258630381216229883e-47,2.108108083531228231e-46,2.414253857105481522e-46,-1.087770075374025763e-44,5.082408072056157588e-44,4.234675589844681406e-44,-1.217911320827933199e-42,-1.509698476325551961e-42,7.427850561144322169e-41,1.787347693490896584e-39,-5.875602892459568867e-39,1.964169325355832400e-38,3.575242184810653730e-37,5.094457103085741294e-36,6.460936118900399500e-35,7.218011743343711938e-34,8.964960894043715860e-33,-3.122265964547901414e-32,-9.185266605916846198e-30,-1.108959334750280192e-28,3.012988504563759402e-28,2.816372497000823657e-28,7.038644272769427140e-27,6.732644496608733237e-27,7.579981959487005075e-26,-2.823998836275176891e-25,-3.291543506516550525e-24,8.989231823774156891e-24,-9.459677163082074751e-22,2.886936786329250079e-21,-1.021756680394578180e-20,-1.583468008543511864e-19,7.426691301871091960e-19,8.846118298409024350e-18,-3.116738752141975393e-17,-4.483829198116202797e-16,1.287660537548419696e-15,-6.404834755987800895e-15,3.195538101517946547e-13,-1.237335158193378139e-12,-1.695199854129208434e-11,-2.413783832079248247e-10,8.800814333597429355e-10,6.390939813294653182e-10,5.720774260079601698e-10,5.385467487514580961e-10,-2.104444279779244378e-09,6.929490201367149523e-09,5.833197714060989463e-09,-2.795005253486856854e-08,-3.368187105544279172e-08,1.224641470734691575e-07,1.039713870731809593e-07,-6.396518836302120359e-07,-6.213098971847518550e-07,3.545504507656688678e-06,-9.353147863986051332e-06,-9.448754455194222665e-06,-7.303548005819824560e-06,3.169811284509219839e-05,2.357073118255675830e-05,-9.666590270835780855e-05,-8.677592266126529699e-05,4.497610259881229685e-04,3.395490894140936670e-04,-2.018536622851382044e-03,-1.631191700221404882e-03,5.386668408222850327e-03,-2.159541509288725666e-02,-2.387652235070924708e-02,4.419700954630048119e-03,1.389072940502837358e-05,1.785994177399349988e-05,1.687377194895263213e-05,1.339781586555210468e-05,-1.794512537506966487e-01,-2.220330269011070001e+00,-2.318267166534280666e+00,1.124345992521452331e+01,-3.338534515242033507e+01,4.091106438378884036e+02,4.050863016256946025e+02,3.307189868878600123e+02,9.062402536362586716e+02,8.766528276139221134e+02,2.732146524886194356e+02,2.654373301926409567e+02,3.083943677723789278e+02,2.638941295923271468e+02,2.701013467128601064e+02,3.236096534234994806e+02,3.059229039057941577e+02,3.024033048792024374e+02,3.816589196146127279e+02,3.386355291397319434e+02,2.910506829633419557e+02,3.017562131693540550e+02,2.583168402246035384e+02,2.776530754438244912e+02,3.003051653645864008e+02,3.027523925403011731e+02,2.866619421287028899e+02,2.767886997994908143e+02,2.478659008309023193e+02,2.300853258538563182e+02,2.127416812993754149e+02,2.244907345317009231e+02,1.925457739164834550e+02,1.638633906726424243e+02,2.349197021836148167e+02,2.040641648429645443e+02,2.316580803104532436e+02,2.338909505893980736e+02,2.401936547739045125e+02,2.604634025557667201e+02,2.825094435175734588e+02,2.878437685006911693e+02,2.324155948948265404e+02,3.103750197443450816e+02,4.463705484437837185e+02,-3.301817100921718406e+01,-5.385166781560832305e+01,1.266610156230628270e+01,-2.742423495017312529e+00,-5.956983964086066408e+01,3.866949123750342778e+02,4.224183869567648912e+02,3.791833047858317514e+02,4.283995326114800264e+02,3.557856197028755787e+02,-3.902079531852476890e+01,1.009979420562710395e+01,1.049357382719716547e+01,1.705922285971833219e+01,3.812596350163265697e+02,3.433962944398430750e+02,2.983232762038052215e+02,2.603975745275492386e+02,1.892173813576702059e+02,2.192079502537273470e+02,2.018634338824361123e+02,2.244338193297744226e+02,1.888669506379243046e+02,1.857979280514985874e+02,1.926595031049826616e+02,1.953652816462509634e+02,1.981299535202799689e+02,2.073489788970865391e+02,1.726167390840881808e+02,1.895987804651956310e+02,2.109452270021679396e+02,1.764267283632970589e+02,1.931162272514583265e+02,2.174782801987356038e+02,1.614200145474134445e+02,1.926614113893163562e+02,1.675070490835751400e+02,1.806750978748823115e+02,1.921118173842017995e+02,1.756860065051257891e+02,1.651797482136959445e+02,1.515539111761767685e+02,1.722762193685681495e+02,1.762404867463751259e+02,1.656944642532831722e+02,1.986975447605535692e+02,2.013607811697065983e+02,2.113820206052989761e+02,1.986332490229219161e+02,1.824941639304171872e+02,2.226736767209102936e+02,2.782178384240525020e+02,3.371067870211456352e+02,2.859798384920795229e+02,2.163329669957473982e+02,2.129575397546600470e+02,2.258394222013866397e+02,1.611729403924265398e+02,2.461725483155768472e+02,8.060195560444161078e-01,3.170826849892472571e-02,1.122972848285263100e-05,8.381669962533505216e-07,-1.444980119194870849e-08,1.530358772249943820e-16
6.152200523939095627e-76,1.080052363960484276e-74,-3.642509167798662071e-74,1.183248765729766292e-73,-4.866219840544720419e-73,1.076470948609491141e-72,-1.156590500430320860e-71,3.110867435813370440e-71,-7.041670410011248152e-71,4.905579570818752052e-70,-1.998104388727796776e-69,6.967733714037344014e-69,-1.388342973077262531e-68,1.153606740944790000e-67,-3.293232267744999697e-67,1.120834099013088207e-66,-3.690262787972058156e-66,2.105884669054787916e-65,-5.710250642927917165e-65,1.859815150909208841e-64,-7.438352115973921214e-64,3.501392453507670021e-63,-9.406812288116111902e-63,4.225309829572798767e-62,-1.337806039912497307e-61,7.432531957733381539e-61,-1.312534796938842580e-60,1.104135589190409472e-59,-2.931828632858135177e-59,1.149420357333357861e-58,-4.597107904537594996e-58,1.557024651155964120e-57,-3.976334436450777941e-57,2.024232533353686755e-56,-9.053611504690590175e-56,2.367618025285115560e-55,-1.340756273516960781e-54,4.647399776701805498e-54,-1.569812716699393072e-53,5.243490989960631089e-53,-3.297751735885918300e-52,1.046223921580483631e-51,-2.753098545970704231e-51,1.228556934387594723e-50,-6.351271968184310804e-50,-3.093597349519365306e-50,-4.510191312308202437e-48,-4.247869225350363790e-47,-4.655962264261163264e-47,2.230658292725347720e-45,-1.040371660728995260e-44,-8.529725847681312318e-45,2.480599817783694049e-43,3.062312953568001234e-43,-1.516960769081191202e-41,-3.649191947553438541e-40,1.199557944521474686e-39,-4.009930453475368612e-39,-7.299307792050636251e-38,-1.040090876576913915e-36,-1.319073500642006579e-35,-1.473636028543202532e-34,-1.830294455053995416e-33,6.374445850969974155e-33,1.875272279268572469e-30,2.264061338198001253e-29,-6.151344397300957374e-29,-5.749931397593384733e-29,-1.437015938055569460e-27,-1.374542745609776184e-27,-1.547535927264820831e-26,5.765501395952132323e-26,6.720044788981562933e-25,-1.835249643761244780e-24,1.931296186335056627e-22,-5.893996073756357484e-22,2.086027616183489133e-21,3.232822509100702997e-20,-1.516239966909017006e-19,-1.806031457465675295e-18,6.363161831199787161e-18,9.154225965034757694e-17,-2.628899319343501775e-16,1.307616816663446258e-15,-6.524039290672648139e-14,2.526154572824467542e-13,3.460935248629362611e-12,4.928002752398741358e-11,-1.796782159318667076e-10,-1.304780012682458590e-10,-1.167958411389282375e-10,-1.099501879526816865e-10,4.296452343907079436e-10,-1.414730943642192853e-09,-1.190910884733890712e-09,5.706307830509965912e-09,6.876521048041870420e-09,-2.500239026492936330e-08,-2.122689177290540192e-08,1.305919031030792787e-07,1.268471866754350676e-07,-7.238533848875598276e-07,1.909547068993806129e-06,1.929066196529574812e-06,1.491098920981369730e-06,-6.471515189987054840e-06,-4.812221649675748837e-06,1.973539752313067133e-05,1.771625031344630904e-05,-9.182361504517617078e-05,-6.932264708085936558e-05,4.121062499892777335e-04,3.330255626684107558e-04,-1.099747060577296312e-03,4.408939342561958574e-03,4.874652249230166171e-03,-9.023301167128351587e-04,-2.835943792113798307e-06,-3.646301754524805458e-06,-3.444964437328795856e-06,-2.735310120943540664e-06,3.663692915048851612e-02,4.533046220421293460e-01,4.732995070082661737e-01,-2.295474877309642725e+00,6.815982053338617952e+00,3.500820333736190832e+02,5.023685343638913992e+02,8.328218270396556591e+02,3.531299002682061655e+03,2.833293209357464093e+03,3.068640043638916950e+02,3.139042302903299628e+02,3.074849805670753540e+02,2.927748644103367042e+02,2.868370251333005854e+02,3.223030405532138616e+02,2.798770580628740845e+02,3.012547301650848226e+02,3.742473160382828610e+02,3.313795102835935040e+02,2.922737588880103203e+02,3.584874274102636491e+02,3.203794622102730614e+02,2.517938499402915795e+02,2.808082956775505750e+02,2.940931489221607080e+02,2.571267183870390340e+02,2.640735228273803727e+02,2.280819676024565581e+02,1.986673291357069218e+02,2.495927219200936236e+02,2.607887119651679768e+02,2.004931580240558731e+02,1.929320162493747546e+02,2.454658179004973135e+02,2.358353981955756637e+02,2.394569165061742524e+02,2.437553101005822498e+02,2.499914678318394579e+02,2.707910605538111213e+02,2.771868280577256201e+02,2.407181671224912236e+02,2.373828004191817911e+02,3.700436196073960673e+02,4.287699614717875534e+02,6.736698252649537366e+00,1.099062504052609235e+01,-2.590337730821282936e+00,5.719261019614740871e-01,1.211183160641942358e+01,-4.432685178539780679e+01,3.020000369436287428e+02,3.564948854670665810e+02,4.049193580018983880e+02,-3.504592771136298524e+01,1.178875479084122979e+01,-3.047743954366763486e+00,2.094867540083265478e+00,-1.715487356289031240e+01,3.787994728761387364e+02,3.326310521367495880e+02,4.804962662736555217e+02,3.140074858578927888e+02,2.996993238331935459e+02,2.449708417686168502e+02,2.206026048198819751e+02,2.247084113556762759e+02,1.892660182975486123e+02,2.005289899331628760e+02,1.963444288353543357e+02,2.044897725170052354e+02,1.933900926993402720e+02,1.999209564607719756e+02,1.997721946891080904e+02,2.043797627859946147e+02,2.005896553427787978e+02,1.781041007888127297e+02,1.544576587388170879e+02,2.224990311117843191e+02,1.703783275103003234e+02,1.885635435393955959e+02,1.742868159213753643e+02,1.953432108292788882e+02,1.830232546026213640e+02,1.808760008937614430e+02,1.808959653873697278e+02,1.562774341131286064e+02,1.572849035853194835e+02,1.639922601737919194e+02,1.617021977341322554e+02,1.822261970324592539e+02,1.959181045592482633e+02,1.888273807376382081e+02,2.054438232645049709e+02,2.015441312473789992e+02,1.627221083475592707e+02,1.863545680962712368e+02,1.983368555270429852e+02,1.769390007449849236e+02,1.831796332529785900e+02,1.998809423482318550e+02,1.874438205694806356e+02,1.795931756187168844e+02,2.062634161768123420e+02,-1.645576494690209612e-01,-6.473560112190560392e-03,-2.299135900270350824e-06,-1.797120088345278995e-07,-5.012209270692722258e-09,1.211399776744516700e-16
7.320809263865834229e-76,-1.115290246618396704e-75,-5.356413903890034783e-77,-1.704823358732430706e-74,4.408033300419891157e-75,-3.189470606013054833e-73,9.220652055590770156e-73,4.245205399437663786e-73,1.973606683764571869e-71,-2.192175248582910906e-71,2.937770869487772938e-70,2.844018711949987717e-70,9.864780114931440849e-70,-1.357577970094982911e-68,-1.391270079117098611e-68,-9.305113316632130544e-68,4.463922578900836234e-67,-2.299898566134265652e-66,5.600373382683015720e-66,-1.149626386204021794e-65,-2.642127393854392335e-66,-6.105772102874908682e-64,5.933172865927709809e-64,1.744119979398606864e-64,2.127050136731922196e-62,-9.011816669907652793e-62,7.849180176331359074e-62,-5.447236365395080058e-61,2.781046227356749130e-60,-1.660800791678845303e-59,3.595859119223435012e-59,-1.608305349013538938e-58,3.111475274174681358e-58,-2.617113122027930742e-57,5.736474299585363716e-57,-2.813489311615171243e-56,-3.530070030799325824e-56,-2.856499388789859335e-55,2.844910431454497391e-54,2.058576587124341399e-54,2.016066591456051688e-53,-9.999387955979250760e-53,3.302204474346873774e-52,-1.789899796646330579e-51,1.838831617156243790e-51,-4.729897120110242289e-51,4.118205167801059221e-49,3.741806563818738257e-48,4.442446465593639406e-48,-1.899943991390354193e-46,9.014485886860399589e-46,7.932853147868534549e-46,-2.122979537172391784e-44,-2.624982284657550316e-44,1.305854357682191563e-42,3.139685653086971985e-41,-1.031775464926675004e-40,3.451726275405789632e-40,6.281378306878576958e-39,8.950018212648456874e-38,1.135067387469248640e-36,1.268077655674069793e-35,1.574985175372914240e-34,-5.485270672462257685e-34,-1.613689037397467485e-31,-1.948245583303894234e-30,5.293288380827594825e-30,4.947868779927218929e-30,1.236565417805630801e-28,1.182806668305064924e-28,1.331668880996402732e-27,-4.961266907492510644e-27,-5.782660279388854647e-26,1.579249180769991440e-25,-1.661898112694196459e-23,5.071837774201847160e-23,-1.795045929569259313e-22,-2.781873471507174626e-21,1.304738422417727594e-20,1.554106662569704584e-19,-5.475559219073380000e-19,-7.877295549927597129e-18,2.262192018041035744e-17,-1.125216284834789845e-16,5.613995751062643058e-15,-2.173779219668521965e-14,-2.978166579757962031e-13,-4.240591645845345980e-12,1.546147556533296671e-11,1.122775188945247540e-11,1.005038943945669819e-11,9.461314693144462881e-12,-3.697136716791925742e-11,1.217388975241084483e-10,1.024789758140984805e-10,-4.910330316456042395e-10,-5.917309541804143501e-10,2.151478653943845045e-09,1.826593539860145108e-09,-1.123755324699038620e-08,-1.091531695782844203e-08,6.228824883015586337e-08,-1.643182797367961180e-07,-1.659979185949943719e-07,-1.283104321393637809e-07,5.568798279843110497e-07,4.140960943180868133e-07,-1.698249089314895491e-06,-1.524499616773477727e-06,7.901506440156834220e-06,5.965277473432504554e-06,-3.546212144574264319e-05,-2.865715564418477629e-05,9.463424498610546038e-05,-3.793932812640251500e-04,-4.194683047696091158e-04,7.764633558421854390e-05,2.440355689154273871e-07,3.137676161144092341e-07,2.964423550078703051e-07,2.353759489827017109e-07,-3.152641414604596612e-03,-3.900727921305015278e-02,-4.072785743524268143e-02,1.975277222243513320e-01,-5.865215180642378012e-01,-1.051081635310285023e+01,6.545952470356768345e+02,2.117582059321541237e+03,4.346624278762459653e+03,2.463717472779899254e+03,2.787696276447770742e+02,2.962595463443956305e+02,2.898356477647172369e+02,3.095685848034698893e+02,2.892803754262073994e+02,2.866510885626164509e+02,2.933157240955170550e+02,3.040341625307419804e+02,3.591310268137807498e+02,2.763007118775743720e+02,3.226980150877160440e+02,4.501685536994485233e+02,3.397930243383219704e+02,2.547771754760578062e+02,2.597489712688135342e+02,2.522945525412946495e+02,2.541845308084822932e+02,2.531612715130140714e+02,1.925963707946679051e+02,2.805115085348841149e+02,3.555872288080777821e+02,3.012665354702002674e+02,2.653780328341302948e+02,2.572788430555653463e+02,2.807486822182144692e+02,2.896159096400023145e+02,2.496654328216986016e+02,2.204716956365010958e+02,2.142265252914975520e+02,2.307566449723084077e+02,2.816405146601981073e+02,2.232147664448522448e+02,2.868392664516697437e+02,3.554692156864042545e+02,-1.312718581562663189e+01,-5.761778939410138189e-01,-9.426733419295828531e-01,2.264986058772155142e-01,-5.901793051056249823e-02,-1.001490839890329498e+00,3.853695868042897654e+00,-8.872014385564211736e+00,-1.022587442541201419e+01,-1.673951220106066629e+01,-3.661295423300267027e-01,-4.129026859187432841e+00,1.065520340917989195e+00,-3.633035540660970675e+00,1.265070224896197004e+01,3.710810818058706673e+02,4.834655950106387081e+02,5.227883536613270508e+02,-1.387732475775133523e+01,4.708628208821368730e+02,3.163896251138913271e+02,2.431866945600100678e+02,1.815409864189652751e+02,2.254495135989596406e+02,2.818591415145843371e+02,3.155463200652455384e+02,2.375410608880342238e+02,1.958595704119612435e+02,2.085873048537141017e+02,2.222678987812663536e+02,1.994078799423341763e+02,2.193496179827172341e+02,2.111626116588494710e+02,1.903197121789717983e+02,1.946475153476481808e+02,1.677158162978856240e+02,1.900654477756292522e+02,1.824866855794860498e+02,2.360862059715874182e+02,2.074541908753377868e+02,1.751731138116415707e+02,1.940753999367924507e+02,1.950975129101364587e+02,1.487796758570773079e+02,1.908962237535398856e+02,1.629800374105974470e+02,1.732160660628884443e+02,2.016901711644075021e+02,1.989930914176055978e+02,2.080528662987858013e+02,2.235538160388557287e+02,1.998688370938401135e+02,2.028625830560396253e+02,1.888447183425437004e+02,2.020180494766315178e+02,2.016412830703176837e+02,1.920486243088005835e+02,1.873932534101989233e+02,1.975250664385351342e+02,2.213108576738402746e+02,1.416031487280877861e-02,5.570326001995332512e-04,2.031103886420693456e-07,2.246493008985713338e-08,6.919476299923541456e-09,1.021106035122752860e-16
-1.052553885364726400e-76,-5.195503273873445298e-76,3.150707576256428450e-75,-8.335182824727380916e-75,7.459628085644516961e-75,-1.276245687228512244e-73,2.034672319666442739e-73,-1.815993384846960818e-72,9.156400781719960234e-72,-2.356075838630281883e-71,8.282271299378465105e-71,-2.587728285689288475e-70,1.706153884594254608e-69,-2.051586689012973212e-69,2.216651767782785115e-68,-2.981726483989729348e-68,3.338542155186069074e-67,-6.738754246955788359e-67,3.539320436106964792e-66,-7.604314570892717436e-66,6.300560575515939136e-65,-1.404119679844695502e-64,7.330640949061638496e-64,-2.328935484034395457e-63,1.390019577885690595e-62,-1.623913342293001242e-62,1.725996050585885742e-61,-3.532850615467091996e-61,1.233248045099504595e-60,-9.120563579415610191e-60,2.276408187135402393e-59,-7.485708402743343465e-59,3.046678229887548523e-58,-1.858216361826045122e-57,4.658905162060124537e-57,-1.361113411303870412e-56,7.137202668593941691e-56,-1.036464668151320280e-55,1.278677410791564600e-54,-2.130753001023653070e-54,1.160813195627705777e-53,-6.404082083978011876e-53,1.153541229364726131e-52,-8.489267400916081289e-52,2.734837383905284142e-51,2.887102730425958503e-51,2.425527355548130416e-49,2.369862416198135678e-48,2.680294045657942446e-48,-1.249408961867680548e-46,5.814357449519240278e-46,4.864383201411256186e-46,-1.395798360916800721e-44,-1.712927729079971160e-44,8.525036519297030697e-43,2.052957298706751533e-41,-6.748828677364493181e-41,2.256730540168253308e-40,4.107148078735308580e-39,5.852281745159562710e-38,7.421995544858051196e-37,8.291681457698199923e-36,1.029847402219652065e-34,-3.586693511968568975e-34,-1.055154771132858093e-31,-1.273913738296116830e-30,3.461161592706948146e-30,3.235299514283991807e-30,8.085621685208588922e-29,7.734105334245594645e-29,8.707481757878575833e-28,-3.244060270841884292e-27,-3.781150819707794711e-26,1.032635334680408577e-25,-1.086677602933472163e-23,3.316360054134624970e-23,-1.173739950210545244e-22,-1.819004169157962066e-21,8.531389562865936264e-21,1.016195210698161266e-19,-3.580344379398735720e-19,-5.150785466588008714e-18,1.479196215924369283e-17,-7.357534892471923427e-17,3.670864897828798173e-15,-1.421385085943438462e-14,-1.947355794747518466e-13,-2.772827003977031772e-12,1.010990931203896322e-11,7.341573118347723015e-12,6.571722430645833603e-12,6.186539772104356000e-12,-2.417474112547338146e-11,7.960231276217377286e-11,6.700868539314332569e-11,-3.210753978930282638e-10,-3.869194928137126493e-10,1.406803250197517023e-09,1.194368219249882856e-09,-7.347982004448167787e-09,-7.137278980231002173e-09,4.072887766873557982e-08,-1.074440081368444013e-07,-1.085422860121743635e-07,-8.389929067482009350e-08,3.641311293243310179e-07,2.707680740001370441e-07,-1.110446684708554637e-06,-9.968358328215000847e-07,5.166616420336264948e-06,3.900560074147937043e-06,-2.318787946946177135e-05,-1.873826618161147716e-05,6.187919326199179976e-05,-2.480766891212027704e-04,-2.742808409569878671e-04,5.077118337454664565e-05,1.595693412467564310e-07,2.051655503710677248e-07,1.938369538476744478e-07,1.539070114948705720e-07,-2.061440944646470742e-03,-2.550597798295190649e-02,-2.663102518281822151e-02,1.291589117651364971e-01,-3.835131603146393897e-01,-6.872785179936261812e+00,6.123790201273658340e+02,5.343609417568997060e+02,5.957012659586147265e+02,3.923695516900456823e+02,2.433131900336800300e+02,2.386338950064835842e+02,2.508717238375654688e+02,3.190660048723983664e+02,3.105926636532361726e+02,2.852623216514508044e+02,3.059904285381475120e+02,3.230378263140438548e+02,3.150807269741782761e+02,2.905081730357507013e+02,3.391850023073341163e+02,3.869692601073359697e+02,3.011822798396004259e+02,2.684850157193867517e+02,2.367969909500019412e+02,2.180810338722460244e+02,2.402574308187921588e+02,2.275296812810298945e+02,2.512483674381451806e+02,3.512594980325087022e+02,4.004211006157622137e+02,2.556165349959802668e+01,2.353930449989623241e+01,3.481160733287047719e+02,3.768957964374116614e+02,3.494571966466876916e+02,2.564612017571315619e+02,2.253963791023634826e+02,2.144179030958341627e+02,2.138419812528040893e+02,2.700027588675122843e+02,2.363856515251486314e+02,3.171494876210299481e+02,2.310449415069623669e+01,-8.561774666249860388e+00,-3.558616949253095019e-01,-5.981216672376767907e-01,1.694440317767727799e-01,-9.674386776799069609e-02,-4.131581893185056198e-01,2.753151511881424263e+00,-7.003787046857857135e+00,-2.992144373593243589e+00,-3.511992467364911619e+01,-2.030096798908714817e+01,-2.117596748190998568e+01,5.461735727961269049e+00,-2.285774827615522042e+01,3.862188722219704005e+02,3.760393391512715766e+02,4.394928089238937332e+02,4.225725659535406180e+02,-3.056513257698556174e+01,3.947834039614300394e+01,2.140523336332483240e+01,1.585691049828972332e+01,1.575536583626385401e+01,1.841898233778859151e+01,4.639028330923115391e+02,4.002770908974197823e+02,3.125924379700298346e+02,2.016425571558114598e+02,1.936660564163246931e+02,2.301505452038583144e+02,1.902459425383576956e+02,1.878633824589230699e+02,2.022775329882551887e+02,1.710387352133344621e+02,2.013928157656437747e+02,1.878988003152525152e+02,1.990696671745904212e+02,1.812985846035967370e+02,2.326652906017482110e+02,2.205529446327960841e+02,2.019440248100099780e+02,2.300059214276025443e+02,2.398109720891477821e+02,1.618332141808342897e+02,1.988333091484622628e+02,1.881026663383531741e+02,2.014757294842127919e+02,2.215645842905658185e+02,2.183635581131540846e+02,1.899949965456455061e+02,2.416261646405499164e+02,2.340434127476515584e+02,1.851461940490527240e+02,1.712755975605016374e+02,1.882030645636890540e+02,2.114459189927794114e+02,2.216601416637784894e+02,1.948435207991404923e+02,2.232628412224434555e+02,2.506165909865244998e+02,9.258978914248806175e-03,3.640934271964978066e-04,1.640574274313452667e-07,5.621727424198266968e-08,4.301298800908903301e-08,1.532946776897153955e-16
-8.220139872144791571e-77,5.215321294339924481e-76,-1.294681776427390627e-75,8.474381477627314770e-75,-2.069356769660662759e-74,9.934477811857308600e-74,-3.565114550329851252e-73,1.116945780147233512e-72,-4.912708107468713448e-72,1.881687662094095542e-71,-4.506256969910331090e-71,2.021132105373891722e-70,-7.512217036882799752e-70,4.433927798289391972e-69,-8.494790353069245969e-69,5.222970970644850587e-68,-1.880721022092051388e-67,5.114107925602539771e-67,-1.972904196779747877e-66,9.865374115519309267e-66,-3.326937026889055079e-65,8.697316286782677431e-65,-5.054248455937775152e-64,1.569740334279641039e-63,-7.511225388998829339e-63,2.009057490220977618e-62,-8.857573440681849780e-62,2.669077785431187917e-61,-1.345508330210018632e-60,3.927647822283218760e-60,-1.993176459419708027e-59,7.546881286786873249e-59,-2.264030755223671732e-58,9.822962127653048928e-58,-2.016344635238482889e-57,1.431671528717441793e-56,-4.659803607112105937e-56,1.807179526152033596e-55,-7.079763034212281339e-55,3.027794188861421184e-54,-7.758206159353405358e-54,5.082320451008453781e-53,-1.389275956210975607e-52,6.924896814292631737e-52,-2.586659059713565650e-51,-2.182755747524328221e-51,-1.869680498801539373e-49,-1.753135362553284517e-48,-2.071058420758677377e-48,9.230640320458080722e-47,-4.327361820890967947e-46,-3.577191286985167203e-46,1.032468772009246443e-44,1.288648235475883623e-44,-6.306869487569469812e-43,-1.518181575395058463e-41,4.991790804265313651e-41,-1.668673934633522094e-40,-3.037183923644241914e-39,-4.327788405192924632e-38,-5.488626029124677540e-37,-6.131765205219391609e-36,-7.615815653192153036e-35,2.652393716996219949e-34,7.802968038730370512e-32,9.420711028294783162e-31,-2.559561306354047623e-30,-2.392534208809099153e-30,-5.979392716430555930e-29,-5.719443106507742053e-29,-6.439264035781134595e-28,2.399012853516392715e-27,2.796196328028337447e-26,-7.636434694535470233e-26,8.036082312815609442e-24,-2.452479217491974467e-23,8.679916497997482001e-23,1.345170563129224135e-21,-6.309042220505393146e-21,-7.514858442846462262e-20,2.647698090345000342e-19,3.809053934061536032e-18,-1.093879409667912302e-17,5.440965734056192286e-17,-2.714638858711873838e-15,1.051127539392043195e-14,1.440087788380867745e-13,2.050531453209739240e-12,-7.476372310173029968e-12,-5.429161853090418782e-12,-4.859850083137339778e-12,-4.575003911545183592e-12,1.787744672851460889e-11,-5.886665335881466411e-11,-4.955354836050002479e-11,2.374382539145739011e-10,2.861305767494784142e-10,-1.040344135739523727e-09,-8.832464473165074242e-10,5.433901284187339156e-09,5.278084430909457086e-09,-3.011938523171058117e-08,7.945584698487295219e-08,8.026803372587722082e-08,6.204430863662002556e-08,-2.692783692244036440e-07,-2.002355182872789192e-07,8.211856891329638859e-07,7.371694036285952015e-07,-3.820761072138340114e-06,-2.884500585756957325e-06,1.714765332174383525e-05,1.385712275915537288e-05,-4.576024104676151253e-05,1.834550273499047687e-04,2.028332422428260327e-04,-3.754576404401265569e-05,-1.180030173975608662e-07,-1.517218396833650708e-07,-1.433442367799384340e-07,-1.138156717771651724e-07,1.524454821692748522e-03,1.886190881144066481e-02,1.969389171783069228e-02,-9.551422092216087234e-02,2.836115620690436989e-01,5.082488796596376091e+00,1.002144485148099307e+02,3.692802099627849088e+02,1.914491788779264994e+02,1.241901530223430115e+02,2.137965607199231215e+02,2.181486143019201052e+02,2.427846828241320623e+02,3.231920340555648181e+02,3.242360882511732711e+02,3.562121706360914004e+02,2.770785472996474823e+02,3.170591912401438890e+02,2.996068957384044324e+02,2.995133484422533456e+02,3.224239520720108771e+02,3.499324337436118526e+02,2.872038478125289203e+02,2.895219795791944648e+02,2.764560616252164209e+02,2.577248648488983349e+02,2.874157215793085811e+02,2.934085612771772844e+02,3.133299122038999371e+02,3.806074692720393955e+02,2.446044227217781852e+01,-5.167315892534912791e+01,-4.898598001261435542e+01,3.950992854139212795e+02,7.040474251496985403e+01,3.631481059140903085e+02,2.809664641109442869e+02,2.356376886323054123e+02,2.599952979725815680e+02,2.341829089672435771e+02,2.468107840188706632e+02,2.459300616179496330e+02,5.563221065441999258e+01,-1.684376311985885977e+01,6.173808829463413694e+00,1.120248479916858275e-01,3.101132106364447583e-01,-2.797265308695941477e-01,4.923202420142157587e-01,-1.443278081031370341e+00,-3.724107439572432732e+00,1.388079035188097876e+01,-2.451809976165917249e+01,4.439553178952601797e+02,3.766628383689410953e+02,3.449972498502127110e+02,-3.851697373527841251e+01,3.843553712983374453e+02,3.777721608944522131e+02,3.858257900474846451e+02,3.342975823744149011e+02,3.230601718287487643e+02,4.008481332105138790e+02,-6.571692388747761981e+01,-1.074554127632578471e+01,-7.683494935273255777e+00,-4.110517673710140230e+01,-3.224154390988958596e+01,3.760872198069188244e+02,2.753642391754859204e+02,2.303070662692744861e+02,2.563445724414886513e+02,1.784493071490131513e+02,2.274950177834629415e+02,2.069954914494299203e+02,1.642145715903508005e+02,1.854533917086898498e+02,1.534405094963278486e+02,2.065228028106393197e+02,2.217838247727492558e+02,2.365139461261429688e+02,1.996418737557542045e+02,2.097857957122762400e+02,1.842605607703294481e+02,2.083810230717680554e+02,2.110209272614900158e+02,1.805890070467716839e+02,1.643469391047005388e+02,2.023071392280320708e+02,1.665653267456737012e+02,2.013558349964035017e+02,2.307426544009450993e+02,2.065472597942068660e+02,1.871175236450559680e+02,1.923865329140118092e+02,1.945110297220061852e+02,1.759354567296477967e+02,1.518898305955661954e+02,1.642676073828211827e+02,1.984327292141458656e+02,2.015910642325757181e+02,1.874503429678316024e+02,2.099089677916641108e+02,4.452237255480019229e+01,-6.846154639009838228e-03,-2.682548891367129832e-04,-3.474224454248447787e-07,-3.420548459023485612e-07,-3.102976573139701163e-07,5.706724698926227296e-19
1.379606142915682514e-76,-2.193737227826425018e-76,6.067531853044246390e-76,-2.980845984383355580e-75,9.700587711356948750e-75,-3.627058562590935496e-74,1.351053973985174410e-73,-5.326158155257516907e-73,2.234268831612622164e-72,-5.373371616131908601e-72,3.196723602771382612e-71,-8.798848287989738539e-71,4.811141103514681872e-70,-1.055698627948384901e-69,6.235954007716403942e-69,-1.905238477482376595e-68,7.539793685979585952e-68,-2.609868464567521214e-67,8.758192952000270750e-67,-4.004126503886889903e-66,1.316205706434021093e-65,-5.555249820912927139e-65,2.047638026681329303e-64,-6.662473271923781347e-64,3.269425919935347694e-63,-9.381183295683416867e-63,3.953009514556789122e-62,-1.467071457889955360e-61,5.752534394539311433e-61,-1.788157519750231198e-60,8.164731708470166924e-60,-2.663620188677336604e-59,1.022208430804282129e-58,-4.694082781704820928e-58,1.315842591331454790e-57,-4.918422392712560255e-57,2.074499564010632019e-56,-7.683687076102964838e-56,3.426992363247637808e-55,-8.546649800432516238e-55,4.275558892930979062e-54,-2.063303400464608128e-53,5.351139908841518495e-53,-2.477357220451023729e-52,1.197546438447585593e-51,6.474508768773872639e-52,8.423117696198137308e-50,7.666398633499073888e-49,8.652367158077396251e-49,-4.047875387099585874e-47,1.884664980209182989e-46,1.561125681274505397e-46,-4.517526351836398868e-45,-5.604219779942780155e-45,2.757469474569212888e-43,6.637157200391790525e-42,-2.181886442208489597e-41,7.294129371582809767e-41,1.327667549413344271e-39,1.891848544563092055e-38,2.399297873252166974e-37,2.680439593536621047e-36,3.329175439708795170e-35,-1.159466391632943566e-34,-3.410986694548734022e-32,-4.118166292062798665e-31,1.118885726202692515e-30,1.045871559124903905e-30,2.613829622629750205e-29,2.500195338637573776e-29,2.814857610229195688e-28,-1.048703632426964497e-27,-1.222328276532245034e-26,3.338188368394180367e-26,-3.512890186855809798e-24,1.072075899853217983e-23,-3.794335635390389786e-23,-5.880273853502196563e-22,2.757932490258953290e-21,3.285042568241470377e-20,-1.157413809028075676e-19,-1.665088492789904092e-18,4.781780591892950591e-18,-2.378461841253160817e-17,1.186676272892906440e-15,-4.594895217011506810e-15,-6.295194677075181668e-14,-8.963685959683429455e-13,3.268218753785153106e-12,2.373301896892078755e-12,2.124433150644712028e-12,1.999915595697019488e-12,-7.814940755214235428e-12,2.573294807938680801e-11,2.166182064636070445e-11,-1.037936745410224676e-10,-1.250790193649899865e-10,4.547756684331879847e-10,3.861020403446324250e-10,-2.375373690129574054e-09,-2.307259965864442516e-09,1.316637743318564057e-08,-3.473330091660923318e-08,-3.508833994200850348e-08,-2.712202718635646147e-08,1.177122513134330272e-07,8.753088381512515378e-08,-3.589728224091375175e-07,-3.222459730071726953e-07,1.670206146997752263e-06,1.260929568321212016e-06,-7.495919122871021134e-06,-6.057497753736998100e-06,2.000361562562332608e-05,-8.019546592741186005e-05,-8.866645194849966929e-05,1.641274204695077654e-05,5.158379738984605240e-08,6.632363146806929857e-08,6.266144908482506424e-08,4.975334261448349801e-08,-6.663996428823633659e-04,-8.245288162797171500e-03,-8.608980876949697339e-03,4.175305283369084436e-02,-1.239778581763824744e-01,-2.221757359292684697e+00,-4.121118062999092047e+01,1.850466767557947207e+02,2.072525228291581243e+02,3.284178680745351357e+02,2.186871499164554393e+02,2.416802391140144550e+02,2.481824234150159043e+02,2.784207638896833146e+02,3.239867616373605870e+02,3.271432250085380815e+02,2.787702876106005760e+02,2.823277358190574091e+02,2.815171148755650847e+02,2.954674947823571642e+02,2.875436123027312760e+02,2.912975967035728786e+02,2.880943499052211223e+02,3.143227822548095673e+02,3.419151929635342526e+02,3.715393650292565439e+02,4.246291941242467374e+02,4.322274512549647056e+02,4.032889683319759797e+02,3.979961870656108545e+02,2.965318756494096988e+02,2.824883518154799162e+02,2.664777750036568023e+02,3.705492119887008471e+02,-2.915490238078311691e+01,4.977316671539524577e+02,2.883625179572188699e+02,2.548754294047548115e+02,3.049257776933396826e+02,2.556028007068228476e+02,2.661768695758164540e+02,3.472916020548157690e+02,-2.297590945943734297e+01,7.078842766891132676e+00,-2.000185832985315937e+00,6.205759845929172958e-01,4.501017793890700891e-01,8.063693411684584866e-01,-2.079267805178607098e+00,8.378202529826220157e+00,9.106401790128156648e+00,-4.461540013057887677e+01,2.159523796942501122e+02,3.675796293703867264e+02,4.119710709359087559e+02,3.560446272724309438e+02,2.830411765986207229e+02,4.124314620714608850e+02,2.520940097551986696e+02,3.078262110825455693e+02,2.465508763859659780e+02,2.734732506964647882e+02,3.729115603772481791e+02,3.086199184770723605e+02,-1.712779599498092153e+01,-1.401367389650109629e+01,2.394039938834835652e+02,1.559762370030951502e+02,1.895047704454541133e+02,1.818302820295718902e+02,1.743750194129591478e+02,2.055071711710962177e+02,2.220651839607484987e+02,2.020112981229507341e+02,1.769852961954923103e+02,1.901064691000734967e+02,1.760088060857576693e+02,1.670167924416997209e+02,1.846677308998802971e+02,1.959234136974590967e+02,2.291717171142207690e+02,1.926688810221056656e+02,1.770425576499886802e+02,1.808536321518486432e+02,2.148996886741629169e+02,2.019536504849596383e+02,1.769003596393665418e+02,2.030458640252591920e+02,3.055483757167014005e+02,2.502213804892187454e+02,2.519739256947261481e+02,2.484925037643374424e+02,1.878503567872394910e+02,1.983503335711099567e+02,1.978575509068888039e+02,2.012506054686548111e+02,1.942277956548435895e+02,1.645476946879767297e+02,1.723990999270255884e+02,2.403519296391409341e+02,2.315844147828830728e+02,1.758444952429320551e+02,2.043819162775654661e+02,-1.838305281682582404e+01,2.988531721177693952e-03,1.128543158179591739e-04,1.153503497295141569e-06,1.480667924502147147e-06,1.369358221341696618e-06,-4.772573114235632950e-17
4.689061528731736749e-78,6.133069232980178194e-77,-2.801540832072235612e-76,1.017083113692752032e-75,-3.360688028086609804e-75,1.281483634416762974e-74,-5.303285955458755745e-74,1.653419147784410569e-73,-6.154510024485744374e-73,2.411979485608800361e-72,-8.860848998459789324e-72,4.122817680724159823e-71,-1.469519619686777896e-70,4.791926841722943004e-70,-1.907988628165409981e-69,7.592528243754868163e-69,-2.780445565375427346e-68,8.683153751957808243e-68,-3.042719308558138644e-67,1.116201771973338334e-66,-5.830257488307924071e-66,1.627415528438579810e-65,-6.280170076160921262e-65,3.080596470228535840e-64,-1.076298720886043955e-63,3.676808193347956662e-63,-1.214665811924670267e-62,5.524812366683483435e-62,-1.595258576766162530e-61,6.636056151495715407e-61,-3.056730355302785751e-60,9.159493840086985786e-60,-4.163834818413529354e-59,1.317190991445911719e-58,-5.845145889988578850e-58,1.528186166945922398e-57,-6.681977111300287236e-57,2.769141759551083052e-56,-1.040289307362978455e-55,2.864265957394253034e-55,-1.194136348116779087e-54,8.893265529906675930e-54,-1.401028983253484352e-53,1.082920358230251283e-52,-3.384276022445463592e-52,-3.753041240839731467e-52,-2.989682671197718643e-50,-2.699223733995787198e-49,-3.154697022123312406e-49,1.408354276130210253e-47,-6.578573530874767692e-47,-5.472353047170834384e-47,1.573381092100400292e-45,1.960105367631173446e-45,-9.615825293596122961e-44,-2.313724111315087263e-42,7.606046646301413828e-42,-2.542767964296565498e-41,-4.628273377343839382e-40,-6.594968275622099656e-39,-8.363940669917630535e-38,-9.344003054448247531e-37,-1.160549420898051854e-35,4.041896378585634822e-35,1.189068899334006720e-32,1.435591489185893883e-31,-3.900432163775437725e-31,-3.645905010199970835e-31,-9.111801939014460418e-30,-8.715673178211821133e-30,-9.812584871217179556e-29,3.655777601786564290e-28,4.261032569649208971e-27,-1.163691426614362163e-26,1.224592426492313026e-24,-3.737253252306776109e-24,1.322704222319233715e-23,2.049861636339597493e-22,-9.614144082824215348e-22,-1.145164817515466004e-20,4.034740938271751487e-20,5.804493306803760682e-19,-1.666927227017770266e-18,8.291310580683211396e-18,-4.136749796287864294e-16,1.601779043462191930e-15,2.194502906382236489e-14,3.124738137496681187e-13,-1.139300041028546732e-12,-8.273323030689715255e-13,-7.405767355348326226e-13,-6.971699546097856858e-13,2.724285916522389043e-12,-8.970497696543770083e-12,-7.551303939667118890e-12,3.618244266120023651e-11,4.360250724627947872e-11,-1.585346565631931258e-10,-1.345950511716459470e-10,8.280545295471562163e-10,8.043101064543028782e-10,-4.589795077961858832e-09,1.210801789614575926e-08,1.223178438996922478e-08,9.454730241176689564e-09,-4.103445419485312794e-08,-3.051323887250198366e-08,1.251378142375561660e-07,1.123348459594852133e-07,-5.822333433454626488e-07,-4.395596553194807826e-07,2.613075074715467576e-06,2.111641832839374872e-06,-6.973254185203218388e-06,2.795611447844047840e-05,3.090909757059124647e-05,-5.721476772576883013e-06,-1.798209572560288858e-08,-2.312039730056459758e-08,-2.184376166148373641e-08,-1.734399976099670326e-08,2.323067082330244405e-04,2.874304888951319942e-03,3.001088055982425139e-03,-1.455510123102941519e-02,4.321864279843264101e-02,7.745039243979664478e-01,1.436620474936238878e+01,-5.814653189083540497e+01,-6.690596306459735843e+01,1.200222162752576196e+02,2.871049090592786115e+02,2.856884740136042637e+02,2.486761542311675157e+02,2.663515001376422333e+02,3.266832041234782196e+02,3.057686638394986289e+02,2.896615494934208073e+02,2.817115341127578745e+02,2.912590427333302046e+02,3.311612009277377524e+02,2.948918865327334515e+02,2.780813719346111270e+02,3.012169798509754060e+02,3.431918920854357111e+02,3.942997246146078396e+02,3.855445409242121855e+02,6.989069789287339063e+02,1.966383072553119291e+02,1.775149509481337873e+02,4.188705409983130608e+02,4.868337744966527225e+02,4.601913243592552476e+02,3.875037881559051698e+02,3.226340547945378603e+02,1.022621587794780496e+01,2.324874483156151257e+02,3.399366573671356377e+02,3.445327446926735888e+02,2.980002834338840785e+02,2.767856541826040484e+02,2.856869729533379427e+02,1.632933832556385312e+02,8.078350794255888090e+00,-1.448375731709373726e+00,-1.808133694518776702e+00,-2.617429682283127335e+00,-2.257188880515070384e+00,-2.734351697409176829e+00,7.409621556108384688e+00,-3.070361146306141364e+01,-2.999335371986345677e+01,2.078936362756957408e+02,3.139470435862657496e+02,2.032836847212888927e+02,2.481099234666708924e+02,2.478600529144990219e+02,4.166132431082517087e+02,2.958118811258336791e+02,2.270691837950764693e+02,2.125103592789144500e+02,2.216997922298565982e+02,2.543159127268830559e+02,2.075604731439534305e+02,3.976896914088636663e+02,1.155080809217376441e+02,9.289130344722323684e+01,2.859803280748744783e+02,1.969825509930140583e+02,1.571426386317366735e+02,1.608182630601926633e+02,1.971317202777489683e+02,1.648725334651351488e+02,2.296931435060529907e+02,1.859334305895469299e+02,1.646794852066001624e+02,2.066781607216323380e+02,2.014496824396316015e+02,1.479423897489369608e+02,1.659273625327948309e+02,1.707721404805665202e+02,1.927283251604227132e+02,1.721936058924273141e+02,1.723899116773214644e+02,2.097785658714479098e+02,1.989323969370186660e+02,2.320908301027707239e+02,2.206420916836799790e+02,2.610894508784379582e+02,1.084357469989541727e+02,1.372569958886325310e+02,1.288895223852141214e+02,2.994339622326256745e+02,2.622149211376075186e+02,2.089626410232459932e+02,2.348626414035340417e+02,1.999946906777581717e+02,1.772067007851214839e+02,1.753583504109000160e+02,1.755957093056010194e+02,2.458983943882440997e+02,2.197081790381764108e+02,1.702083981660095731e+02,8.183782753390870823e+01,6.407548786400679042e+00,-1.026761247625241659e-03,-2.352413143354568806e-05,-3.994115721461023274e-06,-5.289841811862868119e-06,-4.901649666281885962e-06,-1.137447457546839799e-18
2.674262464634870789e-79,-2.107497974609644226e-77,6.905519211997468408e-77,-3.528171442382444571e-76,1.024614912716063056e-75,-4.341740547128034717e-75,1.444535887661611159e-74,-4.817702974607573346e-74,1.981993552171223516e-73,-7.246794779287006160e-73,3.681967295772833114e-72,-8.787634791369994718e-72,4.073262442343117588e-71,-1.623385177717909081e-70,5.554458623854266909e-70,-2.131996485639734748e-69,6.995092719602653842e-69,-3.337703958693044016e-68,1.270779136106609219e-67,-3.057564183050725989e-67,1.300424993209536590e-66,-4.902825870632981732e-66,2.373414357605013342e-65,-6.851339799804797111e-65,2.817178784817107604e-64,-8.139214305984939758e-64,4.275157361573412801e-63,-1.446059164358872485e-62,5.204969879241224769e-62,-1.993121017928212894e-61,7.009398671158864533e-61,-3.194615893205187432e-60,9.638302263174086863e-60,-4.215346950927294040e-59,1.277875734243245276e-58,-6.059517776078285867e-58,1.922794195717267881e-57,-9.177091590914264730e-57,2.984294228349857981e-56,-1.044371438080029341e-55,3.064787226407556851e-55,-2.369486036287293620e-54,5.216375789335436437e-54,-2.928857758221236246e-53,1.193018425895326677e-52,4.845805936826009181e-53,8.752328676292539900e-51,7.874834956940100140e-50,9.133721001868630727e-50,-4.159443073641252610e-48,1.947817346824265829e-47,1.633330692206865224e-47,-4.653029696152003952e-46,-5.764250845250360714e-46,2.838468150075034723e-44,6.831856482381158590e-43,-2.245903948566161664e-42,7.507987311603774370e-42,1.366642635392549613e-40,1.947389771823883346e-39,2.469738932131766058e-38,2.759132232576755937e-37,3.426915074010115618e-36,-1.193506540981448319e-35,-3.511128357152008021e-33,-4.239069730531870116e-32,1.151734601587593829e-31,1.076576842303993985e-31,2.690567901421734795e-30,2.573597476302007523e-30,2.897497779629882780e-29,-1.079492062174261587e-28,-1.258214076287756817e-27,3.436192775361658773e-27,-3.616023589305328044e-25,1.103550506034562683e-24,-3.905731871339064751e-24,-6.052910234805988591e-23,2.838901420770045332e-22,3.381486692367953341e-21,-1.191393813470708074e-20,-1.713973095635592140e-19,4.922166791271867454e-19,-2.448290059391228057e-18,1.221515381179552671e-16,-4.729794730626109063e-16,-6.480012536882364602e-15,-9.226846884807075276e-14,3.364168954921265002e-13,2.442978626486684052e-13,2.186803451858027849e-13,2.058630240620994375e-13,-8.044376173654678695e-13,2.648843041703100973e-12,2.229778053906542097e-12,-1.068409075138254353e-11,-1.287511594419290923e-11,4.681272278437798901e-11,3.974374408245493980e-11,-2.445111244593269514e-10,-2.374997799368275021e-10,1.355292333421657646e-09,-3.575302066615481096e-09,-3.611848312660064176e-09,-2.791829088833050964e-09,1.211681136777950826e-08,9.010066464694853444e-09,-3.695117480770301749e-08,-3.317066512097962023e-08,1.719240996809319700e-07,1.297948646545019231e-07,-7.715988525112381888e-07,-6.235337173812377332e-07,2.059089300431931798e-06,-8.254988944237010273e-06,-9.126957142715478346e-06,1.689459654300490501e-06,5.309822347582590816e-09,6.827079787838747105e-09,6.450109909066713604e-09,5.121402917795310443e-09,-6.859641777524605715e-05,-8.487357962050800413e-04,-8.861728171102579944e-04,4.297886240130312230e-03,-1.276176697448873007e-02,-2.286984959266803175e-01,-4.242108160920921911e+00,1.716973144729186629e+01,1.975624995482533208e+01,-2.660960605737190932e+01,1.709621183313372512e+02,3.273186900188313757e+02,2.792063131952352819e+02,2.996593453775579405e+02,3.025211628081957542e+02,3.160006792775589020e+02,3.068694324380719536e+02,2.975836548820813618e+02,2.998731074972674833e+02,3.397972117818500806e+02,3.208432731022420512e+02,3.029326052251874444e+02,3.094034984981973366e+02,4.018050888860834675e+02,4.279906664144277215e+02,4.604284135648420602e+02,4.435549057777843132e+02,-4.493886035175803073e+01,-4.046855459512415365e+01,4.498154647394255790e+02,3.857767863934278125e+02,3.937479370881519571e+02,3.236692353075183064e+02,3.963979117873162750e+02,-3.210612797115736328e+00,-5.332958613609492460e+01,1.961437510404056184e+02,2.093743149398800369e+02,3.088063906169159054e+02,3.843201677470495952e+02,3.344751511570545404e+02,-3.744114355927685267e+01,-2.595016501258431862e+00,-2.670774960588426783e+00,8.149743746695342850e+00,8.071665524989029450e+00,7.050888499701621015e+00,8.264728373449923282e+00,-2.250815819966213027e+01,1.099463382428427281e+02,1.070756765131549884e+02,3.949590289680982664e+02,2.416815231267191280e+02,2.127860678899973266e+02,2.181773612011160424e+02,2.320966524489810183e+02,2.749324713190739544e+02,2.435320029253048517e+02,2.280068172490862821e+02,1.792009578733932642e+02,2.211597659979418040e+02,2.445228439153208342e+02,2.112385554929794012e+02,2.267343028329688082e+02,2.359991803892505686e+02,2.021804352286401354e+02,1.808114330070826838e+02,1.469937323036221244e+02,1.735432264021268338e+02,1.591813860317099909e+02,2.030317081117961209e+02,1.681957627225711462e+02,1.795240953861497530e+02,1.804446527969424210e+02,1.910266377435789877e+02,1.968251216730174633e+02,2.195344461374720595e+02,1.508063748527240477e+02,1.549642290572795673e+02,1.728394783050742376e+02,1.757217193739943184e+02,1.831549712031402635e+02,1.812832252680811393e+02,2.035068928413238893e+02,1.918651799181100444e+02,2.544607605412393809e+02,2.792333580976346639e+02,2.857996280658581441e+02,8.449236511962151042e+01,-5.926573445863597556e+01,-6.331943984128245262e+01,3.822981282212684846e+02,1.155102526107215368e+02,3.088953991826156766e+02,2.064840906231154349e+02,1.870701253853310106e+02,1.536254358905706852e+02,2.057084712018858568e+02,1.835695106619639034e+02,2.016447635368643034e+02,1.534256143597696678e+02,1.981330054683136268e+02,-1.844032761787903141e+01,-1.889681583842797608e+00,2.574679383889210316e-04,-4.113327036069511564e-05,1.209826306667734210e-05,1.607289433052050965e-05,1.489620368400110878e-05,1.067058623993998374e-17
-2.808579714118299554e-78,4.204478232395165228e-78,-1.887047246456024552e-77,4.684955766168920613e-77,-2.365186095972675231e-76,7.611516058253021390e-76,-4.301773888367678239e-75,1.337295228350219453e-74,-4.469733843512056372e-74,1.477230511297302953e-73,-8.192273349531115237e-73,2.275932835439384891e-72,-7.629640617608725989e-72,5.286386256013069792e-71,-1.195025362083656533e-70,4.715079986510165483e-70,-1.929646646490386925e-69,8.025513250625611166e-69,-2.401836494702127180e-68,1.168687771657103528e-67,-3.368170668835567705e-67,1.490052976595715004e-66,-5.187363891853796780e-66,1.762916302033277284e-65,-6.265836997925182767e-65,3.327031417194640717e-64,-9.926992751331798708e-64,4.208273128296925962e-63,-1.441568715557548340e-62,6.127288858666998570e-62,-1.863220702506604503e-61,8.979742726473044806e-61,-2.175310272062426323e-60,9.554515383817388975e-60,-4.280784951253820723e-59,1.047441931862704566e-58,-4.707538937253471708e-58,2.166519470824051863e-57,-5.168332676882740562e-57,2.702674145362660318e-56,-5.945220237593000483e-56,5.117395329180139876e-55,-1.833882084940734394e-54,5.500307788022750357e-54,-2.571266304601566238e-53,-1.822847375661951236e-53,-2.075343623591189008e-51,-1.940610474486330334e-50,-2.285396157366666010e-50,1.022932272228597647e-48,-4.785733983177446362e-48,-3.968701394330022589e-48,1.141218777377511324e-46,1.416343111013663072e-46,-6.982003196882733749e-45,-1.680388333231670158e-43,5.523892251402347572e-43,-1.846629480727922582e-42,-3.361153986547313720e-41,-4.789369060901594821e-40,-6.074017384065117750e-39,-6.785748162810072955e-38,-8.428079242928971190e-37,2.935283797643425650e-36,8.635191237925855994e-34,1.042547411011448234e-32,-2.832550545691808047e-32,-2.647709221340204145e-32,-6.617123041385484234e-31,-6.329448578016792817e-31,-7.126041803648009245e-30,2.654878844534814246e-29,3.094423804210964427e-28,-8.450896332359910175e-28,8.893168247058737590e-26,-2.714047648447872693e-25,9.605670372788148127e-25,1.488639323631618009e-23,-6.981931214760290561e-23,-8.316353402432615377e-22,2.930087531222040119e-21,4.215307432007191127e-20,-1.210546788024853698e-19,6.021270292598815098e-19,-3.004167847038713986e-17,1.163235229925561128e-16,1.593679916900561272e-15,2.269230266598864809e-14,-8.273762542900620192e-14,-6.008207472268704961e-14,-5.378175927282516276e-14,-5.062949573212235966e-14,1.978416041478038137e-13,-6.514505850964021150e-13,-5.483866710798287590e-13,2.627621592382501999e-12,3.166477470720820824e-12,-1.151301725610396221e-11,-9.774488306332406977e-12,6.013452385959126494e-11,5.841016933213008536e-11,-3.333175917499938606e-10,8.793018636904537574e-10,8.882899664183204702e-10,6.866162565223448726e-10,-2.979981724386157967e-09,-2.215915770686435326e-09,9.087690010126185078e-09,8.157919839299045082e-09,-4.228263191363112482e-08,-3.192146125325648175e-08,1.897653111242743931e-07,1.533505000561188384e-07,-5.064078574733739461e-07,2.030213679338988327e-06,2.244663604887999677e-06,-4.155019617859940074e-07,-1.305885936096927428e-09,-1.679036867132704696e-09,-1.586325730927476308e-09,-1.259546479243487591e-09,1.687045090692461787e-05,2.087362000409681941e-04,2.179433779631664717e-04,-1.057012613329616881e-03,3.138600676410503200e-03,5.624560105543732758e-02,1.043294676190898329e+00,-4.222685686236319569e+00,-4.858808313574781046e+00,6.544307519298754983e+00,-2.711316020273982730e+01,3.270967032576888869e+02,3.084673815539028965e+02,3.215263237864415942e+02,2.880382780862827303e+02,2.893262309233846850e+02,3.224279171185069686e+02,2.833343967477582623e+02,2.966460090589616243e+02,2.897070768349607306e+02,2.990929670916361260e+02,2.970544291782525193e+02,2.892691567728071504e+02,4.219883542474833007e+02,5.238288081168739154e+02,3.832412298138915503e+02,-7.276561697251656824e+01,1.094790361064100281e+01,9.989100885148918252e+00,4.709739326936045245e+02,3.920083714231308250e+02,3.281706507201544696e+02,3.069610880625353957e+02,3.145449227428558174e+02,1.266590975138469410e+00,1.304843068445782528e+01,-3.094957323980382924e+01,-3.331414005932789024e+01,2.123367540322484501e+02,3.045995802642156036e+02,2.408261947095669768e+02,9.055080959303555943e+00,1.161731495515146095e+00,8.395504474322784461e+00,-2.102551657864727019e+01,-2.021445419052273351e+01,-1.767960535094259811e+01,-2.065789696203989934e+01,6.100977036577982204e+01,2.800722767230388968e+02,2.972349282473077778e+02,2.464232180644218317e+02,2.543282447665982033e+02,1.605585448095706624e+02,2.292031679693792796e+02,2.105301297964191463e+02,2.318075290795167405e+02,1.519947499293797080e+02,2.156892683069099803e+02,1.944492365708369732e+02,1.983858734051617034e+02,2.272364664711152500e+02,2.020524002416732117e+02,1.823602316064700801e+02,1.734394547325783833e+02,1.676931851590204019e+02,1.988144839214058095e+02,1.858417033799048284e+02,1.543947399315424605e+02,1.840631471271775297e+02,1.789097614880581943e+02,1.669048313538224306e+02,1.582836579297384958e+02,1.728976494497817384e+02,1.962715521979000641e+02,1.954887284705794173e+02,1.895406649560027859e+02,1.814261883095457790e+02,1.714559594469025683e+02,1.578846877327760865e+02,1.832755448930960540e+02,1.938527202503772742e+02,1.955779030800642602e+02,1.667858898970314101e+02,1.839448603012482977e+02,2.417016093236374275e+02,3.052110843411509791e+02,2.944564332077467270e+02,3.612709556157906832e+02,8.791950021918704294e+01,1.054961979567883361e+02,4.477599957258161680e+02,7.956988767896309867e+01,2.741342543096691315e+02,4.382580047633285858e+02,2.923793126994840463e+02,1.763620345982101583e+02,2.324538640889570331e+02,2.001079127861750635e+02,2.018331865475712732e+02,1.980650693232498156e+02,1.419375138134540180e+02,4.551825149791292269e+00,4.588396782876456581e-01,5.086367813219662052e-05,1.301990365566816775e-04,-3.024621572183073344e-05,-4.019511426039603660e-05,-3.725312684362143932e-05,4.698150836635806837e-18
1.082618929872067445e-79,-1.064679800825438462e-78,4.344404926147488039e-78,-1.472770630460408194e-77,4.822423400962135503e-77,-1.541461961707447795e-76,1.013124812590413154e-75,-2.456131881446433551e-75,9.225972538873271502e-75,-3.997477120917343054e-74,1.277345040345538726e-73,-3.814250686314269697e-73,1.145966690137775722e-72,-5.599480134403083346e-72,2.585130086252409534e-71,-4.007418013315887031e-71,3.863092576239169378e-70,-5.995949424798376762e-70,6.286258181417337886e-69,-1.110712839392828772e-68,8.320310224805912475e-68,-2.092677052358260480e-67,1.231444989994523453e-66,-3.010214035672501613e-66,1.296092277799668564e-65,-4.237891503337340075e-65,2.025512118778651095e-64,-5.043181318986421562e-64,2.536423874709799139e-63,-1.098966452970005684e-62,2.539327078450980436e-62,-1.486222574576214037e-61,8.012404319293907987e-61,-8.782817491166058226e-61,7.106938582365192069e-60,-3.093310419973272135e-59,6.637516159963072996e-59,-4.137846088960016489e-58,1.051103262005873414e-57,-4.646895894438441931e-57,1.904976205594177660e-56,-8.812474210349163854e-56,1.753992423862547745e-55,-1.296646668374151532e-54,5.847244555278773237e-54,9.558372207560830151e-54,3.754728458010938411e-52,3.489955721739542927e-51,4.038743889667709796e-51,-1.786985292763805699e-49,8.450177235054638025e-49,6.996079093127356270e-49,-2.013854091300789450e-47,-2.510187493578048481e-47,1.230369001079895021e-45,2.961049687013694553e-44,-9.733249073516282959e-44,3.254110845699112750e-43,5.922798620614344990e-42,8.439744091781499939e-41,1.070360648930421938e-39,1.195782550347884218e-38,1.485193599716624226e-37,-5.172552034442434948e-37,-1.521691353829273510e-34,-1.837174575888347822e-33,4.991513845983167039e-33,4.665786916618528217e-33,1.166067852285611983e-31,1.115373923614263152e-31,1.255749394595689987e-30,-4.678421199496703286e-30,-5.452986279895640745e-29,1.489214944626338450e-28,-1.567151997044529009e-26,4.782688322257987484e-26,-1.692708952501530971e-25,-2.623276681709154387e-24,1.230354260988817849e-23,1.465505822076501137e-22,-5.163393290793223286e-22,-7.428204748543449226e-21,2.133222675733004300e-20,-1.061066821369086053e-19,5.293937447444180009e-18,-2.049850360378264527e-17,-2.808378965787837437e-16,-3.998832188109319652e-15,1.458000470922364116e-14,1.058764894272146853e-14,9.477408849991217336e-15,8.921917717270789016e-15,-3.486360051063378925e-14,1.147984674358583276e-13,9.663656897767698899e-14,-4.630388531499176632e-13,-5.579959080935223506e-13,2.028821167407108122e-12,1.722458008646398753e-12,-1.059689151717407065e-11,-1.029302617174754565e-11,5.873714688067717703e-11,-1.549503656524012938e-10,-1.565342469811169696e-10,-1.209953537053731442e-10,5.251316719529450126e-10,3.904881509993705536e-10,-1.601430575951154408e-09,-1.437586697197501723e-09,7.451035356919773328e-09,5.625192323136381526e-09,-3.344039807153113977e-08,-2.702338871084111812e-08,8.923907241071429096e-08,-3.577637725522067916e-07,-3.955540875169520634e-07,7.321965705590184819e-08,2.301229096097018224e-10,2.958794780916026913e-10,2.795419436424523525e-10,2.219569815788302422e-10,-2.972906853373138054e-06,-3.678344361229025645e-05,-3.840593031974234026e-05,1.862665117610862349e-04,-5.530834660188399489e-04,-9.911586463948324210e-03,-1.838491401354446497e-01,7.441206690627710785e-01,8.562180474217303550e-01,-1.153236317276864709e+00,4.777874653619125667e+00,3.577016920157893196e+02,3.391577794094316118e+02,3.166420521962721182e+02,3.089390109594119167e+02,3.109332314084792870e+02,3.072178706856232111e+02,2.771596167004002496e+02,3.117842103205626927e+02,2.706073807135547327e+02,2.592318387422719752e+02,2.788645206969870856e+02,2.624099521027943069e+02,3.593493103906748161e+02,4.318925243193965571e+02,-4.359600642428450357e+01,1.586781734632725893e+01,-1.748581907238422550e+00,-1.823269330442705893e+00,4.420327633382735826e+02,3.191552770776843317e+02,2.824036426615754749e+02,2.873298249097763915e+02,-2.766377418404122679e+01,-1.049678223087512130e+00,-2.182727189119683331e+00,5.421481569929002653e+00,5.882065853765158003e+00,-1.773502487372084957e+01,-2.608856790616770027e+01,-2.034083960530211499e+01,-1.330383652293132046e+00,-1.111839501687565956e+00,-1.488850008557703397e+01,3.747144506057234992e+01,3.591067335825827911e+01,3.143967092046928258e+01,3.666906289833372767e+01,2.822625731785327616e+02,1.850862370546765874e+02,2.179273833202084347e+02,1.835884986611672502e+02,2.214260166364798010e+02,1.781323614140419522e+02,2.346715696204081496e+02,2.379946610327777989e+02,2.274919390101172212e+02,1.571876833346175033e+02,2.037453588026461375e+02,2.098095046682343252e+02,1.807668245054643990e+02,1.897800367163359851e+02,1.841114763082844092e+02,1.780878343427127390e+02,1.632270220497311755e+02,1.523608815020168947e+02,1.478344014327411173e+02,1.932945559959908337e+02,1.791853948454415786e+02,1.920452119809995395e+02,1.725039841598803321e+02,1.946173974324368032e+02,1.741615303658661560e+02,1.833624513371362355e+02,1.873666461439006525e+02,1.991945226467354360e+02,1.606456739588684570e+02,1.603340113255006827e+02,1.983232810251286082e+02,1.505820170811040271e+02,1.855514420320296551e+02,1.554457910809647103e+02,2.192653021973644627e+02,1.712429850338598101e+02,1.557996912840891355e+02,2.180263306270965131e+02,2.551104787428505460e+02,3.108579984114895751e+02,3.159734147124538026e+02,3.699260981359930724e+02,4.420855165478765798e+02,4.353695994664375917e+02,4.878684625652236377e+02,-3.627135482854235704e+01,6.117491696696462213e+02,4.405648923022039867e+02,3.027481535845996063e+02,2.908713134596104624e+02,2.640749190089164813e+02,3.139328346566180699e+02,2.275684601463385377e+02,-1.182259930929344449e+01,-8.309748032772832360e-01,-7.062582291035932047e-02,-2.068151251618281176e-04,-2.310153214833562355e-04,5.258304051471894775e-05,6.988126762665002544e-05,6.476658783636950244e-05,-1.317958348821972432e-18
1.077253702541980515e-79,8.391468462073444415e-80,-1.323892694118353331e-79,-4.230347174955883304e-79,-1.489713155785649933e-79,-1.153051245181176714e-77,-4.764731191382644068e-77,-2.296886676476046803e-76,-9.152866549482438910e-77,-4.309540409666743016e-75,-2.153505956131269977e-75,4.622463018263600091e-74,-6.059504673115688163e-74,4.504043590039719989e-73,2.045336628069454968e-73,-6.043994774456778400e-72,-2.498581958488674535e-71,1.603213475869640431e-70,2.417260219558616102e-70,1.290640878636321332e-69,-8.402272807724845818e-70,2.423857062942141453e-68,4.240161195282025627e-68,2.176450389011833580e-67,-1.228264290365984473e-66,-3.464841408949573272e-66,5.888798672459470152e-66,8.099613464336092560e-66,-6.239711387864512241e-66,-1.108365545785414008e-63,-1.371617589267015990e-64,1.331756977328525448e-62,2.465457363904996035e-62,-1.970161513314929186e-61,1.713437141216755028e-62,3.162198613640128868e-60,3.086078596113331238e-60,4.251560509115671100e-60,-1.324700382692873213e-59,-5.611190424317927017e-58,-3.907921287036032514e-58,4.434270828388260589e-57,-3.168411838504151752e-56,-4.720277663271506467e-56,9.049892496749424542e-56,1.083322883595282293e-55,-7.844404028441333019e-54,-5.598686418785794256e-54,-3.827654721040614434e-53,-2.523893062234671715e-52,-7.896919660840859098e-52,-3.474182030080568999e-52,8.777752656155746139e-51,1.302796284266204040e-49,2.826242055063763856e-49,1.413231625826455908e-50,1.702838767981751872e-48,1.348752440871498216e-47,3.740203974650345915e-47,-8.304103476301392576e-47,-4.359931541617737304e-46,1.684455520002494742e-46,-2.405422635023779068e-45,-2.557922174036588452e-44,-3.177732576871417430e-45,-3.512706310476581999e-43,-1.259811839711030587e-42,6.148965410723272810e-43,3.969572254638208882e-41,-2.630802678307589738e-41,-2.860215479370027259e-40,-6.003107804659006274e-40,-1.996339975023097919e-39,-2.002161295533537697e-38,2.771792354384885637e-38,-9.012095954765111109e-38,-3.314767078065713992e-37,4.461001417671565885e-36,6.519491283917117691e-36,-4.692096064148385022e-35,-8.992020050876392261e-35,-5.540566191176436382e-34,-2.692723738507996182e-33,-2.580048978578594479e-33,-1.940236445656056763e-32,4.184696963311391462e-32,3.508662018619278316e-31,1.914217476055742859e-30,4.245980052820744325e-30,4.557235706568471949e-32,-2.310872129036608025e-30,-2.518360572880738345e-31,2.058612813389462775e-30,1.454031733520920719e-29,-4.361541676393550445e-29,9.544345370367640908e-29,-1.238707190599180047e-29,-3.321937840037512674e-28,1.436813959174143032e-28,-9.091589159281764527e-29,5.148298523010265985e-27,5.422820752282887090e-27,-1.819407545452208052e-26,5.117251016704649413e-26,2.348047414389573032e-26,1.219226297968984557e-25,4.372313103592144790e-29,-7.370657270567306134e-25,-5.854739886831621499e-25,-4.291439226727176857e-25,-2.668132834155739714e-25,-4.551200815031995706e-24,1.744431738285959007e-23,-4.837425748148893945e-25,-2.277611449162571097e-23,-2.070965203580855811e-22,4.701245636932465395e-22,-1.715481646020071392e-21,6.004019871528930973e-21,-2.714871120653366140e-20,7.967714918451699093e-20,-3.441881756163383165e-19,1.201566296760457518e-18,-4.758619246153413009e-18,1.801042834187148190e-17,-5.854960676571983255e-17,2.287720703013148298e-16,-8.482135026481784412e-16,3.532037468555650668e-15,-1.108781514884126319e-14,4.443610698789220776e-14,2.947259230061799040e-14,4.063147858931075120e+02,3.619244482964683129e+02,3.544247656527438721e+02,3.418805398383910870e+02,3.749414309735205393e+02,3.124271938481563780e+02,3.090934930438262995e+02,2.882356224444853865e+02,2.779032157030761141e+02,2.613762740516168037e+02,2.561742241004513403e+02,2.535000107297493059e+02,3.590791049527963992e+02,6.271295508243993715e-14,6.630449412976970546e-14,3.676332410089587820e-14,5.681075491682426325e-14,2.135699135938163295e-14,4.225216478549743329e+02,3.247764581881875188e+02,3.443578480793173071e+02,3.482279817601088894e+02,-3.764560342696626851e-14,-1.754413766623536167e-14,2.601635663522187620e-15,-6.707987504143618391e-17,7.849205829837982723e-16,-2.604848614744584458e-16,-7.871065073407024798e-16,3.622706537392770417e-15,-3.120110181734677616e-15,3.380491651279403026e-14,5.975202665622578234e-14,3.639553008854030622e+02,3.433331301976094210e+02,3.131004214400603587e+02,3.406970174442655548e+02,2.504538464458869669e+02,2.330521357057156138e+02,2.020380326137502891e+02,1.917234101493183971e+02,2.022052286258443417e+02,2.037804300108444693e+02,2.025920494575240980e+02,2.013370671777244922e+02,2.091111313798976425e+02,1.819217700308454368e+02,1.821591936474791851e+02,1.935935916655356266e+02,1.834975748652603045e+02,1.670170142990041597e+02,1.740512091424994026e+02,2.058640465296601292e+02,1.796264805398804469e+02,1.552883718671193947e+02,1.680205646133897233e+02,1.908669716805523819e+02,1.783173044928918500e+02,1.536201990116952061e+02,1.707170375647494325e+02,2.004183553252267700e+02,1.677648816552318749e+02,1.983738977893555671e+02,2.002002723775221966e+02,1.900202280792100851e+02,1.717008414555114655e+02,1.569859982234537767e+02,1.586903459341509404e+02,1.873770426208731124e+02,1.698426350006821224e+02,1.343692044811783433e+02,2.032413701724252064e+02,2.152099085882667850e+02,1.990591251885939243e+02,2.075828277109444002e+02,2.500083127925391011e+02,2.924168695259995729e+02,2.798111931963430834e+02,3.118116790921270081e+02,3.325782862836848608e+02,3.632618688416123405e+02,4.382152377373610648e+02,3.654446173785153052e-14,5.642442697768650668e-14,4.319777826324753391e+02,3.996374012236730096e+02,3.628376488583135142e+02,3.185344869462182373e+02,3.724956247964886416e+02,-1.354765959282910430e-14,1.705064488331778609e-14,2.619408527475714491e-15,-2.509931995760208174e-16,1.091299042705476698e-16,6.251216810323692578e-17,1.479813062172852808e-17,6.360408489894185054e-18,2.283768961023922115e-18,1.383747240926358210e-18
1.800049267580108360e-80,6.424078876962698508e-80,-3.848660613124872023e-79,1.225373365225758484e-78,-4.693736325036819103e-78,1.741463180124817011e-77,-8.098893175366625088e-77,2.290854584849135485e-76,-1.357841099769201889e-75,3.261300057834417210e-75,-1.072874442195298384e-74,7.844734677946177127e-74,-1.686127706301837755e-73,6.424317778934610023e-73,-1.894827595569803544e-72,1.365789042070245426e-71,-4.246066075755579698e-71,1.574582074799807381e-70,-4.175781864343662502e-70,2.579160749789329740e-69,-1.033373740850663452e-68,3.185536142617125660e-68,-6.869415929892843687e-68,3.414470641471771214e-67,-1.874339304490510035e-66,3.636800818350171979e-66,-2.226116186843716295e-65,4.397601395221997979e-65,-3.708540061246981736e-64,7.444831461537772753e-64,-3.632599895032469260e-63,1.411826130507769353e-62,-5.606893835883663751e-62,1.790120299241767209e-61,-3.603750278236570157e-61,3.734678135114506569e-60,-1.182659794445514608e-59,3.332318535697850888e-59,-1.147764020597581577e-58,4.699658313548682369e-58,-2.183273550031983459e-57,1.170321121437470368e-56,-1.856260491156208369e-56,1.575751409309244049e-55,-5.304902713443805693e-55,-1.627103752974544364e-55,-4.000965268170650696e-53,-3.701326037462253300e-52,-4.131931282718287386e-52,1.948037842529338768e-50,-9.055697191755837520e-50,-7.429774991378146298e-50,2.168404376261568088e-48,2.691900048497767812e-48,-1.324463399129040050e-46,-3.188164416307567001e-45,1.047935383511860477e-44,-3.503142749246013429e-44,-6.376504022856040831e-43,-9.086415553166117021e-42,-1.152372551336373104e-40,-1.287402393876521566e-39,-1.598988600478216587e-38,5.568868930320775511e-38,1.638282702812040178e-35,1.977938124873877238e-34,-5.373961550529963889e-34,-5.023277554263116811e-34,-1.255411485187911477e-32,-1.200833413850907318e-32,-1.351964389802982122e-31,5.036879883543585458e-31,5.870791819326229119e-30,-1.603317974996031896e-29,1.687226530642214217e-27,-5.149135910382278219e-27,1.822403607737562101e-26,2.824271048981441261e-25,-1.324623492263122889e-24,-1.577792268064099487e-23,5.559010335165505354e-23,7.997350703944045725e-22,-2.296669309066101790e-21,1.142365319490789786e-20,-5.699556730752327988e-19,2.206909041618851152e-18,3.023555792992343510e-17,4.305221045611421911e-16,-1.569711860025347956e-15,-1.139887019697657239e-15,-1.020356397054456228e-15,-9.605511338491158286e-16,3.753483506771913101e-15,-1.235942782191295865e-14,-1.040408226620488842e-14,4.985166973109065168e-14,6.007493222727887809e-14,-2.184268600636821222e-13,-1.854432024193680316e-13,1.140882093363597075e-12,1.108167355194480583e-12,-6.323756262185704860e-12,1.668225981614174781e-11,1.685278358181550018e-11,1.302659673347934604e-11,-5.653670420408064676e-11,-4.204071905651120800e-11,1.724131519990164688e-10,1.547733991456127939e-10,-8.021930584032018408e-10,-6.056192217115476980e-10,3.600258745022474318e-09,2.909390950377907299e-09,-9.607653298777188232e-09,3.851754838647883574e-08,4.258612770296738569e-08,-7.882971669750293941e-09,-2.477548311458639704e-11,-3.185496405059176344e-11,-3.009603310582329246e-11,-2.389632329002591756e-11,3.200689738829043296e-07,3.960177574857953713e-06,4.134857671208436469e-06,-2.005381743477001192e-05,5.954604909312594249e-05,1.067100809253155235e-03,1.979355847145222030e-02,-8.011348849420328599e-02,-9.218211177637246345e-02,1.241596803803784177e-01,-5.143953420506096608e-01,4.223548699307793441e+01,3.700574302042358710e+01,4.974144011384538544e+02,5.064788520850029272e+02,3.426193615293339008e+02,3.225224893428799646e+02,3.137018401922387625e+02,2.820185128532724548e+02,2.515121001868749602e+02,2.516484214820895886e+02,2.577935900251067665e+02,2.417561459227551381e+02,4.084529231437923613e+02,4.130460770202887488e+02,3.989464259033919120e+02,-3.281742560292991584e+01,-1.657349200801835565e+00,8.398379646568304713e-01,4.691671851607558779e+02,3.806296257630529567e+02,3.998083084209152389e+02,3.710678280120163208e+01,9.502758763163589251e+00,8.556478656440672736e+00,-9.568656270713966627e-01,-2.522245597404635387e-01,-7.503113250829263059e-01,1.744972413069330486e+00,2.685465214021685032e+00,2.663904310123573538e+00,-2.567126998088501200e+00,9.386999757859991078e+00,4.919943989784919154e+02,3.256178554152366473e+02,2.931414126591060381e+02,3.084569968540952800e+02,2.546286787802354468e+02,2.286448013678321729e+02,2.339992865551321586e+02,2.378296008002983797e+02,2.493956580139465018e+02,2.278416650653888382e+02,2.101187057441999002e+02,1.692112390620531812e+02,2.154129506093150610e+02,1.934109756472579420e+02,1.990987726016100794e+02,1.795202778923782319e+02,1.896471471130510054e+02,2.077944603621984641e+02,2.131949073395633150e+02,1.894395046764912820e+02,2.234499311591317792e+02,1.906125586488175259e+02,1.727117823374710497e+02,1.921896326904179091e+02,1.877603491867770344e+02,1.767394709851114953e+02,1.815265892776754981e+02,1.548211290735374632e+02,1.795211223814358164e+02,1.589117707176388876e+02,1.754699294710384834e+02,1.938431761485511799e+02,1.904573778968128863e+02,1.870271112984607100e+02,1.704697055180887730e+02,1.728633962291470993e+02,1.802837469232574108e+02,1.897372718632107080e+02,1.904797440370869595e+02,2.038093339053006048e+02,2.229771143616718518e+02,2.183605390738462688e+02,2.098180897576766029e+02,2.808270031507811950e+02,2.678502539039997714e+02,2.473277704466677847e+02,2.374783692362986756e+02,2.160861925233915031e+02,3.067625657049057963e+02,3.981808581790930361e+02,4.301018320992670283e+02,4.015787886857317517e+02,4.717191307885058222e+02,1.630680757391143132e+01,1.078635306368515501e+01,1.009482555775058543e+01,1.620977870598446913e+01,-3.137734801198934331e+00,5.261895591456748622e-02,3.842344745701208319e-01,-9.691595662624205576e-02,2.043557441001001874e-03,2.150569582418692012e-03,-4.884070240431907794e-04,-6.490802790252497498e-04,-6.015735653068839811e-04,-5.518218138674093599e-20
3.568163043188491394e-80,-5.772922816231096634e-80,2.278172627356557873e-79,-9.685815578358151550e-79,2.476324996909017025e-78,-6.372855890006589216e-78,4.118984781724676092e-77,-1.239430662588576995e-76,6.067948880017236390e-76,-1.891399197776970329e-75,6.460063169049453623e-75,-2.577540312782332043e-74,1.020305185206227635e-73,-4.016916885180792895e-73,1.435370529717175894e-72,-6.737053413216463917e-72,1.706736116975072199e-71,-8.309268969760236520e-71,2.451218847597517159e-70,-1.206702887877579489e-69,3.395961687366693430e-69,-1.351363158598194535e-68,5.334810134297262565e-68,-2.482723227831584875e-67,5.323080766750899146e-67,-2.039180808782461555e-66,1.017217613320817854e-65,-3.421702237397878722e-65,1.857835673431575993e-64,-5.175222096231806371e-64,1.471841547193123725e-63,-1.012356258187031364e-62,3.055236235107038794e-62,-1.201381282708155518e-61,2.778644986370581702e-61,-1.691409085036795554e-60,6.558266936454644618e-60,-1.552800996925478824e-59,7.733432641307849547e-59,-1.916740574351632408e-58,7.666828681549989941e-58,-6.004611798421200688e-57,1.466400324208143103e-56,-6.378313089894253033e-56,2.712151942385450192e-55,2.857356486467133551e-55,2.398291345844815739e-53,2.142902432060935561e-52,2.402194907544925740e-52,-1.116022988630833085e-50,5.206279412710854260e-50,4.375575743513586564e-50,-1.245316519089332920e-48,-1.540211628895682067e-48,7.619003430156061770e-47,1.833480644624543996e-45,-6.027991903461009052e-45,2.014948955748378196e-44,3.667858565725830895e-43,5.226457709276117275e-42,6.628332361898337431e-41,7.405022971711559182e-40,9.197233253532081534e-39,-3.203161060911576503e-38,-9.423247098651385037e-36,-1.137691291313573684e-34,3.091051834769526794e-34,2.889341720639390921e-34,7.221008063719237120e-33,6.907080141615720287e-33,7.776371231371292447e-32,-2.897165644353224350e-31,-3.376823898965787084e-30,9.222133263872597594e-30,-9.704767340222508822e-28,2.961734248928691395e-27,-1.048229309587948904e-26,-1.624493981015381787e-25,7.619108977023842049e-25,9.075311817845548538e-24,-3.197490139321633094e-23,-4.600000445188973495e-22,1.321022452965481673e-21,-6.570777214549829480e-21,3.278331096058576020e-19,-1.269393196540229759e-18,-1.739120679921154348e-17,-2.476322404702368140e-16,9.028834075477197425e-16,6.556522268662832918e-16,5.868993438520395044e-16,5.524999223994594002e-16,-2.158968193508882086e-15,7.109025924674276388e-15,5.984329664659720922e-15,-2.867420867803328655e-14,-3.455453252209482938e-14,1.256370629136109590e-13,1.066651751642220016e-13,-6.562245838224509498e-13,-6.374073760103852718e-13,3.637364759677137598e-12,-9.595477980367184695e-12,-9.693561636699436874e-12,-7.492775169121744323e-12,3.251937724575353458e-11,2.418142376581538021e-11,-9.917041346709403277e-11,-8.902419455254531184e-11,4.614138559611276447e-10,3.483464452937813894e-10,-2.070834760531705163e-09,-1.673454142802540527e-09,5.526231259281523412e-09,-2.215492933652585185e-08,-2.449513765800090812e-08,4.534210707098442585e-09,1.425062343453306882e-11,1.832267387569364682e-11,1.731095343906208639e-11,1.374493902938943840e-11,-1.841006449330587724e-07,-2.277856665505426746e-06,-2.378331003911640042e-06,1.153476601721966524e-05,-3.425032394820802680e-05,-6.137862874017107825e-04,-1.138506752437439158e-02,4.608052045998658336e-02,5.302227836531102356e-02,-7.141547321943397808e-02,2.958753329734084003e-01,-2.377482604581083336e+01,-2.082338730673214755e+01,1.148856926728332581e+02,1.189342582406409861e+02,5.441729044577449486e+02,3.339804223758325747e+02,3.215273839343970508e+02,3.344455219840874634e+02,2.628001063852852326e+02,2.778752549615541625e+02,2.635640966498993407e+02,2.687830398571553587e+02,4.482282337261868861e+02,6.489039351989639499e+02,5.272557102975389398e+02,3.705242316028877667e+02,1.047540305893332757e+01,-3.803317594355239084e+00,9.693125051077284127e+01,5.792017512361994704e+02,4.734083056418631941e+02,-2.112097746442109170e+01,-3.912764007509095165e+01,-4.848436570093056730e+01,6.699608129384388100e+00,-1.565053354282584852e+00,1.035404073916196710e+00,-1.554175201834299691e-01,-9.086045432728718785e-01,-3.977625356725514205e+00,1.546026103159778309e+01,-5.321248950684037027e+01,4.698571333650153292e+02,2.753016482100425719e+02,2.660420410163704332e+02,2.668523285370702638e+02,2.128139953055597005e+02,2.171141672514535514e+02,2.217676756625096175e+02,2.394424996290040042e+02,2.303076637706791701e+02,2.067430167543109292e+02,2.222008363123745198e+02,1.617991643161539912e+02,2.307851879550802039e+02,1.821846564849002732e+02,2.161549077113377280e+02,2.204819616866115268e+02,1.963793534475345552e+02,2.268221493195378287e+02,2.051030656162294576e+02,2.000845308655165979e+02,2.187686072009198028e+02,2.267018425385505793e+02,1.991383186313071576e+02,2.062722697335033502e+02,2.186245860823080989e+02,2.135013733459499861e+02,1.836173230650698258e+02,1.677483256397443370e+02,1.812488207917069474e+02,1.509779942594547038e+02,2.060917153184557549e+02,1.688636621790158188e+02,1.843547423172343827e+02,1.960552424386610539e+02,1.792865230965371097e+02,1.823999914806354639e+02,1.872372260665221688e+02,1.804794305323941614e+02,2.068131209830490320e+02,2.212653747755403515e+02,2.572788617735842536e+02,2.308604747279700291e+02,2.234046365135932319e+02,2.597425098429994819e+02,2.367625302282422410e+02,2.287726479918775055e+02,2.069185138613719062e+02,1.931902736426036995e+02,2.384005005897296030e+02,2.903569086738316400e+02,3.762479978065958335e+02,4.170673356564553842e+02,4.013568143616752195e+02,2.844435221302657055e+02,3.022458155848173647e+02,2.516931887836556143e+02,2.394082835492203003e+02,-1.806573566035120493e+01,6.265296261820484602e+00,-1.741828482223184871e+00,5.949981149975862582e-01,-1.160397284476171777e-02,-1.220419533783915177e-02,2.771579072116175588e-03,3.683356895957702170e-03,3.413769015133244142e-03,2.302663661926544619e-18
-8.989142510912617047e-81,2.005754018597879786e-80,-8.398225277845384332e-80,2.816422719809099628e-79,-1.045485939579574492e-78,4.359677761713658293e-78,-1.383252522686436219e-77,6.249937081646069260e-77,-1.818009516853272422e-76,7.988349287961589153e-76,-2.918540909393269682e-75,1.106856298019715666e-74,-4.181990507123168826e-74,1.477994291320676073e-73,-6.896291887917725061e-73,1.865657792449914522e-72,-9.524968908100061053e-72,2.590508389066360989e-71,-1.224827981418920258e-70,3.639184063601872852e-70,-1.529019887378484754e-69,6.966754099601384398e-69,-2.076648995777892114e-68,8.219820559110408168e-68,-3.241816638832642605e-67,1.050004872437829332e-66,-5.299825249655395803e-66,1.476862895384281284e-65,-6.184221394346099600e-65,2.293732174689031399e-64,-9.535736983102994712e-64,3.199164136100802955e-63,-1.329946554909882000e-62,3.094109359455456310e-62,-1.992864495229565985e-61,6.301142275650423824e-61,-2.151465673984993704e-60,7.752716573162527111e-60,-3.366765226695001168e-59,1.249245829134476094e-58,-3.804642193162497672e-58,2.481292706518855296e-57,-4.752362541278306400e-57,3.034076216933496072e-56,-1.201752292872203979e-55,-8.225029820981052652e-56,-9.299908837239692559e-54,-8.638729046698587211e-53,-9.889154400297512273e-53,4.458168135630249853e-51,-2.086462208226371658e-50,-1.733666485031840083e-50,4.990615738935113487e-49,6.197015193941331653e-49,-3.046896232453889534e-47,-7.331732956244859719e-46,2.410293832056445069e-45,-8.057892967185092097e-45,-1.466663130353144911e-43,-2.089878732059456114e-42,-2.650438834980621815e-41,-2.961006608742566385e-40,-3.677648328188910284e-39,1.280830939270827216e-38,3.768023818058022176e-36,4.549225800428921022e-35,-1.236002495579936129e-34,-1.155345738165043173e-34,-2.887426177559779053e-33,-2.761897490518347302e-33,-3.109496302932711528e-32,1.158474253535146392e-31,1.350272654331511210e-30,-3.687605494071630605e-30,3.880593821189972825e-28,-1.184292958639984132e-27,4.191498919380924522e-27,6.495777883432390703e-26,-3.046612678336624271e-25,-3.628896781430447013e-24,1.278563415576670736e-23,1.839377769620673741e-22,-5.282302386942715204e-22,2.627421819102612949e-21,-1.310888859990073235e-19,5.075855218810591625e-19,6.954129582054471079e-18,9.901939001740636734e-17,-3.610311973208431337e-16,-2.621721769530919845e-16,-2.346803264368551552e-16,-2.209252123098819795e-16,8.632951556803672189e-16,-2.842648474780412315e-15,-2.392922149120953605e-15,1.146580367378267994e-14,1.381713756729389704e-14,-5.023782569531577480e-14,-4.265163760907991072e-14,2.624010422921297329e-13,2.548767052516725556e-13,-1.454453745966609648e-12,3.836892864746386525e-12,3.876113055955150176e-12,2.996096248917871642e-12,-1.300335082582860394e-11,-9.669297610426621955e-12,3.965474701774902152e-11,3.559763229797798786e-11,-1.845031102415829396e-10,-1.392914446932357967e-10,8.280537074869971059e-10,6.691552284458104945e-10,-2.209744770511611015e-09,8.858974035915993700e-09,9.794740719874780501e-09,-1.813070776142505238e-09,-5.698321176509246532e-12,-7.326590379374472776e-12,-6.922039096883647674e-12,-5.496115836146054205e-12,7.361534801956940536e-08,9.108344581348711328e-07,9.510105986991514660e-07,-4.612345681845293864e-06,1.369549529903662103e-05,2.454314658872983057e-04,4.552486539837410570e-03,-1.842597320513640613e-02,-2.120173710457253294e-02,2.855652633342261118e-02,-1.183100994304716463e-01,9.506713537606128028e+00,8.326537389854300031e+00,-4.254749388593187120e+01,-4.408781577638811910e+01,2.136029300318515709e+02,5.383371212884953820e+02,4.273830831980758376e+02,3.283698687212050800e+02,2.671806810674391386e+02,3.128060408362972566e+02,2.995630396290707154e+02,3.077229016946823208e+02,4.694310454945312472e+02,5.862157395461066471e+02,5.111566102912427709e+02,4.932662727207019771e+02,-4.303634016892783620e+01,1.506652241687265281e+01,-1.776469015465041679e+01,2.119783025134758532e+02,1.570942667312127980e+02,9.351194005503447926e+00,2.364317365945166216e+02,2.996364720702475211e+02,-2.776609630612389878e+01,7.602671885717431799e+00,-2.877490451291269569e+00,-3.398579075072120759e+00,-2.231588724020072689e+00,1.156696053442471595e+01,-6.323155654008611037e+01,3.290365305622050869e+02,3.774274909217997447e+02,3.304405369669724450e+02,3.201201666822534548e+02,2.679198370672808664e+02,2.290847556349708611e+02,2.196004418076171305e+02,2.332566640122753086e+02,2.011678846296260019e+02,2.058600733816957131e+02,1.711108344862775539e+02,1.896229994599702309e+02,1.961543037041622881e+02,2.063104358102023070e+02,1.872217410275307543e+02,1.961189628714654134e+02,2.678728727050221323e+02,2.100879161925975609e+02,2.172251398761425207e+02,1.954391344238176202e+02,2.518871749408296523e+02,2.873868647127555391e+02,2.775706451687480580e+02,2.324444685540010767e+02,2.488707879345445235e+02,2.184821426576957890e+02,2.208310127144519299e+02,1.700236014161067430e+02,1.657946220495774980e+02,1.929352899469638203e+02,1.675171217554217549e+02,2.151814777497053228e+02,1.850613673006163822e+02,2.030594210946822784e+02,1.959325751401576099e+02,1.917449355422675126e+02,1.736535279390541859e+02,1.957176108956498979e+02,1.931975275784213579e+02,1.954807444755511767e+02,2.243658795100245698e+02,2.739622143535130476e+02,2.176516248027606082e+02,2.349213588224687328e+02,2.438961426660259235e+02,2.370713507516225320e+02,2.494981711946586813e+02,2.521498776473830219e+02,2.028147402647682895e+02,2.156639129076281165e+02,2.427273516874198265e+02,2.619354507292235894e+02,2.873837811045784179e+02,3.446288836476740585e+02,4.095636486353355963e+02,4.168454592676885682e+02,3.354704975901264561e+02,3.296819204183063903e+02,1.393091342748606110e+02,-2.818943325909771147e+01,6.901024927372489515e+00,-2.437922581587755211e+00,4.718558607974202707e-02,4.962321983031747763e-02,-1.126943175760862330e-02,-1.497678335875716159e-02,-1.388062043174803292e-02,-6.682061028383595002e-18
-3.482046459016522218e-81,-6.587399544650418415e-81,2.615114096114855801e-80,-1.162333410975532706e-79,3.587274077976577125e-79,-1.343779898945395428e-78,5.807715921097665148e-78,-1.251348848422184352e-77,8.686834430027071721e-77,-2.525199008007983356e-76,9.374137079720427862e-76,-3.733280165015736437e-75,1.427206434585392568e-74,-5.207898331438475915e-74,1.880071870916740981e-73,-8.103718161977491628e-73,3.188618843249440674e-72,-1.023510943376948483e-71,3.197816022133143423e-71,-1.505043681123030905e-70,6.366480767022196293e-70,-2.029757420960913417e-69,6.031492024730666717e-69,-3.196803283376772456e-68,1.171520614672776868e-67,-2.951905058240698165e-67,1.522225773097101535e-66,-4.181511928802659395e-66,2.032658337428949166e-65,-6.700100703082282123e-65,2.958043945541710857e-64,-9.116538519754502998e-64,4.682712757936469317e-63,-1.129099435456056439e-62,4.922905644608700876e-62,-1.838590558290761330e-61,8.375855078731202952e-61,-2.659039835330001368e-60,9.723520865984399590e-60,-3.388318140933781114e-59,1.301944858499846028e-58,-7.981427604973742835e-58,1.737574391173848832e-57,-1.006923177084771598e-56,4.372250211714756173e-56,2.647222373759782747e-56,3.102466689371581577e-54,2.814755797298196330e-53,3.213715014789868617e-53,-1.473794454644798423e-51,6.865342728398214979e-51,5.707254752473146215e-51,-1.639834555804305147e-49,-2.028210205897062582e-49,1.002493595796218995e-47,2.412620486246693003e-46,-7.931301906145712257e-46,2.651486587542306490e-45,4.826122235002191082e-44,6.876837770424342839e-43,8.721390240299642070e-42,9.743344860804239676e-41,1.210149103063582080e-39,-4.214639238722326618e-39,-1.239887411279651338e-36,-1.496945899475285481e-35,4.067129105598762206e-35,3.801723950185259021e-35,9.501222770323859144e-34,9.088164238818543268e-34,1.023195582026837919e-32,-3.812018481439084396e-32,-4.443140880314859036e-31,1.213425352494399327e-30,-1.276929144007190627e-28,3.896976245404776730e-28,-1.379234048662844262e-27,-2.137468767550176751e-26,1.002503405080414318e-25,1.194106952266380564e-24,-4.207177981102066495e-24,-6.052566151200311769e-23,1.738168480431859318e-22,-8.645665197153389893e-22,4.313546500890067157e-20,-1.670235989211965507e-19,-2.288291726396530767e-18,-3.258283416437620179e-17,1.187991526548825169e-16,8.626908893979707270e-17,7.722275562987763531e-17,7.269656533086192592e-17,-2.840716640195227053e-16,9.353879459882087926e-16,7.874032100113408116e-16,-3.772881044798237477e-15,-4.546599427671379112e-15,1.653101218985055108e-14,1.403473839630225242e-14,-8.634439824423262819e-14,-8.386847685203868931e-14,4.785954063770254113e-13,-1.262549121909694234e-12,-1.275454725406397595e-12,-9.858807169165538154e-13,4.278818759282388415e-12,3.181731582785424445e-12,-1.304859629697254182e-11,-1.171358205302584347e-11,6.071168730443948262e-11,4.583455868752843937e-11,-2.724752861586292581e-10,-2.201889330447543637e-10,7.271277614467298957e-10,-2.915090487105849743e-09,-3.223009276290650939e-09,5.966001650479094722e-10,1.875061580131212971e-12,2.410851847081147229e-12,2.277732188990735247e-12,1.808524883804574699e-12,-2.422350487164974280e-08,-2.997147134050330751e-07,-3.129348769016911788e-07,1.517715817416377449e-06,-4.506572420301263875e-06,-8.076047277528051907e-05,-1.498018862133991417e-03,6.063160247247140894e-03,6.976539483363374851e-03,-9.396670305371529475e-03,3.893054026121843536e-02,-3.128232466283618951e+00,-2.739889499313300281e+00,1.400046937424508542e+01,1.450732013052299685e+01,-5.978455067147074686e+01,2.965540584315979231e+02,2.162186264025096136e+02,4.491197783022619205e+02,3.902326852217307191e+02,3.213401533116473843e+02,3.659119952826714552e+02,3.490540526525508085e+02,4.001755801739997764e+02,4.630150216063628932e+02,4.333924588877776500e+02,4.806929102479495555e+02,1.915585703489443574e+02,-5.089112959511353296e+01,-5.470642437762635524e+01,-4.648845359492631246e+01,-3.140125099061233271e+01,-6.148147867021964252e+00,3.969755447928936860e+02,4.388682211599750076e+02,1.236928920113345356e+02,-2.616019218289966020e+01,9.300459817889827008e+00,1.285361569634284784e+01,9.533630280397442647e+00,-3.763623894707037465e+01,2.729165474448582245e+02,4.818693770251086335e+02,3.701504622137230172e+02,3.353927098625034091e+02,3.249204337422307276e+02,2.503795246861193391e+02,2.271937954170457772e+02,2.171613194521712273e+02,2.550603331692685742e+02,2.085559744366891266e+02,2.078007371328378099e+02,1.691968842105314650e+02,2.018477368609696612e+02,2.822803585596877269e+02,2.069875819054842339e+02,2.303077180717227463e+02,1.839713798232519366e+02,2.495949605684584185e+02,2.529921527439371971e+02,2.136579425592472035e+02,2.140469421526985059e+02,2.901905382407222191e+02,2.924167400827126357e+02,2.973163994039263684e+02,2.754130003948549756e+02,2.759089213595148635e+02,2.409760009746851779e+02,2.272087801929930890e+02,2.036718007000001762e+02,1.582913963844909233e+02,2.027477670781944141e+02,1.800635239298196666e+02,2.111793007512352744e+02,1.996920069999612508e+02,1.963838500884744178e+02,2.160885524640464439e+02,1.882407170650940031e+02,1.987431891072634755e+02,2.004101649794615696e+02,2.026302085555001895e+02,2.006176972239972827e+02,2.044830438826086265e+02,2.676481080536948980e+02,2.262667721499090590e+02,2.566563941058529963e+02,2.439524478862205967e+02,2.279566796068771453e+02,2.547389300283726357e+02,2.438917574615006174e+02,2.338579704268714465e+02,2.411286271955944187e+02,2.557758148976628263e+02,2.418419227232151911e+02,2.595059418657539254e+02,2.829621702748727330e+02,2.488319992526448630e+02,2.669377286172224899e+02,2.529796220952638066e+02,2.390712078712778350e+02,2.538429994749602940e+02,1.248140107433453920e+02,-2.331033523633382742e+01,8.262409429824579377e+00,-1.597983959272628318e-01,-1.680526469560490732e-01,3.816474211347826995e-02,5.071995527987426672e-02,4.700772059698510308e-02,1.603520721051492857e-17
-1.394245599421079197e-81,1.808189643894253050e-81,-6.628534377199538508e-81,2.406044414318461179e-80,-1.114491814900622845e-79,3.542950413028902061e-79,-1.284696004387896282e-78,5.273053962180284302e-78,-2.375267386963868683e-77,7.099888467228219362e-77,-2.737052515929955042e-76,1.086324704865524918e-75,-2.509088025031957986e-75,1.482545575553367022e-74,-6.285316628064024845e-74,2.521474260611687274e-73,-6.558635404122897137e-73,2.835345344390324449e-72,-1.019042356622255539e-71,3.496435037414782338e-71,-1.435003236325705647e-70,3.703926081861877550e-70,-2.692230181987589773e-69,7.481891981453937583e-69,-3.179855102964317947e-68,9.740591064619888415e-68,-4.181178028619806122e-67,1.152998210295768253e-66,-6.382451558091932444e-66,1.951600927428830280e-65,-7.525401471294210254e-65,3.081391045009483150e-64,-9.558646902623941638e-64,3.315541813272603352e-63,-1.667159309744903172e-62,5.228416176036485230e-62,-2.192140682838157219e-61,5.852078396397850458e-61,-2.879515525470888524e-60,1.023322083073618825e-59,-3.695583209514796114e-59,1.915796268159868918e-58,-6.802932273567273292e-58,2.536088554807189815e-57,-1.129588332660143211e-56,-1.151425756850201402e-56,-8.554202983102292483e-55,-7.833404443742620574e-54,-9.353282888311347578e-54,4.106298923109849191e-52,-1.914984086125767972e-51,-1.612123287973412002e-51,4.581744531290792696e-50,5.663436900280556606e-50,-2.800259299637111119e-48,-6.740075426238862399e-47,2.215990215087441143e-46,-7.406938523880543244e-46,-1.348320388124689723e-44,-1.921250432176289145e-43,-2.436582467910388970e-42,-2.722091870873003309e-41,-3.380910380680413266e-40,1.177484349488298622e-39,3.463993174914464145e-37,4.182162295074067507e-36,-1.136273128444799773e-35,-1.062124326194950882e-35,-2.654448343947736489e-34,-2.539048191169920954e-34,-2.858600290220898208e-33,1.065000409645162961e-32,1.241323168331173605e-31,-3.390063570073192489e-31,3.567480243080344369e-29,-1.088735880822144827e-28,3.853299333262784818e-28,5.971652878520154230e-27,-2.800790559176864638e-26,-3.336091889169015352e-25,1.175399934854717251e-24,1.690963846022233940e-23,-4.856089112089817651e-23,2.415422964075857186e-22,-1.205117135265587475e-20,4.666299552169578413e-20,6.393021541318519398e-19,9.102980983027377259e-18,-3.319006633865874922e-17,-2.410182834557313293e-17,-2.157446686219555343e-17,-2.030994137587212395e-17,7.936384362210885434e-17,-2.613283620794787592e-16,-2.199844375276793215e-16,1.054066206418982566e-15,1.270227381655648658e-15,-4.618428490144341690e-15,-3.921020377748026835e-15,2.412286823309990010e-14,2.343114616758198161e-14,-1.337098197423715083e-13,3.527305386910591107e-13,3.563361017495800379e-13,2.754350150250846214e-13,-1.195414910780033882e-12,-8.889110733915139880e-13,3.645512337794408059e-12,3.272536518275180070e-12,-1.696161028201945328e-11,-1.280524321466778745e-11,7.612405157065105416e-11,6.151630825199780701e-11,-2.031447034744953206e-10,8.144169759468383198e-10,9.004432211815339483e-10,-1.666779485634749853e-10,-5.238540582389182743e-13,-6.735429584246349757e-13,-6.363520342086354932e-13,-5.052650589525700110e-13,6.767554445278632598e-09,8.373419336990777085e-08,8.742763809284115468e-08,-4.240189221687294014e-07,1.259044650127168348e-06,2.256283305942282779e-05,4.185159935881567375e-04,-1.693923620925595836e-03,-1.949103197223726056e-03,2.625238512464804757e-03,-1.087640092537782779e-02,8.739645086553753384e-01,7.654693843396337405e-01,-3.911446310172453700e+00,-4.053050099835268760e+00,1.670258716892849193e+01,-6.159748745103177470e+01,-4.445213057212541230e+01,3.237842472659601185e+02,2.818492033630326432e+02,4.727696930610467234e+02,3.912808813991718466e+02,5.063388301077631581e+02,3.886285169057598523e+02,3.576768140931591233e+02,3.231027662546540000e+02,4.841657785676480330e+02,4.822386815945110357e+02,1.662153357317837106e+02,2.153478498555099634e+02,-2.250800431147932912e+01,-2.504211329772822126e+01,1.052524183526509916e+01,4.129739756822796721e+02,3.068823657899490627e+02,3.130028866208825207e+02,8.688817305738109553e+01,-2.655565689909647986e+01,-3.724667755028404770e+01,-2.789904450692125693e+01,1.231580307421195215e+02,5.319307264549013325e+02,2.981525018102173590e+02,3.192530749254014495e+02,2.928631901535814563e+02,2.809423664520729744e+02,2.102486121355196644e+02,2.178069397140978083e+02,1.988116067361533794e+02,2.290804324613501706e+02,2.239233353131436672e+02,2.146414349257152878e+02,1.930816979455649403e+02,2.461323893018687841e+02,3.273402947219306611e+02,2.456711819832693493e+02,2.468355656439827044e+02,1.892900992012290828e+02,1.862217070878143375e+02,2.562650908693094038e+02,2.524937505867958407e+02,2.215702910747813519e+02,2.546345989550064530e+02,2.338310526279740031e+02,2.995108906861829041e+02,2.768988852012288362e+02,2.835219358243916759e+02,2.733494858799921303e+02,2.671738340512952732e+02,2.667829758336702071e+02,2.235583826563351124e+02,2.075086998801857305e+02,1.716327273034528105e+02,1.923134520401687269e+02,2.000116682493667213e+02,1.727348507059574558e+02,2.188279070183838257e+02,1.940299364213396984e+02,2.086490859547400873e+02,1.926068216379834723e+02,1.933115006749642362e+02,2.132282311869476814e+02,2.146037079552522187e+02,2.470804927682640937e+02,2.757748286347012936e+02,2.887892443247276333e+02,2.474256333227674816e+02,2.250360230038302518e+02,2.575499604899099495e+02,1.778253242640846850e+02,2.320647514785842134e+02,2.134043257297853415e+02,2.553687263151622346e+02,1.936917218224481587e+02,3.271926447606214765e+02,4.240964978972081667e+02,2.543798951497489895e+02,2.006514898676628036e+02,2.521199265136424685e+02,2.243614125244773447e+02,2.132386857445235933e+02,2.827115358929620470e+02,7.641088462499530465e+01,-2.370344220276901126e+01,4.584011380176382655e-01,4.820791760310861318e-01,-1.094801381658587064e-01,-1.454962723312534789e-01,-1.348472820988141085e-01,-5.632818651853836081e-17
2.287571994683445322e-82,-4.978501229026069684e-82,1.140770076981944244e-81,-5.630457672925193931e-81,2.727630094405708949e-80,-9.003550274872003319e-80,4.014095574006614190e-79,-1.329915911440563494e-78,4.750221336457069736e-78,-1.237239485938290857e-77,7.037982838365126235e-77,-2.524227758580812215e-76,1.030001587075108584e-75,-2.744578044979310091e-75,1.043271193769604343e-74,-4.720884675119048836e-74,1.750890851445831044e-73,-5.735198607070323918e-73,2.419736291446155434e-72,-9.034435999554712758e-72,4.709135652705598323e-71,-1.323466405228365292e-70,2.955317734296646355e-70,-1.837611267898845428e-69,7.499066057985045856e-69,-2.591128810765063973e-68,8.716058880665170669e-68,-4.583489170034650726e-67,1.268711010022518338e-66,-4.588712299672767662e-66,1.460097006770798156e-65,-5.277745959415824322e-65,2.688905489588237460e-64,-1.229424610895933087e-63,1.576769176502572159e-63,-1.571257669418080953e-62,2.868593604274125581e-62,-1.917085021483839681e-61,6.846927739260398338e-61,-2.405654598685920272e-60,5.788511675445997282e-60,-6.128337555436536013e-59,1.061514973822043797e-58,-6.048230086296513341e-58,2.460066900192839483e-57,1.801675857750070521e-57,1.954648159036728955e-55,1.768788742488626033e-54,2.011550148003944812e-54,-9.282437260012417797e-53,4.365288562977269403e-52,3.615362567551761786e-52,-1.041612407387843521e-50,-1.295112064311539114e-50,6.349868557150310039e-49,1.528095349503349045e-47,-5.023562028387021917e-47,1.679230275762707432e-46,3.056637353446142351e-45,4.355568891150899165e-44,5.523881054861507108e-43,6.171139988403960267e-42,7.664719222508028081e-41,-2.669425513750482393e-40,-7.853073234996508363e-38,-9.481204228189949587e-37,2.575997018012272695e-36,2.407897381998422284e-36,6.017788191825613493e-35,5.756169373767375359e-35,6.480612487088256964e-34,-2.414417637006082367e-33,-2.814151544840132288e-32,7.685470530268884655e-32,-8.087684408688403944e-30,2.468227322454287026e-29,-8.735652846310247567e-29,-1.353808306940181470e-27,6.349554473687485583e-27,7.563113603793003514e-26,-2.664699754241481552e-25,-3.833513012305245100e-24,1.100903537583303943e-23,-5.475903807635178960e-23,2.732070369369670928e-21,-1.057877144720542872e-20,-1.449335024178321082e-19,-2.063698530946868102e-18,7.524380340113589381e-18,5.464024130406469324e-18,4.891056638752602650e-18,4.604381384422608763e-18,-1.799224317820925085e-17,5.924465380337583508e-17,4.987174656340581905e-17,-2.389629161879406176e-16,-2.879679070382343581e-16,1.047024497597520544e-15,8.889180377788984348e-16,-5.468793994812563036e-15,-5.311976594765856428e-15,3.031279084181212859e-14,-7.996605681963615109e-14,-8.078345885540665506e-14,-6.244271375919730627e-14,2.710074864320206053e-13,2.015212906322461824e-13,-8.264587688453001433e-13,-7.419029895620439423e-13,3.845295325428177352e-12,2.903022829532342597e-12,-1.725776354899407749e-11,-1.394610350231689303e-11,4.605408128519782178e-11,-1.846330471274613667e-10,-2.041356953527764354e-10,3.778685666080397328e-11,1.187607501800289583e-13,1.526960911397998837e-13,1.442646931368486264e-13,1.145465163358497406e-13,-1.534243803525947565e-09,-1.898302678756447827e-08,-1.982035210583796568e-08,9.612754639439756518e-08,-2.854327170086874790e-07,-5.115124982195101909e-06,-9.488000060156216177e-05,3.840222993498733166e-04,4.418729877909454481e-04,-5.951567812412402163e-04,2.465743106960396110e-03,-1.981328178071151136e-01,-1.735363445108661362e-01,8.867475411879760516e-01,9.188499407479133740e-01,-3.786573284926972427e+00,1.396450729708506344e+01,1.007755555352646049e+01,-4.442370458190428906e+01,-3.866442610942453229e+01,4.415576436609468374e+02,5.359012587237398293e+02,6.728395984338811786e+02,4.809698592583640675e+02,3.442144235428342540e+02,3.182126594238014832e+02,3.738411441530100205e+02,4.322615640443818279e+02,4.987574073000597537e+02,6.452455921439385520e+02,9.108899101180531943e+01,8.783426774862398645e+01,-2.249614673813403343e+01,2.804373314679771170e+02,4.286610043975376811e+02,3.488541909046948035e+02,3.114366436578550292e+02,6.454628712506834631e+01,9.025331023963983057e+01,6.760659018404733445e+01,3.967522144862761024e+02,3.032431715163595527e+02,3.141651367868950615e+02,3.000367870700944195e+02,2.662641259672836327e+02,2.736848202074722280e+02,2.163319151892903278e+02,1.966561185957002351e+02,1.947622465785178179e+02,1.803293198720328689e+02,2.053938387804502952e+02,2.126038167393829781e+02,2.195718776842973057e+02,2.350256136073928985e+02,2.799425957695703460e+02,2.558856383300382902e+02,2.047932551380358177e+02,1.839166592641451814e+02,1.696116575115459568e+02,2.213425163485095197e+02,2.761895035733127770e+02,2.126385006874865553e+02,2.031117738903456029e+02,2.467298304544945324e+02,2.936242392205367651e+02,2.337444411349311508e+02,2.764460237647183476e+02,2.713670555802692093e+02,2.577446056177677747e+02,3.193300008997562713e+02,3.052337719315726758e+02,2.341634143264153636e+02,1.916346885379883531e+02,1.921506710693381876e+02,1.883499575158363086e+02,1.699466519068062382e+02,1.896158289119107678e+02,2.138514080157055162e+02,1.932357318773111956e+02,1.814218830145194374e+02,1.999619007911447568e+02,2.217838196641769741e+02,2.408059372638445268e+02,2.275209378553102226e+02,2.819776244333375530e+02,3.007602360813929749e+02,2.542853862157101901e+02,2.293053807195090883e+02,2.612679569876762002e+02,1.992647111406885472e+02,2.112738823367130578e+02,1.789770775828221758e+02,2.471225016292339660e+02,2.327689328252986627e+02,3.005352911254044557e+02,4.613958884489397860e+02,4.092759176385248452e+02,2.510393890978327818e+02,2.050615573103717111e+02,1.886732126037761930e+02,2.130811205251783349e+02,2.383560386763039389e+02,2.402416650117910706e+02,5.734390637697394766e+01,-1.048637817158003971e+00,-1.102803601157221980e+00,2.504465995571009684e-01,3.328370539550484786e-01,3.084764399010840874e-01,7.305776738495071915e-17
-3.770640045207037857e-83,-1.431054974311917243e-84,-3.148398905688275961e-82,9.581149850256585243e-82,-3.805871209955915688e-81,1.139924598274650644e-80,-2.808607844753829565e-80,1.346808733593827651e-79,-5.591297238836968839e-79,2.515086004480933740e-78,-7.106051629614493363e-78,3.488247468141199667e-77,-9.599113111276027041e-77,7.787277456162975514e-76,-1.511924251785364332e-75,1.039884705793249395e-74,-2.357105910005390729e-74,7.062020070662464405e-74,-2.931773858523910388e-73,1.318758937018495911e-72,-3.867596145779781165e-72,1.772427903481487282e-71,-8.881943687483850685e-71,2.634110632575236297e-70,-7.927721644480298941e-70,2.989146648786359783e-69,-1.757536787005572772e-68,3.471131416771796401e-68,-2.371846326870893433e-67,1.284941322880043711e-66,-2.027969663207915550e-66,9.590232522460195900e-66,-4.657058673882804133e-65,5.740252327265925267e-65,-5.676140569993081330e-64,1.567359154957134321e-63,-7.088140679902496804e-63,1.820109904630147636e-62,-8.060638140043847243e-62,5.375840870055865539e-61,-4.799464062477557414e-61,6.428829918959887895e-60,-1.446124631800093171e-59,1.022906346290430887e-58,-2.478382835697323978e-58,-2.933924448490538220e-58,-2.602126403361776865e-56,-2.472782669402138090e-55,-2.844295973879924100e-55,1.303248110175024627e-53,-6.041050454920550433e-53,-5.087408183131943244e-53,1.448954277109456042e-51,1.823402724774481431e-51,-8.833657783708748715e-50,-2.127741846520832797e-48,6.995693286837787255e-48,-2.337810455861267819e-47,-4.256324923799857454e-46,-6.064886295788934242e-45,-7.691575320891885231e-44,-8.592848939898137657e-43,-1.067253895618810557e-41,3.716972948018302026e-41,1.093480670580530675e-38,1.320185516778163067e-37,-3.586879760087223888e-37,-3.352813837747300572e-37,-8.379311974286346121e-36,-8.015027681977466082e-36,-9.023759572387438677e-35,3.361892762928212512e-34,3.918491803191099421e-33,-1.070143267268145982e-32,1.126148487603425459e-30,-3.436818656250910168e-30,1.216373159978433616e-29,1.885075010735122008e-28,-8.841271254011491929e-28,-1.053105996226715723e-26,3.710391561400897630e-26,5.337875049048342926e-25,-1.532924371407938267e-24,7.624779206942454529e-24,-3.804200014474697416e-22,1.473013394668492824e-21,2.018088692653236326e-20,2.873543108302467797e-19,-1.047712684112811046e-18,-7.608237660722642044e-19,-6.810424044909341942e-19,-6.411250575990478366e-19,2.505282899238371222e-18,-8.249367050833043603e-18,-6.944261067556688863e-18,3.327376700882081309e-17,4.009733894137812320e-17,-1.457901909691615128e-16,-1.237750700017859928e-16,7.614879333809155020e-16,7.396523041739998958e-16,-4.220825373022767907e-15,1.113466468218879882e-14,1.124848169331603658e-14,8.694672554916171764e-15,-3.773572948069124808e-14,-2.806030566910452236e-14,1.150780922648583607e-13,1.033043436682034998e-13,-5.354281023159941238e-13,-4.042238301744556908e-13,2.403012201989221077e-12,1.941888750018572793e-12,-6.412680238986384017e-12,2.570874632035401426e-11,2.842434162466377871e-11,-5.261532143081340720e-12,-1.653653041369210850e-14,-2.126176831452126268e-14,-2.008776032542946020e-14,-1.594973043051724077e-14,2.136317704337891172e-10,2.643241974645394158e-09,2.759833151198077794e-09,-1.338502907849185296e-08,3.974433302852704926e-08,7.122422156277133186e-07,1.321131782359996699e-05,-5.347218187072071908e-05,-6.152744985621057348e-05,8.287105124363844215e-05,-3.433359575344285429e-04,2.758848662246032174e-02,2.416361495302350726e-02,-1.234728448740887163e-01,-1.279428596379754424e-01,5.272515051891702997e-01,-1.944451338343837987e+00,-1.403222896906582751e+00,6.185662694057625366e+00,5.383727008432362737e+00,-2.640824278060169306e+01,6.266855048560968271e+02,4.694712575834604422e+02,4.468904529553361726e+02,4.017505476648282752e+02,3.700144361862879236e+02,3.517714433748107581e+02,3.414807777694718425e+02,3.091970305531655754e+02,3.602349357242702013e+02,4.940223388785432235e+02,5.008054139958139217e+02,3.050720718488526728e+01,2.689435727177944102e+01,5.470099796830924106e+02,4.038368402452075543e+02,3.336085063487184925e+02,3.943558698120530721e+02,5.029539317545034578e+02,3.696126653486730902e+02,3.221707148706725548e+02,3.217948193761078528e+02,3.285215030093491464e+02,2.727774709645046869e+02,2.563675907343772451e+02,3.298222427001240362e+02,2.761963785878054409e+02,2.051822265986205878e+02,2.147331821483099077e+02,2.039848658508604728e+02,2.332370883384749334e+02,1.928323929883161725e+02,2.411348839380000300e+02,2.161107768258945043e+02,2.425179533048150233e+02,2.491717893453759416e+02,1.894933316038689100e+02,1.824115567894591550e+02,2.112900426728038212e+02,2.360178597818326978e+02,2.425455451094369153e+02,2.095276002608358681e+02,2.004892435879673656e+02,2.815484390292748458e+02,2.589171184618851385e+02,2.215410481495108002e+02,2.712384726493040716e+02,2.182531124840951406e+02,2.273204107470508006e+02,3.335867864296456560e+02,2.836733429568547535e+02,2.816131929731882337e+02,2.448382708695154122e+02,2.477441238460916395e+02,1.504761312307579999e+02,1.695852204686385960e+02,2.046403742553667939e+02,1.982105103467020513e+02,2.240947315980316432e+02,2.074804558872196196e+02,2.278821048474467545e+02,2.340206073062126393e+02,2.425717775460203143e+02,2.605100847415255885e+02,2.405448622059928425e+02,2.848329811799835625e+02,2.642448609424370147e+02,2.028385999812282705e+02,2.163064880510500529e+02,2.718735758414503039e+02,2.548662654380593153e+02,2.360859212889646130e+02,2.377263244456069344e+02,3.397761382986731746e+02,-1.649498940019687154e+01,-3.378499289988931764e+01,3.562712341122222028e+02,2.812541570523721930e+02,2.039992711403972123e+02,2.000749734665536721e+02,2.356674476533192149e+02,2.425491293387398173e+02,1.906114610904976985e+02,3.151917054290425426e+02,1.418018372454943998e+00,1.491263936117648958e+00,-3.386659069379194809e-01,-4.500782320047796992e-01,-4.171366409959936239e-01,3.609386819062715749e-16
6.332038067894156375e-84,7.734029683877594882e-84,-2.131072827605364809e-83,1.624435836465594774e-82,-4.658007864829944927e-82,5.151682170264785314e-81,1.272911677610853477e-81,4.661865127559143542e-80,-1.068361475656823444e-79,1.097914518461134878e-79,-1.399200091673700467e-78,4.323150261916039186e-78,-2.844283338761206873e-77,2.233376561088402319e-76,3.217421761268659198e-77,2.666306383445921827e-75,2.740478520330581567e-75,1.559657392567135252e-74,-5.821783937894043691e-74,3.493736178088150064e-73,4.338324065272309635e-73,6.794107102900638779e-72,-1.491108585993139117e-71,8.420810856331370358e-72,-1.280062864537413042e-70,2.387257219029524613e-70,-3.271929952441281122e-69,8.176263683187587479e-69,-3.167893319185809655e-68,1.089766719770037915e-67,-6.627130583421866690e-67,1.069348170859531646e-69,-1.226814776948691499e-65,2.340381516701984654e-65,-6.472986934351282124e-65,4.289878550268873505e-64,1.078323741379661792e-64,4.134351282690902209e-63,-3.605417797723460757e-62,5.226735011346090601e-62,1.192963350088607145e-61,2.022955919911330225e-60,-1.764465125244903886e-60,4.179239980362374740e-60,-8.122760750542580814e-59,-1.036784519087899882e-58,-3.448205667967816111e-57,-4.315610294365090432e-56,-6.382711072508621901e-56,2.190181535718223828e-54,-1.002617492279672910e-53,-7.544678147077999651e-54,2.442633931713001564e-52,3.065959604848352368e-52,-1.481848378962511049e-50,-3.568449636814775114e-49,1.172778304988576991e-48,-3.920352533136978167e-48,-7.137406374337557515e-47,-1.017092214612812575e-45,-1.289889005238909940e-44,-1.441033921873971332e-43,-1.789801678477632021e-42,6.233419754928019259e-42,1.833784753923476810e-39,2.213972455715384802e-38,-6.015255346943492061e-38,-5.622723023393712702e-38,-1.405224166092309856e-36,-1.344133103565105690e-36,-1.513299069658947303e-35,5.637948520027727102e-35,6.571374108744066621e-34,-1.794647561966484396e-33,1.888569221930970039e-31,-5.763600454827948188e-31,2.039877456156570792e-30,3.161301271798172598e-29,-1.482695484308053456e-28,-1.766075782809470550e-27,6.222386639929170750e-27,8.951702762658377357e-26,-2.570738955927438206e-25,1.278687801124400158e-24,-6.379704932456323470e-23,2.470267279266171340e-22,3.384367367033049762e-21,4.818978253485810068e-20,-1.757031111192712302e-19,-1.275913757077168029e-19,-1.142119123760864163e-19,-1.075177087619814054e-19,4.201399928672569695e-19,-1.383432192408310342e-18,-1.164563808853123571e-18,5.580064526047208398e-18,6.724388571824779747e-18,-2.444925074630128731e-17,-2.075727936493878823e-17,1.277027576392359277e-16,1.240408873163126565e-16,-7.078392394946034609e-16,1.867301270278221340e-15,1.886388567069216996e-15,1.458110645434956825e-15,-6.328342846900933979e-15,-4.705758629995310636e-15,1.929878213675338181e-14,1.732430546071674650e-14,-8.979215846496203087e-14,-6.778898988928623661e-14,4.029890315822678887e-13,3.256578831196440535e-13,-1.075416844415777068e-12,4.311398325092696966e-12,4.766808048333909659e-12,-8.823674474994718305e-13,-2.773202887457668986e-15,-3.565632923411491883e-15,-3.368749885384292983e-15,-2.674795581535144231e-15,3.582639331213025741e-11,4.432759528720478026e-10,4.628284816903149868e-10,-2.244691018038375944e-09,6.665188909482606924e-09,1.194441711491186207e-07,2.215559359728110447e-06,-8.967371356181457926e-06,-1.031825282150286548e-05,1.389760928356224823e-05,-5.757799520103943090e-05,4.626633813012759333e-03,4.052277296546741119e-03,-2.070659572237143822e-02,-2.145622442561562551e-02,8.842092990646813200e-02,-3.260876333251099268e-01,-2.353227486112381694e-01,1.037345635078061212e+00,9.028597239895183035e-01,-4.428705012456609857e+00,2.093099791907060947e+01,1.352175194870379826e+01,4.065484329032799451e+02,4.644600060618978432e+02,3.934829773886432918e+02,3.393143814189729142e+02,3.026108347528664240e+02,2.844409580457189008e+02,2.996763097934125426e+02,3.223565469002513169e+02,4.140552158545208385e+02,4.426056968271249730e+02,6.235948562338542160e+02,4.803225595111754274e+02,3.355768340738156894e+02,3.657124291029186338e+02,4.262305035771270241e+02,4.135195410122003068e+02,2.845257779702755556e+02,3.213491746475660875e+02,3.285790098247896367e+02,2.970473503360403811e+02,2.400069659082954558e+02,3.378830820599974913e+02,3.582918264226261158e+02,2.694421792693792099e+02,2.621136979843871586e+02,2.220127198040315477e+02,2.370634312126535406e+02,2.701140115243614446e+02,1.917240702561733201e+02,2.518777703985244045e+02,2.112333161588642838e+02,2.558737216813021291e+02,2.831371444671542008e+02,2.150358817986861197e+02,1.886270076801824587e+02,2.330279801828264397e+02,2.132324396260096080e+02,2.490641085080712855e+02,2.207666567334046022e+02,2.122926941717776117e+02,2.879929985382404425e+02,2.486493029391935181e+02,2.456129074770614977e+02,3.056294446910438296e+02,9.773222057520507988e+00,2.556932666297454659e+02,2.710762347835507171e+02,2.627286879746724821e+02,2.636218732232861726e+02,2.500590641495259376e+02,1.970340648996418054e+02,1.759497435492220063e+02,2.133184486758140963e+02,2.454267248579330669e+02,1.974318328372124540e+02,2.246582389630953003e+02,2.401211177524169216e+02,2.722552414544549038e+02,2.399846672007604695e+02,2.977522383518586935e+02,3.103502940269344776e+02,2.814007925789554179e+02,2.842022296793420537e+02,3.001483978560868309e+02,2.514691490601261989e+02,2.181055701380938956e+02,2.649395153785052912e+02,2.744447976194644525e+02,2.292595331438946289e+02,2.580981289510620513e+02,3.419336387008929137e+02,-6.599134055317744663e-01,-1.358372114897007066e+01,-2.243483989041345217e-01,-2.376750636284466367e+00,2.588269127725086491e+02,2.201852710051966255e+02,2.243433202704743792e+02,2.186800348043969962e+02,2.251682781154326563e+02,2.602333306164944702e+02,2.168630375744955430e+00,2.280647649609323757e+00,-5.179348778822818744e-01,-6.883220582744026261e-01,-6.379432083020265543e-01,7.692344425305186292e-17
6.384692203125882642e-84,-1.536817409154440240e-83,3.420822369077203284e-83,-2.563950739854744443e-82,5.857445342010451167e-82,-2.099966712551322664e-81,1.059380341431698045e-80,-3.007896487149833004e-80,1.681653659194605678e-79,-5.332071951453272028e-79,2.073248053477122842e-78,-4.784776759183509973e-78,2.657070464887355679e-77,-1.004185207669239126e-76,2.380042026066977735e-76,-1.394597387561430372e-75,6.106845306903656381e-75,-1.784244653844143099e-74,7.047918665413911408e-74,-2.441765677271774367e-73,1.091386538075795588e-72,-2.508547834575006880e-72,1.173733076595591371e-71,-4.387479528682197943e-71,1.960934545924554904e-70,-5.772138096929058089e-70,2.930036821043278697e-69,-8.195309934322114168e-69,2.767783993732676649e-68,-1.465628728543980756e-67,4.980092698010725248e-67,-1.908646623603787087e-66,6.153637594681908628e-66,-3.234983974691114672e-65,1.028079955026749832e-64,-3.049947557420953101e-64,1.222809218637284018e-63,-4.334609573544406366e-63,1.952453789626811162e-62,-4.706200551045147742e-62,3.352377601351816202e-61,-8.791226358954869943e-61,3.809631474590166868e-60,-1.734936763425002466e-59,7.568079196619097983e-59,3.550042503420138821e-59,5.913232159645802117e-57,5.077741635432458393e-56,5.818840004219090082e-56,-2.636069755341269204e-54,1.241707732680653059e-53,1.032878710954132230e-53,-2.960867492584939821e-52,-3.676614390519505384e-52,1.809258547392821371e-50,4.354978582141145244e-49,-1.431876864320783525e-48,4.785991160958694155e-48,8.711419309124936493e-47,1.241321646507684378e-45,1.574279322320031751e-44,1.758749555553980579e-43,2.184413082062657613e-42,-7.607752361114099500e-42,-2.238093283850652160e-39,-2.702103860783744645e-38,7.341484593304476884e-38,6.862407656158138554e-38,1.715044661019874144e-36,1.640484378367760876e-36,1.846947664579811928e-35,-6.880990060780492772e-35,-8.020215113539260384e-34,2.190327206922730142e-33,-2.304956492593557957e-31,7.034345437737087671e-31,-2.489624808233489346e-30,-3.858297491807780735e-29,1.809596674382778898e-28,2.155455990201129653e-27,-7.594283714690001334e-27,-1.092535299448805871e-25,3.137529394673797357e-25,-1.560609860205107876e-24,7.786287171931324398e-23,-3.014905960609388314e-22,-4.130544671583281635e-21,-5.881455169821441867e-20,2.144417170794768857e-19,1.557224201495335318e-19,1.393930844185967626e-19,1.312229586402669595e-19,-5.127714638078022145e-19,1.688448046897010705e-18,1.421324080309289899e-18,-6.810343941875689246e-18,-8.206965844064432712e-18,2.983976366693064258e-17,2.533379517619498989e-17,-1.558583593056160417e-16,-1.513891284834214322e-16,8.639019591998851441e-16,-2.278999433489416029e-15,-2.302295052287474228e-15,-1.779591428444776434e-15,7.723600895352688817e-15,5.743273151792687359e-15,-2.355373193215021384e-14,-2.114392731317993627e-14,1.095893209792283259e-13,8.273494588877180890e-14,-4.918390991838173332e-13,-3.974581621906414224e-13,1.312522204209378959e-12,-5.261965220518216811e-12,-5.817782601351268356e-12,1.076909733307891421e-12,3.384632094481669431e-15,4.351775228685143165e-15,4.111483884679090195e-15,3.264528179086967014e-15,-4.372531169014283617e-11,-5.410083854997668285e-10,-5.648718095810075141e-10,2.739595179360714254e-09,-8.134713980324944536e-09,-1.457789392184665409e-07,-2.704040641995729377e-06,1.094447616242541269e-05,1.259319677499155914e-05,-1.696172127563396853e-05,7.027265526631933470e-05,-5.646703082490839992e-03,-4.945713801070826011e-03,2.527193692410864209e-02,2.618684198908843505e-02,-1.079157671945588232e-01,3.979826627039689813e-01,2.872061510954146968e-01,-1.266057144770962539e+00,-1.101920098402731973e+00,5.405135408587029566e+00,-2.547963172596869441e+01,-1.645171861765757626e+01,4.516516094677052706e+02,6.116317824063938815e+02,5.904281494890594786e+02,4.788709425338702204e+02,3.400835423439277179e+02,3.138405374293010368e+02,3.169254988484986484e+02,2.686174639442659213e+02,3.581470454201545977e+02,3.752256893300628917e+02,4.037752800864330993e+02,3.414178888654280968e+02,2.727089865229146426e+02,3.178043416700643320e+02,3.525505730933115842e+02,2.984497985342213724e+02,2.189962458211589649e+02,2.741682921907632817e+02,3.093025267231005841e+02,2.690647681325629605e+02,2.678942641308476027e+02,3.732157850108715138e+02,2.964547194252910458e+02,2.585563338571890313e+02,2.514566349524243947e+02,1.900467417288692218e+02,2.085383445954132924e+02,2.599948696041930134e+02,2.284778138682603696e+02,2.432649953029331016e+02,2.082019361052577437e+02,2.715917570666520646e+02,2.454983811866322583e+02,2.378931138952102344e+02,2.401097452457425163e+02,2.288501322750043414e+02,2.067695025194739742e+02,2.601345014099677542e+02,2.757243412491219487e+02,2.290317321942162323e+02,2.907701023603707426e+02,2.574447896203581081e+02,3.368658536905149958e+02,5.233530281241532833e+01,-4.487659715313847641e+01,-9.461980403785789306e+00,2.660182132495218070e+02,2.959508176200716889e+02,2.565598109882741369e+02,2.586741186069390892e+02,1.864158830933550348e+02,2.158981945416879569e+02,2.674578085990266345e+02,2.477376016027061780e+02,2.513011014717149578e+02,2.271371520834107400e+02,2.413937187337022294e+02,2.639149355775775803e+02,2.491579252191894511e+02,2.763135475883732397e+02,2.620119740771655188e+02,3.122659721596318150e+02,3.170755628366248970e+02,2.969974131192674918e+02,3.026368202319684428e+02,2.783000476222360362e+02,2.804669274985819243e+02,2.706297425296634174e+02,2.446904417203144249e+02,3.008319434834762092e+02,3.765929548102902231e+02,-2.379959958028513967e+01,2.990429386572174053e+02,3.710090973071905864e+02,3.922805838619684664e+02,3.132377469846270515e+02,2.488131568522316286e+02,2.159553144322238438e+02,2.191094819257002086e+02,2.413851064992994679e+02,2.424451475408868646e+02,-2.520171087868560633e+01,-2.650346657539083850e+01,6.018934896190352823e+00,7.999008819998811859e+00,7.413554873802924661e+00,6.812011324630480775e-16
-1.353410148932038125e-84,6.400017008402546706e-84,-2.498259775879740436e-83,8.112797745966254313e-83,-3.764852980423997602e-82,1.384533576572349172e-81,-4.229426328794336830e-81,1.590173686201091113e-80,-5.072138827679986650e-80,2.346543175697340771e-79,-8.549515134295411242e-79,3.633722258632888793e-78,-9.842577469766104555e-78,4.678481106493712112e-77,-1.973858791906024650e-76,5.877124921067927416e-76,-2.770140500123781096e-75,6.108914445608514435e-75,-3.322502889330419274e-74,1.224731168500610352e-73,-4.128647915955009131e-73,2.329593419263417917e-72,-4.620863852556274322e-72,2.449322270515463812e-71,-1.033451103265331650e-70,3.805743881965862930e-70,-1.164827448310237359e-69,4.660771866182365521e-69,-1.738317538609154399e-68,7.826527903576852420e-68,-1.984923928830142530e-67,9.988210432167267740e-67,-3.604956274378028163e-66,1.044900262605708936e-65,-5.433073749302896527e-65,1.992329826756427026e-64,-5.739064974762778784e-64,2.139716535069497927e-63,-1.032917793003616414e-62,2.872712288086650283e-62,-1.235134756784748729e-61,6.464262478801638187e-61,-1.727158607778406090e-60,1.052473056203405130e-59,-3.365771356322792531e-59,-1.238210358308618985e-59,-2.683683146177951310e-57,-2.471115963881205542e-56,-2.888367566754304179e-56,1.299212760039509780e-54,-6.067048698186984196e-54,-5.064855463978223792e-54,1.451032614091665768e-52,1.804063283906092613e-52,-8.872300910482654050e-51,-2.135012404775377578e-49,7.018948612923348347e-49,-2.346392899985772220e-48,-4.270890542540549253e-47,-6.085743847175615829e-46,-7.718119223197094322e-45,-8.622502499732592616e-44,-1.070937281462795848e-42,3.729800496675485202e-42,1.097254767738705505e-39,1.324742076953568554e-38,-3.599259705137553303e-38,-3.364385901416399902e-38,-8.408232784930636492e-37,-8.042691173443641266e-37,-9.054904659516492759e-36,3.373496185176888990e-35,3.932016301552127055e-34,-1.073836818472235494e-33,1.130035338695037814e-31,-3.448680682150495585e-31,1.220571417490500344e-30,1.891581262777101143e-29,-8.871786506108847331e-29,-1.056740744448735390e-27,3.723197811836864927e-27,5.356298485914240473e-26,-1.538215191279517625e-25,7.651095791170797764e-25,-3.817330040589796939e-23,1.478097434484015607e-22,2.025054035468087959e-21,2.883461013752029562e-20,-1.051328817557721904e-19,-7.634497152546085221e-20,-6.833929918739325327e-20,-6.433378720455177086e-20,2.513929771055692864e-19,-8.277839372056446045e-19,-6.968228873881238644e-19,3.338860992667739895e-18,4.023573311241056516e-18,-1.462933792892974570e-17,-1.242022741170619856e-17,7.641161749070044944e-17,7.422051810030080840e-17,-4.235393362919213471e-16,1.117309547907204959e-15,1.128730532451998016e-15,8.724681828159842379e-16,-3.786597266235020259e-15,-2.815715455844526439e-15,1.154752791506581436e-14,1.036608939875876020e-14,-5.372761084511594246e-14,-4.056189906356110276e-14,2.411306091071520129e-13,1.948591092141297595e-13,-6.434813317868949068e-13,2.579747890783295311e-12,2.852244696781478464e-12,-5.279692085823830254e-13,-1.659360550839688109e-15,-2.133515235638243767e-15,-2.015709233130349868e-15,-1.600478021206228364e-15,2.143691109295863757e-11,2.652365006037898145e-10,2.769358591819107649e-10,-1.343122690738693793e-09,3.988150881544923903e-09,7.147004877626845928e-08,1.325691609587222764e-06,-5.365673871361017211e-06,-6.173980909608539580e-06,8.315707696859470595e-06,-3.445209662278515280e-05,2.768370704947504049e-03,2.424701458873146972e-03,-1.238990058728608491e-02,-1.283844486926751828e-02,5.290712901652491751e-02,-1.951162525125489655e-01,-1.408066057942160554e-01,6.207012232042736777e-01,5.402308701284460613e-01,-2.649938964881132009e+00,1.249172570481748856e+01,8.065672163352472168e+00,1.167621100294132503e+02,1.644631687539972802e+02,1.663365136842759568e+02,1.334267718172121420e+02,6.345825828947581613e+02,4.152122027210243687e+02,3.085450862708703426e+02,2.717746611524817695e+02,3.433785971202062228e+02,3.637995866219618506e+02,2.837109289654758300e+02,3.011875770247521586e+02,2.813179683973969532e+02,2.825466779260650014e+02,3.306281745203149285e+02,2.926267294049097814e+02,3.053731990814206938e+02,2.663188695882391244e+02,3.108921120596992864e+02,3.026715623447698817e+02,2.789127374702425755e+02,2.860735605041396070e+02,2.451039201923144049e+02,2.586767778325631753e+02,2.513746009346409949e+02,2.156871574346905049e+02,2.008207349706699176e+02,2.917028878013365443e+02,2.630873059936226923e+02,2.444956975132008949e+02,2.449429827175273431e+02,2.934049373580034512e+02,2.269352603784771532e+02,2.671552672723082082e+02,2.284642063969011474e+02,2.330799212931674731e+02,2.193540965495379282e+02,2.788231461985325268e+02,2.808370284020491567e+02,2.403800123479259696e+02,2.735073094786764614e+02,2.956067678999131658e+02,4.285192177511831915e+02,-6.466685998502168786e+01,3.342686131862877801e+02,3.766272035992022893e+02,3.276487155625498531e+02,3.138282084473125906e+02,2.722359596292077413e+02,2.559585702339411455e+02,2.539342620644695785e+02,2.315808975498380846e+02,2.811205084430441161e+02,2.418265061899557224e+02,2.988620926420306887e+02,2.400042826420389588e+02,2.729896876030157387e+02,2.414027903455083788e+02,2.927488847593330092e+02,2.469342098437940649e+02,2.043923713889870157e+02,2.864115811043151894e+02,3.090419650862716026e+02,2.992267707079649313e+02,3.275892955116545409e+02,3.288198420487775593e+02,2.640872856991356343e+02,2.422787220997537077e+02,2.240667013655036044e+02,2.805693543180218512e+02,3.613883165124811967e+02,2.504607637791376931e+02,3.277193629537870834e+02,4.473836007370218226e+02,4.828020802357054890e+02,3.195820554410332193e+02,2.593240849866276108e+02,1.905967572641904439e+02,2.085993974705812661e+02,2.182210047943578388e+02,2.608200289190181138e+02,2.286435759489898203e+02,2.380274123110231415e+02,-2.948133040650197145e+01,-3.917992568688035249e+01,-3.631231513397072774e+01,-2.113558276142224332e-15
2.618871081122777452e-85,-1.789955762164606463e-84,8.537714539847390494e-84,-3.136356311426552125e-83,1.507939013029011672e-82,-2.757631362330590867e-82,1.827793845127978607e-81,-5.458200598865851279e-81,2.804446399356659501e-80,-6.086109432234774806e-80,4.082233025512252048e-79,-1.209380506635423027e-78,3.666570702797738789e-78,-2.076159125941995975e-77,7.045687799573179255e-77,-2.221694271921638758e-76,9.588284500605551526e-76,-3.135861120247414858e-75,1.524743101935853610e-74,-3.633037187575260188e-74,2.228696876081416789e-73,-4.925674779397289506e-73,2.634231100736312233e-72,-8.621116347125955885e-72,3.803621818975900388e-71,-1.165512747806390861e-70,3.394161512110152261e-70,-1.863691266732758390e-69,5.684834611236610858e-69,-2.020665888626536038e-68,1.167752854987306439e-67,-2.582465765385391553e-67,1.306909238832325491e-66,-4.515302407062076770e-66,2.175013742362310069e-65,-5.873241839996575655e-65,2.635598287179518096e-64,-1.128444844912478732e-63,2.980484101428644793e-63,-1.483860342049577619e-62,3.930802044948766005e-62,-2.431129654567290515e-61,4.901186326312593497e-61,-3.312920804523818539e-60,1.422312237289136386e-59,4.406293202841051129e-60,9.722206347065821612e-58,9.249758328659048594e-57,1.079882793401888323e-56,-4.831433801039070148e-55,2.257548683226107331e-54,1.867886584472330376e-54,-5.400661539857968312e-53,-6.681918739555313384e-53,3.295336166253415506e-51,7.932364622333105679e-50,-2.607526598785841938e-49,8.717337893551701600e-49,1.586751600416250320e-47,2.261010593709291208e-46,2.867484054088712281e-45,3.203485854804536519e-44,3.978814068068921323e-43,-1.385719111838530059e-42,-4.076589719940619782e-40,-4.921764841772316453e-39,1.337219537028954291e-38,1.249957748340977431e-38,3.123879373382385162e-37,2.988071057410416583e-37,3.364134963638070600e-36,-1.253342458192402880e-35,-1.460847354425494118e-34,3.989585889286031389e-34,-4.198378156088033733e-32,1.281275474080762680e-31,-4.534743473616626480e-31,-7.027721330599740557e-30,3.296101758697401204e-29,3.926069483148943635e-28,-1.383265799635854445e-27,-1.990005603421744856e-26,5.714873541802438303e-26,-2.842583089196091225e-25,1.418238395575247973e-23,-5.491520281706158554e-23,-7.523607745930470234e-22,-1.071281518329399263e-20,3.905962752973585872e-20,2.836416258882836316e-20,2.538984499734029124e-20,2.390169206647010358e-20,-9.339909536719075160e-20,3.075434794744935788e-19,2.588880089751831058e-19,-1.240474574359374374e-18,-1.494863188861774410e-18,5.435183369538522978e-18,4.614440776605305871e-18,-2.838892331577835596e-17,-2.757487232963253744e-17,1.573559902808017339e-16,-4.151098500091942546e-16,-4.193530458095224487e-16,-3.241448506234521975e-16,1.406820362518366244e-15,1.046112263815780487e-15,-4.290209986819220487e-15,-3.851274540310315726e-15,1.996121891291738509e-14,1.506981110821163973e-14,-8.958635605198350995e-14,-7.239527823807742999e-14,2.390702197274689247e-13,-9.584441142657525800e-13,-1.059683836487553122e-12,1.961544313253363534e-13,6.164960378802033291e-16,7.926569598538465579e-16,7.488889350317144973e-16,5.946196312174071802e-16,-7.964375642476430387e-12,-9.854232803150360285e-11,-1.028889470984087720e-10,4.990053649329311076e-10,-1.481702825643107317e-09,-2.655300071787323047e-08,-4.925292603513165428e-07,1.993488805417343296e-06,2.293796105249144701e-06,-3.089503872252185730e-06,1.279985899017342718e-05,-1.028522445058393164e-03,-9.008402915693158658e-04,4.603173564613906310e-03,4.769819549126030032e-03,-1.965638835862769732e-02,7.249081372888002694e-02,5.231335319833425868e-02,-2.306068109302944757e-01,-2.007099607171538291e-01,9.845219422905040485e-01,-4.641004270835647816e+00,-2.996609102843405203e+00,-3.897009492839887912e+01,-5.504449102225786561e+01,-5.584958496943121986e+01,-4.476688514369381977e+01,2.881859887291299174e+02,5.398076614694866748e+02,3.514857089331090378e+02,3.009788306696326003e+02,3.222172527602851915e+02,3.592251557866333087e+02,3.197748968876892945e+02,2.745847260005876933e+02,3.031345903719106900e+02,2.707433668089821026e+02,3.081792249845203173e+02,3.665792995231706755e+02,3.763656615333651985e+02,2.963978458112251246e+02,3.101981049219673992e+02,2.815535182663386422e+02,2.753930347402067014e+02,2.347097122243627609e+02,2.098558460420683787e+02,2.488409727987682913e+02,2.537811793894288712e+02,2.502423318874391782e+02,2.480629445696681898e+02,2.941409750824389562e+02,2.641731281703972058e+02,2.406907339960716570e+02,2.855984898249424191e+02,2.700708801434381598e+02,2.336238214428282731e+02,2.567953689591343505e+02,2.196273268441208302e+02,2.392250411342182588e+02,2.340175048910170403e+02,2.701296180169820218e+02,2.520116383400785764e+02,2.695235438594314132e+02,2.841819528645854689e+02,3.106560179041802598e+02,4.328460292105775125e+02,2.479956691025408304e+02,4.431408296769458275e+02,4.321839367163487395e+02,2.961019492816137131e+02,2.754791556342265721e+02,2.755115020548501548e+02,2.685876254079192904e+02,2.912552940475666219e+02,2.573824290263242460e+02,2.888361136684541179e+02,2.392357315577425823e+02,2.890385235087005640e+02,2.876587833866888673e+02,2.871372356328745923e+02,2.403661394833379745e+02,2.766591426019454616e+02,2.277082035078688591e+02,2.188007911646889454e+02,2.431910938320227444e+02,2.739901593166140970e+02,2.995445054657814694e+02,3.033902563123531309e+02,3.308535918716013953e+02,2.299514257477543708e+02,2.463085533847424244e+02,2.261283437658112518e+02,2.743645593457401333e+02,3.364043725624633225e+02,3.881796736919221757e+02,3.041240341497430109e+02,3.316399710939882652e+02,3.533274804988901110e+02,2.548402827829586101e+02,2.108847770022232737e+02,2.003247106626969867e+02,2.017565476012298973e+02,2.138297903382048162e+02,2.507500886381597240e+02,3.291418394467063990e+02,3.231756545422724116e+02,1.623152917090634446e+02,2.130904887974977271e+02,1.985800850170757599e+02,2.287328300540936147e-14
-1.137780831076497099e-85,5.413830510541403142e-85,-3.272790975095028768e-84,1.210741261898106728e-83,-3.304200228342889793e-83,1.527556302665900427e-82,-6.098632036026988698e-82,1.639552678443271734e-81,-5.988112392549029177e-81,3.421610906163871551e-80,-7.658400444636863358e-80,3.851767455728399941e-79,-1.783353909313440609e-78,4.456496836296897794e-78,-2.057050745249166053e-77,5.417938298700367595e-77,-2.852665490284165867e-76,9.292261344460615884e-76,-4.380941829147851983e-75,1.076242860478312798e-74,-6.006703922736992012e-74,2.018743070126718965e-73,-6.522768836832870123e-73,2.832823614115530635e-72,-9.084711768159958787e-72,3.518848727175358836e-71,-1.541249337064625328e-70,4.690703502216076231e-70,-2.297439704910275863e-69,7.381296935666782016e-69,-2.454670105048172047e-68,1.104404834289261169e-67,-3.235795109901545289e-67,1.522306399065603811e-66,-4.169528313554580425e-66,2.082741488493820341e-65,-7.131022886748150096e-65,2.459277444314993725e-64,-1.318466092205021445e-63,2.044399565021651907e-63,-1.711404859681011411e-62,7.748243986780650584e-62,-1.404023529872254033e-61,1.129635667437846131e-60,-4.291160916212999814e-60,-2.503682682155483000e-60,-3.196008104395805745e-58,-2.903149551956175355e-57,-3.369019011170294701e-57,1.502113921623190711e-55,-7.059255036115379515e-55,-5.847252241238424111e-55,1.679659491349112706e-53,2.074693782078723736e-53,-1.027341361431367905e-51,-2.471663487530523026e-50,8.125316753147158203e-50,-2.716351277833999372e-49,-4.944256410558393833e-48,-7.045162998638340615e-47,-8.934869882204008973e-46,-9.981823644314263770e-45,-1.239768450333598765e-43,4.317796220481853678e-43,1.270234704034477229e-40,1.533584914275922075e-39,-4.166675527818220002e-39,-3.894774358265335818e-39,-9.733773222006423730e-38,-9.310604727916018014e-38,-1.048239157673120641e-36,3.905320853997372975e-36,4.551890505281833477e-35,-1.243124963363143420e-34,1.308183063138033561e-32,-3.992358029928314529e-32,1.412991966738709383e-31,2.189785120687368438e-30,-1.027040522512075917e-29,-1.223333728320781328e-28,4.310152215069021008e-28,6.200707819018295791e-27,-1.780711621837704636e-26,8.857275153939090427e-26,-4.419124194199602764e-24,1.711116425527471113e-23,2.344299598814857216e-22,3.338032654607498833e-21,-1.217068622395240269e-20,-8.838059774404977528e-21,-7.911284778692972835e-21,-7.447587515807202318e-21,2.910245578890115725e-20,-9.582823558819331127e-20,-8.066755685220005180e-20,3.865225494489236331e-19,4.657881288172279883e-19,-1.693562267329307254e-18,-1.437825047059638754e-18,8.845775030730852546e-18,8.592122864817660105e-18,-4.903094331119685624e-17,1.293451077864904324e-16,1.306672556905704018e-16,1.010010980018845136e-16,-4.383546461789263098e-16,-3.259607150180237903e-16,1.336797171060908331e-15,1.200028186565004217e-15,-6.219765712097270016e-15,-4.695639821773710306e-15,2.791443488870728672e-14,2.255782431259982937e-14,-7.449248274524082365e-14,2.986439788511044348e-13,3.301895150092157355e-13,-6.112024579038864091e-14,-1.920955295755476428e-16,-2.469859481955980081e-16,-2.333481607816904764e-16,-1.852790057705412198e-16,2.481639560962935314e-12,3.070504841184626782e-11,3.205942222808556665e-11,-1.554863193727084801e-10,4.616874585994815231e-10,8.273715354699464120e-09,1.534684138830489445e-07,-6.211561214511222791e-07,-7.147296178761166526e-07,9.626661746388085534e-07,-3.988339811014281922e-06,3.204798597623156821e-04,2.806950608588684769e-04,-1.434314268528489060e-03,-1.486239904184763179e-03,6.124782803596445953e-03,-2.258759245314150357e-02,-1.630044747905020838e-02,7.185534820582330229e-02,6.253971449294076779e-02,-3.067696339677540296e-01,1.446102032113916636e+00,9.337208630261929487e-01,1.214278848680682188e+01,1.715144944510203828e+01,1.740233436337933526e+01,1.394946081432773966e+01,-7.764451547315239566e+01,5.037135595975588558e+02,3.634893199494342753e+02,2.999744706459370036e+02,3.667667726401111850e+02,2.895409307419139395e+02,3.093835474355590804e+02,2.554320576178848796e+02,3.060012752832645333e+02,2.702737808345480062e+02,2.558018694289509654e+02,3.631939771930643133e+02,3.842380730995715794e+02,3.196679574799055672e+02,3.174076849738319197e+02,2.337669859159753685e+02,2.531134313175420800e+02,2.239530247710321760e+02,1.957165378281766266e+02,2.316961092027744655e+02,2.676628726586029643e+02,2.393372924162840718e+02,2.682614131641397535e+02,2.472672503191713247e+02,2.816926328899450027e+02,2.190836796358387062e+02,2.603638418564986523e+02,2.454300946516905242e+02,2.304801226901200835e+02,2.200239394595146791e+02,2.373227974203313408e+02,2.288770320546292112e+02,2.381049378551795428e+02,2.432931867182651047e+02,2.569842575170783903e+02,2.767668631496724174e+02,2.787195504286505070e+02,2.807422901774490356e+02,3.382080843365476426e+02,4.041973149840616202e+02,3.288016065208548753e+02,2.400572931797227341e+02,2.414707465667090105e+02,2.434620560245009244e+02,2.680041889833315167e+02,2.869419625435546095e+02,3.055124556676268526e+02,2.877356644886245931e+02,2.908029193890925512e+02,2.657087276570684367e+02,2.727843426380943015e+02,3.169136168659010764e+02,2.649199226756402936e+02,2.566998295284049050e+02,2.400373864042865648e+02,2.228395016339968890e+02,2.533050837014957324e+02,2.210874573773037923e+02,2.518236685331985427e+02,2.999126934439863703e+02,2.992763776473261146e+02,3.058605455832189364e+02,2.392415040857643760e+02,2.417496434329989370e+02,2.095951123075065539e+02,2.575412916698645631e+02,3.161918546988059688e+02,3.333619582760392177e+02,3.187124955346368438e+02,3.021748454115571008e+02,2.944456387116466090e+02,2.260260735766040341e+02,1.832739650279379759e+02,1.984817069137337455e+02,2.076432284175708105e+02,2.349986109509017354e+02,2.663748141131902116e+02,2.544823628666256070e+02,2.367334035837431543e+02,3.013428494101234492e+02,3.608388409129869956e+02,3.502949263684349148e+02,2.796330909766538090e-14
6.726141220098460564e-86,-1.815283058575525973e-85,7.593546999255730799e-85,-2.586526571766467433e-84,9.552003059955533338e-84,-4.116466120897987524e-83,1.473702246566365333e-82,-5.194939364459120751e-82,2.058506241107825286e-81,-7.615183166508655818e-81,3.110289251424119842e-80,-8.043043678814135491e-80,3.896866889821901410e-79,-1.153806052608411502e-78,5.684281217477407044e-78,-1.726404854248538021e-77,7.510537926327969189e-77,-2.724318363231906434e-76,9.756158336395298539e-76,-3.992548167348385696e-75,1.354545474023589943e-74,-5.764903126332538820e-74,2.131514402104405057e-73,-7.287345890979724648e-73,2.555714761240581728e-72,-1.131746145056433373e-71,3.824930098738137259e-71,-1.111378287698469700e-70,6.382830429941377585e-70,-2.093527567403883650e-69,7.101717448625117490e-69,-3.022468811422169272e-68,1.303259132468901019e-67,-3.635206693689856527e-67,1.340219988794359521e-66,-4.894450548756665739e-66,2.005596256526070781e-65,-6.539915937074267927e-65,3.061944563780359732e-64,-1.097611110717078794e-63,2.811176251451342974e-63,-2.071766376744032018e-62,3.916266201030659399e-62,-2.927997634337379138e-61,1.072532416445841300e-60,8.602037425357638079e-61,8.216606918834681782e-59,7.557286669685663004e-58,8.533890046462320022e-58,-3.949326828765647305e-56,1.854543562029824780e-55,1.551736278009549330e-55,-4.433929210791615512e-54,-5.489692213092015615e-54,2.703460585555188081e-52,6.505069005106218957e-51,-2.138397693471419248e-50,7.149002850071645169e-50,1.301232578854234515e-48,1.854159659424338327e-47,2.351497991969290424e-46,2.627039664291519987e-45,3.262852820111581632e-44,-1.136367798233300967e-43,-3.343034169364944504e-41,-4.036125577573293513e-40,1.096595663427337467e-39,1.025036058860877629e-39,2.561757793748461851e-38,2.450387293108049988e-38,2.758780968834630224e-37,-1.027811713738464377e-36,-1.197977466284031694e-35,3.271686108249435941e-35,-3.442907577442357552e-33,1.050718366602311939e-32,-3.718746164958683000e-32,-5.763129027892271671e-31,2.702989892579084007e-30,3.219599061982885189e-29,-1.134356202837035767e-28,-1.631917163365957354e-27,4.686519577279097894e-27,-2.331078929414111876e-26,1.163035709800908198e-24,-4.503357269586302411e-24,-6.169783939252801184e-23,-8.785114441648313109e-22,3.203110405862303780e-21,2.326021779718205592e-21,2.082110912406891186e-21,1.960073954047371942e-21,-7.659254150363306065e-21,2.522030499676176493e-20,2.123028118663142910e-20,-1.017259320845600978e-19,-1.225872374727182025e-19,4.457157814801186942e-19,3.784102461685646452e-19,-2.328052299391999692e-18,-2.261295513689395970e-18,1.290408131796672339e-17,-3.404135585082428705e-17,-3.438932190891829023e-17,-2.658171133987983365e-17,1.153672276810886862e-16,8.578712317155471012e-17,-3.518214873312169911e-16,-3.158262977932693682e-16,1.636932865398819116e-15,1.235809756207844953e-15,-7.346587959010530683e-15,-5.936822333575672659e-15,1.960511036511724713e-14,-7.859783899641476464e-14,-8.690006890089563898e-14,1.608577295459008789e-14,5.055616243658612470e-17,6.500235452700902582e-17,6.141312890880314800e-17,4.876217334114816485e-17,-6.531238547318805841e-13,-8.081028322538647541e-12,-8.437475673525902391e-12,4.092126264596270225e-11,-1.215080132446195755e-10,-2.177496261108464481e-09,-4.039018543691768209e-08,1.634773586036160900e-07,1.881042559368113722e-07,-2.533567939076980296e-07,1.049660842100518592e-06,-8.434465853319817786e-05,-7.387399968801547617e-05,3.774862710500809368e-04,3.911521844456862344e-04,-1.611935035613402522e-03,5.944656784236668212e-03,4.289990882979309063e-03,-1.891106296882146334e-02,-1.645935213396227531e-02,8.073636840878004040e-02,-3.805886029570540452e-01,-2.457388973387452102e-01,-3.195768073078171678e+00,-4.513959507641761348e+00,-4.580051740258296533e+00,-3.672425305046509436e+00,3.116689273723423170e+01,4.530699444526193247e+02,3.482816338861407530e+02,3.280458176939400801e+02,2.443048990683268187e+02,3.288606181838216571e+02,3.566949593141768560e+02,2.854024263402419592e+02,3.052225420535464764e+02,3.358028196449082543e+02,2.641120880807346225e+02,2.962084828173517508e+02,3.593711982547227990e+02,3.149561515155459119e+02,3.196125711008686494e+02,2.375090794775401548e+02,2.119929843585702542e+02,2.012129393349738393e+02,2.296377629739313591e+02,2.300172393719616650e+02,2.929841516507923984e+02,2.263452240537229727e+02,2.361440777349845632e+02,2.338627734401528926e+02,3.165606171601268670e+02,2.091497174526583080e+02,2.571010353331814144e+02,2.804353210580764539e+02,2.836744499223265166e+02,2.740884119706898332e+02,2.292206867443309477e+02,2.520661163797410040e+02,2.318396678310562891e+02,2.298701232505642054e+02,2.661484995292682925e+02,2.767065457594242730e+02,2.771773042533043281e+02,2.840082775544199762e+02,2.467995137522177629e+02,2.632499268826236971e+02,3.119764403702018285e+02,2.697837089543181719e+02,2.491784769134671080e+02,2.582732702060908991e+02,2.688200574095268394e+02,2.803183740499794112e+02,3.171460664054573044e+02,2.848012063262401625e+02,2.983524983886471205e+02,2.813527374466262359e+02,2.689959025445144789e+02,3.021968815030630822e+02,2.703945050205029474e+02,2.811704385827142119e+02,2.402125300031929385e+02,2.269658630786715037e+02,2.765046346536440183e+02,2.251195043934418720e+02,2.404296148981983947e+02,2.809292066493368907e+02,2.896867943222788426e+02,2.784355783676182909e+02,2.762180785949366850e+02,2.259424504943253851e+02,1.999532896402789959e+02,2.076700271826454696e+02,2.464653850503827641e+02,2.881779931210380141e+02,2.646533024793625373e+02,2.747740203030178350e+02,2.688358899558346593e+02,2.292232883241726995e+02,2.164735893361681178e+02,1.990650562494169833e+02,2.121024006429961162e+02,2.648150610930486550e+02,2.926562776059247994e+02,2.577326667393249409e+02,2.406282538564527158e+02,2.442437556300566825e+02,2.340890469673946939e+02,2.401562139888547449e+02,2.683523909459231546e-14
-2.691400446583121599e-86,4.733121255645652460e-86,-1.244549623596791923e-85,6.716609702303978760e-85,-1.834413848694138360e-84,7.775339584009818524e-84,-3.383640723033970460e-83,8.432829212996332363e-83,-5.114451255804138237e-82,6.972180985123942119e-82,-4.237665456890989582e-81,2.007428269430407599e-80,-6.736485448489460626e-80,2.847066459126860661e-79,-9.280590108154135439e-79,4.076912318467682162e-78,-1.774054843681036469e-77,4.205853704994017809e-77,-2.077039995612737473e-76,7.801297263984149738e-76,-3.811014387674803988e-75,1.052578436062760611e-74,-2.758381380705320546e-74,1.802246146078124474e-73,-4.866219840319130844e-73,2.137614251304623305e-72,-7.037927286189800932e-72,3.110756892855240285e-71,-7.041891495924075684e-71,4.996047927240204911e-70,-1.128794570906531765e-69,4.359839634319728660e-69,-1.909950088017259887e-68,7.826861258758905519e-68,-3.293232267744412628e-67,1.120797876296553886e-66,-3.690262787971240609e-66,1.690482558350543875e-65,-3.573747900130823890e-65,2.239637860739176067e-64,-4.779036766236989579e-64,6.160596527057904583e-63,-5.152501201521459449e-63,5.441217279416517106e-62,-2.747945327996248772e-61,-1.126203074230902865e-61,-1.640763884237276574e-59,-1.548489473500319711e-58,-1.799571884799802738e-58,8.072756519892109252e-57,-3.798783778666821293e-56,-3.127019771031708952e-56,9.046682179882920414e-55,1.124892256512774907e-54,-5.519945105820902461e-53,-1.328108892609006212e-51,4.366006234528637234e-51,-1.459522207236504941e-50,-2.656660616698694097e-49,-3.785494308428998994e-48,-4.800845963630864177e-47,-5.363388679190515660e-46,-6.661467631150923615e-45,2.320019352649564596e-44,6.825168598916251051e-42,8.240190234512256817e-41,-2.238819557334614960e-40,-2.092722832887017074e-40,-5.230107723043689899e-39,-5.002732707391833902e-39,-5.632352010583374323e-38,2.098389625713020922e-37,2.445801555856465636e-36,-6.679503746041950999e-36,7.029071034676648044e-34,-2.145156054872777472e-33,7.592225572680279114e-33,1.176605598827973241e-31,-5.518448443178653810e-31,-6.573162363679075460e-30,2.315911812602891897e-29,3.331736738755313292e-28,-9.568040463717765684e-28,4.759151680254541240e-27,-2.374464151622008497e-25,9.194094651151569955e-25,1.259628630793864129e-23,1.793576855276554433e-22,-6.539498975237246416e-22,-4.748826958011704074e-22,-4.250856340479346536e-22,-4.001704590145500057e-22,1.563720206949861102e-21,-5.149000121246035053e-21,-4.334393276294174739e-21,2.076845766554050340e-20,2.502752051140096390e-20,-9.099773429294675211e-20,-7.725657574929633603e-20,4.752972485216034810e-19,4.616681231910081657e-19,-2.634508832439204478e-18,6.949913786759481557e-18,7.020954849726224064e-18,5.426946063084558581e-18,-2.355347682726343954e-17,-1.751437612147827079e-17,7.182819086279853898e-17,6.447938063552479991e-17,-3.341976841077991641e-16,-2.523040298429474492e-16,1.499885996483661718e-15,1.212066980130583639e-15,-4.002596941630638360e-15,1.604660540680132905e-14,1.774159612123851331e-14,-3.284085854796569379e-15,-1.032159153305812772e-17,-1.327093908594110647e-17,-1.253815955992210757e-17,-9.955329108491881021e-18,1.333423528238426287e-13,1.649830000782579148e-12,1.722602612124365333e-12,-8.354521737649726579e-12,2.480718512362344772e-11,4.445595925148344582e-10,8.246096537632746588e-09,-3.337568436936347263e-08,-3.840353384901154112e-08,5.172555061157176222e-08,-2.142997003381435235e-07,1.721988124527658646e-05,1.508218213060315138e-05,-7.706793615918386365e-05,-7.985798131287823772e-05,3.290941047255307008e-04,-1.213666468614507622e-03,-8.758483919778561324e-04,3.860899601803218038e-03,3.360356115609402367e-03,-1.648320949247632922e-02,7.770131102785404753e-02,5.017027400558959904e-02,6.524505967059095468e-01,9.215737938499336535e-01,9.351969173567569182e-01,7.521515653181101158e-01,-2.819766768945545010e+01,4.930000607540080750e+02,3.744257997024031397e+02,2.905650447359760733e+02,-2.675042833770102035e+01,2.837307701763245973e+02,2.785163085626257953e+02,3.431749178248107910e+02,3.232737026455625937e+02,2.866218927771630547e+02,2.216150120023048089e+02,1.957831770364152248e+02,3.068898190921044602e+02,2.743390032523957984e+02,2.900800656346510209e+02,2.361824162563488301e+02,2.011765692433060622e+02,2.112698446630893159e+02,2.678756122647718030e+02,2.373586798726498159e+02,2.823860401826050293e+02,2.648931819100750999e+02,2.046393715283604706e+02,2.699754803518649737e+02,3.280893706761144699e+02,2.794507959311551417e+02,2.164144813647890260e+02,2.183276097417824531e+02,2.531885354916638846e+02,2.583986192023772333e+02,2.481650722235715705e+02,2.800589403663581720e+02,2.392381109444039851e+02,2.235862304298590004e+02,2.444722531370648824e+02,3.042049947789163298e+02,3.102645546722866357e+02,3.080736680060218760e+02,2.377583065309704011e+02,2.329626525065166902e+02,2.782320730046020003e+02,2.502564568110479399e+02,2.522280619235672816e+02,2.783852359192939616e+02,2.718037671345784361e+02,2.668905653436277703e+02,3.018402769361335913e+02,2.686409190592596019e+02,3.088188099428768396e+02,2.626523397273638238e+02,2.575959159772227736e+02,2.756244468778142505e+02,3.061232089612565233e+02,3.101957974529739772e+02,2.257845341371141217e+02,2.151305956859664548e+02,2.818423537167324184e+02,2.416747270846180129e+02,2.399532898181404903e+02,2.438539642101400204e+02,2.231873507673033146e+02,2.612092298430099504e+02,2.719478755842361579e+02,2.415573317039526842e+02,2.395991581159200337e+02,1.888519557715706867e+02,2.061568859208862818e+02,2.173238603827605004e+02,2.067970068981448435e+02,2.420534209064874744e+02,2.573790524814025389e+02,2.025217765993475325e+02,2.369551788060890658e+02,2.517255714599301086e+02,2.213554106007145492e+02,2.516831873951869625e+02,2.663893521867073559e+02,2.781248684584401758e+02,2.556629821098354398e+02,2.347418508991005126e+02,2.128844701971207769e+02,1.985505354149662764e+02,2.046513341655215313e-14
-6.888138410684325200e-87,-7.826500713316252187e-87,2.393030709659246814e-86,-9.417843634276155808e-86,2.402269151774843113e-86,-6.453577647757556187e-85,1.165964115775662532e-84,-1.543962933631607481e-83,7.384754544056699159e-83,-7.147431296150581074e-83,1.068603509220323406e-81,-9.414471095600524629e-82,4.113788756112120998e-81,-3.251300008758296719e-80,7.586292418199069651e-80,-6.852814223576950826e-80,6.115048336472416806e-79,-8.095570091157771669e-78,2.016482233079125406e-78,-1.152093153591216598e-76,-9.691331966097549678e-78,-2.220971775316197382e-75,2.157366696702272359e-75,-4.668236962254460909e-76,7.515532369345830636e-74,-3.277910369622288001e-73,3.207104372096536664e-73,-1.839399229762869236e-72,1.124636770124552504e-71,-5.814450334580961187e-71,-5.060184473809439090e-72,-1.128284065101960508e-69,1.131368876754342013e-69,-8.939280856027043664e-69,3.474167666429490734e-69,-2.460560283771615288e-67,-1.285358274263572277e-67,-2.225716707040265583e-66,5.600377910522476067e-66,-4.947849862236279822e-65,7.807012599967015789e-65,-5.983630950553211605e-65,2.416462816397870620e-63,-4.079620898191225004e-63,-3.038040785641554875e-63,-5.365444471412796010e-62,1.186984202321849752e-60,1.236822831763414365e-59,1.616070711665339590e-59,-7.011493644650467733e-58,3.276950222769328097e-57,2.716731838859798173e-57,-7.818955879106713715e-56,-9.549570365525779131e-56,4.744614551121491991e-54,1.142262055470366442e-52,-3.757350048095582665e-52,1.255975525911806512e-51,2.286122726140646506e-50,3.257312542963688921e-49,4.131156018806115482e-48,4.615242153063476891e-47,5.732255912143008210e-46,-1.996397253360614957e-45,-5.873120276754598014e-43,-7.090759411073954776e-42,1.926524797973085252e-41,1.800807236712391070e-41,4.500555762007328686e-40,4.304897504960661885e-40,4.846690657365211360e-39,-1.805683551747889805e-38,-2.104634710988607414e-37,5.747774338162926073e-37,-6.048580206918789981e-35,1.845926494471486161e-34,-6.533179861267224649e-34,-1.012479928191507484e-32,4.748675587663909398e-32,5.656266606696031497e-31,-1.992863392832776006e-30,-2.866990074966888948e-29,8.233386728078837828e-29,-4.095293746896206404e-28,2.043248218525685395e-26,-7.911602920636693335e-26,-1.083922009989145579e-24,-1.543389362955426176e-23,5.627298951670978889e-23,4.086409228547468028e-23,3.657900936916294780e-23,3.443503566602484821e-23,-1.345595605197936736e-22,4.430761912213683775e-22,3.729785237703950002e-22,-1.787144863722211274e-21,-2.153641134741847947e-21,7.830438642626402416e-21,6.647999324870784720e-21,-4.089976492794987613e-20,-3.972696617111124993e-20,2.267019055602071967e-19,-5.980464667786946719e-19,-6.041596155179520064e-19,-4.669936948871969465e-19,2.026798321402874662e-18,1.507128157077055979e-18,-6.180881817906953277e-18,-5.548509945924715767e-18,2.875801777096322900e-17,2.171099357938319650e-17,-1.290665680597082228e-16,-1.042994772607390758e-16,3.444271443254192334e-16,-1.380825138523631318e-15,-1.526680646821168893e-15,2.825986051511512731e-16,8.881824346721990707e-19,1.141976501387052322e-18,1.078920149916550032e-18,8.566652163904391450e-19,-1.147423197251470626e-14,-1.419693873948841453e-13,-1.482315374627190591e-13,7.189142714757018394e-13,-2.134681072184189713e-12,-3.825476138748485352e-11,-7.095841833955617867e-10,2.872008304829001593e-09,3.304659372030322183e-09,-4.451031154424730997e-09,1.844068610795228646e-08,-1.481786602404479453e-06,-1.297835629515863029e-06,6.631766714823699661e-06,6.871852663731218271e-06,-2.831885007606262770e-05,1.044371147143557612e-04,7.536755883994754204e-05,-3.322339580448656913e-04,-2.891617311695368815e-04,1.418395321238212275e-03,-6.686269204203746687e-03,-4.317198173525847726e-03,-5.614374224017215642e-02,-7.930208124138633796e-02,-8.058002990483892347e-02,-6.666752607923541463e-02,2.025901376331470516e+01,3.820273427758851881e+02,3.181465498576778828e+02,-8.805955679716316098e+00,2.301895777907354113e+00,-8.538265597209852231e+00,-8.183540891354182278e+00,3.092969684174827876e+02,2.723413641461514771e+02,-8.590274870423616704e+00,-6.643190201350096302e+00,-5.007175799310161324e+00,2.534448202158420429e+02,2.540554242257799444e+02,2.789768818931225951e+02,2.145260576314646244e+02,2.228315866471435811e+02,2.625721684963760367e+02,2.575432473814904597e+02,2.520294501732562367e+02,2.551875599715803276e+02,3.160648418826559691e+02,1.932637354477591600e+02,2.929948064995277264e+02,3.191718929592280460e+02,3.091113805197467741e+02,-6.501150421705737870e+00,-6.411083585127849815e+00,-7.665884104084425665e+00,-7.910677626585462363e+00,3.218635370880801361e+02,2.565490401935528553e+02,2.655618054690547751e+02,2.160969730968083695e+02,2.373755570971650286e+02,2.897030918714585255e+02,2.720193286561315631e+02,2.558364700033384054e+02,2.566980422723151491e+02,2.134158235070032106e+02,2.650256302268306285e+02,2.959872557888170377e+02,2.619082554367561215e+02,2.756859841650242515e+02,2.718869944191703212e+02,2.732950789721555793e+02,2.819697788337441011e+02,2.787841956348396479e+02,2.671678421243333332e+02,2.683850813829762387e+02,2.913241254582626425e+02,2.518131690975787933e+02,3.095005110353457098e+02,3.213384050727059957e+02,2.183721372649948194e+02,2.126216774187895453e+02,2.439749150024773314e+02,2.521465014830456823e+02,2.505542691101878461e+02,2.574321681892406559e+02,2.152172156453443677e+02,2.572915455402593921e+02,2.279145502262333878e+02,2.348493492826329145e+02,2.103224970266312823e+02,1.982022105418783440e+02,2.643033514997449629e+02,1.960728977367867572e+02,1.862691906364253214e+02,2.007175639535558673e+02,2.149301698508883476e+02,2.148258888672584703e+02,2.162357080459792940e+02,2.609329422099551721e+02,2.390514694289178124e+02,1.830887955211875919e+02,2.281128046159532801e+02,2.526116526663429624e+02,2.429323858407643399e+02,2.197601933270975962e+02,2.056397856702955664e+02,1.899646981176095153e+02,2.331924237246421314e-14
5.282629780956319656e-88,-1.796052013986275446e-87,1.385071246058981707e-86,-2.228285424500126305e-86,1.196432003466177376e-85,-3.356440661383127488e-85,1.802033293021786396e-84,-6.735757107478589119e-84,1.632580276492856873e-83,-8.675033175457315327e-83,4.289938742122033601e-82,-9.744558397139071550e-82,2.912893264980878137e-81,-1.616235458754673794e-80,4.585733943321508680e-80,-1.843980748030632432e-79,9.278801937074016362e-79,-3.531339579203835181e-78,1.260711503828703051e-77,-8.002492339075188494e-77,1.764117139436320386e-77,-7.958624799492579378e-76,2.667070014345964202e-75,-1.082239611849498876e-74,2.404107083385265666e-74,-9.446168121109537142e-74,4.953006396171961469e-73,-1.851367130856022591e-72,6.750986024999393162e-72,-2.384374835227987704e-71,4.546803677408656185e-71,-4.217750519148943882e-70,1.398260795642023072e-69,-8.924597659075761770e-70,8.256994608959833119e-69,-1.040013878395005418e-67,2.596700924520679622e-67,-6.738754244985618921e-67,4.726266403591662444e-66,-7.604314568148626535e-66,6.122518679258833319e-65,-2.329937534674072795e-64,1.027426694882077523e-63,-3.050598632179799985e-63,1.238090493754861996e-62,2.994730809986026574e-62,9.990938216218505859e-61,8.777045166543454156e-60,9.751000206286490068e-60,-4.595890820041502248e-58,2.115875270574579762e-57,1.732306552683475623e-57,-5.092817235666121961e-56,-6.327190953570272402e-56,3.101629580402512227e-54,7.472852620534538278e-53,-2.456433009258110022e-52,8.212333681837443219e-52,1.494858970649020370e-50,2.129950224495261527e-49,2.701285373444836845e-48,3.017806357308996966e-47,3.748192418590182505e-46,-1.305399565369155861e-45,-3.840300573823184123e-43,-4.636487264108345627e-42,1.259711009621031287e-41,1.177507127488526111e-41,2.942811652008093889e-40,2.814875114679958384e-40,3.169141444123204256e-39,-1.180695650986987662e-38,-1.376173053975702850e-37,3.758339694950083634e-37,-3.955029848274413351e-35,1.207009601168445442e-34,-4.271898605896801869e-34,-6.620377344284349794e-33,3.105051606540431513e-32,3.698504854661374855e-31,-1.303088317003711558e-30,-1.874659991792499080e-29,5.383625437306387619e-29,-2.677819992817582021e-28,1.336033815400783628e-26,-5.173218280656425886e-26,-7.087520965258620381e-25,-1.009187410781830806e-23,3.679563559941526882e-23,2.672010607132774130e-23,2.391818723147176660e-23,2.251629129893082173e-23,-8.798545443962202491e-23,2.897175041698679821e-22,2.438822242238983114e-22,-1.168573621797054474e-21,-1.408217247500971178e-21,5.120146794264480948e-21,4.346976457514623877e-21,-2.674343160573880934e-20,-2.597656501381439969e-20,1.482352506651427175e-19,-3.910490637177243914e-19,-3.950463134694527932e-19,-3.053566190790582189e-19,1.325277599579128479e-18,9.854770280679434639e-19,-4.041538880517835243e-18,-3.628045210382025731e-18,1.880421764597488060e-17,1.419632784945627229e-17,-8.439371085806525582e-17,-6.819907013036974032e-17,2.252131227075117298e-16,-9.028903397524401662e-16,-9.982619590599568766e-16,1.847848387894353376e-16,5.807624135942102206e-19,7.467126159347303178e-19,7.054814932905672679e-19,5.601540173002121435e-19,-7.502740872127614613e-15,-9.283057270847728384e-14,-9.692525106027751808e-14,4.700817885743526952e-13,-1.395819691252393197e-12,-2.501392359008178393e-11,-4.639810549176313498e-10,1.877941298846442281e-09,2.160842050115562909e-09,-2.910428640924194826e-09,1.205794773049857870e-08,-9.689067584010371762e-07,-8.486253760771550181e-07,4.336362320799129216e-06,4.493349094816473091e-06,-1.851705581918392988e-05,6.828906814951864440e-05,4.928114278109944836e-05,-2.172402738678144403e-04,-1.890763185106733926e-04,9.274566328254936183e-04,-4.372000266387152806e-03,-2.822918280473046913e-03,-3.670975303407517792e-02,-5.185270830945984399e-02,-5.331515382152991062e-02,-5.512553992541970038e-02,4.927750148583272107e+02,3.774202764560747596e+02,2.307484980896658158e+02,-5.756246043000793122e+00,1.505138871749779561e+00,-5.582980267603223190e+00,-5.351032344543611430e+00,1.971605202404847645e+01,1.708223314582482999e+01,-5.616986535863146557e+00,-4.343831876721650609e+00,-1.792502318082223323e-01,2.204340848663285328e+02,3.255296878613246463e+02,3.237194271322827035e+02,2.649137394632862197e+02,2.162645884087179127e+02,3.088676864680214180e+02,2.633022810627288663e+02,3.165184731425372320e+02,2.710455991226033916e+02,2.925345089926029800e+02,2.313205760566331719e+02,2.829422315769044758e+02,2.870417897309471300e+02,2.077361585399544808e+01,-4.250947279664763379e+00,-4.192469157122588719e+00,-5.012957669733852484e+00,-5.172957704990158945e+00,2.946336411001316833e+02,3.041107657556464119e+02,2.736261974928245877e+02,2.279220925169058489e+02,2.223471133695544779e+02,2.483975278857406863e+02,2.238775558719204071e+02,2.522280051031461028e+02,2.574631208197707792e+02,2.132398502899183370e+02,2.672480993124103179e+02,2.944987287935146014e+02,3.074491631309116997e+02,2.719236006027338135e+02,2.864572179016652740e+02,2.778486411816849682e+02,2.471344472246581745e+02,2.822490518653762592e+02,2.335624170552021042e+02,2.415206899092281674e+02,3.547550402062566945e+02,2.782505362254121906e+02,3.145769039046305693e+02,2.896744948361723573e+02,2.926056782537040704e+02,2.621854940429734597e+02,2.557442762249355326e+02,2.540595059638716293e+02,2.273533619677832007e+02,2.828447005624471444e+02,2.704455680097944423e+02,2.359520866928791349e+02,2.220528734557928203e+02,2.120974387233142124e+02,1.906450625817232662e+02,2.202358638852107049e+02,2.102734954250225883e+02,2.080175212342959696e+02,1.813695579302606404e+02,1.932597641369603423e+02,2.135273531404506571e+02,2.085323793276517677e+02,1.937191869204134207e+02,2.212366891615486963e+02,2.334628138160934725e+02,2.080164298171678183e+02,2.010843823988900283e+02,2.121867588542619956e+02,2.001640866640890692e+02,2.201567404282325526e+02,2.066334343712300381e+02,2.267076406503651356e+02,1.904766517499058714e-14
-4.404376301035964592e-88,1.897355489508071454e-87,-6.186802008730335286e-87,2.077625146567151044e-86,-8.307617069682516663e-86,3.925873826206252169e-85,-1.168315811883579602e-84,4.063513279108010778e-84,-1.163124357849140371e-83,7.695009688429340054e-83,-2.298299955244129630e-82,9.988556359331865158e-82,-3.243630208636274909e-81,1.303400303900653928e-80,-6.029113347350788920e-80,1.383571264947025782e-79,-4.122260032910082478e-79,2.121994367376700640e-78,-1.041611940961296987e-77,3.157258162599290759e-77,-1.377682437828598035e-76,3.855048407678090485e-76,-1.700579652835054675e-75,5.728079328303627939e-75,-2.269715865185569812e-74,1.175843660576048509e-73,-2.868693917569254927e-73,9.754507943987818355e-73,-4.895021233748520621e-72,1.655295684929862476e-71,-6.317392784953348979e-71,2.021132105104317992e-70,-8.915847293094878349e-70,2.695237414779196229e-69,-1.544955188420689809e-68,3.817529577087986744e-68,-1.504004772217689478e-67,6.620972923590918556e-67,-2.853840657296172766e-66,7.491482178064848029e-66,-2.822484990016944418e-65,1.659050697403247610e-64,-3.534957616088855912e-64,2.514549324785930829e-63,-7.606181065721922270e-63,-7.940341086014374333e-63,-7.093579713433808163e-61,-6.456865759996591403e-60,-7.699790336446046740e-60,3.358088313591833848e-58,-1.571796199508834495e-57,-1.321286966255471238e-57,3.762197584445673763e-56,4.672145850494147627e-56,-2.295411546252243672e-54,-5.525772835037023729e-53,1.816807417598264068e-52,-6.072964523636671698e-52,-1.105416081566948433e-50,-1.575127343649684484e-49,-1.997618831691104069e-48,-2.231694005082829802e-47,-2.771823066225116801e-46,9.653548827955926924e-46,2.839938122195445516e-43,3.428725609747640925e-42,-9.315680513647274436e-42,-8.707775153760104997e-42,-2.176236687744656274e-40,-2.081626431676188020e-40,-2.343609678493045723e-39,8.731354558382663462e-39,1.017692819839600712e-37,-2.779327287646515453e-37,2.924781492105560814e-35,-8.925948672694392763e-35,3.159108896329265895e-34,4.895830845997532937e-33,-2.296214648043053182e-32,-2.735078864801573139e-31,9.636459744853124642e-31,1.386328563494716271e-29,-3.981241265923538792e-29,1.980272881586087856e-28,-9.880094780891128904e-27,3.825643209471505535e-26,5.241287914355822031e-25,7.463035108295899514e-24,-2.721071600544007330e-23,-1.975976786642841711e-23,-1.768772272902014795e-23,-1.665100760049663768e-23,6.506606488417855359e-23,-2.142487987867899815e-22,-1.803531814038567554e-22,8.641711017127660897e-22,1.041389799944653111e-21,-3.786396349873329597e-21,-3.214629668461111254e-21,1.977701731686444746e-20,1.920991231359477868e-20,-1.096213516123778939e-19,2.891844329816475558e-19,2.921404364865531487e-19,2.258140702500499532e-19,-9.800551560819357191e-19,-7.287694614811321439e-19,2.988755729075178171e-18,2.682973300131583839e-18,-1.390589448269342682e-17,-1.049831696446662488e-17,6.240993697743147979e-17,5.043384898566811338e-17,-1.665472065602749434e-16,6.676958345421095760e-16,7.382240372944236920e-16,-1.366501132131615083e-16,-4.294792261510588199e-19,-5.522009498896435546e-19,-5.217101498139126617e-19,-4.142391246213899971e-19,5.548346911477501060e-15,6.864907507217822220e-14,7.167712793631056696e-14,-3.476298707673049235e-13,1.032221691370174303e-12,1.849802999468537516e-11,3.431183212790808709e-10,-1.388755120691807382e-09,-1.597962867075535304e-09,2.152289148214761387e-09,-8.916964905160285289e-09,7.165155923824050521e-07,6.275663873519856765e-07,-3.206780415279229648e-06,-3.322873600104254441e-06,1.369353563118508223e-05,-5.050040336094180967e-05,-3.644386511593006160e-05,1.606512104184141284e-04,1.398237025271059533e-04,-6.858628375909603218e-04,3.233135008714593979e-03,2.087574419769434083e-03,2.713728719533759631e-02,3.833738760078992530e-02,4.395435460391917265e-02,1.242156549342330746e-01,4.766600481596838534e+01,5.085728129981579286e+02,3.462676918418498531e+02,4.243995748729997075e+00,-1.112928685210786028e+00,4.128676375272307908e+00,3.957138173731125530e+00,-1.442493218498128016e+01,-1.249551429932881597e+01,4.153814056043101388e+00,3.212304195203172341e+00,-2.226052837287419806e+01,2.904451468997279449e+02,3.615269246370094720e+02,3.897245253804926506e+02,2.579828146694812858e+02,2.366883035249547333e+02,2.650477111847591800e+02,2.934072842703278639e+02,3.055335318305038186e+02,2.815325339273413192e+02,2.617912600821996989e+02,3.016933869082238289e+02,2.515221166668268609e+02,3.522709204964025389e+02,-1.520776461209993080e+01,3.143557309154908719e+00,3.103311697015073367e+00,3.710091032861899674e+00,3.827942852694780740e+00,3.240939325032275065e+02,5.582207765856572479e+01,3.188172071990122731e+02,2.706246752997173530e+02,2.183533861018101732e+02,2.647238432713021439e+02,2.418782046117927109e+02,2.500236030222917805e+02,2.555995562371580263e+02,2.521004221579160003e+02,2.340759470187403224e+02,2.873885933418969785e+02,2.737561911056088775e+02,2.671815723615050615e+02,2.852073357033885941e+02,2.754929165700486351e+02,2.569092150863760935e+02,2.993704327075769811e+02,2.278564272400840309e+02,2.482596529999480310e+02,2.816953100117539748e+02,2.925930995252548428e+02,3.129717973395114541e+02,2.660980716483720698e+02,2.810521452086131262e+02,3.027258333502995811e+02,2.725046901931456205e+02,2.707878715188668366e+02,2.291202185277642798e+02,2.633789984407468410e+02,2.874426933029959628e+02,2.322981825511699583e+02,2.282477048874690979e+02,2.090088580489865251e+02,2.176353482119806415e+02,2.231790248258402016e+02,1.777323217093908170e+02,1.908834315382551097e+02,1.912321060459800037e+02,1.999791790866220254e+02,2.089669447180243367e+02,1.898824981407157679e+02,2.031408814881349940e+02,1.866894035067858511e+02,2.056402138368894157e+02,1.979876437955600181e+02,1.714264510384163884e+02,1.665484394435467266e+02,1.922966556318098981e+02,2.002029684081137759e+02,2.318342471697557698e+02,2.055306953959898806e+02,1.940044338304483619e-14
-2.828293995855112164e-89,-8.599365956181918352e-88,3.208829187463598323e-87,-8.833560336445657243e-87,3.723872391177314173e-86,-1.322039493698147274e-85,4.266670761319331225e-85,-2.454425249724693547e-84,7.106805242440403806e-84,-2.363427639325906185e-83,9.969596489925012852e-83,-4.184212391902071106e-82,1.155235181958354103e-81,-4.886629892283510636e-81,1.846952726253559967e-80,-7.366134340302429325e-80,2.574305006317547768e-79,-1.150827766125178775e-78,3.182021910936310321e-78,-1.239111755883746010e-77,5.226921165591345376e-77,-2.193725390386484333e-76,8.474860665547831750e-76,-3.119024596117263994e-75,1.025330247551548249e-74,-2.970709751571513591e-74,1.526540918925471085e-73,-4.972420690927182988e-73,1.951278860283743334e-72,-7.628447948807360632e-72,3.196723602610613531e-71,-1.060998410315508492e-70,3.532026433406487421e-70,-1.562816656279111998e-69,5.375664494915983988e-69,-2.368889246201908107e-68,6.156085922300468095e-68,-2.977891262168919567e-67,9.488442912311820329e-67,-4.296226488027721526e-66,1.553594899993745315e-65,-7.973652230846623443e-65,1.569892274355415465e-64,-9.380579538709478378e-64,4.204739342729207359e-63,-7.552690422869378380e-65,2.966700696984662550e-61,2.789018543040567637e-60,3.263790508685661849e-60,-1.471077185844040855e-58,6.862594808447163790e-58,5.680118017599939054e-58,-1.642470755648739784e-56,-2.030775868244104622e-56,1.004281704130237280e-54,2.415684944334016613e-53,-7.941665239254967521e-53,2.654680069547384596e-52,4.832160834191489548e-51,6.885498011676660042e-50,8.732385456200482299e-49,9.755620701689031959e-48,1.211673674111071073e-46,-4.219949301049777541e-46,-1.241449546204028162e-43,-1.498831904472597899e-42,4.072253289521340853e-42,3.806513747118740040e-42,9.513193380165121048e-41,9.099614437143333338e-41,1.024484707938781738e-39,-3.816821251018621564e-39,-4.448738802492094324e-38,1.214954149892069362e-37,-1.278537949508342797e-35,3.901886053418676709e-35,-1.380971748331099102e-34,-2.140161768620016760e-33,1.003766461072459646e-32,1.195611409941837332e-31,-4.212478612838986710e-31,-6.060191791088321987e-30,1.740358402286883775e-29,-8.656557887581340593e-29,4.318981146531192462e-27,-1.672340322789120310e-26,-2.291174749601221116e-25,-3.262388534062550177e-24,1.189488279387851211e-23,8.637777953304227478e-24,7.732004873015944978e-24,7.278815587516685355e-24,-2.844295664625165798e-23,9.365664430839038511e-23,7.883952608498402173e-23,-3.777634504977798948e-22,-4.552327697149068269e-22,1.655183964431818248e-21,1.405242079055356630e-21,-8.645318371981720400e-21,-8.397414290943715966e-21,4.791983896620328236e-20,-1.264139810008384512e-19,-1.277061673300080098e-19,-9.871228299527236050e-20,4.284209651374216326e-19,3.185740252605979871e-19,-1.306503624887145612e-18,-1.172834001787763725e-18,6.078817807756725201e-18,4.589230573732466029e-18,-2.728185783025613530e-17,-2.204663495105218934e-17,7.280438711301397211e-17,-2.918763215290423811e-16,-3.227069951957681305e-16,5.973518227582944837e-17,1.877423973857768503e-19,2.413889284073518167e-19,2.280601908075926134e-19,1.810803448473008087e-19,-2.425402411263771231e-15,-3.000923245564203483e-14,-3.133291441628770238e-14,1.519627990532010045e-13,-4.512250259674801608e-13,-8.086222305228535916e-12,-1.499906219017195704e-10,6.070799234656366394e-10,6.985329239051752442e-10,-9.408509188597746180e-10,3.897958892474586766e-09,-3.132173732463049996e-07,-2.743341491432004070e-07,1.401810859288878227e-06,1.452559793142186996e-06,-5.985987334334735515e-06,2.207572850717675502e-05,1.593105833831304230e-05,-7.022701343984540459e-05,-6.112248398877657550e-05,2.998178388319118828e-04,-1.413331496964368187e-03,-9.125615453011450516e-04,-1.181884778789275316e-02,-1.672258002639333274e-02,-3.927026101614067982e-02,-4.239845767482007810e-01,3.924455137776634501e+02,4.876462893048626484e+02,3.673156504666652609e+02,-1.798505877113647955e+00,4.859047154475107932e-01,-1.804853991006896141e+00,-1.729821117481898041e+00,6.305709480296338043e+00,5.462284416300617451e+00,-1.815797162442705170e+00,-1.404225405509530011e+00,1.852311563630469493e+02,2.898037783061931236e+02,2.860162739765674473e+02,2.958072014039043438e+02,2.328292107971241478e+02,2.743592516723617223e+02,2.583465339475901601e+02,2.872824953348809913e+02,2.515668305178180049e+02,2.633098623851992670e+02,2.859008309796182061e+02,3.086339934356394679e+02,3.785405263709346855e+02,1.102235449051771639e+02,6.646814327724741567e+00,-1.373917096927694148e+00,-1.369612037791428483e+00,-1.634949811191855451e+00,-1.684386730709843905e+00,9.806199050197788836e+01,-2.308138722215571903e+01,3.265088217829204496e+02,3.226338458306565826e+02,2.682938859280990869e+02,2.526889370975723068e+02,2.384521711378392013e+02,2.454867757842808089e+02,2.424683195470443309e+02,2.470649457378723639e+02,2.395158244551946041e+02,2.778765637602139122e+02,2.987565328484647011e+02,2.473014442435739682e+02,2.838390009533997613e+02,2.658396235700297439e+02,2.609276905052567486e+02,2.843833816828728231e+02,2.448887209518023553e+02,2.550693864216254667e+02,2.419147328641266768e+02,2.453729934815229683e+02,3.082624004467901386e+02,2.589054348367432681e+02,2.159458747291442080e+02,2.471847018039508157e+02,2.567345018242921242e+02,2.483208224399971016e+02,2.465591428110979564e+02,2.406146288879721169e+02,2.539688473765834829e+02,2.473709914357511082e+02,2.015837738643644457e+02,1.861895398593462687e+02,2.221216137617231823e+02,2.131628365337893456e+02,1.717981946707481598e+02,1.838886988547812678e+02,1.756023468345303513e+02,2.054919786068009842e+02,2.073284858852937873e+02,1.743437955131598471e+02,2.036522033017100455e+02,2.121905360048484965e+02,1.847032741253011352e+02,2.038209913111341507e+02,1.762499332379112218e+02,1.698255373115822522e+02,2.261688961906473878e+02,1.870476885675853111e+02,1.951846696474204066e+02,1.915684929639317318e+02,1.650738624251458968e-14
-8.501994280643055750e-89,2.544159244407610166e-88,-7.050152273375896485e-88,4.326536810911891645e-87,-1.022323778619517227e-86,4.665165594897644418e-86,-1.928072491072106909e-85,5.703454056245284372e-85,-2.237999323925021521e-84,1.031902366251791874e-83,-3.223567840225199140e-83,1.210325860371864025e-82,-6.172277810732198397e-82,1.544602176419207190e-81,-7.731905960082277300e-81,2.338817609521543225e-80,-8.850164641337440211e-80,3.158922768063320428e-79,-1.443761730890041805e-78,4.058623649995659866e-78,-1.905979592620379948e-77,6.345583703700195127e-77,-2.804239199535240440e-76,8.438199703701399973e-76,-3.224668370120799623e-75,1.227075772399041924e-74,-5.520917402886938284e-74,2.450710228738713413e-73,-5.803536134214661780e-73,2.128989514323848948e-72,-9.988387164745659226e-72,3.217249772741745408e-71,-1.468812144721519996e-70,4.789096941871885442e-70,-1.835543195482949052e-69,5.274274399381733107e-69,-2.432707488676267535e-68,9.146804520524231215e-68,-3.786009447247654720e-67,1.190385894949549421e-66,-4.042883774305331839e-66,2.819925305832303020e-65,-7.945603637624451718e-65,3.558342222364255271e-64,-1.496477593608738242e-63,-1.213409195819765690e-63,-1.081563435962455089e-61,-9.771100016535831208e-61,-1.098979348165835425e-60,5.123593592545905461e-59,-2.393295490904908150e-58,-1.978481370321007721e-58,5.727699668999209053e-57,7.135800582064461380e-57,-3.497432777438703236e-55,-8.420570007569541340e-54,2.768473037010207369e-53,-9.254002924309415471e-53,-1.684494763016657716e-51,-2.400280072278252950e-50,-3.044107978915261217e-49,-3.400806436468005129e-48,-4.223891008828481954e-47,1.471072917965449020e-46,4.327689257884446083e-44,5.224923357502416303e-43,-1.419586230785082586e-42,-1.326949510303855884e-42,-3.316296253236500401e-41,-3.172122755533139491e-41,-3.571350505164789836e-40,1.330542701367905710e-39,1.550828962807389364e-38,-4.235326387760519074e-38,4.456979315289575144e-36,-1.360196264573164415e-35,4.814063219363725511e-35,7.460597268687336812e-34,-3.499126761208208447e-33,-4.167897656253050165e-32,1.468468734194106722e-31,2.112580973421732874e-30,-6.066883977192420858e-30,3.017673387090683384e-29,-1.505595484312672707e-27,5.829773163625682149e-27,7.987028050681195810e-26,1.137267628246755807e-24,-4.146552442183151845e-24,-3.011126707842972596e-24,-2.695374493784503677e-24,-2.537392849818647237e-24,9.915205840037372283e-24,-3.264867707511110200e-23,-2.748343427112135535e-23,1.316882213446635192e-22,1.586940019278365477e-22,-5.769966151754956817e-22,-4.898669516747346297e-22,3.013755295448588285e-21,2.927336009906382163e-21,-1.670484095871814164e-20,4.406787445731559532e-20,4.451833020974475638e-20,3.441107114886146229e-20,-1.493474151916205792e-19,-1.110548061171540341e-19,4.554467572631273832e-19,4.088495682270408729e-19,-2.119073997039464857e-18,-1.599804350577133437e-18,9.510447153927414776e-18,7.685450086591211799e-18,-2.537958670265134210e-17,1.017479949003395093e-16,1.124955581510427044e-16,-2.082366596143047877e-17,-6.544694133492411203e-20,-8.414810535572347198e-20,-7.950171159178163762e-20,-6.312455181680635105e-20,8.454945261734971887e-16,1.046120910001998540e-14,1.092264421978021660e-14,-5.297418448369876493e-14,1.572969037040019180e-13,2.818854580478826814e-12,5.228668414212631482e-11,-2.116278724950728018e-10,-2.435083600029306535e-10,3.279803376739788744e-10,-1.358827257502669297e-09,1.091874788910952939e-07,9.563279906291877751e-08,-4.886708295313740862e-07,-5.063618920878038292e-07,2.086713322878478737e-06,-7.695592091207304391e-06,-5.553561981566973057e-06,2.448111504184143485e-05,2.130727890707770166e-05,-1.045164053620634283e-04,4.926869202419228034e-04,3.181186708494021173e-04,3.962484084995728829e-03,5.699624146898611687e-03,8.561376447294698211e-02,1.473548345605477206e+00,3.385726427432704781e+02,5.097138486353060216e+02,3.875898931987050560e+02,4.235772758404491301e-01,-1.672326130702959379e-01,6.293359903076971573e-01,6.030119922078186478e-01,-2.198167339643490870e+00,-1.904149588032698848e+00,6.329875868353264101e-01,4.895121200620084490e-01,2.937539476065087456e+02,3.439084155971566474e+02,2.638087521579021200e+02,2.251426167342817735e+02,2.538777649030656107e+02,3.004908070135925300e+02,2.819714017278587335e+02,3.126220324929099661e+02,2.436048983485877670e+02,2.468704437266433160e+02,3.451497127270358192e+02,4.460389226156209475e+02,1.867958293679884889e+02,-3.357311699373762792e+01,-2.313123567771787403e+00,4.780274533519210944e-01,5.241791491388347879e-01,6.170002488492600801e-01,6.267719329718397514e-01,-2.979712212385886616e+01,8.036819503785917362e+00,3.010301705482480656e+02,3.093284437658493857e+02,3.050517740377382552e+02,2.465967967629298983e+02,2.567607359023596700e+02,2.151225555061823513e+02,2.393566785222958231e+02,2.176244847694837290e+02,2.525323858840245634e+02,2.518298640389423042e+02,3.338950964242257555e+02,2.417090250893671453e+02,2.743121611526098036e+02,2.453293305530741861e+02,2.278973995063866198e+02,2.942261448708711100e+02,3.131114673788033542e+02,3.094226251555574549e+02,2.939599682930792142e+02,2.418101877311292753e+02,2.657988082232557758e+02,2.769661199130178488e+02,2.217334047267693222e+02,2.191066568182825449e+02,2.413109960057805097e+02,2.327489602972470095e+02,2.424357160828842837e+02,2.442003113491247461e+02,2.184159424722903111e+02,2.547606999222016100e+02,2.063739622756377514e+02,1.798065388049732007e+02,2.331086714272657048e+02,2.148753017838882897e+02,1.786248043067727167e+02,1.949995862571293230e+02,1.995054510201641449e+02,2.336322521688968550e+02,2.202153674791236710e+02,1.796168992602963783e+02,1.924215238164062782e+02,2.297911795926371497e+02,2.129666406215538927e+02,2.189879416916452897e+02,1.990898369979770166e+02,1.984866383396079925e+02,2.105696992212333782e+02,1.968090533708225962e+02,1.672479905569438472e+02,1.835949268535794943e+02,9.950905448762860054e-15
3.041980249175555930e-89,-8.059768297367790745e-89,2.825170892529881970e-88,-9.693604050514475495e-88,3.853204210895778528e-87,-1.277902829912247338e-86,4.852258236878950938e-86,-2.235569959010016798e-85,7.207944998294096172e-85,-3.151127295711789533e-84,9.019506064327176421e-84,-3.402025025818802947e-83,1.605065439471834296e-82,-4.752793703096059223e-82,1.888924940337787901e-81,-6.699887196240121528e-81,3.388178721154757971e-80,-1.003242057655478210e-79,3.948371046412577881e-79,-1.348745707279154926e-78,5.942222888177299487e-78,-1.729663764502001089e-77,8.632752430840029774e-77,-2.837277944686583559e-76,1.024884792589851048e-75,-3.789025759356585661e-75,1.278721451344991791e-74,-5.702046634438561107e-74,2.335731016109499165e-73,-7.071307833954983620e-73,2.479812632794524521e-72,-9.353614733389267230e-72,4.639242384617744346e-71,-1.261511751972114118e-70,6.823668644534306012e-70,-1.914660187668860626e-69,6.703047069015537318e-69,-2.410402420911110003e-68,1.038953751647563426e-67,-3.151018790990897864e-67,1.410542050750849788e-66,-7.283672568391923355e-66,2.194445160754648352e-65,-1.136915289104464385e-64,4.054569956575427937e-64,4.044786058207371593e-64,3.168826797044323387e-62,2.937774068440335290e-61,3.347137594460365255e-61,-1.517082183744032745e-59,7.064711503135975560e-59,5.864173669996601562e-59,-1.692769623340561326e-57,-2.097022284641577623e-57,1.033027749927086268e-55,2.486552631765072337e-54,-8.174543029699174387e-54,2.732603235032390400e-53,4.973963337384806971e-52,7.087618767052330926e-51,8.988756078578418963e-50,1.004203454113171917e-48,1.247246644647518191e-47,-4.343841196745944692e-47,-1.277896721722207714e-44,-1.542835452379331870e-43,4.191808786056503699e-43,3.918267507285640851e-43,9.792487051136645888e-42,9.366766020015600681e-42,1.054562104677267844e-40,-3.928877633199160000e-40,-4.579347373929088322e-39,1.250623455807823808e-38,-1.316073984486568938e-36,4.016439814904833872e-36,-1.421515092275797222e-35,-2.202993839430978626e-34,1.033235600408913072e-33,1.230712841000021630e-32,-4.336150925077143930e-32,-6.238110304225084283e-31,1.791452821397015564e-30,-8.910701974325021290e-30,4.445780219951176635e-28,-1.721437828931948378e-27,-2.358440344295028458e-26,-3.358167568334889600e-25,1.224409944140077515e-24,8.891370688194134898e-25,7.959005413262542626e-25,7.492511142273524912e-25,-2.927800093695595088e-24,9.640626865613028586e-24,8.115414115675343265e-24,-3.888540419752486265e-23,-4.685977489616064592e-23,1.703777784573446586e-22,1.446497964994600004e-22,-8.899132482716777763e-22,-8.643950294480299980e-22,4.932669650347941472e-21,-1.301253136310157204e-20,-1.314554366919434925e-20,-1.016103336221031338e-20,4.409987883716729056e-20,3.279269003596644312e-20,-1.344860691851569419e-19,-1.207266720907552769e-19,6.257283153948776418e-19,4.723963781569554021e-19,-2.808281393001390970e-18,-2.269389243817224353e-18,7.494181918637620480e-18,-3.004453904523576653e-17,-3.321812083466736470e-17,6.148892129578933756e-18,1.932542441047225433e-20,2.484757600793436734e-20,2.347557100202636320e-20,1.863966029729329826e-20,-2.496608737010489509e-16,-3.089026035095814207e-15,-3.225280370977454427e-15,1.564242082282539026e-14,-4.644723436228574617e-14,-8.323622159728670768e-13,-1.543941307927210201e-11,6.249029167077117811e-11,7.190408456810969710e-11,-9.684729483827138123e-11,4.012397358174932525e-10,-3.224129847480101616e-08,-2.823882051204359715e-08,1.442966009551702454e-07,1.495204859098549364e-07,-6.161727311368211243e-07,2.272384013925403793e-06,1.639877129359914363e-06,-7.228877752980759248e-06,-6.291695219143295911e-06,3.086200592793539912e-05,-1.454824876577765196e-04,-9.393530395074200438e-05,-6.911036706268725970e-04,-1.288256278210535115e-03,-2.439132146863952078e-01,-4.465081217750514142e+00,-8.658380229552304286e+01,2.954429716756229141e+02,2.229235855731305378e+02,4.931567142568287210e-01,4.283458241752924334e-02,-1.863326416501832339e-01,-1.780502413367078263e-01,6.490801892950158747e-01,5.622613860438816502e-01,-1.869148403044430806e-01,-1.445437451797043638e-01,1.214167386479500124e+02,2.117055244221043040e+02,3.010904810994337026e+02,2.405166782529939553e+02,2.441595635575636436e+02,2.812324621525148132e+02,2.804587441806013999e+02,2.850509308321890103e+02,2.793836612403415529e+02,2.517966530758706654e+02,4.475270103744534254e+02,2.954074851552950349e+02,-4.312761119306502167e+01,9.917603068213658446e+00,6.710092593772251091e-01,-1.383583535670347697e-01,-2.968386143669404786e-01,-3.252333912642411118e-01,-3.054360220343955157e-01,8.837071470884897195e+00,-2.344736609226925506e+00,1.442662572116600472e+02,4.619458788981486919e+02,3.421823261803252194e+02,2.993004965063454392e+02,2.949371654470522799e+02,2.623074537747448289e+02,2.628298293303720925e+02,2.459452144729089582e+02,2.686572509669505280e+02,2.522718696858910050e+02,3.360963648809613460e+02,2.839233174315218093e+02,2.614020412986764654e+02,2.499642419667075615e+02,2.378107114192524989e+02,3.328387482447752745e+02,3.480605718741838928e+02,3.690211673853130492e+02,3.378372493435422825e+02,2.938381277751122980e+02,2.302467052699389569e+02,2.785625846236844154e+02,2.486762040080442944e+02,2.386762181205605771e+02,2.405153168019034524e+02,2.366528394159432196e+02,2.123688189171232068e+02,2.353642386962284263e+02,1.951601296105836525e+02,2.180853166213261147e+02,2.061613144920191587e+02,1.823409253329954538e+02,1.963631486111877393e+02,2.235268139732300767e+02,2.037217403965183564e+02,1.999747676621660446e+02,2.237535267076433456e+02,2.428629574472033710e+02,2.061930867132500396e+02,1.821259526257287291e+02,1.963528824003306852e+02,2.210258850832431960e+02,2.349543918910806894e+02,2.236091866181204466e+02,2.008642096009247666e+02,2.245042932098999131e+02,2.092728202722308879e+02,2.360495018496501984e+02,1.970201494376785263e+02,1.808900117811006396e+02,2.128776234303401485e-14
-4.078311902284203285e-90,1.873313316944129156e-89,-6.863122600999408509e-89,3.039191041694841508e-88,-8.604500130262994115e-88,3.899373389905864993e-87,-1.112456439282119659e-86,5.568035567079333468e-86,-1.625766145832751406e-85,6.821257845877739560e-85,-2.336636513465466681e-84,1.059469152892824837e-83,-3.496105292012394582e-83,1.264128338744807985e-82,-6.817662836868724512e-82,1.517413150639330744e-81,-7.150249176329632283e-81,2.444854882463051509e-80,-6.837767101318952404e-80,4.166995547097791718e-79,-1.528685555649886002e-78,4.475674816372185548e-78,-1.401157303949804136e-77,6.627671991747797713e-77,-2.883693558982940185e-76,7.955613397741689178e-76,-3.680509512447179665e-75,1.337295228168646616e-74,-4.469302034406849108e-74,1.831140698432249797e-73,-7.838881331313100492e-73,2.275794656390365701e-72,-9.611123129575399782e-72,2.456486543389257662e-71,-1.194936927534608757e-70,4.715079985827036976e-70,-1.965727867565139904e-69,6.866386327584316408e-69,-2.865034479229018111e-68,1.006319445641217076e-67,-2.162135328622841901e-67,2.195236817637527514e-66,-4.000417922944955189e-66,2.594358042991216009e-65,-9.115898273000162812e-65,-2.836953105501078657e-65,-7.663929089379912271e-63,-7.105537724404631139e-62,-8.314104565961893442e-62,3.722611882260769568e-60,-1.736175307967112839e-59,-1.459374064648869669e-59,4.157180932685783384e-58,5.152608024283609930e-58,-2.540785701591500862e-56,-6.115310410266839737e-55,2.010427402102206568e-54,-6.720669832930121684e-54,-1.223298868881095755e-52,-1.743126323823284135e-51,-2.210676869274516510e-50,-2.469715160134155477e-49,-3.067451086688224940e-48,1.068314534874439072e-47,3.142830860921792558e-45,3.794415306487010855e-44,-1.030924161079047966e-43,-9.636500263049874835e-44,-2.408342554436234936e-42,-2.303641664905698088e-42,-2.593566661970356366e-41,9.662594545537893239e-41,1.126234540485625694e-39,-3.075755600287486314e-39,3.236723179587723812e-37,-9.877943034851825737e-37,3.496042702459439567e-36,5.417994207529152835e-35,-2.541116728442756225e-34,-3.026787875808207910e-33,1.066423345111478519e-32,1.534187018106660662e-31,-4.405859351790833939e-31,2.191478288220012934e-30,-1.093385330840554382e-28,4.233666031580970258e-28,5.800295895290596682e-27,8.259002865782984027e-26,-3.011286671010347951e-25,-2.186723994566641794e-25,-1.957420145937234249e-25,-1.842691579164731584e-25,7.200566640056434881e-25,-2.370994397713218740e-24,-1.995886955444931310e-24,9.563390098003014701e-24,1.152458914815956134e-23,-4.190233310015164212e-23,-3.557485025728854861e-23,2.188632913103364774e-22,2.125873971476547954e-22,-1.213129837900982242e-21,3.200273114192301401e-21,3.232985865859704961e-21,2.498982017726479533e-21,-1.084582643019930880e-20,-8.064961484875223168e-21,3.307520569495698746e-20,2.969125007863684855e-20,-1.538902346260910042e-19,-1.161801179242025077e-19,6.906624997341574597e-19,5.581285593070329659e-19,-1.843102486199543845e-18,7.389087322964274157e-18,8.169590992312394675e-18,-1.512244898034200118e-18,-4.752852034200517269e-21,-6.110957755676611565e-21,-5.773529884589103731e-21,-4.584196732129449486e-21,6.140104177093929371e-17,7.597082145898729893e-16,7.932183038761143143e-16,-3.847062297358160265e-15,1.142312984387947114e-14,2.047093180194480110e-13,3.797135022983466620e-12,-1.536872379029096528e-11,-1.768393114474492804e-11,2.381840897859593981e-11,-9.868001106405359857e-11,7.929353466777086033e-09,6.944992910253882781e-09,-3.548798612817396067e-08,-3.677273681238643074e-08,1.515401554187327480e-07,-5.588650864278986411e-07,-4.033077455284248944e-07,1.777854167886891171e-06,1.547365573280841979e-06,-7.590133315735178236e-06,3.577964047463458151e-05,2.310224039574673892e-05,-1.026259551257305931e-03,-6.690924685941744597e-04,6.060416445379586126e-01,1.116331593947592005e+01,3.305677729218154326e+01,-4.901253040034242048e+01,-3.697546559709325464e+01,-1.665373537016256789e+00,5.815814984532554320e-03,4.707475791151140981e-02,4.376566031994362505e-02,-1.596255694059577346e-01,-1.382732672461457479e-01,4.597899344926321963e-02,3.554558311746418980e-02,-1.785990496419620399e+01,-3.377322725799918146e+01,3.087050826085686026e+02,3.085797600633862885e+02,2.466277674215452578e+02,2.430482871544238321e+02,2.432823890451193733e+02,2.738506051756403963e+02,4.052667247783118114e+02,3.032103325010087360e+02,3.235280508767258993e+02,-4.758875713204653124e+01,1.059644535174215285e+01,-2.449113716706203370e+00,-1.350086550666501906e-01,2.704572135914797004e-02,4.278032363385980141e-01,4.372497177304895399e-01,3.757285977860684856e-01,-2.269433665137020384e+00,5.057120533058839795e-01,-2.206559810711576830e+01,4.229930514647313657e+02,4.666811541166665620e+02,3.492514110069766957e+02,4.289244260383677556e+02,3.644154380382235558e+02,3.022086697439313525e+02,2.880440247130923126e+02,2.680684577652326652e+02,2.836667294189802533e+02,3.484005532690471227e+02,3.302249539093824637e+02,2.600810459253156068e+02,2.766306675821804220e+02,2.918161878309283566e+02,3.194032202712070898e+02,2.915988931836096185e+02,3.188357330035194650e+02,3.081466078962588426e+02,2.846453916606237158e+02,2.490707862556124326e+02,2.611912439708565898e+02,2.610024417304612712e+02,2.428645726398959823e+02,2.473521428859794185e+02,2.507822682305090325e+02,2.070030498053710915e+02,2.201859384925905658e+02,1.966137962003186885e+02,1.958819829000309767e+02,2.334270642407899743e+02,2.102058829952493113e+02,2.748419965944397063e+02,1.755625757009380550e+02,2.047566626473385156e+02,1.993591347011976893e+02,2.092999668977288081e+02,2.327913814728817954e+02,1.973510000976727099e+02,1.907736639351710721e+02,2.150949168478166769e+02,2.213128902459136498e+02,2.101454609898039791e+02,2.135897585921698578e+02,1.937422483924461574e+02,2.456464107391732057e+02,2.461780322984683664e+02,2.565269324273293705e+02,2.155995863211596770e+02,1.849691104458744064e+02,3.649272817718595210e-14
-4.654615486717964645e-91,-3.750135944600360370e-90,1.236681048708867751e-89,-3.786183735378990384e-89,1.125774267611972240e-88,-8.120265046015915676e-88,1.611788167538722043e-87,-6.671896023590018007e-87,3.556975025474919081e-86,-8.106523568589953353e-86,5.933136965629291298e-85,-1.387380788515090371e-84,6.484335635023941533e-84,-2.808860912145725646e-83,5.697000033356041463e-83,-4.257638921331369944e-82,1.339319286572260428e-81,-4.552600735689289463e-81,1.021606382664115741e-80,-7.413326961502180680e-80,1.761435821681824016e-79,-1.031060023573236026e-78,4.479443878693938245e-78,-1.067937050912266721e-77,6.441652292353248367e-77,-1.498302202726176231e-76,4.604268923573973545e-76,-2.456098145578461469e-75,9.225972535758738389e-75,-3.886934162249775506e-74,9.236291663164601934e-74,-6.821019128836995664e-73,1.216696909999796609e-72,-8.005033066158395582e-72,2.528476819689444340e-71,-8.082694681562227442e-71,3.863004140701043827e-70,-9.255993888801575610e-70,2.664057295746901177e-69,-1.226568932998290135e-68,5.306467029110041531e-68,-3.112889856530263246e-67,6.750369000374663722e-67,-4.716666200104639778e-66,2.127041389631691345e-65,1.460260534610270834e-65,1.289969905998080261e-63,1.254455783026448173e-62,1.476849554934500814e-62,-6.549618583273967156e-61,3.064428362775586437e-60,2.496561610361072534e-60,-7.357482124061396492e-59,-9.073641559086782028e-59,4.480100551543500731e-57,1.077653104314475444e-55,-3.542354585259075203e-55,1.184366472198158897e-54,2.155761110802118101e-53,3.071713756262576796e-52,3.895647842586292473e-51,4.352124452952943732e-50,5.405454849606630559e-49,-1.882581129271770875e-48,-5.538289090134678200e-46,-6.686509652475877920e-45,1.816692104950573198e-44,1.698141783232014757e-44,4.243975532881491732e-43,4.059471879964953334e-43,4.570377013716924109e-42,-1.702740116957121000e-41,-1.984647833123845048e-40,5.420089218889296986e-40,-5.703745902326053864e-38,1.740688776356753340e-37,-6.160718149902344874e-37,-9.547576528909852135e-36,4.477949865642838147e-35,5.333798408439614044e-34,-1.879248686813187692e-33,-2.703540720783511299e-32,7.763994889169388891e-32,-3.861817836411757210e-31,1.926761034050948467e-29,-7.460556229123818413e-29,-1.022126765540193043e-27,-1.455399524124987428e-26,5.306482222145229182e-26,3.853439831423612091e-26,3.449361133790620568e-26,3.247186725816966521e-26,-1.268882143725333124e-25,4.178160698346829465e-25,3.517147254175754969e-25,-1.685258332494319675e-24,-2.030860363477705020e-24,7.384019190300403967e-24,6.268991666025666013e-24,-3.856803723136799000e-23,-3.746210065206647407e-23,2.137774520090968270e-22,-5.639513683621791831e-22,-5.697160016942252388e-22,-4.403700178461219951e-22,1.911248958473130003e-21,1.421205598051454421e-21,-5.828504894726534098e-21,-5.232185039449969539e-21,2.711850060861582924e-20,2.047323279668574435e-20,-1.217083817234846783e-19,-9.835328220811955111e-20,3.247910825218099954e-19,-1.302103213708071509e-18,-1.439643385010512229e-18,2.664874368887824973e-19,8.375464569075302741e-22,1.076871525108734222e-21,1.017410064072295544e-21,8.078260678120622165e-22,-1.082007700283006967e-17,-1.338756012021216121e-16,-1.397807411803847163e-16,6.779284046575712037e-16,-2.012981228970446193e-15,-3.607382741853742029e-14,-6.691302322202689539e-13,2.708272857425571036e-12,3.116258147741246047e-12,-4.197274375150934661e-12,1.738936812071433885e-11,-1.397308785298731389e-09,-1.223845001738999923e-09,6.253684489817359144e-09,6.480082950354692494e-09,-2.670437020865183704e-08,9.848307284248236096e-08,7.107079516234029561e-08,-3.132930393606451165e-07,-2.726763939403948465e-07,1.337531490814089075e-06,-6.305079749481672180e-06,-4.071071317612984937e-06,2.253593317627098584e-03,1.826251135297773292e-03,-1.052963632260239146e+00,-1.940749208832004413e+01,-2.620663648858029049e+01,1.250524435456805072e+01,9.503340468900219662e+00,2.968966323628059012e+00,-2.935586942341066388e-02,-1.045885880082779440e-02,-7.671444835861586896e-03,2.811571084728378689e-02,2.435253123772807005e-02,-8.118993085191475098e-03,-6.258315260526315336e-03,3.147268725955775448e+00,5.951510473232937137e+00,2.193199241110734476e+02,2.965984057252649109e+02,2.328696904912237642e+02,2.728930908850025503e+02,2.790179578303151970e+02,2.793770913622081480e+02,4.078172879102356205e+02,2.637263296687931984e+02,-2.724468856844091391e+01,8.387014283211469134e+00,-1.849518761500065445e+00,4.489102898303788391e-01,-2.822182574832662882e-02,7.331661905235366435e-03,-6.901606981015487863e-01,-6.960933111782063865e-01,-5.870888318048208543e-01,5.663723334805903509e-01,3.381635297555039832e-02,3.900023566417687881e+00,-3.714473030169738621e+01,4.240421356662005792e+02,3.933622232927620530e+02,4.532204044821571642e+02,4.079953381237647250e+02,3.190244987781161399e+02,2.537267735971419143e+02,2.287036692318570203e+02,2.971103964451642696e+02,3.484259820016557683e+02,3.237294952612700740e+02,2.524485301890774167e+02,2.658993498972993166e+02,3.002207100212948490e+02,2.772352620105699543e+02,2.437415008795888696e+02,2.350445223504230228e+02,2.614256927573151188e+02,2.328128519884261038e+02,2.602288938528620292e+02,2.540505049373175837e+02,2.721518866711570013e+02,2.417111707873276032e+02,2.523248023841215115e+02,2.758988734031247532e+02,2.319462500941704661e+02,2.402472810289944789e+02,2.411144510288841900e+02,2.663909199358149635e+02,3.740539506323742671e+02,4.182544095400398305e+02,8.490490270543398310e+02,4.484802171737788967e+02,2.817849111377839790e+02,2.067951411017200769e+02,2.207274086572273575e+02,2.637245963020004069e+02,2.505517555830817571e+02,2.234857853207135747e+02,2.275574455903068269e+02,2.299948812094316963e+02,1.996423323260698908e+02,1.909304433551716897e+02,2.078830921669574252e+02,2.407176668603530345e+02,2.332418880436784150e+02,2.240508798243307638e+02,2.071218278587884640e+02,1.738843654182052205e+02,1.757702700360801758e-14
3.612459777787661859e-91,-1.857230947208855922e-91,-1.340371541019191687e-90,2.877889687042014371e-90,1.615382650051019480e-89,8.370688304208717727e-89,-1.575630761361285614e-88,1.695270433675613761e-88,1.678728775119264665e-87,-7.135787729267863550e-87,-3.799739279683533847e-87,-9.730575381346196068e-86,-7.350162328459859159e-85,1.509189525824084311e-84,-8.004209604921065480e-84,1.300595308966888043e-83,1.726925717628495786e-82,5.501687886533445253e-82,2.988328258813670832e-81,9.173912696859735060e-81,3.068519222481112536e-80,8.815370046883292269e-80,-1.323956830512563596e-79,-3.555611327720351298e-79,-1.489789734866556441e-79,4.662330702735802361e-78,9.484936844815804923e-77,2.939676507977858511e-77,-5.751555080812390793e-76,-1.960497324751100234e-75,7.795340671118838899e-75,-2.673364881585705212e-74,7.205623000353322853e-74,-1.509483136930669747e-73,4.732369409966672521e-72,3.011698457253152962e-72,-2.498587240416599245e-71,-1.294601858112569853e-70,-6.276199052891584789e-70,-8.102739220650869775e-70,-1.419800988485296980e-69,1.728384733796771437e-68,3.312845385842867601e-68,4.216519098185986880e-67,1.590730396355702556e-66,-9.102827339421007809e-66,-8.354580632672827709e-66,6.032533939341218798e-65,-1.201869099601006383e-64,-3.867009579424852258e-64,4.420705388000468916e-63,-6.598859034908364171e-64,-6.946750627732918312e-63,1.627521986106029699e-61,-6.065436151160684812e-62,-1.660634338104017736e-60,6.197571722640583105e-60,-3.806488921859871100e-59,-1.327290992863241276e-58,5.620482759564361789e-59,1.667872258806041811e-58,-2.637600234722534428e-59,-2.531179007775551719e-56,-1.321601399353596900e-57,1.516729610176710665e-55,-2.012388327114929393e-54,-1.319111559955506103e-54,3.224813768746299824e-53,1.287710354580560847e-52,2.069930516294672909e-52,-1.708458949220063533e-51,1.657164170358962867e-51,9.445933181658781750e-51,-6.750684288295133603e-50,1.864185704012828381e-49,3.134080244011453603e-49,-2.915738213070336255e-48,8.015547735363286287e-48,2.372803322852445456e-47,7.558620428517143176e-47,-2.831945416554902692e-46,1.136744246133374290e-45,-1.736629670637742586e-45,7.422327185840140229e-45,-1.154017152891246515e-43,3.090750413755548885e-43,1.814744478552048706e-42,8.757694840378776794e-42,2.136565524311201818e-41,6.421475669405072480e-42,4.147320720667284653e-42,1.702312133987446843e-41,5.340361197920581584e-41,1.232249161671128619e-40,-4.971006324947606011e-41,-1.805080832805944899e-40,-5.512243830771082200e-40,7.585072382210029358e-40,1.115338856043883828e-39,-1.459852432362913137e-38,3.320846323690871014e-38,6.753943651264937608e-38,2.757835287042386950e-37,-2.613556385361657656e-39,-2.614292031097021932e-37,-6.251071631407265878e-37,-2.920393054213327076e-37,-8.202185749240931315e-37,4.353650248201205898e-36,1.958671337923907046e-36,6.675794350334078109e-36,3.735674629636326458e-35,1.728788140144658385e-34,-5.918627835164851090e-37,-2.544023688416090284e-35,5.535075007105654906e-34,4.409500543717199957e-32,-5.983359117198583205e-32,-2.484973079506013715e-31,-1.294685632321117206e-31,-1.600575236400163046e-30,1.599369379724869916e-29,-5.579320504185498140e-30,6.121977565749324474e-28,-1.989859333412768512e-29,2.739714861201306117e-28,-1.563839193068261644e-26,-3.132599005349459931e-26,-1.303714047858262210e-25,-8.950153935306840840e-25,-7.456019193935925672e-24,-3.136649798001390864e-23,-5.570433601027416856e-23,-2.087656417314861702e-22,-8.987237630160330395e-24,-1.556401742999558791e-21,-8.161701861903599660e-21,3.759374878391749029e-20,1.491515490479605598e-19,3.957823187415440011e-19,-2.165903578884241623e-18,-2.574401255382054483e-18,2.634117050899020964e-17,-6.425871593138248710e-17,-3.784939264520772188e-16,-1.651947700915403830e-15,-2.229642490132169565e-14,-3.124449369660459428e-14,2.989519094761984293e-14,6.137017753477429278e-14,5.224362704731301533e-14,4.033550473843760094e-14,-2.220424972167367126e-15,3.317266296628380721e-16,1.160625688621767233e-16,8.225271217389768453e-18,1.095642625871930232e-17,-3.928719679941494626e-17,4.681271563867707271e-16,-7.727783731219285735e-16,3.987014591300729117e-15,-1.363924340709364524e-14,4.063056784345540468e-15,4.396967350185505985e-14,2.811078813422678309e+02,3.725266092370666229e+02,1.608217100519781692e-14,6.103082963136308245e-15,-4.888636957876934159e-15,-3.945570836216439080e-15,1.688641703271811306e-15,1.122833776224625752e-15,-2.102501169209832010e-17,-1.135349911955853426e-15,-2.376048849338505258e-17,-1.116845294443444327e-14,-1.175347885307699342e-14,-8.119358709377845616e-15,1.422724056581331670e-15,8.969686753468217315e-15,-1.916451129319680917e-14,6.581574362880484593e-14,1.912879625962325761e-14,5.422908157600813865e+02,-4.959865493218402663e-14,3.629600076943877411e+02,3.175668647765562582e+02,2.351857675367202773e+02,2.522143401840660033e+02,2.998287892774041552e+02,3.192692062502945305e+02,2.963430377494132131e+02,2.288217829927217792e+02,2.414840736212401566e+02,2.843356150884915223e+02,2.925522862336123353e+02,2.691618895501916882e+02,2.766441734004741875e+02,2.799218164424652286e+02,2.738153990571155418e+02,2.441841587045566087e+02,2.507285570688861753e+02,2.171228752231701833e+02,2.373132654439244504e+02,2.361545162000256255e+02,2.578689006751721990e+02,2.205612425387431301e+02,2.472392558902578514e+02,2.661978719896975463e+02,3.168445383992520306e+02,4.471855593796054791e+02,7.116364609129038854e+02,1.277300771877473153e+03,1.039954348871919365e+03,4.363463150357783888e+02,2.630343716918433188e+02,2.436303666868504649e+02,2.791740568210057631e+02,2.763306666117069881e+02,2.315112867448702332e+02,2.280317543540303404e+02,2.469410961591403009e+02,2.305381570303031538e+02,2.089932411783863131e+02,2.293040751229750356e+02,2.164116245248895041e+02,2.356776724108752603e+02,2.169348087072184228e+02,2.253831571942211269e+02,1.856166776977290453e+02,2.679687581135731019e-14
9.424496691696406339e-92,2.950876179008380526e-91,-1.170085440919251324e-90,6.483124556336993066e-90,-1.683115865455707952e-89,4.863014006696322845e-89,-2.946485534240141869e-88,8.334548283251108631e-88,-2.897788868075854573e-87,1.211653771517271792e-86,-4.707643550515448316e-86,2.833880964884586278e-85,-7.421324984188362323e-85,2.884207600842094889e-84,-1.300653905667408837e-83,2.523797806976209565e-83,-1.534480435483549586e-82,4.451947172569731662e-82,-1.519232116100709070e-81,7.274834129704057826e-81,-3.311475832291154950e-80,8.215885380613256539e-80,-2.499256507971466879e-79,9.554956619780840698e-79,-5.739532894243385106e-78,2.200263591499545731e-77,-6.317698185095932240e-77,2.290860098847616239e-76,-1.366479326181513241e-75,3.226763063643058924e-75,-1.307781093119753434e-74,5.136442915969201376e-74,-1.686131698439506209e-73,3.682867331666039127e-73,-3.575086109979455530e-72,6.866151863018266823e-72,-3.340505912414199161e-71,1.212357801948896768e-70,-5.715258094498706705e-70,1.673596867578243763e-69,-5.624799311527634879e-69,3.330432614915550385e-68,-5.014833780296833327e-68,6.474573525384253517e-67,-1.336507327221501387e-66,5.952626521496130420e-67,-1.408074310392790603e-64,-1.326946427839726466e-63,-1.576791675249814712e-63,7.041346580694576801e-62,-3.306979432051787777e-61,-2.777374795379642734e-61,7.860043941154931681e-60,9.751760159680166926e-60,-4.823329098259170248e-58,-1.160277221705657934e-56,3.814280244008995240e-56,-1.275195097347855094e-55,-2.320903691568970273e-54,-3.307066939021559549e-53,-4.194129616881099937e-52,-4.685582101027403819e-51,-5.819618319396521805e-50,2.026824089761521460e-49,5.962630498468372614e-47,7.198827231491896742e-46,-1.955886299836181157e-45,-1.828252708417960840e-45,-4.569147172503556282e-44,-4.370506918184078296e-44,-4.920557398294893194e-43,1.833203356167477430e-42,2.136710724030717126e-41,-5.835374198431052488e-41,6.140764538878805745e-39,-1.874059625686694429e-38,6.632749809587697097e-38,1.027910786782869890e-36,-4.821048520146003317e-36,-5.742471821980941145e-35,2.023235938848377731e-34,2.910684885301701771e-33,-8.358868945353493212e-33,4.157708711327617934e-32,-2.074388662351510971e-30,8.032180941500978443e-30,1.100441692795067160e-28,1.566911629767161847e-27,-5.713062680868345606e-27,-4.148688787084632638e-27,-3.713649747860704807e-27,-3.495984820915171534e-27,1.366103365330194431e-26,-4.498289631647210188e-26,-3.786629612569759343e-26,1.814382124341397592e-25,2.186464039061405951e-25,-7.949779666625713435e-25,-6.749319197637305458e-25,4.152310418780464731e-24,4.033243120820867860e-24,-2.301569913845028161e-23,6.071610874279176755e-23,6.133674045659948330e-23,4.741109852833765053e-23,-2.057688058000708745e-22,-1.530097779313143080e-22,6.275082513300073011e-22,5.633072878965211257e-22,-2.919630883556367526e-21,-2.204188337037678843e-21,1.310336272628320818e-20,1.058890697454512823e-20,-3.496764400508054390e-20,1.401869819863792597e-19,1.549948261837394515e-19,-2.869055933759386445e-20,-9.017188659190536284e-23,-1.159381171485920153e-22,-1.095362893308978168e-22,-8.697242325210366665e-23,1.164910680980395244e-18,1.441330939921671249e-17,1.504906835250604357e-17,-7.298709973442696456e-17,2.167215014837180146e-16,3.883778904982369326e-15,7.203987120746649851e-14,-2.915779596390050009e-13,-3.355024549304066937e-13,4.518867788826676680e-13,-1.872173426110614016e-12,1.504370002694808125e-10,1.317615496353658828e-10,-6.732839192220063011e-10,-6.976584207205620369e-10,2.875044793289520762e-09,-1.060288048699096757e-08,-7.651620995616367510e-09,3.372974218182234753e-08,2.935687449460704458e-08,-1.440012594052437561e-07,6.788172324022183636e-07,4.382995147086013844e-07,-2.141817657623488330e-02,-1.764936822469135094e-02,9.779579089209390119e+00,6.425287377469543344e+02,7.587176625766846882e+02,-4.086526572980947236e+01,-3.154432442322784880e+01,-2.765298299435388429e+01,2.925952278600323919e-01,2.322726008822221730e-02,4.077802425537410918e-04,-2.889389776904995651e-03,-2.479314367643083768e-03,1.043549993472775135e-03,6.173998100992023758e-04,-3.388463608697956930e-01,-6.407551998407297056e-01,-6.053809722855232778e+00,-8.824439036448227469e+00,-6.953198285014413393e+00,2.835981255912524190e+01,4.012618995021204427e+01,-8.482651988857398351e+00,-1.222695734695926184e+01,-7.670450140384787119e+00,2.935824073743978246e+00,-9.125124700747836437e-01,1.743494576473640645e-02,-2.253570860146359989e-01,5.344128561866160476e-01,-1.243811542535426112e-01,6.354939777216446650e+00,6.399180710674944983e+00,5.384591579895086078e+00,-1.761493583856863498e+00,-1.259544638502409608e+00,-5.386892409096667445e-01,4.028876560191967826e+00,-1.254387734706640600e+01,5.977060244400076954e+02,-1.556648079695886899e+01,1.032681118974233492e+01,4.045785396042492152e+02,3.252087467215775405e+02,2.866011782730001300e+02,2.870466936679645187e+02,3.151937613137408221e+02,2.601581519050099587e+02,2.329099208993080481e+02,2.827584332744239077e+02,2.661686485800836977e+02,2.696842061301190370e+02,3.040275061779087764e+02,2.930388657792121876e+02,2.936457936574606720e+02,3.127223127680520633e+02,3.034365933455260347e+02,3.350411928376381638e+02,2.582528010201618258e+02,2.679481766621612451e+02,2.288537179123177339e+02,2.509386850887911464e+02,2.442330121242328289e+02,2.176333448426151165e+02,2.058082625712582114e+02,2.358651084142466061e+02,3.529505874557103198e+02,6.009412108430859689e+02,1.482749787888664343e+02,1.359229905135476884e+02,5.441230240347321967e+01,4.117533635208528722e+02,2.591737450913622638e+02,2.303316529471936178e+02,2.478856336689564728e+02,2.541106167247356495e+02,2.319290137359489279e+02,2.634462859923174278e+02,2.599037237647928578e+02,2.490271818549380782e+02,2.383191494735247318e+02,2.411507643249638591e+02,2.554309158523899157e+02,2.246603959154861059e+02,2.061669834577503195e+02,2.259398379432625177e+02,3.323112192405309234e-14
8.666370048081187268e-92,-2.244035863303576824e-91,8.307260457628387572e-91,-2.304128734221160095e-90,9.960150506359861365e-90,-5.043051409616434614e-89,1.184323222404127188e-88,-5.785488557055271245e-88,1.693071929735208720e-87,-7.870685190981010921e-87,3.167083345009092311e-86,-1.015640578097125940e-85,3.038316154921164045e-85,-1.336705938429169911e-84,4.707194436099110248e-84,-2.238627304532866954e-83,7.856431193305141680e-83,-3.022947788055497562e-82,8.938271541736181755e-82,-3.854687845498810389e-81,1.551737333107105982e-80,-4.889978526488407769e-80,2.114777509781486585e-79,-8.336453565004366246e-79,2.476339831206405450e-78,-1.173678160837386121e-77,4.119005460235570103e-77,-1.590282727495130432e-76,6.057182470895644968e-76,-2.301627953037283262e-75,7.012818071991577791e-75,-3.012818179236191084e-74,1.017547198625276228e-73,-4.724412665513134922e-73,1.156810058987983703e-72,-6.153415641094797884e-72,1.706746956159013443e-71,-1.012044523791075937e-70,1.726779618327058377e-70,-1.059553737137064925e-69,3.368815677588323356e-69,-1.717220440936995982e-68,4.422026970622527249e-68,-3.247757926643844473e-67,9.125057863390321260e-67,1.492355962724898338e-67,8.250175288779692803e-65,7.700870273001960947e-64,8.546284117824708102e-64,-4.067665505172634877e-62,1.898544210773685852e-61,1.579669365187308748e-61,-4.542512910489540528e-60,-5.642153185803374943e-60,2.772980656827233498e-58,6.673678730728432223e-57,-2.193873005835459923e-56,7.333686428823512370e-56,1.334934958943612670e-54,1.902202832174085020e-53,2.412422715400428916e-52,2.695103542043097401e-51,3.347389171875538843e-50,-1.165810012684158753e-49,-3.429648628122574891e-47,-4.140697301013747681e-46,1.125007291486293949e-45,1.051593654222439624e-45,2.628130213514614277e-44,2.513874221665199074e-44,2.830258052254661068e-43,-1.054441222331704150e-42,-1.229015788919035838e-41,3.356452017147996052e-41,-3.532109652093735037e-39,1.077941362307156329e-38,-3.815094924196329740e-38,-5.912445573347395694e-37,2.773021486730015869e-36,3.303015450423369432e-35,-1.163746165943612494e-34,-1.674198401925634561e-33,4.807942316563987439e-33,-2.391474705945737672e-32,1.193168728439135914e-30,-4.620034468227214353e-30,-6.329636481069495667e-29,-9.012727416020658049e-28,3.286099590757264143e-27,2.386286530878030130e-27,2.136056192333959833e-27,2.010857386139663320e-27,-7.857697281664260015e-27,2.587373628362995643e-26,2.178033519898914089e-26,-1.043615428243357997e-25,-1.257633424542281610e-25,4.572638034690446439e-25,3.882144533004680711e-25,-2.388369659157612698e-24,-2.319883276116892978e-24,1.323841234459524087e-23,-3.492333118630095289e-23,-3.528031267498366652e-23,-2.727041521757738605e-23,1.183562698856052702e-22,8.800977631939774342e-23,-3.609368079922382185e-22,-3.240090213654854325e-22,1.679344055465613854e-21,1.267828273010236453e-21,-7.536930241733969664e-21,-6.090639087898819573e-21,2.011305792950817409e-20,-8.063422543548650776e-20,-8.915155728865198900e-20,1.650253822604328146e-20,5.186602666043345632e-23,6.668645989005586641e-23,6.300440459000961703e-23,5.002510936345766636e-23,-6.700455978122172116e-19,-8.290399180790067506e-18,-8.656081669672132673e-18,4.198148896353660752e-17,-1.246561563389511570e-16,-2.233912875156340715e-15,-4.143665219213315851e-14,1.677128831292426202e-13,1.929778372654992848e-13,-2.599209992753957296e-13,1.076856439449345101e-12,-8.652993895897467957e-11,-7.578799645933764385e-11,3.872665389235586334e-10,4.012865218189684340e-10,-1.653698559186147318e-09,6.098676523118907333e-09,4.401139975445093848e-09,-1.940102847140428381e-08,-1.688579657873359456e-08,8.282816242801420298e-08,-3.904492504446548539e-07,-2.521057248433148952e-07,1.215714882477788722e-01,1.001964989613290391e-01,-5.549645286874833516e+01,6.189519920634260188e+02,7.606640949636509959e+02,4.546672500722614245e+02,3.587981629905833074e+02,3.223121562099563562e+02,-1.661591379550910297e+00,-1.273880020092165166e-01,1.922789971968164643e-03,9.520098732728369357e-04,6.907331333054653145e-04,-1.474456402341069606e-03,-6.422493431966959257e-05,1.949282878052766010e-01,3.685765883618909444e-01,3.482032941803168136e+00,5.074691183485515289e+00,4.044598240975314951e+00,-1.591468054696170498e+01,-2.262120377110083069e+01,4.879159713867815995e+00,7.034863975020827276e+00,4.410839437868215640e+00,-1.702111459696773466e+00,5.741407274160370555e-01,9.273618492332950103e-01,1.042964064705148353e+00,-3.048932926390239828e+00,7.091955855117101359e-01,-3.605926364397188166e+01,-3.630966946056552302e+01,-3.055202088327429522e+01,9.786746330003925465e+00,7.204118862658197564e+00,9.228051996702559823e-01,-2.471131240439349952e+00,7.794625851596966193e+00,1.398532380701437319e+02,1.836457020404192164e+01,2.845054234813580365e+02,3.850335177719099420e+02,3.087792638699736472e+02,2.647302847608146408e+02,2.449002836166310715e+02,2.622756445455716516e+02,2.074919142006735626e+02,2.459272162646467734e+02,2.925419965986225748e+02,2.649779636697401202e+02,2.564018276278337112e+02,3.054287718112686321e+02,2.767139028912052936e+02,2.815351156339860381e+02,3.386373120570207789e+02,3.095452869415211694e+02,2.852140861816904476e+02,2.831576877158967136e+02,2.500401983345880979e+02,2.215079261023819583e+02,3.429855400334197952e+02,3.180995861590848222e+02,2.195875501451577634e+02,2.081029092693997598e+02,2.393470689993019676e+02,2.546910831614002859e+02,6.668891797707714204e+02,-1.355716686608157318e+02,-1.536052811532334204e+02,-6.270810833393535688e+01,3.538416580533138927e+02,2.635779873875101202e+02,2.482736013875626497e+02,2.561008984324044491e+02,2.576850660844149274e+02,2.738862120599134187e+02,2.688833214196725407e+02,2.455713321771912376e+02,2.389524229352490750e+02,2.225878021757099248e+02,2.515526986553043685e+02,2.426447354288931422e+02,1.958738843185562928e+02,1.808830906948869597e+02,2.154815195646790471e+02,3.707666165661541729e-14
-2.107678559997712273e-92,8.453457277966415798e-92,-2.592634019141915055e-91,1.208700365005859052e-90,-3.795788007200381688e-90,1.687292618441969823e-89,-5.032247226681186804e-89,2.268806213576530947e-88,-6.613885475667374427e-88,3.153564860664366230e-87,-8.606832789143798285e-87,5.236323182282985929e-86,-1.520143599841660772e-85,5.703665066629164019e-85,-2.637546767600586438e-84,7.808697396853450453e-84,-3.259263224570109609e-83,1.107144060714409163e-82,-3.632291845662984475e-82,1.523653737222500937e-81,-5.817864731826768654e-81,2.639913822792788227e-80,-6.283157882571903793e-80,2.821680174698327585e-79,-1.109788278729454270e-78,4.368092611261175428e-78,-1.384932217664909071e-77,7.538589022337499017e-77,-1.642577514391533101e-76,8.679206091212517850e-76,-2.916368177660483509e-75,1.219984997065414221e-74,-5.062860632598048706e-74,1.477987175365378473e-73,-6.183263254902412579e-73,1.580447050839319289e-72,-1.009091186124877767e-71,3.496062492362566567e-71,-1.179544434082979962e-70,3.095824091563689899e-70,-1.454303359248912837e-69,1.018149339239871915e-68,-1.612988232440430340e-68,1.196521212612561574e-67,-4.369053650020136678e-67,-3.003831870148770233e-67,-3.323476468320225777e-65,-3.095273371608114698e-64,-3.620650897287063214e-64,1.619023464427737901e-62,-7.605698260311439112e-62,-6.367575964282631589e-62,1.816800349615257163e-60,2.251992176081917381e-60,-1.108943604855618315e-58,-2.668371308430746889e-57,8.772686593862862047e-57,-2.932517854008020502e-56,-5.337932393649727293e-55,-7.606199908236191471e-54,-9.646447847386760228e-53,-1.077676970132811834e-51,-1.338502894592085841e-50,4.661662440514551843e-50,1.371395400553394828e-47,1.655718658368493137e-46,-4.498506958766842129e-46,-4.204951747622645673e-46,-1.050896483692695765e-44,-1.005209547154613076e-44,-1.131720268627628718e-43,4.216338166057856339e-43,4.914400220496781222e-42,-1.342126658372195243e-41,1.412365944589758033e-39,-4.310306928045574772e-39,1.525521763767796480e-38,2.364178238952109135e-37,-1.108833387766845048e-36,-1.320759261791969964e-35,4.653410043378573487e-35,6.694528313922667570e-34,-1.922526382352538829e-33,9.562663010886597388e-33,-4.771060482816513084e-31,1.847388668109395139e-30,2.530998153541148375e-29,3.603871488756264314e-28,-1.313995206744259746e-27,-9.541917330538191724e-28,-8.541334553455856683e-28,-8.040708730391566078e-28,3.142015717720503671e-27,-1.034599363722271539e-26,-8.709187065800362848e-27,4.173049636880054186e-26,5.028832042516131516e-26,-1.828436507724688528e-25,-1.552332535083349200e-25,9.550247025055373951e-25,9.276394159196213143e-25,-5.293573698931489360e-24,1.396460713224062032e-23,1.410735142591464306e-23,1.090447623152097871e-23,-4.732649362035320891e-23,-3.519200226176100912e-23,1.443258862188181803e-22,1.295597681256791609e-22,-6.715103965697672361e-22,-5.069597642121037965e-22,3.013752303505024343e-21,2.435431534107618333e-21,-8.042501750963581472e-21,3.224277986593544345e-20,3.564856015881996473e-20,-6.598782392508619982e-21,-2.073940331434346139e-23,-2.666552461059013190e-23,-2.519334735051323054e-23,-2.000272958090510913e-23,2.679275758173265023e-19,3.315037936337865319e-18,3.461261418478661600e-18,-1.678691512326814000e-17,4.984559548051117350e-17,8.932628900177859698e-16,1.656905423734906028e-14,-6.706246064418023606e-14,-7.716502389011839128e-14,1.039332310248510598e-13,-4.305968714132138665e-13,3.460026755168723171e-11,3.030494398727258450e-11,-1.548542159692750913e-10,-1.604603123603455498e-10,6.612556687485108828e-10,-2.438645423210514107e-09,-1.759860480331923001e-09,7.757786270608986164e-09,6.752034026470066563e-09,-3.312005824140481355e-08,1.561268723787181100e-07,1.008081702890399146e-07,-4.943300818988055068e-01,-4.074228581423940954e-01,3.491477137530828827e+02,4.457445363689440114e+02,5.113246717020664960e+02,4.862197204358814133e+02,4.397444926710577420e+02,4.030433420349401672e+02,6.756638046000680298e+00,5.161404469035797415e-01,-9.570215108457139075e-03,2.515683952893626747e-03,2.723805710446096633e-03,4.156145245314088466e-03,-1.161100904698498821e-03,-7.805536836234358566e-02,-1.474634237348876609e-01,-1.392092671212894039e+00,-2.024936136619238436e+00,-1.801631907740613769e+00,6.205405644388700459e+00,9.112726715509566588e+00,-1.951079433193352752e+00,-2.821291131155141407e+00,-1.759125213995685222e+00,7.354997747951418363e-01,-4.305955911516785584e-01,-4.195113767380602710e+00,-4.143223813652710419e+00,1.240390505684427325e+01,-2.885030033789822035e+00,2.284023311734517847e+02,2.289570146998800624e+02,2.029693354574093576e+02,-3.970705336810520691e+01,-2.931582500593274787e+01,-2.869690143394449056e+00,1.615414894227249043e+00,-5.481022045882319560e+00,-1.018946411647797987e+02,-4.573713656239229408e+01,4.961966733105305707e+02,3.356376622148343927e+02,2.665825437417914827e+02,2.721883051303013872e+02,2.311228352326529603e+02,2.248084656310627736e+02,2.276129823504485046e+02,2.837772619791783768e+02,2.835945142462583703e+02,2.864327947791480824e+02,2.712241289090292184e+02,2.814527628888442905e+02,2.428903504610635480e+02,2.756405054999812592e+02,3.273587564948547310e+02,3.059493230171242999e+02,2.747230344290149446e+02,2.821046728699186588e+02,2.485562019972424537e+02,2.451623059915685019e+02,4.018826133702247603e+02,3.896956147701077953e+02,2.452443435736075230e+02,2.328597319689505127e+02,2.457252205415922219e+02,2.300787123928512869e+02,5.261656227717805905e+02,3.819764589875805427e+02,5.385564819959778333e+02,2.287515520003099141e+02,2.387491774441442658e+02,2.289934087709873154e+02,2.501287145543400925e+02,2.433800013479757069e+02,2.377730815083717175e+02,2.612037894479909710e+02,2.292263829918888405e+02,2.512505774399477332e+02,2.393865705923806786e+02,2.078135947985144583e+02,2.376969908447742341e+02,2.198751756775448314e+02,2.043443362837103052e+02,1.724823403346477733e+02,1.608236633773760502e+02,2.952020634106118277e-14
8.890603517590518860e-93,-1.821958357631743244e-92,1.296847587378038933e-91,-2.846679540360015079e-91,1.610908313658436227e-90,-3.659474474943834913e-90,2.113610247337384116e-89,-6.512981357836163464e-89,2.611672540923313450e-88,-1.043357417839834205e-87,3.539907677924173249e-87,-1.407649197566909366e-86,4.585798390038524192e-86,-1.895887632524429731e-85,7.804860499663740727e-85,-2.048310176283149881e-84,9.018350254849905452e-84,-3.622185125971561847e-83,1.492165107523284947e-82,-4.157565317235404559e-82,2.250232073785103099e-81,-6.591522709015904808e-81,2.615943912529732221e-80,-1.035829467354052081e-79,4.261983852412417035e-79,-1.276840341263787414e-78,4.728207538135574164e-78,-1.845933547064481239e-77,7.607331030574176573e-77,-2.352482231415249156e-76,1.110679300712947854e-75,-3.592951610961827057e-75,9.841744155851653705e-75,-6.318522400631456188e-74,1.880767538816670554e-73,-8.106499554276425902e-73,2.621540121150688355e-72,-9.107596084992101158e-72,3.539181937029230458e-71,-1.187390895106305856e-70,5.095868696743296100e-70,-2.830623854015215737e-69,8.352027756715373674e-69,-3.662271893790553562e-68,1.544979322508072226e-67,1.149945997382931521e-67,1.128671445048797658e-65,1.018067225644134448e-64,1.163301601190815687e-64,-5.349800956275542415e-63,2.498561652395293642e-62,2.076375742302711704e-62,-5.971772221451163011e-61,-7.408972206014946186e-61,3.648267811565547238e-59,8.780384878618723789e-58,-2.886874560807332038e-57,9.649571893293060056e-57,1.756483401117402182e-55,2.502869376198485998e-54,3.174204749042656033e-53,3.546150341438216193e-52,4.404412167891662256e-51,-1.533943932731265050e-50,-4.512646346210847794e-48,-5.448226496818368355e-47,1.480256607206743526e-46,1.383660770149297448e-46,3.458028356275333340e-45,3.307693168131030716e-45,3.723983135363600727e-44,-1.387407528244092167e-43,-1.617108400274479427e-42,4.416336064545817624e-42,-4.647462011676482220e-40,1.418328428478972746e-39,-5.019806992811359865e-39,-7.779448801021591984e-38,3.648672687561022991e-37,4.346025560287688266e-36,-1.531228254542891000e-35,-2.202868608086668088e-34,6.326170892571548376e-34,-3.146642925176546808e-33,1.569941730326699661e-31,-6.078926420327853350e-31,-8.328378218920210454e-30,-1.185872252366199101e-28,4.323768092957077720e-28,3.139816453489161593e-28,2.810569599032942896e-28,2.645836124423164584e-28,-1.033896260665251637e-27,3.404401853900135916e-27,2.865802322369589677e-27,-1.373163218378454037e-26,-1.654762773765830270e-26,6.016563372164975679e-26,5.108029200108754496e-26,-3.142557381857303350e-25,-3.052444702793463986e-25,1.741877362997957299e-24,-4.595125038444176557e-24,-4.642095774659681307e-24,-3.588173393498649173e-24,1.557302355570848069e-23,1.158010742549814691e-23,-4.749116729029658083e-23,-4.263230099125970057e-23,2.209639130998331233e-22,1.668176901787137002e-22,-9.916905315366156284e-22,-8.013911394185793907e-22,2.646426126809838313e-21,-1.060965078786767254e-20,-1.173034012694561089e-20,2.171362932998827088e-21,6.824373414506621932e-24,8.774535283722592190e-24,8.289616634791390259e-24,6.583607753068205985e-24,-8.816293844270713108e-20,-1.090830081220512900e-18,-1.138945766665129750e-18,5.523820161324661373e-18,-1.640194800332216773e-17,-2.939326949368711926e-16,-5.452131627224836451e-15,2.206724399480302073e-14,2.539154354961730560e-14,-3.419975771840217941e-14,1.416900887047113675e-13,-1.138539409688404876e-11,-9.971996075554983337e-12,5.095556792625422952e-11,5.280028168574200959e-11,-2.175895405640821583e-10,8.024486782029122427e-10,5.790910784440242221e-10,-2.552739172334336197e-09,-2.221790733745186556e-09,1.089832211395254623e-08,-5.137433568277477450e-08,-3.317146474055260292e-08,1.674088426037428468e+00,1.379772508205778125e+00,5.796029381960520368e+02,4.213454565328181616e+02,3.764103203250072625e+02,3.087021853895528238e+02,3.258055387455538607e+02,2.808583890284050995e+02,-2.288200561164049063e+01,-1.747337207031863793e+00,3.299447958231997019e-02,-1.064933327904280316e-02,-1.106928111214564719e-02,-1.346178972421754362e-02,4.406436777061392349e-03,2.605897759951360942e-02,4.880388636591995177e-02,4.572295824565668076e-01,6.518912721373109065e-01,1.217931438697021918e+00,-1.505081214554262914e+00,-3.226823287073559587e+00,6.422694093326860587e-01,9.564966380099326759e-01,5.632039163156542516e-01,-4.281363042721052503e-01,8.233369478524529272e-01,1.434858111452096807e+01,1.399879846762835278e+01,-4.200896305740501901e+01,9.770826096665929938e+00,3.965672891350261580e+02,3.854763736979543864e+02,4.555344325636772282e+02,1.734344251963046020e+02,1.308439562945405044e+02,9.424119448673456745e+00,-2.658719680612880776e+00,9.820634294654272622e+00,2.553221743487513038e+02,1.859315246296011424e+02,4.366823041030879722e+02,3.265041086571114306e+02,2.554338516880246175e+02,2.674989059254459676e+02,2.680794847718398159e+02,2.616899144102010837e+02,2.879086554272761873e+02,2.673991740083610580e+02,2.690621138484078756e+02,2.670037252910499888e+02,2.834093785824557017e+02,2.925693811728203286e+02,2.438284163893817436e+02,2.690281833552887747e+02,2.911565588378247185e+02,3.202503230591570400e+02,3.221253741985250940e+02,2.767976983636507384e+02,2.580476164481284513e+02,2.647833804177731167e+02,2.532608175343457617e+02,3.131396956558018587e+02,2.375611507814874415e+02,2.300947142071983649e+02,2.081357319437496756e+02,1.971536520192956345e+02,2.726670326839060294e+02,4.317645039061522425e+02,5.504457348975508921e+02,2.929786113232332241e+02,1.924999074214992731e+02,1.908980214398913517e+02,2.421712989024567833e+02,2.369434037778552522e+02,2.280714414695985965e+02,2.225628351271124075e+02,2.273844082396350075e+02,2.584691184686300289e+02,2.237814145972328959e+02,1.951865458657980241e+02,2.131916158805303496e+02,1.951048128386313181e+02,2.120512783835789037e+02,1.565678885160986624e+02,1.514226660335630186e+02,1.005350010123454814e-14
-1.114516795954190568e-93,7.775490551688878447e-93,-2.410983483130300624e-92,1.027940843472551429e-91,-2.979311301054618255e-91,1.564289126424619358e-90,-4.426152400462256482e-90,1.966585498165482748e-89,-8.639398550399100205e-89,2.503368942736125457e-88,-1.121005119337791739e-87,3.699574214053162013e-87,-1.666202056377587272e-86,6.194459842739694735e-86,-2.285577536316987309e-85,6.756140331954911977e-85,-2.384922041910437883e-84,1.031257874324041320e-83,-2.779764142252410350e-83,1.971212277524410741e-82,-5.384414706619579603e-82,1.610455320886198852e-81,-8.999249636128646388e-81,2.404715904942290475e-80,-1.114292352503679227e-79,3.541502985625145292e-79,-1.250649029012044772e-78,6.487334582470793823e-78,-1.889204667373975809e-77,6.666141768451683824e-77,-2.218113833656259348e-76,1.431601474809273435e-75,-2.922413852931647108e-75,1.868965324936296119e-74,-4.073411761441694068e-74,2.255412308595475785e-73,-6.556999985043134740e-73,2.834697972810350221e-72,-1.217100010075719795e-71,3.834122475646465521e-71,-1.117828396512655473e-70,7.691778621887793609e-70,-2.184477642243876210e-69,1.038511332348458793e-68,-3.528856079544521474e-68,-2.108215673489430866e-68,-3.102642459686189599e-66,-2.875774206740049590e-65,-3.268865188313809278e-65,1.493857533740557460e-63,-6.971398237945403104e-63,-5.788989407246386310e-63,1.667973220760822971e-61,2.060333161884633869e-61,-1.019336540849425655e-59,-2.453109093196860769e-58,8.064454533502047614e-58,-2.696089361096044072e-57,-4.907272589245174825e-56,-6.992522887069417753e-55,-8.868105238505930617e-54,-9.907226773321573774e-53,-1.230503174483385385e-51,4.285526885014335741e-51,1.260741582771387114e-48,1.522123643054503123e-47,-4.135535809159479897e-47,-3.865666699134905950e-47,-9.661027709210156874e-46,-9.241021787648706151e-46,-1.040405125471404167e-44,3.876134373056759673e-44,4.517871877357377393e-43,-1.233834448781348444e-42,1.298406335610188820e-40,-3.962521076921175509e-40,1.402431948169901396e-39,2.173419725764455846e-38,-1.019364918367050017e-37,-1.214191123690342362e-36,4.277940221976205212e-36,6.154366727694226893e-35,-1.767403444400759320e-34,8.791080163177671090e-34,-4.386097797241252792e-32,1.698328368928950811e-31,2.326779437412445341e-30,3.313085812956024968e-29,-1.207972840135602614e-28,-8.772008390098106952e-29,-7.852159662477786020e-29,-7.391927848671869840e-29,2.888495810947235023e-28,-9.511206170185976845e-28,-8.006468654641505870e-28,3.836338668524493399e-27,4.623070536166320795e-27,-1.680905402019245828e-26,-1.427079438048867170e-26,8.779665986329538424e-26,8.527909494028210217e-26,-4.866450975425893591e-25,1.283784450074805915e-24,1.296907118175504175e-24,1.002462646437415863e-24,-4.350785955598278393e-24,-3.235246422810411679e-24,1.326806595531157711e-23,1.191059756293184931e-23,-6.173282191342349442e-23,-4.660546880587443420e-23,2.770581590226673478e-22,2.238923804590902814e-22,-7.393576196503766222e-22,2.964120582215869751e-21,3.277218381500742296e-21,-6.066346216996335203e-22,-1.906615471097391079e-24,-2.451339862349325968e-24,-2.316269581025158459e-24,-1.838099909393196322e-24,2.463092663997229363e-20,3.047557490506814365e-19,3.181982091781754317e-19,-1.543242739259488069e-18,4.582369668035099486e-18,8.211881839485495055e-17,1.523214643554520373e-15,-6.165138976413852540e-15,-7.093880865655659230e-15,9.554717202955871761e-15,-3.958533061488538852e-14,3.180847488956189153e-12,2.785972792373616586e-12,-1.423594888016449478e-11,-1.475132495009641645e-11,6.079009259719815772e-11,-2.241878414266165053e-10,-1.617862403723242481e-10,7.131832965942086592e-10,6.207234603771395686e-10,-3.044770717801857606e-09,1.435294904778801384e-08,9.267412548212986651e-09,-4.802324466770393485e+00,-3.958044432844543437e+00,4.712311462220856697e+02,4.150017543572139971e+02,3.115836432008493375e+02,3.316288624499653110e+02,3.409780200763559606e+02,2.822922822373727740e+02,7.575125285591799695e+01,5.012276394400224433e+00,-9.481142835716488415e-02,3.114237258269986208e-02,3.226766146476772040e-02,3.844585780262409908e-02,-1.277255563652580049e-02,-8.354265622977223235e-03,-1.443867458254392833e-02,-1.253155626837487713e-01,-1.407578213423675562e-01,-2.132975175973201853e+00,-1.119111002859239257e+00,1.556061290264463270e+00,-1.801734637253720461e-01,-3.479181425960686802e-01,-1.124789062458315669e-01,6.533754229731855157e-01,-2.184918864188063914e+00,-4.120006259800379667e+01,-4.014816765426938616e+01,1.390810902731392957e+02,-2.802891538096658053e+01,3.474335701383436117e+02,3.136975464920241166e+02,4.892904085151545246e+02,3.820588539620241590e+02,3.397228347313794075e+02,-2.695220929017396472e+01,6.843269045537756057e+00,-2.573584673229461472e+01,4.828095799289555430e+02,3.841956323079482445e+02,4.108267975162928565e+02,3.451070254485788382e+02,2.674439160113437310e+02,2.288346955904533218e+02,2.917120328303919337e+02,2.962451030328035699e+02,3.033783614013825058e+02,2.144146927753459977e+02,2.458758911189338221e+02,2.246884530869946275e+02,3.014583243286169250e+02,3.202192244950792315e+02,2.919525326202809197e+02,2.658039467425091402e+02,2.683969051138748796e+02,3.217283733187072130e+02,3.133145990265038563e+02,2.675330022178199556e+02,2.893361776777747423e+02,6.301477573503850635e+02,5.595178182211038802e+02,2.657026628541031528e+02,2.279824342348918265e+02,2.182423931733551399e+02,1.722180175091079377e+02,1.890970732495536311e+02,2.187268579942448241e+02,1.874764854919193908e+02,1.205094350988758265e+02,1.737977652259212391e+02,1.937554079732178991e+02,1.957069347854219927e+02,2.443152920034591489e+02,2.479703482611490699e+02,2.438174243190459265e+02,2.114950437426145413e+02,2.449627986025826090e+02,2.348447799581245476e+02,1.879388542369207471e+02,2.090217745931831530e+02,2.110842842589705413e+02,2.078846677284295765e+02,1.953911666988718707e+02,1.752787618236760068e+02,1.786189164952203043e+02,5.007829498313246624e-15
1.014635659400133547e-93,-1.281669194143330543e-93,5.145916188913918983e-93,-2.109794513212670419e-92,8.632549532315844351e-92,-2.220704574770839480e-91,1.160546525967013478e-90,-4.987699615587349593e-90,1.345197234561514719e-89,-6.109484104475244009e-89,2.652742669624234543e-88,-6.721476526791788612e-88,2.698187225518267095e-87,-1.533525510107224133e-86,3.520755733945914631e-86,-1.767596554961754499e-85,4.958891548489721193e-85,-2.615179348467675892e-84,7.310587438754099990e-84,-3.100278286678561654e-83,7.732549865273929725e-83,-4.677202825955197926e-82,1.974681292879379339e-81,-5.668609859227881515e-81,1.845992714791487064e-80,-1.116571504924985560e-79,2.600216471390704165e-79,-1.404973847512446840e-78,4.777697333680097804e-78,-2.003376340365325159e-77,7.508549935147186200e-77,-1.847837971089309217e-76,7.417730976405131343e-76,-4.077683274167161140e-75,1.410111495996284027e-74,-4.085578568238000532e-74,2.070823423476328892e-73,-6.128200289341991213e-73,2.505096425438566674e-72,-8.523083834081514934e-72,2.918099508339285802e-71,-1.874632369620560693e-70,3.164749449357603291e-70,-2.464379926798292402e-69,1.029256000456082147e-68,2.354357539275406825e-69,7.116291991541237167e-67,6.451357670154541997e-66,7.362549280123078826e-66,-3.390567665107874054e-64,1.587594059578836754e-63,1.333862957795144841e-63,-3.789220025549400615e-62,-4.714031792932043136e-62,2.310317293871711336e-60,5.561542212456486666e-59,-1.828178631536308100e-58,6.111717450622625683e-58,1.112498604874768108e-56,1.585237681292569774e-55,2.010446687137581114e-54,2.246024380275561298e-53,2.789621462227530674e-52,-9.715537861536839122e-52,-2.858174219520542808e-49,-3.450742488239541632e-48,9.375499284260407540e-48,8.763690378633482994e-48,2.190210957664875775e-46,2.094993180655836793e-46,2.358658698080798462e-45,-8.787421206630818531e-45,-1.024227730857626181e-43,2.797174181851175071e-43,-2.943562391705727205e-41,8.983264867177191207e-41,-3.179394482556782998e-40,-4.927268444873437708e-39,2.310959331297856608e-38,2.752641626869794273e-37,-9.698338344358526696e-37,-1.395230595178897518e-35,4.006806010691398911e-35,-1.992988807953703347e-34,9.943537834071024248e-33,-3.850208812430641341e-32,-5.274943796739129745e-31,-7.510957496062350850e-30,2.738544417767743084e-29,1.988665126495584204e-29,1.780130090398861456e-29,1.675792871655111889e-29,-6.548387361032943143e-29,2.156245546106560031e-28,1.815112832978914076e-28,-8.697202036574780802e-28,-1.048076876326390560e-27,3.810709936970572311e-27,3.235271770134897621e-27,-1.990401147929031313e-26,-1.933326492462392136e-26,1.103252632037186666e-25,-2.910413729975558615e-25,-2.940163578882749529e-25,-2.272640901511035247e-25,9.863483843076607870e-25,7.334491088793848699e-25,-3.007947426463863599e-24,-2.700201476541698685e-24,1.399518840300926642e-23,1.056572981072676867e-23,-6.281068992004890355e-23,-5.075769982547428836e-23,1.676166560045522617e-22,-6.719833092988602638e-22,-7.429643973011171244e-22,1.375275925273385640e-22,4.322086484504095274e-25,5.558559502189121859e-25,5.246616459271315795e-25,4.183918222134993307e-25,-5.583980098265394559e-21,-6.908987368125078158e-20,-7.213746928166727585e-20,3.498623697170854129e-19,-1.038851012098750802e-18,-1.861680760814493495e-17,-3.453216017763374289e-16,1.397672792883375928e-15,1.608223636661548799e-15,-2.166108946627170572e-15,8.974220209670973289e-15,-7.211165421735603448e-13,-6.315962160725645802e-13,3.227372254294865019e-12,3.344210191611303782e-12,-1.378146379101496213e-11,5.082467350138774266e-11,3.667791141430686334e-11,-1.616829031448047967e-10,-1.407211008630621257e-10,6.902655115772042902e-10,-3.253890188894971114e-09,-2.100995113874284049e-09,1.098579048235458266e+01,9.054416847854145800e+00,5.215849249292404011e+02,3.964278429414972038e+02,3.357335729372359765e+02,3.007058537700227134e+02,3.470472999997620605e+02,3.166563712186712678e+02,2.665339148290709090e+02,-1.146603817507306289e+01,2.169266848134936698e-01,-7.137321811152363971e-02,-7.392977506552489420e-02,-8.791068338617363809e-02,2.924786838202201450e-02,4.345996945657164094e-03,5.108759115112567091e-03,2.287266618973416571e-02,-6.254191984571499940e-02,4.576786990831358537e+00,3.769021650105385923e+00,-1.847283990286463062e+00,4.252789452807155535e-02,2.631171674634425472e-01,-7.694769748462154668e-02,-1.366845243252480691e+00,4.958874846243154444e+00,9.954600633993057102e+01,9.700642552341206226e+01,4.893168707118740599e+02,6.782181742896361243e+01,3.724887836000964398e+02,4.121498283134274061e+02,4.355892341156626912e+02,3.752628775863570922e+02,3.751847321477482637e+02,6.528753766495621846e+01,-1.548040507312351188e+01,6.168277273678028649e+01,2.991698446092870540e+02,2.961932182050639994e+02,3.805763816377248645e+02,3.292907985197047083e+02,2.970574765026551063e+02,2.307656906082546868e+02,2.806445365385076798e+02,2.589795190510797056e+02,2.525647592789626685e+02,2.253510935835977023e+02,2.612518777595281563e+02,2.302678390884219937e+02,3.151641788113893199e+02,3.218869222654138298e+02,3.180796370175741004e+02,2.720308788364683323e+02,2.890894603963967029e+02,3.129360308859164661e+02,2.743358372122583546e+02,2.674951483338729190e+02,3.647316233177662070e+02,7.281548802142996237e+02,7.744507781112714611e+02,4.014909799751089281e+02,2.642007800462633327e+02,2.118742542653636747e+02,1.586972846617094319e+02,2.173600922679275982e+02,2.257550796304791163e+02,1.950300826128109861e+02,1.913344264628284179e+02,2.098992749986236390e+02,2.146136860523467647e+02,2.084875238933084916e+02,2.297319278299582663e+02,2.323152979240835521e+02,2.396224430287228131e+02,2.202581104605575888e+02,2.397341916920845506e+02,2.253206409840092590e+02,2.472541751949132163e+02,2.300789374135778758e+02,2.203476285327587902e+02,2.439862022829979935e+02,2.162552599418997374e+02,2.314716952732121911e+02,1.950384523492271001e+02,2.651674562197329060e-14
1.079242066184431015e-94,2.342567825651449878e-94,-1.140458906099613357e-93,1.533514160196831716e-93,-1.365290678663874917e-92,9.811552400630928281e-93,-2.240686413224326098e-91,1.922780880444044623e-91,-3.962255462261277077e-90,1.289529254392580578e-89,-2.497615556432189950e-89,5.608216073290080027e-89,-5.822543469037938367e-88,8.041565146334957154e-88,-5.147781543111387631e-87,2.022702386422475905e-86,-8.732190402491527036e-86,3.582144710524731995e-85,-1.627053835864634029e-84,4.444823329960125930e-84,-1.361083714246418520e-83,6.235209792705268105e-83,-1.899837893283102315e-82,9.487999558696951803e-82,-2.699209704639796453e-81,1.060581564127031953e-80,-2.680973169104435495e-80,1.245687774720103453e-79,-8.193591972130016221e-79,2.532991919875631175e-78,-6.866843267736471017e-78,3.377235043585612767e-77,-9.529973552013914061e-77,2.211207816418041014e-76,-1.968013019278908664e-75,8.048258302195834944e-75,-1.405791024416711854e-74,9.848036086927585295e-74,-1.377770201590686171e-73,1.363486036554413849e-72,-1.619584718578735765e-72,2.280233057039280892e-71,-8.845667224856411355e-71,5.053494969800030146e-70,-8.870120402113252124e-70,-9.964658341639317005e-70,-9.952728072727018238e-68,-8.815188680111980364e-67,-1.096969826562412430e-66,4.706429257801751928e-65,-2.196316368331669885e-64,-1.758904400430994615e-64,5.270275297364259639e-63,6.556161050802325778e-63,-3.218716991299706576e-61,-7.744668930496870219e-60,2.546282826895884266e-59,-8.510338571917286677e-59,-1.549116396223514381e-57,-2.207305622823522824e-56,-2.799398627613568243e-55,-3.127419895468298493e-54,-3.884336695541818348e-53,1.352814586539134131e-52,3.979790019153724717e-50,4.804896237670775285e-49,-1.305466905288100118e-48,-1.220277179123988957e-48,-3.049702031730885617e-47,-2.917118523568861016e-47,-3.284252694396395154e-46,1.223581510409567189e-45,1.426159148483645365e-44,-3.894852115389511045e-44,4.098686556067678701e-42,-1.250851248989110973e-41,4.427064790031596836e-41,6.860846228318240125e-40,-3.217834950411063884e-39,-3.832843924588272505e-38,1.350419787265221843e-37,1.942752393893646570e-36,-5.579172357621634736e-36,2.775085201708362286e-35,-1.384561949662756457e-33,5.361122679778817012e-33,7.344957689555464293e-32,1.045843655258115728e-30,-3.813214634041588943e-30,-2.769064804412555211e-30,-2.478695641073357097e-30,-2.333414006491338103e-30,9.118130913800594455e-30,-3.002407781905821403e-29,-2.527406447105674525e-29,1.211019177410844260e-28,1.459367266961013056e-28,-5.306123502495882294e-28,-4.504869659564459363e-28,2.771482082105623611e-27,2.692009969098316999e-27,-1.536195306615582489e-26,4.052529567998555544e-26,4.093953967909616779e-26,3.164479453957988170e-26,-1.373415040839305303e-25,-1.021272051283510605e-25,4.188337815259621352e-25,3.759825009112203659e-25,-1.948723449448682630e-24,-1.471197443663535666e-24,8.745910425217178875e-24,7.067623349731624976e-24,-2.333934350963182985e-23,9.356856081228451720e-23,1.034521343890673380e-22,-1.914966430176642648e-23,-6.020200372979686110e-26,-7.732183492298167843e-26,-7.341050430557385106e-26,-5.724360297072289376e-26,7.775216536347262702e-22,9.620254581988140776e-21,1.004454259869752222e-20,-4.871540497130288727e-20,1.446511845911349085e-19,2.592251215448404632e-18,4.808339086602031761e-17,-1.946152543278167123e-16,-2.239330886084237823e-16,3.016148407450220809e-16,-1.249594003227782489e-15,1.004099975946333590e-13,8.794492970052436636e-14,-4.493869053548753636e-13,-4.656563192849248909e-13,1.918964904533823926e-12,-7.076958096729244536e-12,-5.107104445153003190e-12,2.251300759980052936e-11,1.959466662496827171e-11,-9.611535592406822646e-11,4.530831957825268345e-10,2.925219704794543830e-10,-1.485551295971982100e+01,-1.224381688839271298e+01,5.966662838644914473e+02,3.395918726125124749e+02,3.219891197664273932e+02,2.746618600995448105e+02,3.259881162375000372e+02,3.348469643994117177e+02,2.871955354948206605e+02,1.567518200704250653e+01,-2.933435009784707836e-01,9.653189949558417526e-02,9.998664303493487449e-02,1.188719725802089844e-01,-3.955429233796610433e-02,-3.906668698829345379e-03,-3.182650634076024734e-03,4.270529223219219489e-03,1.358832189499326604e-01,-6.148572971242421303e+00,-5.257967571644439175e+00,2.269497200026833195e+00,-8.185761096140373172e-03,-2.847081313909481937e-01,1.486536158197092894e-01,1.831258653596804065e+00,-6.700378827557585737e+00,5.310797643517887536e+02,5.190954038058184778e+02,4.788051367113058063e+02,3.744647066589063797e+02,3.927656718206001756e+02,4.296126348042045606e+02,2.950197207721611221e+02,3.552044477183877120e+02,4.166405025959996351e+02,3.712569206842782137e+02,2.111439435774684981e+01,3.385540166110586142e+02,2.688989598073435445e+02,3.588100715984091380e+02,2.877445531843385993e+02,2.583984900562277289e+02,3.144034931850765702e+02,2.609102756955031737e+02,2.817076066566094710e+02,2.085251672301196493e+02,1.924685764527710035e+02,2.836319437230868630e+02,3.098802699911065588e+02,2.652413338646696843e+02,2.837204063084375321e+02,3.124382695858386114e+02,2.910967190754573153e+02,2.752989389899861408e+02,3.133803228562702543e+02,3.018773964917048147e+02,2.783283661806477198e+02,2.836885866544350279e+02,3.912164661129112346e+02,-4.325805831720628447e+01,-4.919174150376478138e+01,5.344330896365255512e+02,3.097346309389910743e+02,2.093009653886496721e+02,1.801098098668687442e+02,1.872342359025746816e+02,1.710855217704319386e+02,1.707956048341092981e+02,2.083411735364674655e+02,2.209362112146195329e+02,2.242532659572892157e+02,1.992546890047496504e+02,2.116099269098075979e+02,2.076116466586121874e+02,1.993700531144262129e+02,2.460377938156537425e+02,2.644286928932764908e+02,2.455133240833052923e+02,3.394976594224706901e+02,1.987101641159748340e+02,1.903518299891653953e+02,2.249205169090684819e+02,2.451365596617952747e+02,2.323761021890632321e+02,2.116853866690407813e+02,3.320007092358331522e-14
2.714739790789587140e-95,2.163687573900842746e-96,1.636372645063884230e-94,1.111088245932319653e-93,2.459717963092045614e-94,2.758986613375733327e-93,-2.782134447566873505e-92,1.013353364084920056e-91,9.613081365753609579e-92,1.531472004857147994e-90,-5.178836471710360961e-90,1.587023579290833086e-89,2.294339015075442853e-89,2.055563666900689335e-88,-8.137506587331247127e-88,-3.123009367934533937e-88,-7.551014236532129729e-87,8.530969550518906808e-86,-2.070095927309093648e-85,-2.264599019735789999e-85,-4.645980852592131816e-84,-9.433689372414531079e-85,-5.386599023100520200e-83,-3.221970171004354111e-83,-1.019724655828552130e-81,-1.634134972699990488e-82,-3.960108381005262171e-81,2.997225929607148773e-80,-1.844532154342791009e-79,1.174775176201355892e-79,-1.289074099241809007e-78,-4.272050344114098092e-78,-1.097220359825557408e-77,1.601611756860174693e-76,-1.028662172850532079e-76,1.572637482383645267e-75,-1.800510086261550360e-75,1.461101815996077711e-74,-2.596789184588609813e-74,4.393793664644797001e-74,-6.759683324646997428e-73,5.118410768128197087e-72,-1.424399655498639014e-71,7.265733833599746241e-71,-6.301091849414918408e-71,2.088172926467825823e-70,-1.601296614175837641e-68,-1.569344086674085713e-67,-1.573509932179317743e-67,7.756748127526254760e-66,-3.707560705775598421e-65,-2.869612353699241685e-65,8.836308366440938201e-64,1.124152262494670859e-63,-5.389190855374168349e-62,-1.298637256063367811e-60,4.271674608855754919e-60,-1.427002375498058765e-59,-2.597900757227808943e-58,-3.701714510350319394e-57,-4.694622419367641814e-56,-5.244733480832193660e-55,-6.514093110585115363e-54,2.268692139654150273e-53,6.674172201263701115e-51,8.057888688049873571e-50,-2.189289101183954660e-49,-2.046424564914276816e-49,-5.114399613843017721e-48,-4.892054901555993325e-48,-5.507744871854162521e-47,2.051965973318952997e-46,2.391691951290808473e-45,-6.531729970837617094e-45,6.873563624249711984e-43,-2.097697768877970021e-42,7.424259231712116542e-42,1.150575005445155682e-40,-5.396361239345880692e-40,-6.427741232824461259e-39,2.264675817493590123e-38,3.258027175938382129e-37,-9.356362250549706822e-37,4.653862752207578913e-36,-2.321932775864956605e-34,8.990689415265459696e-34,1.231761280228390191e-32,1.753896719584016653e-31,-6.394822595223083080e-31,-4.643766448605643245e-31,-4.156812666853821771e-31,-3.913173016674841883e-31,1.529125296888394189e-30,-5.035086394666382132e-30,-4.238501476149893821e-30,2.030898740873106254e-29,2.447382502464532092e-29,-8.898454905719066900e-29,-7.554739256027718259e-29,4.647820262380506439e-28,4.514544243937880912e-28,-2.576224367160613291e-27,6.796157608877536734e-27,6.865626997091042564e-27,5.306883209582333212e-27,-2.303239229679528522e-26,-1.712689742468900433e-26,7.023910232570912005e-26,6.305287332125898434e-26,-3.268040738961485800e-25,-2.467221897612442564e-25,1.466703309353714263e-24,1.185251881442894152e-24,-3.914045685293962693e-24,1.569159910052928759e-23,1.734908861914888056e-23,-3.211425075254203007e-24,-1.010602175284290906e-26,-1.299368895452234923e-26,-1.234351567123883610e-26,-8.364672566227514599e-27,1.303885448909097976e-22,1.613335452480833730e-21,1.684481089343119090e-21,-8.169331773879923301e-21,2.425814825392306486e-20,4.347260398798878735e-19,8.063656515392167839e-18,-3.263728769933325658e-17,-3.755401257686255744e-17,5.058169205006655527e-17,-2.095605226819771718e-16,1.683891865552083806e-14,1.474848628853620848e-14,-7.536283506283891260e-14,-7.809148172651258625e-14,3.218135524803516028e-13,-1.186825561356478708e-12,-8.564589293920150767e-13,3.775445565501661027e-12,3.286291715968059635e-12,-1.611883711656520856e-11,7.598466593256486080e-11,4.903938094108713450e-11,-2.271911088421487790e+01,-1.872494301158985053e+01,6.342744872568965775e+02,4.016411069598156587e+02,3.254164093322050917e+02,2.941557040754826744e+02,3.062693320743998697e+02,3.664100967622561029e+02,3.558138464941190477e+02,2.503285372884263325e+02,-4.486223235487830641e-01,1.476327221864349448e-01,1.529158270180680235e-01,1.817947154130542253e-01,-6.049252298327717492e-02,-5.666670021662209740e-03,-4.285015534410867646e-03,1.203299278801311240e-02,2.158315842465798329e-01,-9.396939358523331620e+00,-8.066427573644881832e+00,3.435116184077119161e+00,-4.809498569357358727e-03,-4.243032753536337687e-01,2.343130800325161633e-01,2.797948955436320606e+00,-1.024632810690160589e+01,3.813561324746527248e+02,3.715499528856403799e+02,4.670239898273420636e+02,3.159652560870509888e+02,4.346902560603575694e+02,1.331842900296726029e+01,1.216509021533074808e+01,4.024562330364022111e-01,4.108207301004572400e+02,3.522040441652990239e+02,3.038964303261673194e+02,2.828467529606029416e+02,2.503936826046553392e+02,3.360277793948897056e+02,2.700555164617520063e+02,2.602365760751261519e+02,3.067460845786604864e+02,2.506943395202735587e+02,2.774845690265868825e+02,2.159710745836079582e+02,2.229181574652569111e+02,3.142661728241889705e+02,2.834892410961211340e+02,2.854448354892854240e+02,2.543024035451775831e+02,2.773675408860208904e+02,2.861835948157833514e+02,2.998895645775281764e+02,2.732663571742232875e+02,2.679409388384501653e+02,2.868855867308520260e+02,2.859724244911354845e+02,3.243078670984121459e+02,-4.887055554233000976e+00,-8.647538062388719027e+00,5.119949008613156707e+02,3.234093305827708491e+02,2.175109226927073394e+02,2.151318368648558703e+02,1.905275077850593846e+02,1.796276958345042658e+02,1.874938724582014800e+02,2.401825303110231289e+02,2.289820442653723944e+02,2.101460248823252073e+02,2.176651665832758624e+02,1.896427258145014889e+02,2.009721897845062699e+02,2.039618820794212581e+02,2.635373720534173003e+02,2.589157346524709737e+02,2.327201714636338465e+02,2.270611122560885917e+02,1.749261450488592402e+02,1.799711005546940328e+02,2.129120921655122629e+02,2.107387659689638610e+02,2.060263360632316960e+02,2.037740178354032992e+02,1.216629778141450739e-14
1.106903356766090122e-94,-2.292189655879366436e-94,9.700441990893644637e-94,-3.375675261113620003e-93,1.388847031768397554e-92,-4.705457940704714501e-92,1.830789640821533626e-91,-7.044374232703855701e-91,2.692199168045846978e-90,-9.535097609685590107e-90,3.420557698729302816e-89,-1.329326678245789133e-88,4.692978068855606555e-88,-1.832622242093022870e-87,6.778718391269529467e-87,-2.567497880020891089e-86,9.196250383915002382e-86,-3.693203597821015074e-85,1.298856053903660165e-84,-4.902512913801205320e-84,1.690366032293099673e-83,-7.020825911758559963e-83,2.563367287029460701e-82,-9.608009690426134541e-82,3.389200936031935553e-81,-1.411967982156766625e-80,4.557820231568697979e-80,-2.020599403338083144e-79,6.430076123638797717e-79,-2.587139786752259761e-78,9.874226701736846924e-78,-3.518928031585991230e-77,1.387094223147571465e-76,-4.821350517819771110e-76,2.001416914412965375e-75,-7.126268852335539813e-75,2.196103383494951674e-74,-1.092517673934945742e-73,3.525892647485857249e-73,-1.356376770353452865e-72,4.929211971908453675e-72,-1.972236035374453764e-71,7.385410820386468528e-71,-2.912585208784476355e-70,1.022130422333872143e-69,-2.794346710476982154e-69,3.237789287901481480e-68,1.426711164313547619e-67,3.633597126879525477e-67,-1.018813827717394721e-65,4.737293310159900016e-65,2.957107723136332118e-65,-1.050006172473947292e-63,-1.441723661571667804e-63,6.628793834694635027e-62,1.583212318257145426e-60,-5.205359182162478501e-60,1.739562848046358082e-59,3.171382729793303791e-58,4.517570302087594871e-57,5.729806643597814585e-56,6.401034594581862202e-55,7.950320901613979454e-54,-2.768894096832907483e-53,-8.145677680167131645e-51,-9.834472962714603022e-50,2.671978421043787034e-49,2.497615277343005260e-49,6.242010372725962954e-48,5.970643450588946165e-48,6.722079464158934602e-47,-2.504378599292204757e-46,-2.919006519286423526e-45,7.971830305147170610e-45,-8.389030657419554029e-43,2.560193206261507650e-42,-9.061142328943683205e-42,-1.404251058710689195e-40,6.586138189726132953e-40,7.844914402016706701e-39,-2.763986180062515785e-38,-3.976349294277930759e-37,1.141923084827582109e-36,-5.679935393757199300e-36,2.833867017082692898e-34,-1.097293533197261221e-33,-1.503337091082401688e-32,-2.140591715944900002e-31,7.804737941193276515e-31,5.667613081017030850e-31,5.073296882336289451e-31,4.775940138898165840e-31,-1.866263222120098224e-30,6.145210322321576437e-30,5.172996246938184003e-30,-2.478666487095073685e-29,-2.986975602351244201e-29,1.086036517595545952e-28,9.220390281960117104e-29,-5.672560670268185001e-28,-5.509900269808656437e-28,3.144224216043335911e-27,-8.294558347304354300e-27,-8.379344188141928748e-27,-6.476932239568388878e-27,2.811051955546103934e-26,2.090299542518772555e-26,-8.572525427105921899e-26,-7.695461853783124447e-26,3.988570502109682982e-25,3.011189590169933033e-25,-1.790078779073217461e-24,-1.446572761369769684e-24,4.777002724401254901e-24,-1.915123718947790568e-23,-2.117421425519550331e-23,3.919596975143734408e-24,1.190436637837465344e-26,1.748528582147829976e-26,9.018644842689172738e-27,3.462847312422691404e-26,-1.592255118825107433e-22,-1.968722631865100281e-21,-2.057174009900050643e-21,9.975252822335189926e-21,-2.962233407491133663e-20,-5.305021716691458826e-19,-9.841749188980394892e-18,3.983391686262622558e-17,4.583053437964113337e-17,-6.172017069544675935e-17,2.557134725927606587e-16,-2.055136752206845458e-14,-1.800080624558533934e-14,9.198112239999845027e-14,9.529954775796537094e-14,-3.927334909024002785e-13,1.448350685021472420e-12,1.045761813384324753e-12,-4.609859182195977199e-12,-4.004493044363429523e-12,1.964769871793498905e-11,-9.265490399739479307e-11,-5.984727603980091633e-11,7.658180050885533774e+02,6.097147496968101450e+02,5.271647768866869228e+02,3.698201555766449360e+02,3.167368696723659127e+02,2.879421628696081257e+02,3.232682306619061023e+02,3.486673347351949133e+02,3.537636403604356587e+02,3.057871783974505320e+02,5.213452838735873840e+00,-1.715647289789218766e+00,-1.777041918984340496e+00,-2.112640174302265361e+00,7.029859925560527634e-01,6.545805398602676239e-02,4.905033644386670721e-02,-1.468833943102037798e-01,-2.518457911495741275e+00,3.125589960079724392e+02,2.664867401203871395e+02,-3.987382843064899873e+01,4.601607965201770511e-02,4.916605798316028952e+00,-2.731888445042560676e+00,-3.251162399184541840e+01,3.341020615976739236e+02,3.118382542745268324e+02,2.711472405829900367e+02,4.317908227501035299e+02,3.007077694953342757e+02,4.190586728423590444e+02,-8.999482697487357186e+00,-5.323024565342045378e+01,3.739020334002902928e+02,4.696737040366562042e+02,3.651649236441669473e+02,2.377274510023203220e+02,2.787602469884270704e+02,3.022371311446723894e+02,3.218232747971198364e+02,2.878497633477360864e+02,2.794422163612501322e+02,2.415017411517873711e+02,2.735119153553542901e+02,2.792280705435060781e+02,2.706070107402931626e+02,2.864467899831672071e+02,2.848984886707249871e+02,2.592085647826146442e+02,2.938210031958539616e+02,2.481534377130279552e+02,2.565596265538723060e+02,3.137594849359707609e+02,3.225964094703100500e+02,3.201299270090486857e+02,2.481933413851128023e+02,2.285940833896635809e+02,2.474224008776141375e+02,2.830496304502327689e+02,-2.169013006483424277e+01,1.520340385634396974e+01,4.677109336157683117e+01,2.651193612335997614e+02,2.268642768619386914e+02,1.891969421655397809e+02,2.022682937527699778e+02,2.022747492001148544e+02,2.216553234756709969e+02,2.362880323208107427e+02,2.217971436060108772e+02,1.917463296944722515e+02,1.926141284424853382e+02,1.981479251475939236e+02,2.109297714513888025e+02,2.122138100553386835e+02,2.476141084324486883e+02,2.431517120570946702e+02,2.109035535060783957e+02,1.946649293161379148e+02,1.816582461727857094e+02,2.490701972718285617e+02,2.530616868052014752e+02,2.516032884217324295e+02,2.254129342234386115e+02,2.071536506052683819e+02,2.165655985709263129e-14
8.205778392630587247e-95,-2.115872545796563991e-94,8.683414913753538452e-94,-2.826850977570853677e-93,1.174618645713812253e-92,-4.094439220112091662e-92,1.561362761751396549e-91,-5.948666984793690092e-91,2.268154759832701529e-90,-8.672390226291952437e-90,3.112126342288516084e-89,-1.111797065073739545e-88,3.934089157305737916e-88,-1.611692397759971973e-87,6.142706176377733395e-87,-2.046138555260747633e-86,7.771360071743812071e-86,-3.445579909758539915e-85,1.058472564423394316e-84,-4.538809259451384334e-84,1.428973697537535964e-83,-6.626920931287387741e-83,2.217033998956257903e-82,-8.470543118553895595e-82,2.957008253634583641e-81,-1.179841084789046788e-80,4.074453206923218128e-80,-1.719511418140596400e-79,5.897368338706903938e-79,-2.244714727407889260e-78,8.554634583469585380e-78,-3.272021122085117474e-77,1.073309879454840059e-76,-4.430231465447175154e-76,1.688511061759895763e-75,-5.641718037475046447e-75,2.357284567732975724e-74,-8.117074270313218855e-74,3.091935789027673775e-73,-1.247630585031023770e-72,4.493958448249998634e-72,-1.485560550783073265e-71,6.532834502516298445e-71,-2.141615441280993594e-70,8.852705019300616423e-70,-3.541992841714281821e-69,2.886781282433998301e-69,-1.421695456803788674e-67,6.705893185177917680e-68,4.049616109669204873e-66,-1.950035682835075997e-65,-2.781837342883018361e-65,5.613292275000906925e-64,5.194690439284551024e-64,-3.182079132076309953e-62,-7.789766711835234622e-61,2.561081805154070740e-60,-8.566006337096359511e-60,-1.553477291550383090e-58,-2.215300655740593394e-57,-2.808934141119623289e-56,-3.138263198120335957e-55,-3.897723011660780808e-54,1.357477189566483858e-53,3.993526362740100298e-51,4.821480023716356903e-50,-1.309972633063713919e-49,-1.224489048579963820e-49,-3.060227895781870697e-48,-2.927187005281721531e-48,-3.295588065944331019e-47,1.227804621550442717e-46,1.431081481403007229e-45,-3.908295061198327435e-45,4.112832990717182728e-43,-1.255168506553985855e-42,4.442344608088730108e-42,6.884526131424859785e-41,-3.228941163495658247e-40,-3.846072813975304882e-39,1.355080700769448712e-38,1.949457716830245055e-37,-5.598428621302179785e-37,2.784663284079052633e-36,-1.389340703273204951e-34,5.379626354798725203e-34,7.370308482340147673e-33,1.049453337833422809e-31,-3.826375773712114515e-31,-2.778622107671770467e-31,-2.487250748156693381e-31,-2.341467680522659854e-31,9.149601734646468251e-31,-3.012770458019406225e-30,-2.536129677320767175e-30,1.215198955895787772e-29,1.464404207829167595e-29,-5.324437350525516521e-29,-4.520418014969707610e-29,2.781047728219573899e-28,2.701301322030225683e-28,-1.541497416345388702e-27,4.066516693870447949e-27,4.108084061362281815e-27,3.175401530958995466e-27,-1.378155328428323873e-26,-1.024796900509859197e-26,4.202793577574703379e-26,3.772802247119857408e-26,-1.955449519718889629e-25,-1.476274661674109193e-25,8.776094549262440977e-25,7.092024409054315903e-25,-2.341992419743781550e-24,9.389161134899035207e-24,1.038088147042185098e-23,-1.921421017249748862e-24,-6.561678861469576141e-27,-5.841380583814296100e-27,-1.434603938699208501e-26,2.157683777973497146e-26,7.791954832207412974e-23,9.657121600291708774e-22,1.006477280360683915e-21,-4.883022322125210184e-21,1.449755584891089079e-20,2.601987585785296437e-19,4.824659169214532413e-18,-1.952773778710288261e-17,-2.247463364724339977e-17,3.027910846613450702e-17,-1.254429417549352578e-16,1.007585787237726467e-14,8.824149752910172238e-15,-4.509108778553312405e-14,-4.673698733367023796e-14,1.925962093185875749e-13,-7.102896660240293269e-13,-5.119647779438088769e-13,2.256786371347220950e-12,1.973315648708489780e-12,-9.672878579644240146e-12,4.556993745626580119e-11,2.940494194882592176e-11,8.895857736715698820e+02,6.326085101049620789e+02,4.297963466041110223e+02,3.310315944221790687e+02,3.192290698489743477e+02,2.841283960054678346e+02,3.539174925515545169e+02,2.986299773807898532e+02,2.997118842607729334e+02,3.247336402063834271e+02,-2.553600119615941111e+01,8.403409649794111758e+00,8.704126290111490860e+00,1.034791718501229596e+01,-3.443294390050416265e+00,-3.204158975585657543e-01,-2.398674967276131498e-01,7.230945891227709144e-01,1.234096646413535225e+01,3.612395652460644442e+02,3.048222400607010627e+02,3.522813412404746032e+02,-2.202833047608435957e-01,-2.407465253739220756e+01,1.338567516263075596e+01,2.968746288079675537e+02,3.506151844455910123e+02,3.635438694820840624e+02,2.592577749896883574e+02,3.807509302539040732e+02,3.211682674222244032e+02,4.224294132394739876e+01,-3.109608629720690232e+01,3.908056163120651263e+02,5.029005642646213801e+02,4.315922402286843180e+02,3.577261459172842706e+02,1.915263466422111946e+02,3.052884362067374582e+02,3.379367006331041239e+02,3.222750057015866787e+02,2.921865564449615817e+02,2.946962048340502633e+02,2.305634063456194269e+02,3.079160067844223931e+02,2.850494390893613286e+02,2.752512049303080630e+02,2.797640931599126475e+02,2.729002862899865818e+02,2.489744688755764344e+02,3.161723501907844138e+02,2.668351969730314863e+02,2.746292742803318561e+02,3.016691902420782299e+02,3.104647767513157532e+02,3.388381952374782031e+02,2.543262048141832281e+02,2.260085163104851347e+02,2.112783127583782345e+02,2.107874235302899137e+02,2.650290760487924331e+02,-3.035174205473956732e+01,1.521130190886264018e+02,2.006445655812252937e+02,1.878544786616953957e+02,1.851436751952180373e+02,1.903267068900312040e+02,2.294065939946393087e+02,2.304172825661323998e+02,2.154648049595849955e+02,2.183712442859790599e+02,1.833425534331273923e+02,1.820229409437513084e+02,1.844718091709565613e+02,1.868581876885663462e+02,2.008458396380677016e+02,2.564084795037779259e+02,2.200557260858602717e+02,1.794393611512507789e+02,1.693099147762015946e+02,1.943409539827193839e+02,2.439030485438017024e+02,2.833874036223484154e+02,2.729646486092851774e+02,2.627285650963627859e+02,2.428568025279032270e+02,3.536879360276931309e-14
1.789061374876055813e-95,-6.875824869878037460e-95,3.048954798642213299e-94,-7.882278370871942779e-94,4.078360414497665342e-93,-1.216189752769259160e-92,4.761044665628075139e-92,-1.843323602887765016e-91,6.552019310709506287e-91,-2.997377644697988965e-90,7.081039387552895745e-90,-3.617280828040576298e-89,1.362908748652713808e-88,-5.683907221107822725e-88,1.886908246847673488e-87,-5.873714416894863658e-87,2.295107739283723868e-86,-1.132330093710539405e-85,3.565880491477913921e-85,-1.318146098928576414e-84,4.742065201453629237e-84,-1.902949927968870347e-83,7.119898462516322387e-83,-2.660881615703059402e-82,9.234042563187686718e-82,-3.079553970656729992e-81,1.512987941322615261e-80,-5.093345088916029284e-80,1.874838156119467757e-79,-5.540465898392071304e-79,2.621174068154437001e-78,-8.863779250923611686e-78,3.962311841098046718e-77,-1.135996787022136247e-76,5.186794993263540915e-76,-1.761406920766643786e-75,6.343429601944463184e-75,-2.863856158607617621e-74,8.558405512801279871e-74,-3.424388278773293735e-73,1.378685485048258140e-72,-6.062173920232635390e-72,1.730748857422017051e-71,-8.219885594074480533e-71,3.081628030270023734e-70,-9.234943992541702095e-70,6.513419955839454377e-69,1.758545279072195494e-68,7.978990558681719126e-68,-1.892148513717266674e-66,8.878452438002682267e-66,4.740803375191193552e-66,-1.884781113096629624e-64,-2.752925509256516474e-64,1.210580472660131151e-62,2.880623826598677160e-61,-9.478415539381460210e-61,3.165698417459972898e-60,5.777404944368477200e-59,8.228005818550526344e-58,1.043664785557751978e-56,1.165918241314863589e-55,1.448117837151837640e-54,-5.043429700219719306e-54,-1.483699799377119286e-51,-1.791306548672872460e-50,4.866892688271063407e-50,4.549297524242170800e-50,1.136955086961730855e-48,1.087526763781308284e-48,1.224397590976703260e-47,-4.561616877131873356e-47,-5.316843602250606098e-46,1.452034266173543120e-45,-1.528025503849940299e-43,4.663280746078034378e-43,-1.650447726022317784e-42,-2.557782322373394316e-41,1.199636470268221602e-40,1.428917090931581511e-39,-5.034480797864886556e-39,-7.242747562265304330e-38,2.079963309775575010e-37,-1.034575566240719907e-36,5.161765707878726303e-35,-1.998672519561521662e-34,-2.738263227368413620e-33,-3.898994853084692662e-32,1.421599123070271307e-31,1.032331110484788641e-31,9.240789957775062579e-32,8.699167562628780872e-32,-3.399317414593320574e-31,1.119323373970622160e-30,9.422388020880349809e-31,-4.514783367482125220e-30,-5.440646346978740780e-30,1.978168354471988387e-29,1.679454049358449282e-29,-1.033232292407252275e-28,-1.003604406698357017e-28,5.727067867781932282e-28,-1.510817782826134469e-27,-1.526261156168214900e-27,-1.179745079901004838e-27,5.120209056302356600e-27,3.807389867470568049e-27,-1.561448282908478842e-26,-1.401694915078744636e-26,7.265007807481459514e-26,5.484751476638568387e-26,-3.260550986543909950e-25,-2.634868598299231675e-25,8.701100957405168121e-25,-3.488313599489101453e-24,-3.856794151306957294e-24,7.139458264033210551e-25,2.103842240181691915e-27,3.379990601836267246e-27,7.482145794301185589e-28,7.231846251884702917e-27,-2.901437532156464956e-23,-3.585701282402986026e-22,-3.748876389692081599e-22,1.817541982075149906e-21,-5.397165727118360874e-21,-9.661806387060853022e-20,-1.792656751448297420e-18,7.255670434749919106e-18,8.347329554938640515e-18,-1.124035900457964945e-17,4.657535288943342740e-17,-3.743308508278020726e-15,-3.278833378021142672e-15,1.675412535445146162e-14,1.735776862087973047e-14,-7.153249207989906852e-14,2.637928792488324252e-13,1.905248228320584566e-13,-8.399053109832543081e-13,-7.285388316410453689e-13,3.578097227038252480e-12,-1.686069415037482479e-11,-1.088136262752275819e-11,2.858037178746113227e+02,4.675973840220837587e+02,3.803448740426064774e+02,3.087339294790010626e+02,3.212690229676569516e+02,3.070080224067808672e+02,3.759258619015590739e+02,3.306237062779167104e+02,2.864801395846237142e+02,2.972976798492655348e+02,1.419583086038105648e+02,-3.192998408645106068e+01,-3.307260082766731557e+01,-3.931842382277501713e+01,1.308330053728762188e+01,1.217389243391388653e+00,9.112645006981736628e-01,-2.748893561004090103e+00,-4.689333225782004888e+01,2.919711986032014011e+02,3.044668202930855045e+02,4.394400962693767383e+02,8.350509894848705539e-01,1.447267587480763780e+02,-5.086259072173776730e+01,4.487792864738726735e+02,2.733641642313294255e+02,3.747282910685984234e+02,2.498839473102619309e+02,3.036017245639767452e+02,3.692219534628915767e+02,2.583508079244851388e+02,2.141981945096087827e+02,5.242117212392676038e+02,3.908958123845294494e+02,3.549049779385432544e+02,3.229350833530141927e+02,3.123961015929149312e+02,2.973254125794217657e+02,3.560434163036334780e+02,2.660167088452699886e+02,2.693687648504345020e+02,2.923643826496946758e+02,2.365565384055790901e+02,2.721029809367245207e+02,2.777491686392588690e+02,2.655423639667410498e+02,2.635494770365917248e+02,2.972899380734991723e+02,2.600509247957150478e+02,2.922435346316331675e+02,2.814388595785958955e+02,3.209628509023931429e+02,2.859018299814640613e+02,2.877151226319230091e+02,2.814253262137284537e+02,2.561135732846472024e+02,2.382988124908418968e+02,2.180929959848895976e+02,2.052392098015025965e+02,3.029992127543986271e+02,1.410042450623289199e+02,2.625148169782274294e+02,1.992845717514092883e+02,1.743366230509284378e+02,2.050866027377537932e+02,1.883023437040010890e+02,2.202394983964473738e+02,1.993384036342574461e+02,2.112030192785524036e+02,2.027906821390394896e+02,1.795500219024754642e+02,1.776260341450001761e+02,1.776591839430494417e+02,1.769564767061920350e+02,2.334835850020647854e+02,2.605211076665923429e+02,2.350497625182301249e+02,2.375374067445675905e+02,2.287311977258102615e+02,1.958269486616791255e+02,2.160424045487978049e+02,2.708351682239986076e+02,2.972543750500997817e+02,2.544195340834375259e+02,2.555466492582012847e+02,1.401714439056575331e-14
-2.844700367458907072e-95,8.248600140703302193e-95,-2.888564757958740882e-94,1.118118078599242991e-93,-4.037547536334701875e-93,1.668376748467497123e-92,-6.046529911644794116e-92,2.042634443694357846e-91,-7.891879271542879332e-91,3.029192849642992898e-90,-1.166508364715690269e-89,3.539306926753186743e-89,-1.519367503484941236e-88,5.862221211659107395e-88,-2.250388127859131956e-87,8.747185108524743512e-87,-2.981645987569463659e-86,1.065913796220156252e-85,-3.956693490633864829e-85,1.652530617598647470e-84,-5.890720007306065014e-84,2.158058400355031698e-83,-7.914472660952819386e-83,3.063229491313921330e-82,-1.118092881053439537e-81,4.586089274382957174e-81,-1.451247185531084572e-80,5.799364882559228834e-80,-2.148265739612506787e-79,8.664107193188589373e-79,-3.071598938279266146e-78,1.188805862247764124e-77,-4.378906736655537839e-77,1.606031432036951826e-76,-5.862090131502770727e-76,2.266276510670810578e-75,-7.643347721827576861e-75,3.026752463864593727e-74,-1.087632198130051643e-73,4.675184829975807891e-73,-1.690010504586458273e-72,5.949840367082104112e-72,-2.409028076223530150e-71,8.844803975656659401e-71,-2.903662722653775789e-70,1.102165016339917057e-69,-5.746052107513392455e-69,2.684003766601022159e-69,-7.325167185508645709e-68,7.783151178535587049e-67,-3.375865825234673191e-66,1.199949196746062581e-66,4.990684565607597504e-65,1.204084668592341558e-64,-3.904766970651167465e-63,-8.943774995212226851e-62,2.935054835948380489e-61,-9.803204766868509141e-61,-1.802452991138719884e-59,-2.562925331081983058e-58,-3.252318205457774400e-57,-3.632770537586327019e-56,-4.512266278786753123e-55,1.571510770653179333e-54,4.623096356408970848e-52,5.581576786294956079e-51,-1.516487241384404089e-50,-1.417526608923842263e-50,-3.542666679045545516e-49,-3.388651165341191468e-49,-3.815130982801907778e-48,1.421365576784865986e-47,1.656688465417401026e-46,-4.524429498165949830e-46,4.761212565006348338e-44,-1.453043212744063067e-43,5.142671001950333699e-43,7.969857382008356036e-42,-3.737977033566816483e-41,-4.452398205638044957e-40,1.568706359022659956e-39,2.256785677563206237e-38,-6.481009267574450418e-38,3.223659668061977114e-37,-1.608367379943255022e-35,6.227713277927791591e-35,8.532222308867231012e-34,1.214897477173229659e-32,-4.429595968313163763e-32,-3.216666112658894953e-32,-2.879360663409916081e-32,-2.710595197868423694e-32,1.059201744727338032e-31,-3.487727464149088520e-31,-2.935945254407418189e-31,1.406772547784667582e-30,1.695264489891172851e-30,-6.163823840868543968e-30,-5.233052530499218953e-30,3.219474128453913539e-29,3.127155861165732836e-29,-1.784511281341560935e-28,4.707594599339658415e-28,4.755715004023886949e-28,3.675996905506504993e-28,-1.595418622538036765e-27,-1.186354122562657022e-27,4.865355689605230997e-27,4.367575070820082808e-27,-2.263721466053816674e-26,-1.709008700113317623e-26,1.015963672258195594e-25,8.210038093385659452e-26,-2.711190792376834089e-25,1.086930032202333954e-24,1.201756886175053580e-24,-2.224964932406893078e-25,-5.269277410907494441e-28,-1.517055034987853839e-27,1.596136324656613259e-27,-8.941167978199888734e-27,9.066916201181849151e-24,1.116372722837716427e-22,1.171519418167385339e-22,-5.676172066154375155e-22,1.686735320376819308e-21,3.008908196674335765e-20,5.586513333574433760e-19,-2.261059783784958768e-18,-2.600103547147605093e-18,3.499090457784785183e-18,-1.449763633313865036e-17,1.166341603321822318e-15,1.021850843002432684e-15,-5.221278837738006558e-15,-5.406029697163877079e-15,2.227914803983104128e-14,-8.215974677969133306e-14,-5.949388410566057432e-14,2.621773045082105295e-13,2.253738591831676670e-13,-1.107630764625974569e-12,5.228760950237316593e-12,3.457382531210637434e-12,-1.335732361586123034e+02,4.771223421897090589e+02,3.700598798898507766e+02,3.244915300852640598e+02,3.609836605249154786e+02,3.600786589968824956e+02,3.328573142791626651e+02,3.837219248377168697e+02,3.061445708009269424e+02,2.749580353529590298e+02,2.822638922291399126e+02,1.271937786650611031e+02,1.318675890499718264e+02,1.562293696573025272e+02,-4.198849900773529953e+01,-3.906967296217397134e+00,-2.924493247185796729e+00,8.822515778987048307e+00,1.852780204789531524e+02,3.191821016650760612e+02,3.464759576857092043e+02,3.913256918147344550e+02,-2.679334255835343903e+00,4.187259733698790569e+02,2.012352149178591105e+02,4.378961307684971871e+02,2.921263551534740373e+02,3.278248162376247024e+02,2.467437247243437639e+02,2.756002392913074459e+02,3.693338291115419452e+02,5.132350793037393260e+02,4.053255560580208225e+02,3.882234217519002186e+02,3.199264754136702322e+02,3.028109053570258311e+02,3.355316369896459037e+02,3.832660386897130707e+02,2.889541653887854977e+02,3.328374200415360633e+02,3.115105913064236347e+02,2.450989908705972482e+02,2.845828081046947204e+02,2.295222896344883452e+02,2.195170357954008296e+02,2.556041595882684305e+02,2.688548019278291008e+02,2.661470287968369348e+02,2.991110293330214063e+02,2.901588675189892115e+02,2.558237822788042308e+02,2.776649745900555217e+02,3.175794194679252200e+02,2.810653687495138229e+02,2.935753793282976289e+02,2.530214060980583213e+02,2.590184094940585737e+02,2.374528863624041435e+02,2.329212863632775736e+02,2.312307340400066096e+02,1.743949118293017762e+02,2.475901345122585155e+02,1.765174652223319640e+02,2.128889441462317507e+02,1.766331229021758418e+02,1.969859478387222396e+02,2.168062734316048648e+02,2.346435578572008467e+02,1.949676886914836018e+02,2.209774531676515323e+02,2.037616529722732821e+02,1.819426962062674420e+02,1.751403925796670649e+02,1.938891536438680419e+02,1.986687752802650380e+02,2.648381225479565160e+02,2.249765310969842744e+02,2.539812620555489389e+02,2.855231292160072485e+02,2.663713431668885505e+02,2.259692539897298502e+02,2.370384374339207341e+02,2.856817717776240784e+02,3.621451938943550317e+02,2.375626453230550510e+02,2.809761342363343601e+02,2.542196800010060143e-14
7.838318761465374557e-96,-3.918353963049058899e-95,1.002502963875233648e-94,-5.411258503043141061e-94,1.792247708622116297e-93,-7.716822904285555774e-93,1.801505168819525981e-92,-5.300249104688910225e-92,2.014256692095286030e-91,-1.275250173796549745e-90,4.102326741524510213e-90,-2.051296584314528784e-89,5.243759152858752020e-89,-2.832158582974981387e-88,9.416212239301118233e-88,-3.036541532080856261e-87,9.445125806430608360e-87,-4.387487553909534500e-86,2.018711222727629917e-85,-4.112231027885690881e-85,3.172278916593429268e-84,-6.652778361812956571e-84,4.396472041866216141e-83,-1.484871840152268727e-82,4.926530929895451353e-82,-1.592029363693732864e-81,4.951992530234821463e-81,-3.137103893289005003e-80,7.210394139961015324e-80,-2.814894481464163949e-79,1.397529504135370438e-78,-4.550644536276790739e-78,2.301651166912321488e-77,-2.603330373529566022e-77,3.273824472259244485e-76,-8.346856005708376994e-76,3.697395594652741478e-75,-1.204306496415609418e-74,5.549029725399460085e-74,-1.832323632165804714e-73,4.475098040014928618e-73,-2.951838288234020096e-72,7.539478737554567679e-72,-4.987180466885228067e-71,9.919777687268409093e-71,-4.359196487684779057e-70,2.520334779106498490e-69,-1.650386800938382567e-69,2.912922075668171664e-68,-2.073430909787668648e-67,1.125994030981940314e-66,-3.606726781277520284e-67,-1.031829282864502400e-65,-3.564282964917621742e-65,1.040734468669267848e-63,2.334805604320506878e-62,-7.686393278814350526e-62,2.583257249971708323e-61,4.751281522747423009e-60,6.742285854113227578e-59,8.559836012584383639e-58,9.560655889134732306e-57,1.187557854929646528e-55,-4.135969181952456753e-55,-1.216717660685385061e-52,-1.468972791910641588e-51,3.991127587140672935e-51,3.730679482260489859e-51,9.323675356002797758e-50,8.918331936304964542e-50,1.004075344247690031e-48,-3.740784182286233266e-48,-4.360112405962663494e-47,1.190750191501016283e-46,-1.253067348008632586e-44,3.824153993034483228e-44,-1.353460493523979879e-43,-2.097526190665645308e-42,9.837697656732544188e-42,1.171792843853670045e-40,-4.128559038730600793e-40,-5.939462700718297309e-39,1.705687571052379922e-38,-8.484104870323437626e-38,4.232939865345748718e-36,-1.639024524670207861e-35,-2.245530741391392776e-34,-3.197396333422613349e-33,1.165791696315183892e-32,8.465699063256903814e-33,7.577970487867494227e-33,7.133809485890325844e-33,-2.787632568641502417e-32,9.179084832515226832e-32,7.726891172402033486e-32,-3.702377748561119127e-31,-4.461637763786058191e-31,1.622209949293608216e-30,1.377247322972374016e-30,-8.473089267846955403e-30,-8.230123826092283331e-30,4.696519610315680493e-29,-1.238956042042314502e-28,-1.251620489517125741e-28,-9.674576758948171795e-29,4.198860973609819512e-28,3.122275465682735988e-28,-1.280476001641030086e-27,-1.149468672549734287e-27,5.957715513815225928e-27,4.497812805815282892e-27,-2.673838094724768813e-26,-2.160732153414746276e-26,7.135364760166472170e-26,-2.860597689024507068e-25,-3.162832117131607401e-25,5.856713551878963298e-26,1.081478063504096887e-28,5.195327318946149554e-28,-8.472859549293546646e-28,3.368960040827702561e-27,-2.394592479801416028e-24,-2.935660368892562745e-23,-3.092715630861055606e-23,1.496349335413303028e-22,-4.439123216727370368e-22,-7.909445867374656364e-21,-1.470379844544102188e-19,5.950905192151225898e-19,6.840287077221052734e-19,-9.200503787181292626e-19,3.814102231732645813e-18,-3.069463551754359143e-16,-2.689702158379716588e-16,1.374197064525544599e-15,1.422847278593091556e-15,-5.861039259332410301e-15,2.162139670521758722e-14,1.567660688076825696e-14,-6.903637231282661489e-14,-5.865475139797617829e-14,2.896947570509389535e-13,-1.364733791660853935e-12,-8.381892924984578427e-13,2.209931960741425314e+02,5.386654933038324771e+02,3.964980938296864110e+02,3.759188915328605844e+02,3.950841413113700469e+02,3.658549046602310000e+02,2.626427787991942182e+02,3.796774879528493898e+02,3.057005866877109383e+02,3.058058040078382760e+02,2.747410858097236996e+02,3.319637147857494028e+02,3.474357522222398416e+02,3.987957241025470125e+02,1.254345286940886979e+02,1.051598562396352854e+01,7.871553083413013852e+00,-2.374679481236856660e+01,4.481156024284082946e+02,3.273240940136166728e+02,3.309269248766968303e+02,2.532384804100856570e+02,7.211535563664638104e+00,3.223096528958554359e+02,4.929587397521357275e+02,4.057088273606084954e+02,2.943779473551121555e+02,3.094017803516584877e+02,2.650546070629434325e+02,2.872037734655900181e+02,3.088806049167592391e+02,3.166392896355717426e+02,3.313631327222691993e+02,3.393569261757392042e+02,2.702768217095263594e+02,2.583305691454154953e+02,3.198534020129213786e+02,3.374315848788546646e+02,3.907491185859166194e+02,4.360283616065705701e+02,2.526153454126112763e+02,2.511922226958528768e+02,2.936430743773420318e+02,2.596797339077916718e+02,2.234716503467253688e+02,2.656876833153245911e+02,2.909927835217682173e+02,2.734594952482080430e+02,2.761219868028132964e+02,2.986107886851722242e+02,2.562390428151899187e+02,2.869989917992510868e+02,2.852871627386912792e+02,2.806687316563734953e+02,3.099822284324338852e+02,3.300333032392678092e+02,2.878180446065035198e+02,2.408274887747107869e+02,2.375648764907746227e+02,2.270143233693056857e+02,2.064215029709235409e+02,2.269342101366760289e+02,2.054503616828723978e+02,2.082907191640357212e+02,1.751249895193852808e+02,1.948668346399518043e+02,2.277181225267589753e+02,2.555889681415149539e+02,2.358439387809459902e+02,2.397105305282894108e+02,2.156404258785386503e+02,1.854136364446964365e+02,1.772825953774735126e+02,2.276056372541969779e+02,2.074993995474509916e+02,2.328068193831842336e+02,2.163794415969202873e+02,2.555330644721873057e+02,2.662987832826826775e+02,2.499253318493427685e+02,2.716143787788075201e+02,2.970671009821173243e+02,3.652044273640577785e+02,4.210503109638150363e+02,2.442606749764849781e+02,3.301734659861186856e+02,6.682684142504153588e-14
4.312019852734963689e-95,-1.489112595416028449e-94,4.851119004961897438e-94,-1.855232743784534564e-93,7.549872134394959876e-93,-2.444974479719016441e-92,1.072664153941275039e-91,-2.746942480926211724e-91,1.277265120302433970e-90,-4.466056881622937589e-90,2.066823062242711739e-89,-7.022743141051248676e-89,2.622159189880631520e-88,-9.255796828238269105e-88,3.958552940223191567e-87,-1.332213579742134569e-86,5.523704105258663155e-86,-1.601168036744668353e-85,8.627274817768584011e-85,-2.341688629226165423e-84,9.807096804556431940e-84,-3.991044881803753682e-83,1.210085016393654723e-82,-5.594273396699956901e-82,1.877884346359551462e-81,-6.589689819234726865e-81,2.948851547031865612e-80,-1.008210159183517469e-79,3.680006852467446642e-79,-1.497681923318285827e-78,5.276947033534509595e-78,-2.092588781942492378e-77,8.071986174050356370e-77,-2.587732434770142349e-76,9.673305276595780887e-76,-3.109651090965820025e-75,1.518492751999456932e-74,-5.838909724092505050e-74,1.752601128370751852e-73,-8.913811049021161514e-73,2.695996239500930445e-72,-9.839923224915529389e-72,4.119015441260573020e-71,-1.379444742627355805e-70,5.796229250299145963e-70,-2.137576967415498069e-69,6.947463956217462001e-69,-2.018225958263259887e-68,1.150772396610828201e-67,-3.189767114554715685e-67,1.302274785532537403e-66,-5.752644168056146173e-66,2.278476857015033835e-65,-7.588579118650126447e-65,1.044499752548438007e-64,-5.907900176223690310e-63,2.035953040552205776e-62,-6.741911489584881877e-62,-9.171519955666166605e-61,-1.399801199062830756e-59,-1.739622882108481792e-58,-1.954886206301864286e-57,-2.423652641089633757e-56,8.440362156375719886e-56,2.484077232180734348e-53,2.999062778299439794e-52,-8.148302348377114518e-52,-7.616665789419077675e-52,-1.903527449723893277e-50,-1.820788300103394356e-50,-2.049925673704260965e-49,7.637204958820610013e-49,8.901650308163044568e-48,-2.431048641475121049e-47,2.558273625334607803e-45,-7.807427430236520194e-45,2.763237213795742104e-44,4.282328266397526539e-43,-2.008473173528222904e-42,-2.392342798318412129e-41,8.428903228229045560e-41,1.212606037800452223e-39,-3.482347059239250693e-39,1.732122467650454144e-38,-8.642008040051959541e-37,3.346247187693756605e-36,4.584495726310275969e-35,6.527833066588823799e-34,-2.380090795879668255e-33,-1.728364722895501327e-33,-1.547125259618475704e-33,-1.456444951163504660e-33,5.691255686421829773e-33,-1.874010202677376375e-32,-1.577529038002038884e-32,7.558807650844609003e-32,9.108919757952586317e-32,-3.311918411098944238e-31,-2.811800460299046016e-31,1.729873497420262923e-30,1.680269534947816275e-30,-9.588456799695488440e-30,2.529463868485186234e-29,2.555319307487097541e-29,1.975171430730134971e-29,-8.572436327966121713e-29,-6.374451019552213027e-29,2.614225070225417482e-28,2.346787708881124096e-28,-1.216340116306455356e-27,-9.182467195013387481e-28,5.458796371856792170e-27,4.411743139363606974e-27,-1.456932949380293155e-26,5.840890623960317555e-26,6.454832117261083604e-26,-1.186958720783065064e-26,-3.459986614583190891e-28,1.076400594069754500e-27,-3.675595300013668901e-27,1.862437586478826954e-26,4.302513468731544686e-25,6.227512166904500317e-24,5.547319170914142099e-24,-2.683976123771563739e-23,7.860490207418633695e-23,1.659756038362048183e-21,2.983078408581055507e-20,-1.209274143311167510e-19,-1.418869866536741156e-19,1.961667929542540476e-19,-8.140353164881050455e-19,6.277786572294560723e-17,5.444326041616422544e-17,-2.789647753281422529e-16,-2.961820508610716926e-16,1.216803468136330644e-15,-4.495655312620156752e-15,-2.862212430100063038e-15,1.303791147451727729e-14,1.666970653734470275e-14,-7.408171880514707574e-14,3.578338915909626526e-13,2.480036521464341191e-13,5.610557828721157421e+02,6.175986923755320959e+02,4.256299398379564991e+02,3.925632482820261089e+02,3.498222086705002312e+02,3.088523843876405977e+02,2.421807695204975630e+02,3.494268767000228308e+02,2.865263950075207617e+02,3.031152309683903923e+02,2.969381103286089569e+02,2.764821764763804026e+02,3.182131031574149915e+02,3.318252672337169997e+02,4.654457279969921615e+02,-2.144967248014703287e+01,-1.605576750851756174e+01,5.037640701766364515e+01,3.134718129019449293e+02,2.916314326633951737e+02,3.108279303753128033e+02,2.132628083345301917e+01,-1.470948672657333667e+01,-4.866448789999076752e+01,3.456426807903867484e+02,2.562137666144584500e+02,3.005325592113007929e+02,3.187023605629154872e+02,2.886376844156105790e+02,2.961508483382560257e+02,2.678692979978896460e+02,2.656166845030504078e+02,3.348295270072247831e+02,2.762255787332203454e+02,2.590479895386106364e+02,2.491778841435357492e+02,2.158952713272970811e+02,2.897031365528634979e+02,4.564425579711499381e+02,4.415171414639465297e+02,-4.376669533570243686e+01,2.692203394417384743e+02,3.048275424286077850e+02,2.880357497384468388e+02,2.441032364275036173e+02,3.158338515183815502e+02,3.191328956104341046e+02,2.993794895838881871e+02,2.722468968442699406e+02,2.822201237314203581e+02,2.753746254478024298e+02,2.918427940407297569e+02,2.939515355874340230e+02,2.911748017233703081e+02,3.395059751581615046e+02,4.128976490943523459e+02,3.131109208352368682e+02,2.457782501131536605e+02,2.572690782881214204e+02,2.427878006546781933e+02,2.191776138128649905e+02,2.677910243317596155e+02,2.537508566754332548e+02,2.224304999228635040e+02,1.933111228791223084e+02,2.287445806666904389e+02,2.107073683138514184e+02,2.351276544668226620e+02,2.633098824626909504e+02,2.645663408239677210e+02,2.286425109008998788e+02,1.933715553322049061e+02,1.864544009884849629e+02,2.608251254239733612e+02,2.221738761927342978e+02,2.150668022289656847e+02,2.582667614208176587e+02,2.626598346668692443e+02,2.678748363135614454e+02,2.718258096277053255e+02,2.796293065112620866e+02,3.487287755887982712e+02,3.969732909370681000e+02,3.825957394694347045e+02,2.521810029258757879e+02,3.220661155997600531e+02,3.957028635937560178e-14
-2.380504333834270693e-95,4.618338480262424954e-95,-1.591727100783784322e-94,6.621366465427235807e-94,-2.811477095452469682e-93,1.184218256527067800e-92,-3.155352036182849909e-92,1.550610210716491976e-91,-5.479411358916185094e-91,1.703995510672269182e-90,-6.893195918295122710e-90,2.396653129874022973e-89,-8.246836545378197438e-89,4.139067770138370001e-88,-1.466138467592525955e-87,4.197857467296437688e-87,-1.830215225564732156e-86,7.325234637756379846e-86,-2.209185722918480840e-85,7.646777826068180686e-85,-4.643460716544045770e-84,1.063473214778097196e-83,-5.147232381689175048e-83,1.819991938903295391e-82,-6.410063043770969478e-82,2.711475741638062261e-81,-8.541169855494784202e-81,3.814099897422401044e-80,-1.168766019931127938e-79,5.316248577365029692e-79,-1.607963285670659789e-78,7.734572786091283316e-78,-2.293749166838966109e-77,1.132302457992492161e-76,-3.339054904101786390e-76,1.421564670918073858e-75,-4.547029421279765323e-75,1.985828448940809092e-74,-6.072280053975606570e-74,2.809299940731698308e-73,-7.192061489893174621e-73,3.984327102402356333e-72,-1.428952954284459106e-71,4.125272626142306334e-71,-1.750593248270386206e-70,7.498216593216226800e-70,-2.347677175369284192e-69,1.157039259157850458e-68,-2.748880209238692758e-68,1.669904105498087534e-67,-4.512456530656563754e-67,2.107440161604035256e-66,-6.082176557052231479e-66,3.127173812996127529e-65,-8.525112677104443761e-65,6.993528179799910325e-64,-2.816609506771029369e-63,9.446602999033320114e-63,6.140215883449886870e-62,1.247089192806987025e-60,1.473776504341809015e-59,1.690800497455256412e-58,2.083028770023066098e-57,-7.251878019836261159e-57,-2.137616179369650520e-54,-2.580704949256614033e-53,7.011643069605640720e-53,6.554372662740014746e-53,1.637993695979536819e-51,1.566828965380123139e-51,1.763967952327514871e-50,-6.571849347470506447e-50,-7.659966563953863883e-49,2.091945488711578797e-48,-2.201418138362445235e-46,6.718363666997582698e-46,-2.377791304146456050e-45,-3.684982668892756218e-44,1.728309560453280146e-43,2.058632952412775613e-42,-7.253148654601849772e-42,-1.043458623581553900e-40,2.996591601476517409e-40,-1.490507280167384274e-39,7.436527242512053977e-38,-2.879476419878480828e-37,-3.945000653828825848e-36,-5.617260272890761734e-35,2.048089976750619900e-34,1.487273708852296501e-34,1.331315486744737954e-34,1.253284250266978932e-34,-4.897377761601334359e-34,1.612602982629963669e-33,1.357478211452368184e-33,-6.504423340610456898e-33,-7.838309138766878187e-33,2.849936221043000438e-32,2.419579995916116458e-32,-1.488571984333889204e-31,-1.445887504759920899e-31,8.250955930777859077e-31,-2.176627025387120152e-30,-2.198874732311004960e-30,-1.699656007096472535e-30,7.376670896539708884e-30,5.485233576308484342e-30,-2.249544881779880407e-29,-2.019471843549702722e-29,1.046688599539630183e-28,7.900899195895258623e-29,-4.696964099920723293e-28,-3.797447474449165557e-28,1.254003656777531899e-27,-5.027205267836259171e-27,-5.549293196151935004e-27,1.002740179538515476e-27,1.125445364183875271e-28,-4.001690027200424707e-28,1.805252787988651279e-27,-4.760338235169258238e-27,-1.785297987564642941e-26,-5.985466559625259309e-25,-3.058179426515442033e-25,1.637642676596300599e-24,-4.147692264948433762e-24,-1.520557102488237896e-22,-2.529279949359323056e-21,1.026741749644895121e-20,1.284479339839358392e-20,-1.911897781370412594e-20,7.820293589892949727e-20,-5.430808362811320917e-18,-4.572597061135972661e-18,2.355263565498432134e-17,2.741094545182101779e-17,-1.091031409953261563e-16,4.136635025827140983e-16,1.614948654125668321e-16,-7.944440423485932454e-16,-2.571344750818899566e-15,1.230105354963528744e-14,-3.995778903743505484e-14,6.278020138235422301e-14,-1.914358354867188794e+01,5.938563497718384951e+02,4.544401823825749034e+02,3.648011554922462665e+02,3.127813219363648614e+02,3.013912436812435089e+02,2.446893819383630273e+02,3.047669742391663021e+02,2.775240887055948065e+02,2.748060418209348086e+02,2.859358829694353972e+02,2.644899337640776480e+02,3.382687580161309597e+02,3.153000173354330400e+02,3.514944217195688907e+02,1.761809769671581805e+01,1.318941032826953652e+01,3.790467062699618168e+02,2.881839736061621693e+02,3.065459047221967239e+02,2.992080926579689049e+02,4.126753432844959661e+02,1.208547447652476059e+01,1.417503747249674539e+01,2.749772985995377894e+02,2.523458320463803375e+02,3.269998535274483515e+02,2.742692812048446740e+02,2.782851016009289538e+02,3.656556707144701477e+02,2.359798419857439171e+02,3.092039008703333138e+02,3.234267218391179881e+02,2.678217143596080518e+02,2.868874680138101212e+02,3.098876809723154793e+02,2.515349139668830674e+02,3.460998917360180371e+02,4.889568774921424961e+02,-1.369663374679006651e+01,1.570008728079847060e+01,2.632974402146110151e+02,2.930657823214803557e+02,2.295394557538349432e+02,2.388718691146507922e+02,3.192686118374415400e+02,3.051095519134624396e+02,3.168399051447460693e+02,2.771570348014856791e+02,2.817066680351060768e+02,2.892035193394541466e+02,2.476143453697702057e+02,2.879186584594150418e+02,2.835804151556530996e+02,3.804189888204403474e+02,3.626246613345899164e+02,2.899018711600467100e+02,2.555695074956340704e+02,2.777164389058049210e+02,2.705977092159276367e+02,2.506656044738076901e+02,2.275724382048952350e+02,2.365808140997661440e+02,2.445205813957878149e+02,2.131353866141989215e+02,2.474545583676319040e+02,2.364564493353426826e+02,2.642475406549342551e+02,2.621958401829785430e+02,2.767605979202272124e+02,2.752065764846367983e+02,2.221923774343624416e+02,2.222809850069337188e+02,2.574735903898360334e+02,2.776225420342207144e+02,2.651445192625164395e+02,2.779465221907161663e+02,2.536125047430227823e+02,2.832823423329727461e+02,2.649516489000843080e+02,2.776850309107755379e+02,3.363145266753811029e+02,3.024002822876555570e+02,2.647192345607584230e+02,2.687598166968477926e+02,2.749005009188670670e+02,2.533112401891529158e-14
-1.638485288501638429e-95,4.861878538850839840e-95,-1.757494504916711301e-94,7.260086648049666367e-94,-2.758247937398225593e-93,9.497989410697124927e-93,-3.715132434027219301e-92,1.299986384347025163e-91,-4.996223574537547246e-91,1.826303269412914017e-90,-7.603318408308782454e-90,2.475174109405836562e-89,-9.901274083913615357e-89,3.649174007575992111e-88,-1.430365989398488520e-87,5.105200971413111044e-87,-1.822069204089527280e-86,6.815458557030285182e-86,-2.659595471697853365e-85,9.896513090586806335e-85,-3.567978278695008201e-84,1.413482603147699434e-83,-4.779159602281076691e-83,2.160243067999863996e-82,-6.675412168415088545e-82,2.841236891294044442e-81,-9.816144489017742362e-81,3.678572911907547565e-80,-1.394352115759302499e-79,5.104129192414150681e-79,-1.904324904978376247e-78,6.803271399907050491e-78,-2.613526901339909922e-77,1.013811882628698095e-76,-3.715629562850257982e-76,1.385950157946620358e-75,-5.146329169836172053e-75,1.900937081318599056e-74,-7.089115408290779020e-74,2.720168951500467782e-73,-9.718538139401436773e-73,4.061991908931571569e-72,-1.341899213569863499e-71,5.032145156189629824e-71,-1.993279079460266158e-70,7.718932976889836320e-70,-2.480739724262706178e-69,1.069053104276238154e-68,-3.600710392158061173e-68,1.426109000202786168e-67,-5.095152673346027348e-67,1.907041438539030679e-66,-7.406113963499794611e-66,2.667883669326767400e-65,-9.144571577011354273e-65,6.373242009024550709e-64,-2.345091220858808777e-63,8.339479053337994526e-63,3.520926446643574513e-62,8.477821118437328017e-61,9.565725971533099277e-60,1.108360272470340057e-58,1.360396598452751033e-57,-4.736351755057661864e-57,-1.397752731207695894e-54,-1.687457905553527117e-53,4.584725874419141069e-53,4.285898271382783042e-53,1.071044115486278092e-51,1.024529205094288591e-51,1.153413597088028646e-50,-4.297163899807815332e-50,-5.008686847125532313e-49,1.367878034119240401e-48,-1.439457529476217005e-46,4.392986083875534795e-46,-1.554783953553943039e-45,-2.409526586568314544e-44,1.130102421352084774e-43,1.346093427837345632e-42,-4.742669510398844114e-42,-6.822939391350343661e-41,1.959403315167266817e-40,-9.746089207998593877e-40,4.862576586385361168e-38,-1.882824356483892832e-37,-2.579546499220466948e-36,-3.672999155928383069e-35,1.339199608065123787e-34,9.724945635573223436e-35,8.705170172810061339e-35,8.194941612544089024e-35,-3.202284302902448462e-34,1.054444535445345503e-33,8.876242276080468412e-34,-4.253094969598480486e-33,-5.125292705949049640e-33,1.863508705487470851e-32,1.582108451199716102e-32,-9.733434554303996652e-32,-9.454331459637099627e-32,5.395113192754910079e-31,-1.423247220256138142e-30,-1.437794079197047714e-30,-1.111368126251251937e-30,4.823444380473846847e-30,3.586653712233844251e-30,-1.470918530950762910e-29,-1.320518823467838187e-29,6.844189316027835850e-29,5.165769019027357949e-29,-3.071150244816236773e-28,-2.483599436490785229e-28,8.202236339018831365e-28,-3.288194858728059968e-27,-3.625188191189049218e-27,6.431298042154289109e-28,1.132342438222609161e-28,-3.983193088364876334e-28,1.502131096869877903e-27,-6.051967185566793191e-27,-7.510790468188373441e-27,-4.231355137506604188e-25,-7.790079537801139856e-26,5.941826146140465544e-25,-6.606243093110547452e-25,-1.053559180385521791e-22,-1.631391574199370785e-21,6.626993106926408754e-21,8.754928491674733093e-21,-1.333727778961051671e-20,5.535414807485676116e-20,-3.568894290978067327e-18,-2.936005814324813201e-18,1.521932040760572071e-17,1.865421953821378986e-17,-7.529433692199903343e-17,2.791892064693894177e-16,6.399004611066154789e-17,-3.712180224322273881e-16,-2.357345687059237305e-15,9.314878197395669535e-15,-3.681730182000184060e-14,6.259784904690257266e-14,-1.251755532058387921e+01,6.407797908999884839e+02,4.980584500845110369e+02,3.714142724976449585e+02,3.406316816265081684e+02,3.003698972684151158e+02,2.694208606126241534e+02,2.737792961039727402e+02,2.961329541407570218e+02,3.102018422268837980e+02,3.005117516440141685e+02,3.192940555810445176e+02,3.432742660795631195e+02,2.778508034652663241e+02,3.167801825648604677e+02,5.056107332883543108e+02,3.942049142384631750e+02,3.966983895094300010e+02,3.327387719931433026e+02,3.223745667160278003e+02,3.534421130215816902e+02,4.690581467244669511e+02,3.796954638665748689e+02,3.459039544876230821e+02,2.676138712457740780e+02,2.920931497386562228e+02,3.524835564637318726e+02,2.615774539611240925e+02,2.478827826414066067e+02,3.976901134137740428e+02,2.384909320952001508e+02,3.478550517349771667e+02,2.807373060952301671e+02,2.707423296480099566e+02,3.279191476249050652e+02,4.022020724914357288e+02,4.641667345161737899e+02,4.717077156674556022e+02,9.428138189844701174e+02,-8.955918320899510121e+00,3.566441897967528689e+02,2.658931789354228385e+02,2.840280729570661720e+02,2.048288067972844999e+02,2.462700348114496762e+02,2.643976346317967341e+02,2.890215997767501790e+02,2.735789045389485636e+02,2.804689145291131922e+02,2.659106812564434108e+02,2.630078500696961896e+02,2.568846282773553753e+02,2.613257753427914736e+02,2.506552651987556715e+02,3.078445942941828548e+02,2.747358128076924118e+02,2.642255937947699067e+02,2.580853757886332573e+02,2.845168242089154660e+02,2.685184169859320491e+02,3.061908760573348331e+02,2.253196977538410692e+02,2.152801862466414207e+02,2.376676118804075202e+02,2.553633339149070025e+02,2.662201715526038015e+02,2.761883602986644064e+02,3.021511722530004249e+02,2.543897017942190928e+02,2.810606926975012243e+02,2.812442103632848784e+02,2.453494956015039463e+02,2.553103781086961135e+02,2.523758849839009315e+02,2.862005007723652170e+02,2.666217752635059810e+02,3.086458541662641437e+02,2.479427312627784090e+02,3.125852386887052603e+02,2.988011936377292272e+02,3.016913682454103309e+02,2.916938080466273391e+02,2.515541207361677607e+02,2.687133816881593589e+02,2.889398671408388282e+02,2.993983626863919767e+02,2.370693358783917961e-14
-9.168578173969134012e-96,3.922128319474209759e-95,-1.473069079239636956e-94,5.619446232055778107e-94,-1.988111352385734761e-93,7.090873499637060645e-93,-3.042035101661656547e-92,9.343684412578796892e-92,-4.102038358780424283e-91,1.433280428610907349e-90,-4.901042658891563048e-90,2.056407327128798850e-89,-7.723252308962794953e-89,2.455341786025011245e-88,-9.873769615373783826e-88,3.937646516495184106e-87,-1.500670014032212494e-86,4.848595008574019812e-86,-1.989819106401423535e-85,7.554847512083729826e-85,-2.843064741027209008e-84,1.065296797720140978e-83,-4.075006033327077543e-83,1.462345487183884076e-82,-5.176782129545225279e-82,2.196269343823613338e-81,-6.846673267646754961e-81,2.963791348406378443e-80,-1.127592004629314407e-79,3.602541402969249062e-79,-1.482173450695934048e-78,5.619042212614316958e-78,-1.907109849491608683e-77,7.181234290327350936e-77,-2.908482155753008869e-76,1.151493938748897825e-75,-3.866046774555378861e-75,1.443359951924393985e-74,-5.469742348370945064e-74,2.054615239906459438e-73,-7.859409752547598124e-73,2.645363539639589870e-72,-9.998912225113184404e-72,4.019787194614732426e-71,-1.513585555019027781e-70,6.082508256858906640e-70,-2.153733280253232823e-69,7.676150008949865755e-69,-2.867764626264980083e-68,1.083022301126850793e-67,-4.445211530001892660e-67,1.405501443651593244e-66,-5.242395729243213320e-66,2.092721473369888819e-65,-7.935667268171732056e-65,1.005050229908470860e-64,-4.217734076280389733e-64,2.049497535127098136e-63,-5.575257276833175145e-62,-5.184210845531327497e-61,-7.468531037349211834e-60,-8.044427936707638185e-59,-1.012043860648326701e-57,3.524097543292368793e-57,1.033565760086309225e-54,1.247920089434973327e-53,-3.390558805431489410e-53,-3.169049200820767988e-53,-7.920619965360122106e-52,-7.575870722074432967e-52,-8.529808384740511231e-51,3.177868028784685645e-50,3.703934478510691457e-49,-1.011546742107914943e-48,1.064490875959648053e-46,-3.248649822349754458e-46,1.149775631528864682e-45,1.781866006081336408e-44,-8.357206212134002137e-44,-9.954477269420124370e-43,3.507245099333805171e-42,5.045622857034026309e-41,-1.448995750487886680e-40,7.207317500772289574e-40,-3.595917532596387636e-38,1.392364931279224629e-37,1.907596993269686557e-36,2.716214710441660436e-35,-9.903497172833617486e-35,-7.191681583705422931e-35,-6.437548797871371546e-35,-6.060230326765135989e-35,2.368116988620422721e-34,-7.797708696694843618e-34,-6.564058199134691757e-34,3.145200635268399587e-33,3.790198214487612203e-33,-1.378080783230877111e-32,-1.169983144247005427e-32,7.197960061196183806e-32,6.991556858797591229e-32,-3.989731815401832615e-31,1.052503197765184733e-30,1.063262793754927210e-30,8.218601884416740953e-31,-3.566954820212564057e-30,-2.652438275541911677e-30,1.087793138524390261e-29,9.764254341711566184e-30,-5.060904680211723428e-29,-3.821775721893104218e-29,2.271764528982146221e-28,1.834453298479050298e-28,-6.057248088724699665e-28,2.428647248542866364e-27,2.693730633459660418e-27,-5.210283572400128140e-28,8.280545505813415237e-29,-3.375469781327701425e-28,1.173113579299035350e-27,-4.462192422173428818e-27,3.550103275158891157e-26,1.868629091916649143e-25,4.863939467420188578e-25,-2.208371291452693691e-24,6.962533045322771781e-24,5.527330512404022519e-23,1.291423332930143468e-21,-5.224430455659679819e-21,-5.257923543022881754e-21,5.217612928077500199e-21,-2.405638786222836611e-20,2.579140751300741647e-18,2.412405256322529589e-18,-1.214892892131214297e-17,-1.055265044406150458e-17,4.394102544633025787e-17,-1.627448913988550105e-16,-2.237584795722400645e-16,9.053399842363534930e-16,-7.547502417225081020e-16,1.820492715213599108e-15,-4.591269219941770527e-15,7.173915374121061425e-14,9.256840651387362229e+00,5.702919878411192940e+02,4.448871970659664612e+02,4.339373841914842842e+02,3.394262307485282122e+02,3.092329580055928204e+02,2.779363346335300093e+02,2.975446508060264250e+02,3.792114169894242082e+02,3.321563577401469161e+02,2.939210733639525301e+02,3.250807420923479754e+02,3.239862207270838326e+02,2.712288420937178444e+02,3.187596092155398537e+02,3.425133675597033402e+02,3.370568642362816263e+02,3.494663687839060344e+02,3.529302903210845557e+02,2.955953199919965186e+02,4.050890089521174673e+02,3.809017174905446268e+02,4.048738308246619226e+02,3.397502860592165348e+02,3.056847645252303778e+02,2.867185847907240372e+02,3.659837316806433591e+02,2.618773199797342386e+02,2.671684772145593456e+02,3.637698201122207706e+02,2.652737767186551423e+02,2.857512129759126651e+02,2.767553205246010180e+02,2.949611468271036188e+02,3.400423737101617121e+02,4.319621658019566439e+02,9.249802423613181190e+01,8.804641729615242696e+01,1.908127977590397961e+02,6.622979220797314603e+00,9.226838327190067446e+01,2.674705931104100500e+02,2.769688253636506943e+02,2.598838580129090019e+02,2.534103831724827955e+02,2.562874054629808143e+02,3.032288943488742348e+02,2.571143311622260512e+02,2.833589525764999166e+02,2.707601737849437313e+02,2.587935233101097765e+02,2.913554298593367093e+02,3.166834689057952801e+02,2.656831268171181932e+02,3.050691764125083978e+02,2.911436893370516827e+02,2.728380855518111616e+02,2.823560553301869049e+02,3.280098452541262759e+02,2.668041331024048191e+02,2.752533853662225170e+02,2.314886621897993848e+02,2.469435793825671510e+02,2.405871174893862872e+02,2.834969608302142206e+02,2.428313143401263687e+02,2.456985936928751926e+02,2.894674299352548701e+02,2.664515760468206054e+02,3.075499860301666786e+02,2.936070829005971632e+02,2.730516809918118497e+02,2.951284787601855442e+02,2.709892161205196999e+02,3.157281525196299299e+02,2.908318959317745112e+02,2.793480963619663271e+02,2.817324704064822072e+02,3.300563170694713335e+02,2.931106224824214905e+02,3.150051858287255868e+02,2.882292718741038584e+02,2.928191878326562687e+02,2.928441177325780131e+02,2.857834850387312144e+02,3.059328116712675865e+02,2.043087496173553315e-14
1.443548331880053303e-97,4.053539760169581627e-96,-2.118649261464266396e-95,-1.516489266392169317e-95,-1.878184947599411870e-94,2.626904959388059078e-94,-2.065197976880239161e-93,7.893231861237044801e-93,-1.479602969108317602e-92,1.072612640587118321e-91,-1.155805471609044303e-91,2.186382900897143806e-90,-7.057507055824492539e-90,7.757272164166795375e-90,-3.563067858092479214e-89,1.377108982387110109e-88,-1.082704118962336490e-87,4.138123730799300243e-87,-1.554833629967962855e-86,5.723834831529367406e-86,-5.656541165739105445e-86,1.167434165462359107e-85,-3.828708216283665435e-84,2.028130256818810419e-83,-3.515087429269926454e-83,2.039700054314644239e-82,-5.758563553723309825e-82,2.169462199274624524e-81,-8.283186468875441497e-81,4.529408400530613772e-80,-1.013379810126719199e-79,6.118652835479623833e-80,-1.973533695351331775e-78,6.449811882898686980e-78,-2.652451650971042937e-77,7.454938929269980848e-77,-1.637209337224082122e-76,1.137367217400524688e-75,-2.200797291440796295e-75,1.545564598505784930e-74,-5.202195832030749503e-74,3.206854151985620064e-74,-4.863665801034423410e-73,5.645328024269764836e-72,-5.133234117376366118e-72,3.908325098397582576e-71,-1.537466795594469438e-70,8.951161547824535361e-70,-1.081297058154248923e-69,8.102802482509125350e-69,-2.843209556665770787e-68,1.628574715623065211e-67,3.248848375922436336e-68,5.487147388380047194e-67,-7.290413834799573466e-66,1.166324025561727907e-64,-3.892093842649130618e-64,1.091243019846807055e-63,1.551863788692255262e-62,2.562983388869327793e-61,3.177428101722255824e-60,3.554684486731085776e-59,4.407377928193049501e-58,-1.534891332060870515e-57,-4.518323027493996435e-55,-5.455013197079605352e-54,1.482107986694910375e-53,1.385423130471856875e-53,3.462343632117422292e-52,3.311850463960851556e-52,3.728635910984377433e-51,-1.389135220284206572e-50,-1.619129315907998998e-49,4.421862151528376113e-49,-4.653270220482356701e-47,1.420100992642436408e-46,-5.026080666541237686e-46,-7.789170925471755447e-45,3.653232537148429040e-44,4.351456949783319117e-43,-1.533141881952138462e-42,-2.205621606542847812e-41,6.334076911041399507e-41,-3.150575389794950886e-40,1.571903739388826975e-38,-6.086523459666816616e-38,-8.338786474301716649e-37,-1.187354276941406947e-35,4.329171651869951706e-35,3.143740388147364127e-35,2.814082062639321027e-35,2.649142716995780194e-35,-1.035188355809286267e-34,3.408656450715803669e-34,2.869383814868723115e-34,-1.374879305535577840e-33,-1.656830786453961295e-33,6.024082518619013709e-33,5.114412868172895421e-33,-3.146484710195777240e-32,-3.056259637333455527e-32,1.744054270118665021e-31,-4.600867864601685668e-31,-4.647896261550738915e-31,-3.592662921740604301e-31,1.559248975881310116e-30,1.159455158661808979e-30,-4.755038122267477349e-30,-4.268618214612713343e-30,2.212425537463899105e-29,1.670196488873291298e-29,-9.929318469613648192e-29,-8.023837904253001901e-29,2.650162658661592514e-28,-1.062429627143880982e-27,-1.173843335433514672e-27,2.164218067617431993e-28,1.309747793059538122e-29,8.554515850205414105e-31,1.402668206419985382e-28,-1.075388527457120178e-28,-8.072037005001876994e-27,-1.209146968915191032e-25,-1.119686489764576376e-25,4.457017480339046705e-25,-1.560574521270989174e-24,-3.074636904446740016e-23,-5.447076883416145357e-22,2.206539818599207183e-21,2.603056203012084746e-21,-3.712510975289097193e-21,1.514377420330499679e-20,-1.141402248013357048e-18,-9.885346871519631703e-19,5.027037207012018189e-18,5.243171004505704879e-18,-2.164258374435871599e-17,8.114759298811124664e-17,4.598912847921726271e-17,-2.433387482923337713e-16,-2.550650246225732269e-16,1.625288691523790810e-15,-5.314543234873045442e-15,3.050927727355221219e-15,-4.046495034592309636e+00,1.473236386458322613e+02,5.940967728994368144e+02,4.507795934631371892e+02,3.577545748736046676e+02,3.505623770582670886e+02,3.126377710010053761e+02,3.325120253367294367e+02,4.208895317935989056e+02,3.615515308653003785e+02,2.999197349855428456e+02,3.230894543236347545e+02,2.807006678739381300e+02,2.910333244546588389e+02,3.047988875826728190e+02,2.613334906363561458e+02,2.702942950026848052e+02,2.852364647490310290e+02,3.106881680590848305e+02,2.700720533134950756e+02,3.884561753097788142e+02,3.192334890745298139e+02,3.361738371789602979e+02,2.935949819474479341e+02,2.939510949838460760e+02,2.743517545556624668e+02,3.434472804630391920e+02,2.390029093054222358e+02,3.084530027236201022e+02,3.376811489106651720e+02,2.856477705111661294e+02,2.704821398737649361e+02,2.876988942309610024e+02,2.827725453811967213e+02,3.307785093699574190e+02,1.160164408825070552e+02,-3.838784534300225459e+01,-3.643682594558480758e+01,-7.924074649042982799e+01,-2.895140311953822376e+00,-8.127287567780156508e+01,2.554311747010156068e+02,2.316287750423481953e+02,3.181985716840609939e+02,2.499225573945455210e+02,2.310795081145853374e+02,3.164122069666784682e+02,2.879958889853371033e+02,2.756566361072407290e+02,2.712638126104280900e+02,2.513309961535605908e+02,2.485797292999031072e+02,3.323371132586678982e+02,2.985067436388394526e+02,3.350719028422419115e+02,3.247777226036688489e+02,2.755382313517196735e+02,2.748405388693860232e+02,3.043224664757593132e+02,2.810059973012894261e+02,2.323719144757672268e+02,3.423776640778609135e+02,2.577510836065831654e+02,2.554890290288217045e+02,2.990488822923128396e+02,2.699588606451530381e+02,2.422794131404650955e+02,3.159278263300522553e+02,3.303758786285057454e+02,2.969033824682111344e+02,2.845833655031516400e+02,3.479825365217930084e+02,3.362164049549425044e+02,2.776200469641096902e+02,2.892682526122626996e+02,2.902277920956739194e+02,2.528214796988816033e+02,2.916747970315644238e+02,3.280512385629280061e+02,2.479422629353050809e+02,2.779893366182707837e+02,3.248428771173750533e+02,3.117661177430526891e+02,3.090374118957061000e+02,3.034342254677314941e+02,3.269691198060473312e+02,2.144866694830708050e-14
1.407157437259333116e-96,-7.622808847612615524e-96,2.671032173897609905e-95,-1.284789553251180269e-94,4.207256953248667356e-94,-1.182932807229523032e-93,5.556331443941349880e-93,-1.779518224892136986e-92,8.390915272262998274e-92,-2.930922147601537239e-91,9.965340547583326193e-91,-3.996506520243241023e-90,1.599815732416252460e-89,-5.950521342987708558e-89,2.210715595364443692e-88,-8.067401062309312533e-88,3.164452584316397072e-87,-1.033514216895072064e-86,2.790629256208363751e-86,-1.694989363236165737e-85,5.878185839437740378e-85,-2.095312518065883751e-84,8.387612452260308605e-84,-3.126210388137030050e-83,7.446691695705014386e-83,-4.229626257269216423e-82,1.395523853844564423e-81,-5.426805784303673846e-81,2.517305267086373771e-80,-5.526270535987732597e-80,3.751280781721370638e-79,-9.657113783859724668e-79,4.937269652565949867e-78,-1.423124615999088647e-77,5.631423302329940083e-77,-1.704761757643648343e-76,9.389214604236802322e-76,-2.568840579102678827e-75,1.321516005829382801e-74,-3.339513587603034837e-74,1.613008223969752330e-73,-5.759507818711184260e-73,2.584121420320808337e-72,-6.329281498450430310e-72,2.956013762900261604e-71,-1.164037348105717232e-70,5.284864009608397311e-70,-1.491697295488951267e-69,5.760345368235740809e-69,-1.982684123270722840e-68,7.993127331316600911e-68,-3.205089776033663931e-67,1.060401370874819168e-66,-4.213196490262544449e-66,1.193712844730462016e-65,-9.923368415921593442e-65,3.159507356945127748e-64,-1.088307980160701680e-63,-2.487360802356907973e-63,-9.604495322531314821e-62,-1.063908989625767597e-60,-1.255755135153337801e-59,-1.532412504578684028e-58,5.331284000805056847e-58,1.575018198369706160e-55,1.901413938694312455e-54,-5.166026681851954920e-54,-4.829487933774792153e-54,-1.206843738001196778e-52,-1.154451114899906145e-52,-1.299658254496132596e-51,4.842002291385932650e-51,5.643781359214567008e-50,-1.541324729682997542e-49,1.621976298625060698e-47,-4.950003034123643522e-47,1.751925845354131847e-46,2.715046802813421524e-45,-1.273395799689056631e-44,-1.516773796336690885e-43,5.344024931924807071e-43,7.688066351528467083e-42,-2.207849407741402220e-41,1.098186224631821748e-40,-5.479135803345283050e-39,2.121560485426523077e-38,2.906624776216743620e-37,4.138723745488190362e-36,-1.509005851224822258e-35,-1.095803775568905208e-35,-9.808958011023883370e-36,-9.234034100811001070e-36,3.608323750481034560e-35,-1.188144744132229203e-34,-1.000172146840778816e-34,4.792373859101875405e-34,5.775163546202601023e-34,-2.099795685251857491e-33,-1.782714735554551412e-33,1.096760282131572065e-32,1.065311124488931818e-32,-6.079196652198357604e-32,1.603710488114633073e-31,1.620101361145622892e-31,1.252286844714936429e-31,-5.435043206224607645e-31,-4.041414613694543231e-31,1.657420097724151307e-30,1.487991547383642863e-30,-7.712237764156235570e-30,-5.820101150247613141e-30,3.460563879256853151e-29,2.799288152581125820e-29,-9.244499176361075286e-29,3.705214306681546057e-28,4.082067832707105053e-28,-7.202216365958791819e-29,-1.942280742001663800e-29,5.019982274118823876e-29,-2.667706765349108450e-28,1.122787459924375886e-27,3.596915570767066766e-28,4.814958074299632102e-26,-1.331229830489141282e-26,-2.592470920396262201e-26,-4.172030078420917614e-26,1.260071704902795199e-23,1.804561703367788731e-22,-7.428555320607952036e-22,-1.005508710376430007e-21,1.630082647143678881e-21,-6.418930287718743638e-21,4.041591182096115309e-19,3.237605081003031675e-19,-1.677588575566038694e-18,-2.121666872548383469e-18,9.008585488349487507e-18,-3.239648610526436587e-17,-1.875164891266393191e-19,3.812710579162620798e-17,3.506946912472716047e-16,-1.295839620102152004e-15,4.742024487541548585e-15,-9.427814999854853873e-15,1.410474145019691594e+00,-4.408631263370677544e+01,2.833182266193305168e+02,5.943583284479431086e+02,3.686027275868165702e+02,3.839968798161474410e+02,3.766852035035223594e+02,3.540337325521537650e+02,3.439934240268290750e+02,3.646312418241599858e+02,2.887448870102098226e+02,3.339014836050239978e+02,3.022681782410790561e+02,3.056312470585669416e+02,2.837713949617507296e+02,3.190785799012924713e+02,3.139048383670719318e+02,2.700101284386879001e+02,2.876874104663152139e+02,2.757668370907751978e+02,3.597960311367097574e+02,3.297805727802916635e+02,3.086282822210544055e+02,3.189947878404057633e+02,2.785046121548908218e+02,2.739646761735783116e+02,2.781826649803943496e+02,2.786250655041271216e+02,3.207746722947377975e+02,3.268551673634522103e+02,3.180523706211328658e+02,2.956464665466434667e+02,2.849097154118699677e+02,2.626164236698926402e+02,3.360537761836874324e+02,-1.788970059224834586e+01,1.338073144201271347e+01,1.270067069982367691e+01,2.762069969228780764e+01,1.009150022749638609e+00,2.303327873919102728e+02,2.808298822119541001e+02,2.199086973285972988e+02,3.034969937429938796e+02,2.341316818203515595e+02,2.030459419451584893e+02,3.295782332717882923e+02,3.035593999376984016e+02,2.949316425870616740e+02,2.891261269532728875e+02,2.693186758312168081e+02,2.340463887461950776e+02,2.766047092185233396e+02,2.869351397527818790e+02,2.796692151306330061e+02,2.631077666257110081e+02,2.677012165773767833e+02,2.770814459517425803e+02,2.602318121363973660e+02,2.669445105441340615e+02,2.218496922735683370e+02,4.313789256390279547e+02,2.631137276334690682e+02,2.635922754646231851e+02,2.768531408706050456e+02,2.873307441996313401e+02,2.717182668252734743e+02,3.413937740974638473e+02,4.030454897199066409e+02,3.014014665171645788e+02,2.748078001464191971e+02,3.622566384145756047e+02,3.247004689827453490e+02,2.955712083938943806e+02,2.545025240505495958e+02,2.952614265818523904e+02,2.817897696001327859e+02,3.103064254561101052e+02,3.513301330529376401e+02,2.759855577581225816e+02,2.567733569152721316e+02,3.388783556080202288e+02,3.002997974939056007e+02,3.038997028172222485e+02,3.105707983026358079e+02,3.263013277543689128e+02,3.353509243718139519e-14
-2.551583607378540474e-96,3.820633285453133976e-96,-1.309030477025314435e-95,5.462493627683324878e-95,-2.492123747306687363e-94,8.196231631073396531e-94,-3.154866245913308149e-93,8.263771669846876506e-93,-4.814284051716781617e-92,1.756221444255994321e-91,-5.412214550915313310e-91,1.882296734588518653e-90,-7.841064293955639307e-90,3.453008096756070399e-89,-9.138619955161198965e-89,4.297181777255296482e-88,-1.780220681789582148e-87,5.846555018728325203e-87,-2.220883607066228060e-86,7.599038561979236001e-86,-2.837556165423485962e-85,1.179897888940004248e-84,-3.342859661004693774e-84,1.707418009751070193e-83,-6.649209571182836202e-83,2.252958684255852474e-82,-7.027369564079931092e-82,3.590326509730809821e-81,-1.060194938588913014e-80,4.193277288697176323e-80,-1.319678806646781993e-79,5.846071336466642422e-79,-2.562259834506009063e-78,7.336714898512072003e-78,-3.594893243159256943e-77,1.008474701756255117e-76,-4.719352142842104312e-76,1.399817613519209631e-75,-5.830508276364458330e-75,2.089667047602115913e-74,-8.684142294767953785e-74,2.535797587096998639e-73,-1.201865959223580565e-72,3.844336469698063267e-72,-2.054551784580633435e-71,6.194642517465489675e-71,-1.841107425525809718e-70,1.023122502697296503e-69,-3.638689825670297461e-69,1.153089770350561478e-68,-4.091147674840602655e-68,1.608401560825680041e-67,-5.559391798330120445e-67,2.313432869286142345e-66,-8.103449968010002548e-66,2.893544444605360010e-65,-1.678549714187705033e-64,5.559950268103744651e-64,1.474771462391628645e-64,3.255000874353778404e-62,3.063376247365318747e-61,3.730396600622584012e-60,4.500208236141770165e-59,-1.567982050961916280e-58,-4.646503143803055252e-56,-5.609059523919377123e-55,1.523930809786238917e-54,1.424743354417875834e-54,3.560117918360062387e-53,3.405704377873578933e-53,3.833907219747909934e-52,-1.428361325660396639e-51,-1.664909215133229834e-50,4.546893514008707341e-50,-4.784794230853766747e-48,1.460240205594197466e-47,-5.168143146858286090e-47,-8.009325520414916243e-46,3.756488278832630629e-45,4.474448143771775088e-44,-1.576475166531360373e-43,-2.267962004353897368e-42,6.513105301901453962e-42,-3.239624261422820546e-41,1.616332546298163228e-39,-6.258554969312595182e-39,-8.574476698844876351e-38,-1.220914051422015287e-36,4.451532793080725974e-36,3.232596108382020676e-36,2.893620206859022955e-36,2.724018974708677565e-36,-1.064447266399926703e-35,3.504999864425094767e-35,2.950484958240862382e-35,-1.413739332701729189e-34,-1.703660102840264233e-34,6.194349446002891608e-34,5.258966851601728669e-34,-3.235417518968676257e-33,-3.142643982435006288e-33,1.793349451890280868e-32,-4.730910466170092919e-32,-4.779256147559963762e-32,-3.694230692511743716e-32,1.603332547486295468e-31,1.192177284825882366e-31,-4.889275008147231950e-31,-4.389955002922859264e-31,2.275134958839201609e-30,1.716559590668747633e-30,-1.020630904321791349e-29,-8.262994568025331470e-30,2.729490099838413117e-29,-1.094461438890890799e-28,-1.200406379514166161e-28,2.043385255338339961e-29,1.075557025540137213e-29,-3.963392090687428760e-29,1.130856409819263539e-28,-4.460749941213511678e-28,7.400626445032263282e-28,-1.780131385094323568e-26,1.386915597509345046e-26,-3.966955041782928112e-26,1.725012189131020696e-25,-4.523781209389066267e-24,-5.137505823800111583e-23,2.089375318138507315e-22,3.214022356654730411e-22,-6.845815584214750860e-22,2.299619447402751019e-21,-1.212207702091428953e-19,-8.954179954742061556e-20,4.819025974609865376e-19,7.765368294202876736e-19,-2.780456939494365252e-18,1.078474220950454407e-17,-4.379093398002898212e-18,6.744336876715862516e-18,-1.365479024370870640e-16,7.041104778178683756e-16,-2.222577532480000767e-15,6.118950238224451319e-15,-4.160866510490925374e-01,1.300536152727966410e+01,-6.511900507599825971e+01,3.693064413662717698e+02,6.149237731629851851e+02,3.744531041547080008e+02,3.570635397815906913e+02,3.364909975879835429e+02,2.694015523743902918e+02,3.143756736860328260e+02,2.709012353742842834e+02,3.142723397195694020e+02,3.383369808639433813e+02,3.137808391359437792e+02,2.838783975440048266e+02,2.906136386028229026e+02,3.126910331087581767e+02,3.031173072465438167e+02,2.837077913707461789e+02,3.033716992984769831e+02,3.351008955422847180e+02,3.343129464025516313e+02,2.848939496183111260e+02,3.138675747234599953e+02,2.754982964876172105e+02,2.734970364605198370e+02,2.250248993083440325e+02,3.009522462728052119e+02,3.056309380459183558e+02,2.936058515529576312e+02,3.229074083523616423e+02,3.171987281393272156e+02,3.015111754406403293e+02,2.767036402873944780e+02,3.188115600255973163e+02,-4.601293953635233436e+01,-3.947285211822471052e+00,-3.746668846236108408e+00,-8.148043319458246003e+00,-2.976969516630901813e-01,2.518616821449482757e+02,3.045211172274906630e+02,2.500212430429635049e+02,2.429246460791171103e+02,2.119785134445077404e+02,2.037544907241462226e+02,3.099336941103276217e+02,2.736946321827379620e+02,3.048404865928429786e+02,2.875637960925997731e+02,2.699668130205504326e+02,2.606615700615394644e+02,2.272683099999182161e+02,2.474539182525284673e+02,2.473350989548235077e+02,1.991149121942322893e+02,2.476530300554527741e+02,3.035356430373039984e+02,2.468251423538999632e+02,2.496478422957916052e+02,2.270398937125532370e+02,3.160658024427725081e+02,2.467110404841714058e+02,2.513951116581535530e+02,2.615851940913732960e+02,2.653151355237438338e+02,2.963252675529276985e+02,3.310939857706469525e+02,3.794794914910005446e+02,3.392299583605857833e+02,2.922852354914572857e+02,3.145230994507485889e+02,2.853391582378114322e+02,3.284425755755374894e+02,2.690941542068648005e+02,2.992614257037326411e+02,2.835593097196540384e+02,3.027374444100565825e+02,3.467054026285773602e+02,2.979368916384397608e+02,2.333481552623594837e+02,3.054435414621930818e+02,2.924898963020655174e+02,3.125526580941601082e+02,2.957630178137389976e+02,2.964718257627085904e+02,3.324558287757835205e-14
-4.360602935928831475e-98,-1.918631024836501346e-96,5.495705445096037404e-96,-2.819791762939057350e-95,9.251850968805598146e-95,-3.411263213941521766e-94,1.305372980392951424e-93,-4.738276722812745675e-93,1.602974656267640689e-92,-6.956476010225482262e-92,2.689428177389714722e-91,-8.529846071172648128e-91,3.494967784416931057e-90,-1.331109738641380505e-89,6.128531200102922168e-89,-1.552847272371213180e-88,6.843911617952277438e-88,-2.484466232647732428e-87,1.066631086810838778e-86,-3.144897269306075247e-86,1.369976276546498695e-85,-5.275771800355280289e-85,2.089998280520203144e-84,-6.466101339684532456e-84,2.389907448858785505e-83,-9.994509446425820877e-83,3.588822987351001982e-82,-1.302704076373415432e-81,5.592731888352879827e-81,-1.807170151526902497e-80,7.604306826671506447e-80,-2.682344286700655644e-79,9.609523403008457180e-79,-3.928804452368684966e-78,1.037305978144157812e-77,-5.347951801818991522e-77,2.183504750827910104e-76,-5.448131847864303846e-76,3.070649923392566693e-75,-8.371502464101593709e-75,3.876302648231462505e-74,-1.406320469133826515e-73,3.622515368538396306e-73,-2.131124606408713484e-72,7.560893199952678189e-72,-2.238328306330078571e-71,1.009126693921929521e-70,-3.580843254574785938e-70,1.247818782817381947e-69,-4.968074062996628896e-69,1.858655681302654935e-68,-8.299563060389522797e-68,2.270885522220266736e-67,-1.265690973492160438e-66,3.890479782214997785e-66,-1.381243755626059348e-65,6.836540108026815510e-65,-2.115338082288636453e-64,3.686814854758706792e-64,-8.616285314735856656e-63,-6.755989859534725988e-62,-9.321990382938420504e-61,-1.091030805610396684e-59,3.786350226198150751e-59,1.131557691783440983e-56,1.365858968675824125e-55,-3.710905528737851918e-55,-3.470130371199635883e-55,-8.669365706994876194e-54,-8.294485747527463817e-54,-9.335975063926797665e-53,3.478197568793592044e-52,4.054348083227853139e-51,-1.107250998124734916e-50,1.165170920448902962e-48,-3.555909239233358420e-48,1.258522415380903862e-47,1.950392955778071174e-46,-9.147622907160958735e-46,-1.089596577882540618e-44,3.838958226867342218e-44,5.522834238432604636e-43,-1.586040723287769457e-42,7.888980439443197111e-42,-3.936016922355533772e-40,1.524053842231104802e-39,2.088016199916267578e-38,2.973112420875751169e-37,-1.084016309233059309e-36,-7.871865863962978146e-37,-7.046407698117821395e-37,-6.633402797663273346e-37,2.592091880942007471e-36,-8.535210703274213053e-36,-7.184881917778753271e-36,3.442671419497219369e-35,4.148673011496817472e-35,-1.508418900517276308e-34,-1.280638525125447422e-34,7.878736202838367535e-34,7.652822769751703407e-34,-4.367081469484214473e-33,1.152049563581050055e-32,1.163820546002727047e-32,8.996105809296475208e-33,-3.904386919151712845e-32,-2.903033964621347865e-32,1.190589389061204710e-31,1.069111871127442221e-31,-5.540869512115648892e-31,-4.177721083060712016e-31,2.485040756832725306e-30,2.016464613011244149e-30,-6.655882878783976142e-30,2.665934537402754596e-29,2.910782582071027567e-29,-4.135260577691376596e-30,-3.802502260270386170e-30,1.359367243285488012e-29,-5.569978335508570685e-29,1.962262339062735127e-28,-6.766472944596584098e-28,5.608885320124053894e-27,-8.127574759043776809e-27,3.427923533213056840e-26,-9.547382215025858781e-26,1.365928196826120018e-24,1.146948587492169166e-23,-4.631258668801965359e-23,-8.555439754563880216e-23,1.923567013440950714e-22,-7.657632884734912350e-22,2.982424746561956270e-20,1.906861396296627820e-20,-1.092713545569318132e-19,-2.095626449373834574e-19,8.790876278687285812e-19,-3.189910554706238197e-18,1.566499090036625754e-18,-1.226808734904393248e-17,5.914916519909672088e-17,-2.000898786287138787e-16,9.855624139396793802e-16,-2.698046816218670105e-15,1.013234624505941484e-01,-3.167004413727736889e+00,1.585747355509180423e+01,-5.836624259753933330e+01,5.610268586296882631e+02,4.378686785220291995e+02,3.662353292010325845e+02,3.350625009176484923e+02,3.147812463777952985e+02,3.260194703102189351e+02,3.289222365242709429e+02,3.592409459355689592e+02,3.706325273956692286e+02,3.529098202342520949e+02,3.626797418704954907e+02,3.012532791683240703e+02,3.483316851066567779e+02,3.464066273287147055e+02,3.048621930965155116e+02,3.906542758402434288e+02,3.536835412872192705e+02,3.595230906472603465e+02,3.349902709557192111e+02,3.112054612807288549e+02,3.424199908058232609e+02,3.094524662503297918e+02,2.942818285541985119e+02,3.065672851844331035e+02,3.301414253198841493e+02,2.974460840217675468e+02,3.202569008415994176e+02,3.908463579172840809e+02,3.932733875960078649e+02,3.915672469857242390e+02,3.348778903193097563e+02,1.482950483471748271e+02,9.612243121317197714e-01,9.123711592266632309e-01,1.984173150576495459e+00,7.249376019984676844e-02,-4.224761054014088302e+01,3.610718657048801674e+02,2.992069222442454475e+02,2.379829245229119294e+02,2.577744029241794124e+02,2.378022348616458430e+02,3.020963112477454615e+02,2.852669380440995610e+02,3.303641764417916420e+02,2.936059895965433952e+02,2.858653952056429262e+02,3.081278614607200552e+02,2.578176133374595338e+02,2.763370953749504793e+02,3.279177415666213733e+02,2.599075876439777062e+02,2.675333730700812680e+02,3.304604866924797193e+02,2.896493170041479175e+02,2.861701589974067588e+02,2.712739669755114846e+02,2.512313627009263541e+02,2.441960653631175830e+02,2.743542008060775288e+02,3.245292088127510510e+02,2.998704846988436543e+02,3.333854385433295988e+02,3.401633958121025216e+02,3.137517123394661667e+02,3.835320645927646410e+02,3.599017391362872900e+02,3.452215701811217059e+02,3.385248594401541027e+02,3.867543147733041451e+02,3.425834277642149459e+02,3.224813071902663637e+02,3.098459630400638503e+02,3.200980445139263111e+02,3.537691093666928737e+02,2.787671504599428545e+02,2.492180180278012074e+02,3.140422433245678917e+02,3.791603188437981089e+02,3.558925096970137361e+02,2.889509769973265065e+02,3.154233774881849968e+02,4.779901430517325482e-14
-2.840321016381780008e-97,3.044949384951167474e-97,-1.746083055875518501e-96,2.993245753165107165e-96,-2.216037411420662951e-95,6.554538846578875889e-95,-3.036371147779807475e-94,7.781996731159038167e-94,-3.513051617613606432e-93,1.273573105845778705e-92,-5.318318468849877916e-92,1.367513054847294908e-91,-1.007495566887247212e-90,2.428413082843829138e-90,-7.693056982697013508e-90,3.829192017005292533e-89,-1.277750406175545270e-88,6.594688508595717072e-88,-2.219113847665209616e-87,5.671805669049344316e-87,-2.487500203232993588e-86,7.970866783538108346e-86,-3.835682977873529436e-85,1.273438610818405829e-84,-3.777002823206123100e-84,2.316452081291688624e-83,-7.112502289182180970e-83,2.798627565470884592e-82,-1.427266672468714554e-81,4.028907407817794431e-81,-8.826839131675219577e-81,4.391518824526814807e-80,-1.926664168563837234e-79,6.677800594353210063e-79,-3.195224447918858364e-78,7.828900265585517715e-78,-3.513937200502609102e-77,1.726539998051214839e-76,-3.683071552418604074e-76,2.665291663067752331e-75,-4.628882326223927852e-75,3.076220193380259450e-74,-1.054516388024427616e-73,3.324911304724281370e-73,-1.604746112230967837e-72,5.520651554721655388e-72,-1.955510276888092174e-71,7.240903154256333622e-71,-2.656150879181619839e-70,1.107739774408430266e-69,-2.571756734320467382e-69,2.018971946785626162e-68,-5.296875284239946569e-68,1.835940426448099254e-67,-8.044016509854647009e-67,3.340094514161391526e-66,-1.322450285797540620e-65,6.410380066304536945e-65,-3.464058397180580629e-65,1.608892208655926969e-63,1.053298877954268470e-62,1.498009302004161370e-61,1.732906797089907307e-60,-5.986452658687596861e-60,-1.798760877680157676e-57,-2.171376541096882694e-56,5.899598184109740255e-56,5.517671227571698407e-56,1.378231011816861180e-54,1.318678010883497473e-54,1.484211937193336283e-53,-5.529653385583015669e-53,-6.445761892329055465e-52,1.760349470648307841e-51,-1.852417380999077944e-49,5.653278663801535577e-49,-2.000830436636628333e-48,-3.100784061022106440e-47,1.454311853834944661e-46,1.732268025573250680e-45,-6.103272589672135331e-45,-8.780340639650905893e-44,2.521527351232733187e-43,-1.254209917884801042e-42,6.257578570856244301e-41,-2.422979078766690513e-40,-3.319580604516107199e-39,-4.726728808974822718e-38,1.723396358039504882e-37,1.251489009105626611e-37,1.120255595570706719e-37,1.054595038256257494e-37,-4.120972816671958022e-37,1.356949236164871281e-36,1.142270566875684591e-36,-5.473245475611883104e-36,-6.595664742696618475e-36,2.398122255327760243e-35,2.035991393147628519e-35,-1.252581093268793460e-34,-1.216665578118181957e-34,6.942896498843551441e-34,-1.831558094320532110e-33,-1.850269810883842219e-33,-1.430225530765536835e-33,6.207337626830369308e-33,4.615403116665082216e-33,-1.892726657950495628e-32,-1.699806767127277724e-32,8.810473513761340114e-32,6.640084429421783730e-32,-3.950232298952509517e-31,-3.202558593265721491e-31,1.059167027214870999e-30,-4.244306524542241734e-30,-4.613828676327508860e-30,6.394809883095575204e-31,9.865441585304186662e-31,-1.908903889224632523e-30,1.207143086029315513e-29,-5.012891626960319669e-29,4.952613695749056446e-29,-1.260029151864926096e-27,1.394494078342367381e-27,-5.124064399027264688e-27,2.991428551517849004e-26,-1.895916150716555303e-25,-1.737066320180790127e-24,7.499596952492963464e-24,1.628253624974203948e-23,-3.541650985776996693e-23,1.551999715308933073e-22,-4.906691218516460135e-21,-3.460621713214062338e-21,1.578280499718098236e-20,4.285161441038435522e-20,-1.333613114574426623e-19,5.159715326125131709e-19,-4.701870783669929875e-19,3.100056122203901604e-18,-1.031495733827147597e-17,7.090013774110247058e-17,-1.935086425219393909e-16,5.013646171087325668e-16,-1.610865857720182245e-02,5.034983169678407533e-01,-2.521060978551916687e+00,9.279211859704085796e+00,-4.418532598969221681e+01,3.759987192107241185e+02,3.260432169941626057e+02,2.511198310749335008e+02,2.534380113767813043e+02,2.727407264957704456e+02,2.738656123366350243e+02,3.176309286393783395e+02,2.856696327459443410e+02,2.646593712995088481e+02,3.047991135288255009e+02,2.280375517350739472e+02,2.878619019895487554e+02,2.555266876701851118e+02,2.373414190775964130e+02,3.263592496855638387e+02,2.763862817551661806e+02,2.937527561516299102e+02,2.772310572107472808e+02,2.236532938086658646e+02,3.078307643607458886e+02,2.425116037724403384e+02,2.778299033593154377e+02,2.478199231759698762e+02,2.537183803046096386e+02,2.338754777969657539e+02,2.331280711606153488e+02,3.156605235658994957e+02,3.232724256609030817e+02,3.556601245949114514e+02,2.737660753582214852e+02,4.658354295019904043e+02,-1.528178556648270292e-01,-1.450510587005697516e-01,-3.154488315701960977e-01,-1.152524009532601527e-02,6.716631246445212255e+00,3.073927970971311652e+02,2.305171739252627958e+02,1.872491426805590891e+02,2.316508185789170966e+02,1.830536256853795294e+02,2.286072004432487290e+02,2.310354903376628215e+02,2.619425852982641345e+02,2.276809637081157121e+02,2.358054859117947615e+02,2.485911554642644319e+02,2.124302383806184764e+02,2.322540345637480357e+02,2.580218821075192750e+02,2.317127204803316260e+02,2.176455804229351259e+02,2.290512845425944022e+02,2.381099606952124077e+02,2.181742791284395935e+02,2.189463304377123620e+02,2.657819096879632639e+02,1.935711782024964975e+02,2.201297967274034875e+02,2.629196509494129828e+02,2.453951450920074819e+02,2.434127382016247338e+02,2.417281134850658191e+02,2.075308305061507497e+02,2.732578616300655767e+02,2.855700411993259422e+02,2.824098096350327296e+02,2.931576971271769025e+02,2.959242472816663962e+02,2.765806927841126708e+02,2.503939622032573311e+02,2.703406578000792138e+02,2.692992682859680258e+02,2.798369449664799049e+02,1.991303758450248722e+02,2.198659984328454016e+02,2.489902317459344943e+02,3.428851086480412391e+02,2.496540549636779929e+02,1.887693847910476848e+02,2.420983764947343388e+02,3.715679858165814310e-14
-3.112125312249679726e-99,1.782942484910424754e-98,1.226073826210499288e-98,1.086904854034349107e-97,-1.149274133079670675e-96,4.020238411446026475e-96,1.503104915732557336e-95,5.945182072312538659e-95,2.265653266706527282e-94,-7.859367553855580991e-94,-1.397451233612756484e-93,-6.088753436895909037e-93,6.576318632377039066e-93,-1.889666089622213676e-91,-6.007105857403661708e-91,-1.826375166844267956e-90,-7.802887835835301364e-90,3.107428912406634595e-89,-6.530575037761082625e-90,-4.133885652857937472e-88,-7.276982253398837052e-88,-3.210803754359004350e-87,3.517089825846135470e-87,2.935773811869333749e-86,2.007743070411313410e-85,-9.611439060199223464e-85,4.051100441091707085e-86,-2.304116295174450170e-85,6.265182658727481518e-83,4.612242243377620994e-83,-3.789189906127606393e-82,2.523773334340333527e-81,1.880243390805026307e-81,-5.221353867048246845e-80,1.057688110361115949e-79,3.395869554608775371e-80,-2.130765464647377915e-78,8.489103163043415717e-78,-3.614373146507344734e-77,2.381563148102293006e-77,-1.972974913405297704e-76,3.528948271511323030e-75,9.848240268915156683e-75,7.927851105224144608e-75,-8.577682769189515218e-74,-2.661742291659794819e-73,-1.113446025350866709e-72,4.436968359356131883e-72,-1.889834718178033766e-71,8.473993898600511991e-71,-3.925068413928543879e-70,6.883876676486623544e-70,5.173281164382035129e-69,-1.442675079263785882e-68,-4.483293944937504576e-68,8.298201055766116002e-69,6.051131193362996507e-67,-5.485874196097128998e-68,-9.881245897251803015e-66,-3.163691576222565090e-65,-5.348244596899459230e-65,-2.482028231406956697e-64,2.866483188629568261e-64,2.140191225317598594e-63,-2.343260528625492942e-62,4.079077664951638516e-63,3.182670586089767197e-61,-3.254425628363713099e-62,4.790322186290498826e-60,2.318775939536506671e-59,-1.074981842857978916e-58,-1.308635426327775286e-58,1.530247841441749247e-58,6.209750330271795189e-57,8.144286316822409002e-57,4.277940946881075047e-56,-1.588703653301392413e-55,-1.904508443350633811e-56,-2.701335370765714037e-54,1.212943952863203187e-53,-1.449501262961587257e-53,9.805340630073353086e-53,8.166232322415643243e-53,3.250384653914302891e-51,-6.401539421585010564e-51,-4.179246169099646106e-50,2.496166276136220445e-51,-3.528535747207402293e-49,-4.495593597979683032e-50,-4.600479281145802538e-48,1.434001950542860945e-47,5.124145270334484512e-47,3.937627716933370745e-46,1.701792322574814426e-45,-3.347376496406728945e-45,4.773213442146980892e-46,4.627970934587040577e-44,-6.229928322242581213e-45,-7.388250963709050905e-43,4.504034363354229841e-43,-3.932646326571444889e-42,2.675961769657815154e-41,2.316798009299949952e-41,1.560749663097798603e-40,1.189242102326422766e-39,-5.647727339594799618e-39,8.305160508224909124e-40,-3.551808638679045991e-39,-1.013316828944005832e-38,1.736796347015646389e-36,3.971535354843677059e-36,1.397435038361417472e-35,1.086499332487896240e-34,8.105665132655568275e-35,6.263849308559839803e-34,3.191193458452155515e-33,-1.185041480911138463e-32,4.729195368901527307e-32,-4.754076929855581182e-33,1.196357737593465134e-31,2.090008923860735204e-30,7.297546635217794309e-30,5.707222592002232096e-29,-1.598558034140844055e-28,-4.778780688807295541e-28,5.188416157114662860e-29,6.732689958165725638e-27,2.471614429034031537e-26,-1.055972671195215272e-25,4.752211066145014161e-25,1.099844984597080215e-24,-2.806649513622836790e-24,3.509308169476299358e-24,-8.402247706889365249e-23,1.737619224959302478e-22,8.712824447799578426e-22,-3.235375227988466816e-21,1.291725141442835496e-20,5.321032324078756458e-20,-1.851009629093728891e-19,-2.885884268402348801e-19,-1.479470978191994400e-18,1.869663649666236442e-18,5.779265629605113666e-17,-2.232313206716806364e-16,-1.448737518475659620e-15,2.945610252322137216e-15,-2.528295818932608842e-14,8.664738342547529701e-14,3.559764211286221885e-14,6.056172716800234485e-15,9.805649802612174375e-15,2.451890893062292093e-14,5.073076807007935717e-14,7.147744695298842209e-14,2.393683228665358664e-14,6.008837473706878078e-14,4.448999380900644652e-14,4.309885015778333180e-14,2.046970173678556238e-14,5.104939930501522277e-14,5.138098111811669669e-14,1.308647062973904058e-14,4.991620517804090052e-14,2.496732200331064020e-14,4.552148096180198838e-14,3.542008900939083868e-14,4.912070120431026954e-14,2.520650679618784391e-14,9.689211990610616953e-15,1.426441327917975308e-14,-2.386899726720968936e-15,5.153916298260371721e-14,5.907384952241124698e-14,3.764674812384531290e-14,4.710892974166300806e-14,1.884026487057981247e-14,2.081277434826206919e-14,3.829966389283187862e-14,-4.802577571834122190e-16,-1.145164512388791745e-15,-1.585073211601235735e-15,1.106688659589038067e-15,-2.262427243081083687e-15,-2.303057156182918419e-14,-9.808305960784567688e-16,3.310633650128307014e-14,2.672912662950070897e-14,3.052883385196995333e-14,3.315270800699152376e-14,2.296635941121111254e-14,1.169677522750342720e-14,5.561942942332337547e-15,1.442678023102314517e-14,5.899560187029430120e-14,1.465896928391502533e-14,5.208341054465114787e-14,1.124808411390174587e-14,1.696386262336027592e-14,3.209291357282733708e-14,2.049832418541062319e-14,5.450134059102564670e-14,2.069448687352799079e-14,5.057978223180982407e-14,1.185906466910431373e-14,1.953229620818669255e-15,3.021249521172366920e-14,4.061415914230169636e-14,1.767395505323700381e-14,2.278002054738147999e-14,3.836020710072959291e-14,1.692454934254008181e-14,1.853757528964740622e-14,4.733788405302358004e-15,2.241388011196177050e-14,1.772775963498204318e-14,2.839481891363681717e-14,4.111411574020367282e-14,3.479695549343477428e-14,2.370746357163522171e-14,2.302271397194704264e-14,5.965769813477309225e-14,6.308060436571967656e-14,2.563561698019172356e-14,4.086203867646268567e-14,4.114522431212980776e-14,3.323400282192212856e-14,2.754408419924087453e-14,2.299290756906291250e-14,7.243895958014568652e-14,9.791459403129994243e-15
