-9.707022354031233920e-15,-1.416350147481081974e-14,1.508766645540884319e-13,-2.486881279933186774e-14,1.003963878258345703e-13,8.864804334103747998e-14,2.004479694040203822e-14,3.665761728042560462e-14,3.277153984020060029e-14,7.075130535335823919e-14,8.527988727501791927e-14,9.227429663543244842e-14,2.555968455614482452e-14,1.634630286069524353e-13,7.294611526093403953e-14,1.146179440114315279e-13,1.242187539745358067e-13,8.742294939847847079e-14,5.962297121178458241e-14,5.450556290821659848e-14,8.062705100086629581e-14,1.441009794335237168e-13,6.368705493343980239e-14,5.712633621305682376e-14,1.031149396968499136e-13,1.045994172383995729e-13,1.491927531316410904e-13,7.095268079931728832e-14,1.896248624812322379e-13,3.925253263287295882e-14,9.370231783471085178e-14,2.789540239066409956e-13,2.320671538916622454e-13,-9.691932976153788700e-14,3.808707904108777036e-14,4.620562619030547186e-14,4.757806219264820081e-14,-6.208871890636858520e-14,-9.962661738267967273e-15,2.100200763610696226e-13,2.422354906585099608e-13,6.163480783866131306e-14,-5.128709290520742662e-14,2.253598355489688055e-13,-1.993035831935951929e-14,-1.875271377465933065e-17,-2.414416157350316913e-14,9.022778559238886054e-14,3.817539735548306758e-14,-1.475069238189745400e-13,3.983060798851339334e-14,1.673591393749620880e-13,1.553974171882678559e-13,8.185602462721840899e-14,2.951116707951623973e-15,8.205736585765146366e-14,4.273375895367616264e-15,7.416644086437848220e-14,1.718613626273334751e-13,-7.040511641893378066e-14,6.580104668795178300e-14,6.352679910566539128e-15,3.292540168793599567e-13,6.151225588128714226e-14,6.941047676966615914e-14,8.094366298191141648e-14,4.503190072275933783e-14,1.628666963693778643e-14,8.983618878792884128e-14,4.735431693189035574e-14,2.393447378407881902e-13,6.503239930851052997e-14,-7.280046002903424223e-14,3.967664934693203795e-14,4.883989630474549667e-14,8.805654468979326283e-14,5.902268068587914754e-14,1.661692841482254919e-16,7.464209438525649218e-14,1.496569099326402189e-13,7.256397687211819328e-14,4.715401325517232254e-14,-2.937413510692450958e-14,8.103222601712981760e-14,-2.362410680331216208e-14,1.861651984778506855e-13,-4.700363917292363334e-14,1.062449636999141526e-14,6.295114412005629473e-14,1.109027525431878683e-13,-1.528289836488244415e-14,8.815713213915003905e-14,1.791217293525667869e-13,7.194813337940744917e-14,8.152882329140647861e-14,-7.726802870002622809e-14,-1.069266388306323187e-13,1.845650524078494725e-14,1.028946933637832804e-13,1.393936774272939061e-13,-2.836526360593217979e-13,7.080209093705627809e-14,1.238941773964788799e-13,-2.192464473026899641e-14,-3.803723925442908610e-14,1.090689165825056261e-14,-4.453543512738626818e-16,-1.892504503864650740e-15,-2.043780461491367344e-15,7.812641639204048398e-16,-1.748567438816332898e-16,-9.876174543688588190e-17,-1.827126637906471463e-16,2.960140479157148200e-17,3.632221411685284277e-17,3.209805267451257938e-17,3.467463460366947290e-17,3.683888780004643275e-17,-2.510726209124577418e-17,-1.367278905096850274e-17,-1.687393216848902341e-17,-8.711705093225124191e-19,-7.685881415301694846e-19,-9.054582649117123926e-19,-8.850281377588327597e-19,3.374586378101334277e-19,-6.644796521122453894e-20,-6.861189562567675085e-20,-1.317063796663707222e-19,-5.182247688216702306e-20,2.448428638430959241e-20,9.424214557315078520e-21,1.406416715841468262e-20,-5.353822692782164573e-21,2.928442582013763662e-20,5.411777591169065107e-22,1.517966878586401727e-21,-6.385918350231588806e-22,2.162523451740283172e-23,9.095533452284054584e-23,9.306239470426837580e-23,8.537412844635197267e-23,9.430685939459354122e-23,4.908864075207178121e-24,-2.108211313330728435e-23,-9.807720671424441650e-23,-5.098380912375800768e-24,1.676430036948426524e-23,-9.838116041547574726e-25,-1.666162150203628432e-24,2.651513370359287075e-25,-5.512723983956483761e-26,-1.760912812619005269e-25,-2.552326826715161087e-25,-9.704955846328796758e-26,4.992545734095970567e-26,5.911808580825981130e-27,-7.768954165396210234e-28,-5.727089672300853562e-28,-1.358056748287863365e-28,-1.539649936715711511e-29,3.052844079245437699e-30,-1.538614462980505150e-30,-6.937561091570726602e-30,-1.069234466579962186e-29,1.453105619378581016e-30,2.093217016387115141e-30,2.004869160710334717e-30,1.184176795421826081e-30,-2.178496525389047609e-31,3.490181462337706550e-32,-2.275707257127239624e-32,5.162846693384740809e-32,1.272739053318491968e-31,2.415734378571494877e-31,6.838163742381731060e-31,-8.893271754006181942e-30,-1.717554910280028633e-29,-1.706784046131423793e-29,-1.552728492023267100e-29,2.098660897508040393e-27,-3.936251686907171386e-27,-8.939383549129807703e-28,6.567314192669383062e-26,1.259422827823700128e-25,3.611359160659841924e-25,1.945031656304057599e-24,4.266446647013185751e-24,4.385490830967349665e-23,2.041257243388982933e-22,2.513729376060044942e-22,-2.056650422017215669e-21,1.305742643398866628e-20,-1.967986921278271323e-20,6.566205041714186766e-20,-2.429683324557850373e-19,-7.200919793222553483e-19,2.255974511756412080e-18,-4.834359115749692596e-18,1.072870827020366916e-16,-3.132916692298805107e-16,7.017903843674166214e-16,2.249629261125904161e-16,-1.004346031374035201e-13,1.947727954971523553e-14,-9.366404147556781330e-14,-2.167579865770726527e-14,-4.226184030367252734e-14,2.002329597097608690e-14,3.450951489280959443e-14,1.040842813762330367e-13,6.438522298240939822e-14,1.527543114340557997e-13,6.614992336857785338e-13,7.341155397964945622e-14,4.182555776594601855e-14,6.703758281313289687e-14,1.910895494170791751e-14,7.243860426384556494e-14,2.582179907671233371e-13,-1.866643092946916417e-14,1.317369116107674997e-13,1.831923132292470496e-13,-3.041022938315987351e-14,-2.121409070436628261e-14,2.064783461537571083e-14,-4.736807754894467924e-15,1.785947926218326386e-15,-9.013328396925423263e-16,9.456394441418979089e-17,-1.026186607972900430e-16,1.606783745060388699e-17,-4.404562766874523364e-18,1.768928653851691396e-19,1.070391888312858034e-20,3.101321146958958388e-20,-3.466657937069899855e-21,-1.476470197105357465e-21,5.517630569398310171e-23,-1.471333445605205053e-22,6.527580639478321265e-25,1.382777552135005038e-23,1.111602116810561283e-24,8.543676766963524701e-25,2.272156985839131719e-25,-7.009515471252391504e-26,1.439082905276083416e-26,6.473386749383115892e-27,1.922837822651628942e-27,2.240848712416114294e-28,3.334372566110450533e-29,2.750434786182433277e-29,6.522454883590106745e-30,3.203817779728022977e-30
2.731309200119625815e-14,1.211978794086444395e+03,6.708361899995969679e+02,7.166645931813051220e+02,5.764015218124711737e+02,5.587043783142063376e+02,6.009648531654911494e+02,7.183728334395854063e+02,6.435487208275457078e+02,8.178747075891968734e+02,7.996293410351420334e+02,7.643830386163573394e+02,7.742021934270280781e+02,6.238448194155040483e+02,7.124983031607015391e+02,5.678233624943558198e+02,7.113566886081792973e+02,6.696558499698461446e+02,6.964321061764449041e+02,5.789232596491654022e+02,5.539994914631054144e+02,7.153039705658236471e+02,6.891372044700334527e+02,6.471129820354309459e+02,5.995864663902807479e+02,7.302058793455009891e+02,6.193805197417993895e+02,7.121173811687881425e+02,8.031137189008682071e+02,6.674298209814959364e+02,6.138351845349249061e+02,1.324502939394942132e+03,1.441548497683555979e+03,1.696429354931204443e+03,1.208128032151581465e+03,6.842619539815850658e+02,6.828185863262038993e+02,8.398300968225179304e+02,8.550786998520222824e+02,8.171706952421145616e+02,6.528381550428298397e+02,6.961452919150854086e+02,9.364105732703086460e+02,7.834304151481154577e+02,7.283877859392208620e+02,7.867696560561621482e+02,7.197789638435059487e+02,8.084078467738504514e+02,9.870995918817594657e+02,9.940395754648848197e+02,7.623163811152663811e+02,7.957022409906194298e+02,7.642170276213507805e+02,5.965319902279925373e+02,7.311646820110222507e+02,5.727852873491274295e+02,1.055773428547298863e+03,1.378917733697386666e+03,-6.913318392032282134e+01,1.601515636861598750e+03,7.816665601489938808e+02,8.289540335349173574e+02,7.448234397867240659e+02,6.427195977316927156e+02,6.904688525667112344e+02,8.679926899405096492e+02,7.681442933579354531e+02,8.450570789197078057e+02,8.849550801860941647e+02,6.720930573875715481e+02,6.601659460281412066e+02,6.053102505751261333e+02,7.416805462001368596e+02,6.846645661950876729e+02,6.207056024713482429e+02,7.435636155985607729e+02,7.253629133941395821e+02,8.986072258616901536e+02,8.213803855591587535e+02,7.787638690121326590e+02,8.213337766798091479e+02,9.450618173203523611e+02,8.445842327594051540e+02,8.488948458108214936e+02,7.010497484365350829e+02,7.251880664460102253e+02,7.294056936406773275e+02,7.392873826962110115e+02,8.427488747718565492e+02,7.784117910645786651e+02,7.566455725094888294e+02,8.806652088423819578e+02,6.959758685857767659e+02,1.287257020924135986e+03,1.115398290618634064e+03,9.247081941911199010e+02,9.487236483556965823e+02,9.866100151727229104e+02,9.724758065891190881e+02,1.243993467751990693e+03,1.466212413277478618e+03,-6.161833018159784103e+01,-6.851269141643024341e+01,1.360228781362795480e+01,1.616572549075159060e+01,-5.940644084773991196e+00,7.297851555225829401e-01,1.048673024205966309e+00,1.109202079404267849e+00,-3.109669299905218898e-01,7.367189055950242038e-02,7.808253491189319495e-02,8.215021623696659725e-02,-2.243949978450392874e-02,-1.957117860518086880e-02,-1.758534780265552655e-02,-1.968950800144270499e-02,-2.107963878255468548e-02,7.013563208599839227e-03,6.619945554852522777e-03,8.495295111641680205e-03,5.198537868964256490e-04,3.799221367816024686e-04,4.519381565681043831e-04,4.314130231822682366e-04,-1.598796028930792154e-04,3.346980849637526401e-05,3.734119273927790733e-05,4.387393743876334592e-05,3.070992322298670048e-05,-9.902889466947133811e-06,-1.219970024611449228e-05,-1.447567772656285767e-05,2.969030035271023093e-06,-1.362922716725613415e-05,-6.044412727626226067e-07,-1.609610158585009673e-06,2.915125788447479458e-07,-4.154911976329149672e-08,-6.096210122368006274e-08,-3.987666121204996171e-08,-4.002310668785823902e-08,-4.382695817591772425e-08,-3.018328604400019585e-09,1.700870381454166164e-08,5.149875625712864847e-08,-8.433831405895401067e-09,-7.705677695134054935e-09,1.318420578509799573e-09,1.167911565247464723e-09,-2.325431551775704465e-10,6.758964970589425389e-11,7.007071600574236197e-11,8.624978595612487203e-11,8.215612232078317585e-11,-2.125880967978412002e-11,-1.069078202420245347e-12,-5.515225937829206475e-15,1.855196703931358977e-14,-7.067609773011432844e-15,-3.731464959035431361e-15,1.822760039466889431e-15,1.848484343885285129e-15,3.055363057779572950e-15,5.668658568265200559e-15,-8.965659172765605107e-16,-7.948022658387293427e-16,-8.865604953330049729e-16,-7.005389614273677125e-16,8.620315319705482602e-17,-3.129661266051682958e-17,7.650118901290266915e-18,-1.978889884125563804e-18,-1.160771488358068825e-18,-1.183423803877650404e-20,-9.520277483969403427e-29,4.100768759302750776e-28,-1.456752307496652898e-27,5.909181558914248239e-27,-1.834295448516533810e-26,7.655031400989316877e-26,-2.676634623807494233e-25,1.021568516789279340e-24,-3.999556363772342696e-24,1.360663904875914064e-23,-5.156437317352462925e-23,2.083672852838469110e-22,-8.166463536890901771e-22,2.833225002858090364e-21,-1.003979762491272649e-20,3.589659739830118679e-20,-1.504872509133780320e-19,5.491117473101249764e-19,-1.988361497913829282e-18,7.783805004715119474e-18,-3.136947297454192885e-17,9.535952214025122308e-17,-4.142533841976047643e-16,1.402059454860301853e-15,-5.818484886595253200e-15,2.103921282305184177e-14,-6.645898004212294678e-14,3.267384551740154313e-13,4.997361271223766721e+01,2.757272221278864436e+03,2.228735727696805043e+03,1.117152964082063136e+03,1.325441277217531479e+03,7.946560342705350877e+02,8.475452720377181777e+02,9.307543641562861012e+02,7.658039233608075165e+02,1.229572643190896088e+03,1.461470092466056713e+03,8.940625735334003821e+02,8.963664213801125698e+02,6.461429245223230282e+02,7.068778611293417953e+02,7.907111590449599134e+02,1.095395844982436529e+03,1.169482327661096406e+03,1.185702003030326296e+03,-8.327373072278059851e+01,1.660628779404991562e+01,1.435857272113337046e+01,-8.076918781118651580e+00,2.145208174405777601e+00,-9.884545280524208444e-01,3.960017249711063614e-01,-1.625525715986321160e-02,7.823919887379088278e-02,-5.638213809023942882e-03,-8.592780720084819054e-18,1.287166710641849376e-18,7.878185549279358770e-19,3.456011557386954306e-19,6.651496560834308768e-21,8.534167808775345741e-21,-2.671685169492175346e-21,-7.088861734918191342e-23,3.859213299700395094e-24,-4.105239953437661754e-24,-1.969829737551782887e-23,1.007548812759242003e-24,2.329814747063290702e-24,4.653142533903778611e-25,6.115357578060566483e-26,1.547006660499132154e-26,7.828715644732248212e-27,2.490478399804963079e-27,4.604566592412280626e-28,2.493991007537611464e-28,1.102024173230988659e-28,3.988826548333823814e-30
6.753436152880462257e-14,1.339908609395929034e+03,1.079434297315209506e+03,1.160759220736641055e+03,9.636613370937661784e+02,6.801551654340787536e+02,7.521218355473837391e+02,7.602054143799156236e+02,6.770677637175324435e+02,9.033765522177294542e+02,1.001501493504619475e+03,9.561593510383154353e+02,9.255788834458574001e+02,9.675523790018143018e+02,8.715557763560218518e+02,1.011085515192216121e+03,9.537642882063157685e+02,8.722166140502598637e+02,8.640068816451187104e+02,6.340552640650880676e+02,6.574894275547145526e+02,9.177433521077589376e+02,8.053344776251773283e+02,7.563035469676661933e+02,7.014981787831927704e+02,7.653649960487243789e+02,7.455155714215261469e+02,9.381829105742597221e+02,9.982532768094851008e+02,9.026401383442596398e+02,9.270555994539156472e+02,1.158944351849823988e+03,1.159092870344263019e+03,1.240164125140414853e+03,1.075055407702963066e+03,6.676095286737701144e+02,8.430364557995432051e+02,9.346369375355295688e+02,9.751390119489084327e+02,8.912393922981186734e+02,7.284891914316497150e+02,7.810848165889104848e+02,1.151024692487488892e+03,9.228644598565324486e+02,7.426728596099529796e+02,7.301778323709967253e+02,8.088231103493527598e+02,8.707575156363055839e+02,1.063907164725344046e+03,1.126014812831155496e+03,7.907403748144679412e+02,8.688348408079266392e+02,9.421604473512948061e+02,8.108893957351010613e+02,8.566519939595983715e+02,7.827680659410086719e+02,9.991623713243452585e+02,1.110476393843773394e+03,9.413990661770375254e+02,1.180676393581944467e+03,9.496042617782276238e+02,9.554238768346436927e+02,9.191767277789864465e+02,8.757231823469638812e+02,8.151495995563595898e+02,9.166618369852028536e+02,8.442325905430398052e+02,9.450497686337268988e+02,9.386169268183449503e+02,7.679934470467956089e+02,8.613218764907597915e+02,7.335416432987128701e+02,8.073129664169207445e+02,8.241719450330547261e+02,7.496097826010985727e+02,7.997978778034599827e+02,9.419371946554358601e+02,1.018315520408210318e+03,8.973538241984005026e+02,9.069206339499229443e+02,8.890684615245735358e+02,1.059868098683386506e+03,9.510121755554342826e+02,8.611235696857812627e+02,9.698010523921182084e+02,8.589936131886870498e+02,7.713467645882376473e+02,7.619444786869206609e+02,9.704382893778913513e+02,1.048599934722704347e+03,8.438572468779561859e+02,9.491277192528265232e+02,9.418456072636333829e+02,1.162925912422651891e+03,1.073996945323230648e+03,1.016374480953756574e+03,9.826985045871371085e+02,9.794069269616328484e+02,1.161914097039668377e+03,1.303428744825304648e+03,1.412982091789378956e+03,8.322958736313445343e+02,9.361359902519332081e+02,-8.653293661280990534e+01,-1.028406190457010609e+02,3.779227326097173290e+01,-4.642634641250229954e+00,-6.671286299372567008e+00,-7.056350706807065443e+00,1.978261452061785608e+00,-4.686744703008138835e-01,-4.967334272495634861e-01,-5.226105749093142849e-01,1.427521486885626190e-01,1.245049054162309238e-01,1.118717533087944388e-01,1.252576751183906989e-01,1.341011947096292789e-01,-4.461780465721776334e-02,-4.211374857870473637e-02,-5.404405813750639415e-02,-3.307125639877147964e-03,-2.416930051060079201e-03,-2.875070458076666412e-03,-2.744496830273662237e-03,1.017097398054402167e-03,-2.129230653506685150e-04,-2.375514405096851149e-04,-2.791104481364669026e-04,-1.953656528996932371e-04,6.299867480148866261e-05,7.761017135916205962e-05,9.208913385034698997e-05,-1.888791733889302264e-05,8.670431523762935078e-05,3.845241260792265708e-06,1.023976964262029872e-05,-1.854499761557485821e-06,2.643207816256367473e-07,3.878192928462550142e-07,2.536811927722675876e-07,2.546128270126967189e-07,2.788115827081189760e-07,1.920153737222800676e-08,-1.082033485260621051e-07,-3.276168444525863313e-07,5.365304781437510477e-08,4.902079184677490221e-08,-8.387324684815937041e-09,-7.429839658566337380e-09,1.479357177442087883e-09,-4.299814085555831315e-10,-4.457650734653808550e-10,-5.486905852361286474e-10,-5.226481473223918304e-10,1.352410164885272424e-10,6.801096814866869429e-12,3.508591370968752660e-14,-1.180210424784192112e-13,4.496162975461730713e-14,2.373825823988483540e-14,-1.159575367884254548e-14,-1.175940259100680312e-14,-1.943713744559003700e-14,-3.606199775275332796e-14,5.703634767319777903e-15,5.056250465501415755e-15,5.639983817223081714e-15,4.456580714551864095e-15,-5.483939241420561848e-16,1.990979632731257363e-16,-4.866734648142353930e-17,1.258899644333459504e-17,7.384417018629360070e-18,7.528523048380544197e-20,-1.337325858283147671e-28,5.750702952882122963e-28,-2.507336506380011653e-27,8.217341830845286907e-27,-2.718134364715001494e-26,1.277710656421929509e-25,-3.796975487855470017e-25,1.662437767993957308e-24,-5.765990337415780806e-24,2.362457147790542706e-23,-6.681200934155068963e-23,3.412307781695545736e-22,-1.314654715587728158e-21,4.308583153342329879e-21,-1.721669709826473913e-20,6.191122727954693055e-20,-1.923117293934794798e-19,8.716600820617052064e-19,-3.131698272980515560e-18,1.151960773829966937e-17,-4.717512115291162843e-17,1.823850473012772564e-16,-5.782816594935889653e-16,2.703200337745424650e-15,-7.250795312808001925e-15,3.423807553955644916e-14,-1.185992765991662356e-13,2.456514014554772677e-13,-3.179144214849375203e+02,2.353642667928044375e+03,1.731743034493793402e+03,1.236590620355209012e+03,1.106113845701393075e+03,8.488061927004442850e+02,1.035172816440488532e+03,1.029578944274210244e+03,8.486751948666211547e+02,9.610860012347644670e+02,1.057814061057893696e+03,9.011657634497456684e+02,8.903956938812081034e+02,7.975244815565240515e+02,8.477418309445234854e+02,1.062987739892548916e+03,1.109682773062976366e+03,1.014545780841651094e+03,1.259812185942855422e+03,1.146548010253197162e+03,-1.056433203550438549e+02,-9.134415328893592800e+01,5.138249612782914255e+01,-1.364705448969805346e+01,6.288197558568766610e+00,-2.519222695108421561e+00,1.034101878090043641e-01,-4.977300678787088817e-01,3.586831897917426570e-02,2.338596837434027197e-17,-8.741418353847118953e-19,6.020200271746094099e-19,8.513065061543842993e-19,1.262747308088391679e-19,-4.540845571877596690e-21,-1.282014195521998699e-20,-4.635563217518140559e-21,-9.572060683793482797e-22,-5.226409581043917483e-23,-4.638432638163353940e-23,-2.358767222978341575e-23,1.251684509012910557e-24,-6.251656539838381699e-25,-4.829313006104597558e-25,-9.913439169381026734e-26,-9.104056255246921236e-27,6.505594395123949932e-27,-1.418782259466438539e-27,-6.158951910380805634e-28,-1.629156983545877004e-28,5.586763403695720933e-29
8.385466476194460212e-14,1.635705362568617375e+03,1.141623252028332899e+03,1.024738859932044306e+03,8.416325066736900453e+02,8.843257908611345783e+02,8.583034368479725345e+02,6.568643083966416043e+02,6.975625349741545733e+02,8.304075431798238469e+02,8.461149855509356712e+02,8.170194824193466729e+02,8.382814549179278174e+02,7.813394479850092011e+02,7.364430300708162349e+02,6.756284346996619661e+02,7.594982823523018851e+02,6.857656475682326800e+02,7.201221258730383852e+02,6.081683623598831900e+02,6.095227674018427706e+02,7.507056333730217830e+02,7.598531250725249038e+02,5.845690814340425732e+02,5.362691264583917246e+02,5.488625364180903716e+02,6.289296063791923643e+02,8.946373799636378408e+02,9.050200223992222845e+02,9.174401536146087892e+02,9.538623178967033027e+02,9.427344117635088878e+02,9.593313911034892953e+02,8.439900797594012829e+02,8.468012312440075675e+02,9.783070218618559011e+02,1.227545641155871635e+03,1.077359685868777888e+03,8.994392562392955597e+02,8.158022209589316844e+02,6.994665275256844552e+02,8.738493619523009102e+02,9.869337108056034822e+02,7.687370766567336204e+02,8.475171307084091268e+02,7.044350102888992069e+02,6.714906065783172835e+02,7.422307963261907844e+02,8.254799658705245520e+02,7.959242113829983509e+02,7.680323933816067665e+02,8.380166002203210383e+02,9.510919682658569627e+02,8.800943762937033625e+02,6.421581526133957141e+02,7.166288055487447082e+02,8.694876270812663961e+02,9.171943259769456063e+02,1.204112377119479333e+03,7.940956447557854290e+02,9.002966271686350410e+02,7.401124385480338788e+02,7.489755740297885040e+02,8.235309733450096701e+02,7.782551382897465828e+02,7.149938669002632423e+02,7.764792598563376487e+02,7.900563570711971124e+02,7.179098085638715929e+02,6.616926459937908476e+02,9.567326564607855062e+02,7.080276626141173892e+02,6.421157719621079423e+02,7.672860725516063667e+02,7.652062668407827459e+02,6.982493524604693675e+02,8.826867749903746017e+02,7.253479567577392118e+02,6.818556771227176796e+02,6.907643763068431326e+02,6.970061181879633523e+02,8.791410225767509701e+02,9.779908874361173048e+02,7.560401074876888288e+02,1.037997783455708031e+03,8.535875388457727695e+02,6.051801199593502361e+02,5.758976529748442772e+02,9.371840933897406103e+02,1.024622768901353311e+03,9.309241102003965125e+02,9.051042767787828325e+02,1.049161376030332121e+03,8.556022378255648846e+02,8.984153200064243947e+02,9.042762787877526307e+02,7.385158361838369956e+02,9.036549146748959629e+02,9.805952642789342235e+02,1.060048388371132887e+03,1.121652219484139323e+03,1.026610512138649483e+03,1.221694934646778847e+03,5.720915482868610979e+02,6.853770943671576106e+02,-1.578622743848580967e+02,1.939277001266172462e+01,2.786665996562538794e+01,2.947511423146186971e+01,-8.263404796897239279e+00,1.957702234975391864e+00,2.074907430074641290e+00,2.182998979793078220e+00,-5.962906414675538391e-01,-5.200699996360177435e-01,-4.673000032254205904e-01,-5.232143973400232850e-01,-5.601547027458284589e-01,1.863732322374356543e-01,1.759135283447478826e-01,2.257476779885794760e-01,1.381420936450070483e-02,1.009576937208156097e-02,1.200946972399796579e-02,1.146405003682210259e-02,-4.248522109772146470e-03,8.894018926340738120e-04,9.922771891307489989e-04,1.165873506553564715e-03,8.160627462248429796e-04,-2.631520474759431027e-04,-3.241857953754874238e-04,-3.846659346306176546e-04,7.889680435259875278e-05,-3.621729846171721522e-04,-1.606197454160660729e-05,-4.277258776678053505e-05,7.746439283608049748e-06,-1.104095524142415894e-06,-1.619961710063663808e-06,-1.059652849754612918e-06,-1.063544383324805819e-06,-1.164625114430438511e-06,-8.020682800248714971e-08,4.519766931305904272e-07,1.368489792475260373e-06,-2.241143870115793559e-07,-2.047649698032377317e-07,3.503473161315889128e-08,3.103521660940543320e-08,-6.179429510522308019e-09,1.796077272966982400e-09,1.862007290555057618e-09,2.291937908069277570e-09,2.183155923688505222e-09,-5.649158574180470314e-10,-2.840889205294898986e-11,-1.465575277474113065e-13,4.929862266357949427e-13,-1.878094255960958952e-13,-9.915718511575364930e-14,4.843667477497474991e-14,4.912025338101589978e-14,8.119095412714102540e-14,1.506347327878339639e-13,-2.382467840481791426e-14,-2.112048652992374082e-14,-2.355880173527659813e-14,-1.861560331977668925e-14,2.290698723680751779e-15,-8.316529966496247738e-16,2.032885915801037547e-16,-5.258555358774182651e-17,-3.084548149611801881e-17,-3.144742742754663142e-19,4.032278821523486004e-28,-1.078748797558447711e-27,4.678540107956265899e-27,-1.542660109964778337e-26,5.584141748918246223e-26,-2.758947026764409151e-25,9.164709385878047880e-25,-3.305978520712361410e-24,1.044305559174954405e-23,-5.030526636345102082e-23,1.849360467858987945e-22,-5.688773465005403501e-22,2.452878447514488869e-21,-8.908455476085990721e-21,3.245302451778281267e-20,-1.175419805856297404e-19,5.330061043908450215e-19,-1.536755854726324762e-18,6.288255540528876903e-18,-2.301317884894412178e-17,9.652516641716624018e-17,-3.520286246603687307e-16,1.178449305443088750e-15,-4.684427163643671996e-15,1.884642416830638970e-14,-6.850857903594720502e-14,2.217146677830339575e-13,1.423855635197902293e-13,2.093767157616595341e+03,1.598093249367580029e+03,1.138271003259624877e+03,9.049411573947054421e+02,8.653388876191239660e+02,9.304351036333068805e+02,9.341934174568942808e+02,8.102781816875449294e+02,8.913508693957508058e+02,7.915554797371332825e+02,6.350473203248515119e+02,7.647723892722472101e+02,7.896346306158632160e+02,8.783639768150076179e+02,7.707929909281440359e+02,9.210776788987158170e+02,9.359166664744254831e+02,1.018222519510268171e+03,1.046468428617654354e+03,1.544760573221950381e+03,6.988175392159291732e+02,6.048874125065952967e+02,-2.146300553633778350e+02,5.700517260555040622e+01,-2.626645826574588227e+01,1.052305643498995735e+01,-4.319551599705711009e-01,2.079070502123120612e+00,-1.498257163127953151e-01,4.335176975514508762e-17,-1.687804483965748233e-17,4.644770498745764973e-18,2.635771534616442872e-18,1.400515763022833647e-19,-6.534406677368215736e-20,-7.095178823428092425e-20,5.971619156612461986e-22,1.012263028105482710e-21,-1.198817161930098855e-22,-3.011255918185955136e-22,-1.479974068769972509e-22,-4.056489709264541790e-23,-4.071637522571591753e-24,-1.826677520048618348e-24,-3.572773378300147170e-25,4.561523632401718256e-26,3.668369258612591838e-26,-7.163331446077892745e-27,-1.618505364177963449e-27,-8.251596081409054408e-29,-7.524905320424186620e-28
-1.837182757895692140e-15,1.565068955750296254e+03,9.757613048108145222e+02,7.835290764237953454e+02,7.878270592228583382e+02,8.889248734188163326e+02,9.783450797985019562e+02,8.327065795615849311e+02,8.370652223649590269e+02,8.282616087928979596e+02,7.547279860112956840e+02,7.030707078872982265e+02,8.289211473233010565e+02,7.741484489414210657e+02,8.601955094640771904e+02,9.064838908425853106e+02,9.540336967521965335e+02,7.982914447026981861e+02,9.037367071211098164e+02,6.777326719442340845e+02,6.396108120779638284e+02,6.131967952152924681e+02,7.290172113481411316e+02,5.864428135988783879e+02,6.515478335331923745e+02,7.534146291306650483e+02,6.778539654260169982e+02,8.602543312365389738e+02,8.608173006768043933e+02,8.820876113098494216e+02,9.902688343430671694e+02,8.725036419051186840e+02,9.737523422834292433e+02,8.746492103131193971e+02,9.664068203454637569e+02,1.291564619717127925e+03,1.438562931525809290e+03,1.242143405603717611e+03,9.095467995760581061e+02,9.674861595986084239e+02,8.406674822706136183e+02,9.447917702983887693e+02,9.572411862694896172e+02,8.630739988431976144e+02,9.985398288642780926e+02,8.343515896875682074e+02,6.301657036075500855e+02,7.178546981937641931e+02,7.002264300172195135e+02,5.680649442028468457e+02,8.829989241770082344e+02,9.867213705198689695e+02,1.017728349250537121e+03,8.488230805165126185e+02,5.985152684117326771e+02,8.161856963831608027e+02,1.042883645478576227e+03,1.010134387844170988e+03,8.990931534023651466e+02,1.023735974697646384e+03,8.211447310414436060e+02,6.767790471075626328e+02,7.008142138851495702e+02,7.406844590647631321e+02,7.520522401790751701e+02,7.569414507854460226e+02,8.552479395489596072e+02,7.972337552836589794e+02,8.095277715265644929e+02,7.562642637193250721e+02,1.054275592699944355e+03,8.128008943215281761e+02,6.911740448457796901e+02,8.068463241353412059e+02,8.343972127884106840e+02,8.196262131197622693e+02,8.430972541249925598e+02,6.778803583224803333e+02,7.055528143372488330e+02,7.225479967032488275e+02,7.774624143204838447e+02,9.149931503563402657e+02,1.131353223229629521e+03,8.433599526922654377e+02,1.097424823302296090e+03,1.014609606113168184e+03,6.732293174867031667e+02,6.538243360372058532e+02,9.843761583398637640e+02,9.126032529617766613e+02,1.166922931244356960e+03,1.057188574940300896e+03,1.075243339757535523e+03,9.905193394784048451e+02,8.241233519327875001e+02,9.419724988987586585e+02,9.459113448148976886e+02,1.052043459206218131e+03,9.571140462797829969e+02,1.074712297923554843e+03,1.208869048014014197e+03,8.435005886603124736e+02,9.581430656329996509e+02,8.955044695109988879e+02,1.130407891673189397e+03,7.206579609832696178e+02,-6.739543815679689942e+01,-9.684463628061249096e+01,-1.024344762019048147e+02,2.871770183373758556e+01,-6.803576787666844261e+00,-7.210898458207439354e+00,-7.586547597013549193e+00,2.072281011132738993e+00,1.807392418658597899e+00,1.624001545291732018e+00,1.818320102577002162e+00,1.946698259325350122e+00,-6.477004388305245275e-01,-6.113499676818552331e-01,-7.845379314551865768e-01,-4.800833982470707750e-02,-3.508569430345233331e-02,-4.173635192657754872e-02,-3.984086207275262803e-02,1.476483292072171792e-02,-3.090926681047700356e-03,-3.448447843747865296e-03,-4.051744838838217122e-03,-2.836052111655681159e-03,9.145288439928846505e-04,1.126638624047801834e-03,1.336824455273679562e-03,-2.741890248294995541e-04,1.258655002399988211e-03,5.581996853405256901e-05,1.486470108066097456e-04,-2.692109839558354286e-05,3.837048630389196682e-06,5.629831590623269188e-06,3.682597589549228601e-06,3.696121784901092600e-06,4.047406318138252546e-06,2.787417327625259551e-07,-1.570748647578858950e-06,-4.755894548161831348e-06,7.788617768387717401e-07,7.116170021117251738e-07,-1.217557412495991776e-07,-1.078562794441605618e-07,2.147528997398399037e-08,-6.241883686345060334e-09,-6.471009407948128890e-09,-7.965141619358606469e-09,-7.587093022065838828e-09,1.963244637437239703e-09,9.872904831066235919e-11,5.093294455234988549e-13,-1.713268539135600212e-12,6.526916226903538543e-13,3.445996591981230680e-13,-1.683313377710521681e-13,-1.707069694955905125e-13,-2.821618533192734852e-13,-5.234989024899326035e-13,8.279759100887177852e-14,7.339974860938222828e-14,8.187359332170764941e-14,6.469456098692075487e-14,-7.960835098177410534e-15,2.890232703580720050e-15,-7.064861643217408137e-16,1.827498816542971878e-16,1.071968955045349872e-16,1.092888302280500723e-18,5.531451901633460545e-28,-1.814432721789432465e-27,7.889454776636344075e-27,-2.442804160537676665e-26,1.147286281445085173e-25,-3.722737445433073873e-25,1.661082579196729259e-24,-5.070261693019226971e-24,1.898589467870686055e-23,-7.908373083625056974e-23,2.970388359365880477e-22,-1.082808628461543063e-21,3.712836009932732482e-21,-1.451465232379221971e-20,5.165412757198859280e-20,-2.017434751840802330e-19,7.904187009161824277e-19,-2.875122154636812416e-18,1.104507144827014331e-17,-3.715300813100318017e-17,1.520478363420021067e-16,-5.538266277487978393e-16,2.002109672125006850e-15,-7.602930917947246368e-15,2.885804001820398365e-14,-1.022191334335596988e-13,4.139635626939489350e-13,1.779389107599143841e-13,3.127825776029475492e+03,1.425336437279642269e+03,1.339135736399747202e+03,8.451241659023238526e+02,8.571417651937551909e+02,9.609173399395219803e+02,9.026173835106641263e+02,7.660722056999958340e+02,9.163411656957568994e+02,1.010438430570349738e+03,8.220428422183568955e+02,8.745714651411133218e+02,8.599625304979794009e+02,9.659722562467682110e+02,8.862430790823481175e+02,1.013193637386756222e+03,1.243197481464701241e+03,1.240967443575636253e+03,1.133360803722953506e+03,1.116762910286177885e+03,1.098186938422286403e+03,9.566124023601244062e+02,9.856505671924298895e+02,-1.981093254056283683e+02,9.128347639307608574e+01,-3.657063940436572835e+01,1.501168077138996138e+00,-7.225366327655817322e+00,5.206873381917063170e-01,-2.085352863016280306e-16,-1.153226539030291142e-16,4.342608442141925974e-18,1.078236546662686617e-17,2.767147858897670306e-18,-5.849323525890846979e-20,1.180382070439236586e-19,5.559665986209622315e-20,9.399760723717500854e-21,1.367401186169957137e-22,1.845869443639993237e-22,-1.587494856020710419e-22,1.365963461628622297e-23,-5.076893720073509623e-24,7.284290054252103046e-25,1.103352538539101879e-24,3.127084314259064586e-26,7.857408020967501477e-26,3.803553722990981208e-27,-1.497880078022332739e-27,-7.402850910820466117e-28,1.328820370433543983e-27
-1.170494942753292618e-14,1.145036906074935814e+03,8.059584158269283307e+02,7.069888464977485683e+02,7.256180539769204643e+02,7.261324817663070235e+02,9.650099280185494308e+02,9.039088182219242071e+02,8.307210762116312708e+02,7.214265555781050807e+02,4.649319342364755698e+02,8.631673877287348660e+02,3.977505857324262024e+02,4.700360866323229061e+02,5.091098305480208523e+02,7.459767603657797963e+02,6.351920782818376665e+02,5.062062973514185842e+02,5.692159738612652973e+02,8.057362972903317768e+02,7.053240521446034563e+02,5.688207380979378058e+02,6.883400285887946666e+02,6.847140321841003470e+02,8.004792873957894699e+02,8.734172895852010470e+02,7.036858536357375442e+02,8.717519477453706713e+02,8.521836129121343220e+02,7.440175062816319951e+02,9.338351712252207335e+02,7.342824541702885881e+02,7.506342538231943990e+02,8.045693055451885130e+02,1.130722452090304159e+03,1.220799716106803544e+03,1.209808436299705590e+03,1.064779704566805322e+03,7.901175343802206044e+02,9.236172673850966248e+02,9.334919739053013927e+02,9.242598563168363626e+02,8.493939219019823668e+02,8.486563076450933067e+02,8.494517467213480586e+02,7.009240828983636220e+02,6.528599076039522515e+02,6.784436884954567404e+02,6.466079377669844916e+02,6.012834359630121526e+02,7.350254017754787128e+02,8.836658566778545492e+02,9.290888150881050933e+02,7.547336490364427846e+02,6.580184817140001314e+02,7.832482886283254402e+02,9.939073613929457451e+02,7.685609788632802974e+02,7.478094891478787076e+02,8.059964659921981820e+02,5.981600536800350483e+02,6.871537921386179733e+02,7.590584799852055085e+02,6.651975736398635490e+02,6.332489473044174701e+02,6.486980190852776786e+02,8.369983987432643744e+02,7.855973509555843748e+02,8.569592380293859151e+02,9.046169750777556828e+02,9.012699850226391618e+02,7.930865729904061254e+02,7.345856537742289447e+02,7.685924024832386294e+02,7.339268963026875099e+02,8.148237099703163722e+02,7.729359215299997459e+02,7.384191158073607539e+02,7.688013229231818286e+02,7.632330516308297774e+02,7.747159717387796718e+02,9.069251293609402182e+02,9.389297472479196358e+02,7.730042445830372344e+02,9.700392013109427580e+02,9.710322025814347171e+02,7.275318081629567359e+02,7.662743770848451277e+02,8.970472321924784183e+02,8.420250475181536558e+02,1.351168354329520980e+03,1.391694597730698661e+03,1.092623966567492062e+03,9.555830183212399334e+02,6.528869435284564133e+02,8.333926802953454853e+02,1.052159929529271949e+03,9.422229467837660195e+02,9.765900978475447118e+02,9.396593942396649481e+02,1.154743768530631314e+03,9.366005503983344624e+02,9.083183621298684329e+02,6.943612931463256928e+02,9.260241692972283545e+02,1.437812777704297559e+03,2.371171647341251116e+02,3.412622980855532546e+02,3.583029808410164492e+02,-8.572404645853546867e+01,2.030908099843097503e+01,2.152496038916860144e+01,2.264629539060984342e+01,-6.185881958868550967e+00,-5.395173769924522134e+00,-4.847741115334330608e+00,-5.427793555773993361e+00,-5.811009982250981309e+00,1.933424298050640422e+00,1.824915981626886063e+00,2.341892344795428293e+00,1.433077471643458556e-01,1.047328823842610529e-01,1.245854905896580239e-01,1.189273407407700628e-01,-4.407390363533601058e-02,9.226599814292118368e-03,1.029382172984294463e-02,1.209469910975439870e-02,8.465784079309018190e-03,-2.729922943138010042e-03,-3.363083240748458713e-03,-3.990500436777896093e-03,8.184705321820475235e-04,-3.757159974906038209e-03,-1.666259230502050619e-04,-4.437201602719536815e-04,8.036107843652787403e-05,-1.145381816969491565e-05,-1.680538183808798263e-05,-1.099277263488190832e-05,-1.103314316165210827e-05,-1.208174836765817731e-05,-8.320606358965561857e-07,4.688778051227753613e-06,1.419662783459783555e-05,-2.324948685972709202e-06,-2.124219037543010217e-06,3.634481226910781995e-07,3.219574032575939508e-07,-6.410501669313858413e-08,1.863239371363642886e-08,1.931634760790218280e-08,2.377642104440795135e-08,2.264792351680159580e-08,-5.860401904146272530e-09,-2.947120759589251501e-10,-1.520378660644406760e-12,5.114208396448513935e-12,-1.948323278462097200e-12,-1.028650459765940206e-12,5.024790459576643249e-13,5.095704478219818250e-13,8.422698989914197974e-13,1.562675331677076917e-12,-2.471557292220684184e-13,-2.191026112139485046e-13,-2.443975412193992378e-13,-1.931171088747096762e-13,2.376356582277671434e-14,-8.627516365765064209e-15,2.108903181851421274e-15,-5.455192562387187697e-16,-3.199891030152755251e-16,-3.262336525193366032e-18,1.737192956697632962e-28,-5.377560367976782353e-28,2.424243858135229303e-27,-7.546196059792575445e-27,3.927790959726184161e-26,-1.091473649893510459e-25,4.118518345651759800e-25,-1.596951224619796175e-24,6.580283626185721767e-24,-2.291674517408070717e-23,9.772220404431138686e-23,-3.216434943516597229e-22,1.060070091745477914e-21,-4.168135224891559331e-21,1.889555065904372437e-20,-6.572141043569341147e-20,2.294813431395498010e-19,-8.099449589883967028e-19,3.342388347696925992e-18,-1.418675872347481745e-17,4.429565423142960142e-17,-1.686879196077924988e-16,6.110759103665619775e-16,-2.186169042628401271e-15,9.020260796805688631e-15,-3.444998565690693350e-14,1.132365594860698491e-13,1.474344316847455536e-13,1.119073793401672447e+03,1.238748544469420949e+03,1.189599550994038282e+03,8.320405323921552281e+02,6.699001332701516276e+02,7.332058329393212261e+02,7.333240779580144135e+02,7.435849257809029496e+02,9.282953457859426862e+02,1.160806467235272066e+03,1.021090895786716260e+03,9.095046003553064793e+02,8.869169064875563890e+02,8.767201403594593785e+02,8.937764316869171353e+02,1.089818485305717104e+03,1.328106892972129572e+03,1.219779490182932932e+03,1.127638370984480389e+03,9.227374054023057397e+02,8.586010508049057535e+02,7.374768128974168349e+02,2.062931912179667961e+03,6.851896983942075394e+02,-2.724866013485675467e+02,1.091655317500098192e+02,-4.481075913795856458e+00,2.156814783919260492e+01,-1.554282645175992794e+00,2.591375282984155962e-16,-2.988905540992923841e-16,-4.195935235216531664e-17,-3.463323988016694720e-19,-3.980742881620274402e-18,2.773218811215759066e-19,8.132882887830528975e-20,1.866147017623226018e-20,-8.590976760986060918e-21,-1.055558449717132250e-20,9.721703282012022678e-23,4.456898071676606886e-22,3.577403718204904325e-23,2.291410708710709513e-23,7.399974315666088686e-24,3.307762300486777853e-24,3.489910031165214970e-25,-2.123940807313464335e-25,-9.112346797931227496e-26,-1.340719639742493700e-26,-8.020497751273085430e-28,-4.993082417879784921e-27
4.824515753926172762e-14,1.088120715760770054e+03,8.599762809856987360e+02,7.642509147417580380e+02,6.557600618785367033e+02,8.698389727212077105e+02,9.042760118858070655e+02,8.571834629635277452e+02,7.411390548369026874e+02,8.455355644773745780e+02,1.067789902335914348e+03,7.453933550266445991e+02,-5.702612355617885953e+01,-7.048890742898080930e+01,-7.590990635913902906e+01,-1.165305984965313968e+02,-9.647723395074420694e+01,-7.634579075725909547e+01,-8.570981383040475521e+01,6.184494454670475534e+02,8.203009811219857284e+02,5.967109624738666298e+02,7.271854759469033525e+02,8.214918433811683371e+02,8.004652637944941489e+02,7.680668820023372518e+02,6.626067140463177338e+02,8.592592094435449326e+02,8.719965825989772839e+02,7.540047575423266153e+02,8.264818241301508124e+02,9.243919350349032129e+02,8.250216322021092310e+02,1.034252293081987546e+03,1.353949757488237765e+03,1.239464686124412765e+03,1.258805688896081392e+03,1.029948409090026871e+03,7.465937013804465323e+02,8.326055944033372498e+02,9.516381460935643872e+02,1.033992250847340983e+03,9.019619300810302320e+02,7.468269805952686511e+02,8.003422389090477509e+02,6.567682079217479441e+02,7.647063774683552992e+02,7.471540624606925576e+02,8.118176720533749631e+02,8.490846345840433287e+02,6.732103971069647059e+02,7.216339414865162780e+02,7.693266614894835129e+02,7.682251467877185860e+02,6.814194644858956735e+02,5.562725429855972834e+02,8.277033629575399800e+02,7.239330590916754318e+02,6.594796094952089334e+02,5.888417705427888222e+02,5.717056798112002980e+02,7.576062100567037305e+02,8.450872696122554544e+02,7.418374344059459418e+02,6.608089423878036541e+02,5.777265629871092187e+02,8.230709361151326675e+02,7.983646626059123719e+02,8.735566901900818948e+02,9.482953327279010409e+02,7.359266348130364577e+02,7.270324870546285183e+02,7.514702084677167022e+02,7.508772018082240720e+02,6.786536501615979660e+02,6.949172752169235991e+02,7.718796609591707920e+02,7.561198364036533803e+02,7.740907268983597760e+02,7.344599569277357887e+02,6.743113863348801260e+02,8.792442824562974693e+02,7.743205616443283361e+02,7.064583251892375984e+02,8.357776268313265291e+02,8.066534062142117136e+02,7.011803524574581843e+02,7.820114698173684928e+02,8.147159846853362524e+02,1.128437460466345101e+03,2.007783190633875392e+03,2.241247444893869215e+03,1.267451872038438069e+03,9.202933871870636722e+02,8.765316048804892262e+02,8.126201977005434856e+02,9.502460328189018810e+02,8.015361853496109461e+02,1.051395465037187705e+03,8.712629136061707413e+02,1.079945079731545775e+03,9.726100519077682520e+02,8.650636325983687129e+02,8.259979272527248213e+02,9.486777636535266538e+02,9.749253699708052636e+02,7.775634878291367613e+02,1.133951267712757044e+03,1.103485124292138607e+03,2.270205570900633347e+02,-5.012991764082102009e+01,-5.313113338876938485e+01,-5.589898050476455182e+01,1.526892098947652521e+01,1.331717652635927962e+01,1.196592119921659148e+01,1.339769357083912205e+01,1.434360579106145295e+01,-4.772367633647670360e+00,-4.504531143848494068e+00,-5.780609687722166434e+00,-3.537336604839634857e-01,-2.585173976416972330e-01,-3.075205807187118001e-01,-2.935542872194591979e-01,1.087898147395035126e-01,-2.277447654234146870e-02,-2.540875362928473810e-02,-2.985394909347902775e-02,-2.089651711436488202e-02,6.738404968490156050e-03,8.301266112975314720e-03,9.849951273363440410e-03,-2.020271639711065503e-03,9.273985372355358567e-03,4.112910771283978962e-04,1.095256604261092949e-03,-1.983592582974053585e-04,2.827203070213308274e-05,4.148156223962014093e-05,2.713400901170642836e-05,2.723365759660611025e-05,2.982198213078277561e-05,2.053816770580907675e-06,-1.157354473904043481e-05,-3.504224460874223859e-05,5.738786809504147145e-06,5.243315805935396165e-06,-8.971171299490307923e-07,-7.947035176236046497e-07,1.582336102474931282e-07,-4.599126678297795016e-08,-4.767950429566055088e-08,-5.868852602644795998e-08,-5.590299928985421535e-08,1.446552233553357003e-08,7.274525172614976715e-10,3.752826484212563987e-12,-1.262365568051913512e-11,4.809143530155042749e-12,2.539069238693929765e-12,-1.240294092679135432e-12,-1.257798153618362745e-12,-2.079016803913706044e-12,-3.857229467072718854e-12,6.100668145110335104e-13,5.408219040483735791e-13,6.032586414862490226e-13,4.766805924734160420e-13,-5.865679484168002352e-14,2.129572898419440540e-14,-5.205510915380410311e-15,1.346532390551867540e-15,7.898450639571400895e-16,8.052587969669168225e-18,-5.544156533577828839e-29,2.709570582806702814e-28,-1.026821271928104870e-27,2.864574653715903794e-27,-1.333473199318171460e-26,4.300048788772078243e-26,-2.273178398345599761e-25,6.385109508951085706e-25,-2.294439464616988689e-24,9.986737248893743859e-24,-2.989940784960311248e-23,1.056765355817066750e-22,-5.251410922015029643e-22,1.554905295528521352e-21,-7.838687334014884248e-21,2.212278077542636635e-20,-9.208159029133576003e-20,3.347901422979099979e-19,-1.447051546346223730e-18,4.368777119238052874e-18,-1.524222211379080870e-17,6.061250640706880572e-17,-2.823047556345349161e-16,8.984850308727280996e-16,-4.109730139550113217e-15,1.337680167191565291e-14,-5.449799724835330075e-14,8.880206681792554939e-14,-1.475777930366493251e+02,9.589347326806121146e+02,9.734521377391560009e+02,7.963489189449232981e+02,7.462114689858705106e+02,7.027075832663947494e+02,7.240819711253004698e+02,1.061292696475355569e+03,1.467234793364638563e+03,1.597886469281109157e+03,1.291584066669449840e+03,1.121203495840939240e+03,1.126974131183600093e+03,9.961068773749328784e+02,8.768478138790612775e+02,9.851416366646944880e+02,1.278757252692693555e+03,1.281705779237905745e+03,1.007465778287615649e+03,9.357605305387953649e+02,9.485810607403709582e+02,7.838146379451619623e+02,1.343664470002611779e+03,1.849058673097754081e+03,7.175669758867198880e+02,-2.694587271707277409e+02,1.106086319308141874e+01,-5.323773512584392620e+01,3.836513380356767033e+00,-4.727982341981963658e-15,-1.059345104202695168e-15,1.065636478481848345e-16,-1.808131198483819486e-17,7.801539329293377860e-18,-2.662294367850198024e-18,-1.294352969966113842e-18,-3.646548793904993048e-19,-9.983447882437238384e-20,-7.018945550238016336e-21,9.907983560959739217e-21,3.706857642377397113e-21,7.549836259647736303e-22,-8.701336927333826461e-23,-7.712105738015597586e-24,6.967891355010379356e-24,2.445835495399789588e-24,-3.255589463231463149e-25,-3.368158851195711811e-25,-2.000990693044264001e-26,-8.599261449696120997e-27,1.432019696951618523e-26
1.194085464588678575e-13,9.107878487576529096e+02,8.706555852606713870e+02,7.682325043636595865e+02,8.464442128032675328e+02,9.230739624854610383e+02,7.107933526918254756e+02,7.948827114789331745e+02,7.466457536350596911e+02,7.635659123215129966e+02,1.877802949214408045e+03,-6.052808668836241424e+01,9.784047972263115511e+00,1.209387608957796978e+01,1.302396403670052472e+01,1.999331049633968505e+01,1.655552844342703978e+01,1.309823930607429254e+01,1.470474799388134812e+01,-4.914840455825697063e+01,1.270325845009743261e+03,8.741557558275966358e+02,7.567696239152147655e+02,9.108657489041700046e+02,9.179727965061823625e+02,9.001427709027452693e+02,7.152326199938663649e+02,6.579568512095455617e+02,7.051966722030208530e+02,8.323019105886443185e+02,7.825212464287941430e+02,8.837275830959466703e+02,8.404985642122219360e+02,9.731025176895407185e+02,1.274971773836710099e+03,1.276962506613918777e+03,1.478374989145311929e+03,1.288789331425989076e+03,9.008161144046127902e+02,1.010864293764444255e+03,8.981269484336437472e+02,9.223528311607295791e+02,1.024824130214871275e+03,7.861347993176879072e+02,8.530064125797571251e+02,7.786506917793601588e+02,7.560274514934624221e+02,7.874015205753700002e+02,8.530755562625174662e+02,8.148772298742621842e+02,8.199186105468032792e+02,7.584635770384726356e+02,6.418569440884739379e+02,7.042799922961800121e+02,6.010763440023039266e+02,5.702146681778382344e+02,6.790279314654653717e+02,7.253318969193979910e+02,7.619928474323014598e+02,6.230850305947863035e+02,7.077868350533813100e+02,7.551016866131615188e+02,8.164035413696319665e+02,8.047536183805659675e+02,7.605677513346523710e+02,7.595870595583720615e+02,7.588973975614939036e+02,7.451586085992556718e+02,9.270338315407520895e+02,7.792118825610607473e+02,7.248944471502749138e+02,7.711778234848957254e+02,7.587969433737990812e+02,7.554477764329458296e+02,7.771439412346082918e+02,6.383179295358531817e+02,7.432478819572050952e+02,7.053420835115010732e+02,6.543656831676603360e+02,7.668244755236837591e+02,7.366537073795083188e+02,8.505973664049323588e+02,8.587261528007521747e+02,6.545921853894659534e+02,7.714457890364753894e+02,7.535069625964257511e+02,6.162516951841378159e+02,6.877408986781579188e+02,7.807280032176370241e+02,1.420037589067536828e+03,2.480880202626472510e+03,2.641854946280877812e+03,1.220626796920971174e+03,8.909069473447676728e+02,1.103748778060072709e+03,8.968931696984234350e+02,9.375713539783026818e+02,8.784637052706623308e+02,1.039546196348345120e+03,9.873938191697808406e+02,9.234096710637243177e+02,9.791529195456957950e+02,8.604039857585397613e+02,1.029818098416957355e+03,9.746593108393992679e+02,9.332436910721470440e+02,9.213026793565285288e+02,1.110200161807034874e+03,1.010708748467572605e+03,1.061110837259954451e+03,8.746460207931075104e+01,9.265532247680417299e+01,9.743486514946616239e+01,-2.610412511568744520e+01,-2.276737449040249572e+01,-2.045723494961356792e+01,-2.290502842184242382e+01,-2.452218335781725855e+01,8.158957787040529652e+00,7.701057897121460272e+00,9.882673349168188182e+00,6.047518182370278383e-01,4.419677393885141359e-01,5.257447936408069511e-01,5.018676727127350246e-01,-1.859897590163525349e-01,3.893580859546733053e-02,4.343943388204452721e-02,5.103905003311297317e-02,3.572520269188889097e-02,-1.152014385946911745e-02,-1.419204994125477723e-02,-1.683972040987813390e-02,3.453906381927052127e-03,-1.585503485464819992e-02,-7.031534018497663345e-04,-1.872477790088740955e-03,3.391198958995972693e-04,-4.833456321056901794e-05,-7.091790516458395090e-05,-4.638897317105441956e-05,-4.655933485735923392e-05,-5.098439852274327358e-05,-3.511255967654297580e-06,1.978641844490124685e-05,5.990908841768092407e-05,-9.811171921761908122e-06,-8.964102434843480922e-06,1.533733642328500010e-06,1.358644796722779013e-06,-2.705200951825145205e-07,7.862780763350970130e-08,8.151406025649703856e-08,1.003353561987486304e-07,9.557315076882660012e-08,-2.473061489877327417e-08,-1.243670822542322904e-09,-6.415925011916750482e-12,2.158171409287816120e-11,-8.221830769639038773e-12,-4.340855593524950555e-12,2.120437468885873860e-12,2.150362844562725514e-12,3.554338568153184504e-12,6.594414934609916962e-12,-1.042985320698219466e-12,-9.246025084754245775e-13,-1.031345899643467686e-12,-8.149449351871117082e-13,1.002811077801591502e-13,-3.640770518206999566e-14,8.899470258561218075e-15,-2.302065091535771420e-15,-1.350338664124056159e-15,-1.376690363449893942e-17,1.693412852784416388e-29,-7.070673212951719371e-29,2.855896707174617579e-28,-9.782951929880807892e-28,5.731631046879028510e-27,-1.143192426702672505e-26,5.635861891732210143e-26,-2.196949716943365105e-25,8.822863442354360270e-25,-3.027429476187275085e-24,1.218385914377810275e-23,-4.287386336929398259e-23,1.514372226428051487e-22,-7.245629875619012110e-22,1.734061314504328695e-21,-9.383402931713429717e-21,2.530635075180795572e-20,-1.033249213389795249e-19,4.013738081927679043e-19,-1.370403748574845104e-18,6.280275114129141989e-18,-2.658804532300681541e-17,7.852931723037949913e-17,-2.688030192006131246e-16,9.230247744788391282e-16,-5.751403403692866665e-15,1.571376843867827620e-14,-5.085356401413851539e-14,2.532011914223323501e+01,-7.676028200819983738e+01,1.088385876606153943e+03,8.104079596808331871e+02,7.756726917210902457e+02,7.931249589937128803e+02,9.757236957867248748e+02,1.507153445065963751e+03,1.796934807187768001e+03,1.876117766991474809e+03,1.449726179583653447e+03,1.641653838531442716e+03,1.439691038414119930e+03,1.329503280952947307e+03,1.050845757431769016e+03,1.162704408492008497e+03,1.353947534867861123e+03,1.063691004707975935e+03,8.075839477173320802e+02,9.436999184991906304e+02,9.601998816392776916e+02,8.376871251457296239e+02,8.900222544492713723e+02,1.057704350461717922e+03,2.996864640344649615e+03,4.683640374931368910e+02,-1.890992538887948626e+01,9.101654920859634501e+01,-6.558998200191494377e+00,-7.138198289124993335e-15,-2.998922664907457288e-15,-2.506701133307584598e-16,-7.749071531172208192e-17,-6.587720748878957285e-18,-4.050070382225845852e-18,-1.146607712782423989e-18,1.285879735950989645e-20,-4.297505996937833776e-20,-2.328239937848470244e-20,2.101736449758930408e-20,3.590754101904530012e-21,-4.216602671850896248e-22,-3.849958382105359063e-22,-3.555811958790973607e-23,2.866458939144415462e-23,1.525637939044925312e-24,4.405414677313301260e-25,-8.288801921856596425e-25,-3.683882879152304751e-26,3.460064378201805423e-26,-1.164622491583735549e-26
1.449564930873321169e-13,1.216471420046201501e+03,8.156709225026677359e+02,7.872485962017526617e+02,8.146166355403080388e+02,8.038006645102015000e+02,6.534888396693935420e+02,7.575827972569295525e+02,9.373883887301439017e+02,1.740046919367958411e+00,4.765296412034863316e+00,-5.369303455566063477e-01,8.679196328972374475e-02,1.072819289126634851e-01,1.155325130127294597e-01,1.773559455205930002e-01,1.470922385808844379e-01,1.161491332165618118e-01,1.303926968685803489e-01,-4.360255787378383152e-01,1.859628475005572227e+03,1.336583813489004115e+03,8.282347209873066731e+02,9.592195741403841112e+02,1.209765775883632159e+03,1.169975233632768550e+03,9.965486976504564609e+02,7.590225944681953933e+02,6.685143897979700114e+02,7.606138437684423934e+02,7.474169724416144618e+02,8.326018763460297123e+02,9.627434520329559291e+02,9.795410295092332262e+02,1.283513323078311714e+03,1.340686369165189490e+03,1.437305249255488206e+03,1.546027456478405156e+03,1.200270560868556686e+03,1.198864449549621213e+03,9.084343458837712433e+02,7.842056852373505080e+02,6.491429510504622158e+02,7.360599201284244373e+02,8.800647276930409362e+02,8.501553558384308644e+02,7.839357805141111157e+02,8.781196781684506050e+02,7.392791849648740481e+02,7.105638293697514882e+02,7.889443514000635105e+02,8.780322653117870004e+02,8.087693094025026994e+02,6.894324384071435361e+02,6.129477433461524924e+02,7.624804983229902291e+02,7.580788820748808803e+02,7.213891751915175519e+02,7.483533855594122315e+02,6.349068294617242145e+02,7.563700058805238768e+02,7.266752587271579387e+02,8.052889414194343090e+02,7.680525666361138519e+02,8.302406994903089981e+02,7.864430260053702568e+02,6.684105138043084935e+02,6.801146341236619719e+02,8.159287158966080824e+02,7.004042995043312203e+02,7.643203993365825681e+02,8.284367949849512343e+02,7.708279222684473098e+02,7.051452544785910277e+02,8.360107991841603052e+02,7.194755854769587131e+02,6.983143405505589953e+02,7.375571782742101732e+02,5.394460682171120425e+02,7.772112019448762794e+02,9.276939808900780235e+02,8.459525214155138428e+02,7.955572619552966671e+02,6.033266844699134026e+02,6.765325828850969856e+02,7.723872153911775058e+02,6.030334851150886379e+02,7.454574184302364301e+02,9.201361916509853245e+02,1.265149038548562203e+03,1.498299283806421954e+03,1.658720534127171049e+03,1.021082500986523655e+03,7.490408900911813816e+02,9.512488497927331537e+02,8.676912119988878658e+02,8.738381521059217221e+02,1.202864218093432555e+03,9.380935293546056073e+02,1.167590594851850710e+03,8.782550710129590925e+02,8.513073873017677897e+02,8.522282152906626607e+02,1.043760657855777254e+03,9.643767724796355196e+02,8.974742933465619217e+02,1.257881014014365064e+03,9.854313814615038609e+02,1.125577655412713511e+03,8.633665708729308790e+02,9.633658203018947006e+02,9.962427793913849428e+02,1.022460177256199472e+03,-2.177466944070195254e+00,-1.899132996659068429e+00,-1.706433472581362798e+00,-1.910615353723381205e+00,-2.045509796686682424e+00,6.805767594435625512e-01,6.423811919011679361e-01,8.243599217168824378e-01,5.044517246762296458e-02,3.686659248677728873e-02,4.385482769854750357e-02,4.186312557062640133e-02,-1.551427410031447351e-02,3.247817568355044517e-03,3.623485978866505287e-03,4.257405441144535528e-03,2.980005941093494780e-03,-9.609489815788671129e-04,-1.183825141762852437e-03,-1.404679696308090437e-03,2.881064560190599116e-04,-1.322542477101770102e-03,-5.865330794857320594e-05,-1.561921142100800442e-04,2.828757371202727229e-05,-4.031811569268533184e-06,-5.915593552904758310e-06,-3.869520821007075270e-06,-3.883731484602313316e-06,-4.252846703521969522e-06,-2.928902527034983291e-07,1.650477536189128430e-06,4.997296752936578377e-06,-8.183956538496212452e-07,-7.477376333673958696e-07,1.279358834045545168e-07,1.133309053831807485e-07,-2.256534407324831665e-08,6.558712511831362369e-09,6.799468317702854355e-09,8.369440480232132179e-09,7.972202692772304533e-09,-2.062896044588899136e-09,-1.037403894360646293e-10,-5.351822582442627215e-13,1.800231527599473404e-12,-6.858212884470757934e-13,-3.620910305168233998e-13,1.768755886284284946e-13,1.793718039214359923e-13,2.964839735439378455e-13,5.500709359903695667e-13,-8.700027481886033529e-14,-7.712541177638286246e-14,-8.602937636957256118e-14,-6.797836164755787060e-14,8.364915366376699047e-15,-3.036936660089735897e-15,7.423463618057244908e-16,-1.920259965695655978e-16,-1.126380520855980029e-16,-1.148361703513669063e-18,4.476186670481714109e-29,-1.658619991844133883e-28,6.123752427910682559e-28,-2.252084535771019208e-27,8.244501606490574489e-27,-3.486586392079114942e-26,1.215254312733182258e-25,-4.673917325114081904e-25,1.592945133918621479e-24,-6.524774262577849586e-24,2.264499553814846110e-23,-9.356778493437581162e-23,3.210204615348928114e-22,-1.233527453057952802e-21,4.745438248705403015e-21,-1.658355523928899516e-20,6.709449686560353284e-20,-2.314656414890219822e-19,8.350511465673639024e-19,-3.420447069370016056e-18,1.230463604466994916e-17,-4.558125667481267971e-17,1.752245610825112048e-16,-6.466433702753481288e-16,2.265632148036829416e-15,-9.581619397728384098e-15,3.339631018377633404e-14,-1.275582667940990783e-13,2.246088089926326636e-01,-6.809223693976601544e-01,3.587206990768392188e+03,1.353949309354208708e+03,8.938269721762962945e+02,1.000273803994941431e+03,1.222823122447003925e+03,1.364548885681912680e+03,1.222916785439545265e+03,1.884488166307302436e+03,1.923463787751241398e+03,2.082119528328516481e+03,1.746814265411384440e+03,1.529592096840049180e+03,1.249216742226820998e+03,1.802985879404376419e+03,1.214211739955491339e+03,8.498228982385766130e+02,8.091164804621773783e+02,7.553410710005603050e+02,7.808735850555416391e+02,8.319984206303626024e+02,8.295766823265059884e+02,9.319796805969938305e+02,1.277566556123283362e+03,4.213863383408199297e+03,-1.577365158443071458e+00,7.592115283953904559e+00,-5.471166608279998123e-01,9.818839138887324488e-15,1.113068685344958027e-15,2.728077423223933923e-16,1.614639461578162603e-17,7.894031344891383084e-17,-9.249081879750811326e-18,-1.177984244455617272e-18,3.000714842559233888e-19,4.803361744061116561e-21,-8.889196957899818692e-20,-8.377453063891729211e-21,8.475850428861703640e-21,-4.561883207011153463e-21,-7.507561264833273389e-23,2.299742273075290903e-22,-7.714516678119591023e-24,1.098771499341831201e-23,9.258590394862863649e-24,2.645916849132257569e-25,1.132734018950671896e-25,5.779653177496886114e-26,-6.011619342983934794e-26
1.284762415831028710e-13,9.195669265721545571e+02,9.337142344308026622e+02,9.511038911875548365e+02,7.926006681652636416e+02,7.765603756448588229e+02,7.484649693823671441e+02,9.406216571837921947e+02,9.824012350715648267e+01,-2.184027485523286671e+01,-5.981163782789184324e+01,6.739374360921055462e+00,-1.089382851670174901e+00,-1.346569355068372609e+00,-1.450127261480032681e+00,-2.226115736460539729e+00,-1.873764116119174039e+00,-1.452857240017738416e+00,-1.630761125838365855e+00,5.477794468979111819e+00,1.986300846660334400e+02,1.441701756433812989e+02,8.525848463306526526e+01,1.020064826797525939e+03,1.199137174985660749e+03,1.377910080078237797e+03,1.370434404047625549e+03,1.014655492889675656e+03,8.978349919218546802e+02,7.994069426533511660e+02,7.262131072994807255e+02,7.798444908849727426e+02,8.875013305201525782e+02,9.422271123781499682e+02,1.026554524869236502e+03,1.059352755792188418e+03,1.248116494791946934e+03,1.260009655462893534e+03,1.041032524906101116e+03,8.326247975770552330e+02,7.046857775087879645e+02,8.076001320346422290e+02,6.484349770270904401e+02,8.041892012713599343e+02,8.852759000381050782e+02,8.308466294122061981e+02,8.249774730606600315e+02,8.604757695098668364e+02,6.772065903549961376e+02,6.381546186372775082e+02,7.515189321847980182e+02,9.111256772228267664e+02,9.674196933229567321e+02,6.981441255810000257e+02,5.555570720352911849e+02,7.028537570397199943e+02,7.396534298331638411e+02,7.512618339147890083e+02,7.312402441989887620e+02,6.678383754308979405e+02,7.980709585468533760e+02,7.192153847377103375e+02,7.706406230882694217e+02,9.172186209222517164e+02,8.888440521820681397e+02,6.868475848005405169e+02,6.911324735368010579e+02,7.288582449055468260e+02,7.545109717103679259e+02,7.221455237876579076e+02,7.375521413730898530e+02,8.010164537063673151e+02,6.912750766694907725e+02,6.570907244928747559e+02,7.412634616351519981e+02,7.411534254077768082e+02,7.938770647817945019e+02,6.679479937400410563e+02,5.214657510266183635e+02,6.788218694269918387e+02,8.654849037327676342e+02,8.450187724833673428e+02,8.374263496532228146e+02,7.118096779183931631e+02,6.424464192708313703e+02,7.564541319450091805e+02,6.251217695078607903e+02,8.169279065715097659e+02,7.836842214201652723e+02,8.035072115363042258e+02,8.282533547730333794e+02,1.013649893050792571e+03,7.677102160097642809e+02,8.539981334313340540e+02,8.542232488468582687e+02,8.228660812118561125e+02,8.167956675771947630e+02,1.149986873726113799e+03,8.146920135606934537e+02,1.099052351739089772e+03,8.047525676179604943e+02,6.395308021810927812e+02,8.226527464161686112e+02,8.691363914554511894e+02,9.193417585862473516e+02,8.379660845328764935e+02,1.086023136972017937e+03,8.164459407292126798e+02,1.017596591677534889e+03,9.667739964189909188e+02,1.050067137445754724e+03,1.036660686123900632e+03,9.780091877715359487e+02,9.408880449155386714e+02,8.447754241359601792e+02,7.512338224424627242e+02,8.221806693988391999e+02,9.330498304291137401e+02,-8.064359613348341327e+01,-7.611768795304720925e+01,-9.768089737580842780e+01,-5.977400872003641119e+00,-4.368433911484205900e+00,-5.196491012000890031e+00,-4.960488210269005549e+00,1.838333204138210109e+00,-3.848437147806849090e-01,-4.293577995727593799e-01,-5.044728316213021868e-01,-3.531099060529073741e-01,1.138657476912426636e-01,1.402750171825460357e-01,1.664447405147782000e-01,-3.413860429446072264e-02,1.567120532884061501e-01,6.950007640525533020e-03,1.850767544265069509e-02,-3.351880061102231571e-03,4.777415322619689886e-04,7.009565500889596013e-04,4.585112112475404986e-04,4.601950757049359667e-04,5.039326530292104721e-04,3.470545081463207175e-05,-1.955700690758820309e-04,-5.921447882417637046e-04,9.697417325917227836e-05,8.860169096632950977e-05,-1.515950929722119210e-05,-1.342892133230571300e-05,2.673835785318284306e-06,-7.771616582855181682e-07,-8.056895410056759011e-07,-9.917202851635355565e-07,-9.446503797394255939e-07,2.444387839825783520e-07,1.229251212641453844e-08,6.341536247504877611e-11,-2.133148718993028120e-10,8.126503621795659654e-11,4.290526002157184376e-11,-2.095852280774751401e-11,-2.125430689846320744e-11,-3.513128165304293319e-11,-6.517956687654223719e-11,1.030892537636818777e-11,9.138823024177440126e-12,1.019388068619244452e-11,8.054961422725496719e-12,-9.911840907531950840e-13,3.598557989248733037e-13,-8.796286291287244012e-14,2.275374041151147126e-14,1.334682305208341681e-14,1.360728472540689795e-16,1.055264497387966265e-28,-3.658673008054901208e-28,1.371747819324531563e-27,-5.865808671021271321e-27,2.200313444337579968e-26,-7.632809106557175079e-26,2.836626395044502053e-25,-1.061149744436541188e-24,3.964167512509499720e-24,-1.473735916878132348e-23,5.861710903960643576e-23,-2.058758017293811795e-22,7.688152057875452109e-22,-3.075352993946503602e-21,1.071534232479607663e-20,-3.991174775834586577e-20,1.487198904717738008e-19,-6.105543512923128334e-19,2.078351146094885391e-18,-6.886310471934082722e-18,3.062362732452562519e-17,-1.012154149864233544e-16,4.299660242869226833e-16,-1.504807454050289524e-15,5.132164155994346744e-15,-2.103612840206019309e-14,8.529898732918637925e-14,-2.882885329171084971e-13,-2.819218658536316369e+00,8.546721998285148558e+00,8.429607724086610688e+03,2.339436761260993990e+03,1.208365568204742885e+03,1.163302023171151177e+03,1.704500489804333938e+03,1.325377748596213905e+03,1.306697454558347090e+03,1.845818032844747222e+03,1.961125065521265242e+03,1.812962295578627163e+03,1.917030484468718896e+03,1.806216195635614667e+03,1.469071906290561856e+03,2.077409411143468787e+03,1.428495869860183575e+03,8.288308961737072877e+02,8.818433936684327819e+02,8.120500065428085463e+02,8.268164492694639875e+02,8.607774786901624111e+02,8.362865216782346351e+02,7.509897175884115086e+02,9.470473077079864197e+02,1.697813057657385571e+03,1.485762176595588016e+03,-8.996126744888742905e+02,6.482950588819564075e+01,-1.278370900136496109e-13,-2.003213698433690274e-14,2.574378395343257961e-15,3.532388448812974449e-16,-1.986977033351009228e-16,-4.417060481439975252e-17,1.629236306550084585e-17,2.515151331122564656e-19,6.451223566852277305e-19,4.748120662276211844e-19,-1.354089196044823279e-19,-5.430209926705679740e-20,-6.948169436740953926e-21,7.796140776077853452e-22,5.209906760977023161e-22,-1.807547481617927858e-23,7.914921296286095363e-24,-1.176501180669685725e-24,1.547371948572557953e-24,7.255788859660836844e-25,1.256552707470415675e-25,6.426973815985574159e-26
1.477854080764384388e-13,1.187247742101255653e+03,9.406082783612991989e+02,7.993841445996315542e+02,8.901312632639272806e+02,8.461453808103557321e+02,8.310914315193164157e+02,2.056102250053933176e+02,-5.466191550485945783e+01,1.240363664733389726e+01,3.396669606375339612e+01,-3.827240043710297801e+00,6.186436050233090622e-01,7.647158420014372737e-01,8.235214269328854364e-01,1.264204807205705716e+00,1.221104929649906135e+00,7.964805460689874383e-01,8.925074349331771906e-01,-3.139013718543814502e+00,-1.105492468412463438e+02,-8.026376743952876325e+01,-5.453818362105020867e+01,9.886239381803274000e+02,1.363438023045067894e+03,1.845496402913025804e+03,1.487898127528524356e+03,1.079781249032240567e+03,9.763768194387172343e+02,1.030125041848338924e+03,8.093195336761884846e+02,8.088872302341393379e+02,1.035208753618557466e+03,8.871364755464094287e+02,9.007733225623095450e+02,7.959448725896920678e+02,9.514343146365838493e+02,1.079817716672650249e+03,8.937340883052484060e+02,6.930838809787267110e+02,7.960575626509993299e+02,9.752365746886180204e+02,8.958429383081549986e+02,1.045646900844709307e+03,9.276115347016173018e+02,7.957475077980162723e+02,7.792395354724773142e+02,7.754201179391401411e+02,6.646490828651114953e+02,6.744554669827749649e+02,7.214055829902766845e+02,7.481467271650702742e+02,7.712034237565421790e+02,8.694475722222840659e+02,5.728147203223355746e+02,5.797919306765138572e+02,7.414041552221927986e+02,7.195739053644728074e+02,8.487161127404860963e+02,7.304908513362900067e+02,8.307738886628491173e+02,7.318032044542028416e+02,6.554935440377081477e+02,8.915232717172923458e+02,8.642283569596985444e+02,7.278211619019332375e+02,6.434457563983841055e+02,7.471311296348605993e+02,6.828764493189714813e+02,6.248477021189022480e+02,7.453801262878060925e+02,6.916808679876905899e+02,5.657015900175802017e+02,6.820537705759419396e+02,7.142695271992364496e+02,7.251965908608143536e+02,9.028815925844826324e+02,6.498918619245157515e+02,5.433862640821806735e+02,6.475730333873516429e+02,8.030754996791831672e+02,8.584804695373197774e+02,8.248215147067364796e+02,7.338057124729315319e+02,6.545096598376079555e+02,7.311952797057532507e+02,6.681753697938487448e+02,7.082300960406367949e+02,6.294517914842430173e+02,7.079331367751251491e+02,7.377992156186563761e+02,6.937322559543214311e+02,6.641101869773284534e+02,8.185549707035987694e+02,1.000481513550342697e+03,8.782777639275063848e+02,9.067287184621735605e+02,1.007702986459464910e+03,8.829375807851548643e+02,8.994765120803962191e+02,8.715593022784237291e+02,6.831817825594449687e+02,8.455866243255364907e+02,8.785936226003243519e+02,9.493874443185360406e+02,7.658160157256032790e+02,8.922677030035673624e+02,7.807267343026117032e+02,8.666624660041456991e+02,8.716015595607016166e+02,9.647217635535434965e+02,1.095548302237961025e+03,1.046811101184436438e+03,9.736639345366745601e+02,9.789480444317616730e+02,8.336386334500625708e+02,8.408450919621793673e+02,1.184196093115118629e+03,9.582016489770824137e+02,9.139670764450754632e+02,1.129496632704302101e+03,3.389533767572989120e+01,2.477155969869466645e+01,2.946712481768432212e+01,2.812885174073756289e+01,-1.042441791157377295e+01,2.182287576857993461e+00,2.434708314175495936e+00,2.860654211117692025e+00,2.002338434145652268e+00,-6.456849808703610805e-01,-7.954408908963561675e-01,-9.438384349494972625e-01,1.935857315105915244e-01,-8.886484406536048208e-01,-3.941058344068387731e-02,-1.049492784831715930e-01,1.900710843265288053e-02,-2.709072204540310339e-03,-3.974831113061343991e-03,-2.600025105583035536e-03,-2.609573595906129143e-03,-2.857591084488539900e-03,-1.968000807943280010e-04,1.108995978777452740e-03,3.357805169866487794e-03,-5.498999345751749137e-04,-5.024230929550735402e-04,8.596323011132471958e-05,7.614979033968333915e-05,-1.516220323406791928e-05,4.406958375436525839e-06,4.568728054044212894e-06,5.623630515217839596e-06,5.356716789188932940e-06,-1.386110000241136955e-06,-6.970568953461573606e-08,-3.596019693088713315e-10,1.209619326043043731e-09,-4.608199956505060476e-10,-2.432977656405148980e-10,1.188470077488669451e-10,1.205242754858975566e-10,1.992147891884516684e-10,3.696060338174497194e-10,-5.845759958019576598e-11,-5.182243904939867778e-11,-5.780522931010565348e-11,-4.567631370802489169e-11,5.620589981215254551e-12,-2.040591568194353731e-12,4.988005665339176878e-13,-1.290269351427261012e-13,-7.568424536615373824e-14,-7.716121446326913126e-16,6.294906704536019955e-29,-2.564992748811340214e-28,8.781468775547646139e-28,-3.646968813874935246e-27,1.267789831391589418e-26,-5.216382133313726036e-26,1.821691657336445624e-25,-6.494517571087394460e-25,2.552558872298713546e-24,-1.040492800954501588e-23,3.511219586211218566e-23,-1.342831560782379789e-22,5.149968243102653869e-22,-1.859116101852304700e-21,6.871836746345772128e-21,-2.644879405118338764e-20,8.703840841722588282e-20,-3.955555247064544334e-19,1.282366662410948939e-18,-5.014702546952141643e-18,1.708068356499450874e-17,-6.877647642049966170e-17,2.760771882888877807e-16,-8.914418080117279712e-16,3.602807631171837390e-15,-1.433857819733667533e-14,4.835304570093504103e-14,-1.938128998903405511e-13,1.601025840744976447e+00,-4.853657850012393915e+00,5.336531371571445561e+03,1.723009976289922179e+03,1.155703643066364066e+03,1.304120544314207791e+03,1.538901630422260951e+03,1.690313350576102721e+03,1.626116014108947866e+03,1.570549022712004898e+03,1.578812375048287777e+03,1.671663182989202596e+03,1.996459829233122946e+03,1.869664113380958952e+03,1.543430131905875896e+03,1.821036704403633394e+03,1.574458612658117772e+03,9.449392659844553464e+02,9.996332278132597366e+02,1.110164918412504903e+03,1.138436370044455089e+03,8.703817907626721535e+02,9.564405960727855245e+02,8.235062317159810164e+02,9.282152751026480928e+02,2.463859906325624252e+03,5.506578385106606220e+03,1.013520912610582491e+04,-3.676209845190707597e+02,-9.512449458793471445e-14,3.667725754186061322e-14,1.103204300935108099e-14,6.016737013746637845e-16,1.961887063279672650e-16,2.771712867752251098e-16,5.775143695091434233e-17,1.440841255913066111e-17,2.521899070361610419e-18,1.294450337421832786e-18,-1.916003755868232612e-19,-2.575829735273967319e-20,1.045401119396417518e-20,5.652741667486136071e-22,-6.448883625848500602e-22,-2.157996478521757895e-22,-1.392537310401763014e-23,-2.008002565669593653e-23,-1.810872901918967620e-24,9.571352392440480399e-25,-1.565116768129120871e-25,-1.546010056679659089e-24
3.312665737969747406e-14,4.403719028800497881e+02,2.831955260626627933e+02,1.037440238842375493e+03,9.682117113583781247e+02,9.584257777534285196e+02,8.552675548703679169e+02,-7.640213485207414124e+01,2.189109851314690403e+01,-4.967517734730019008e+00,-1.359575211072632150e+01,1.531864220820574385e+00,-2.475779187722402241e-01,-3.061178752537389580e-01,-3.296377667713918380e-01,-5.060447167199642049e-01,-1.136805437560089338e+00,-2.008038781523507899e-01,-2.185873515617436091e-01,1.372859151251623944e+00,4.421744532085703128e+01,3.214051453844961515e+01,5.121498164886128279e+01,1.014859675905179415e+03,1.548623667885210352e+03,1.667844365757156766e+03,1.275736684538338523e+03,1.343918575767033417e+03,1.100258467466385127e+03,1.043694753688766014e+03,9.592518163394011026e+02,9.507709304084937685e+02,1.052651423299394537e+03,1.078397498524057937e+03,1.068317169685845101e+03,9.611744124370460440e+02,9.072332467053677192e+02,9.420883938017873334e+02,8.171911063577210825e+02,7.677659033841057408e+02,9.858472889558709085e+02,1.168206611883535970e+03,1.373494194812986507e+03,1.144691635032477052e+03,1.137453578466200042e+03,1.053523551986503207e+03,8.214893042424018859e+02,8.653894116519431918e+02,8.612422319717011305e+02,8.751303961446242283e+02,8.707908807951553172e+02,7.399205955672949813e+02,6.366421439170823078e+02,9.829432350285741222e+02,7.060591634469030851e+02,6.540270930542070573e+02,7.295306764741440020e+02,6.280904834895018212e+02,8.467650030681613771e+02,7.896222939051606318e+02,7.284496658633827337e+02,7.355056862184910642e+02,7.186228867945202410e+02,8.407060618433430363e+02,8.590740943802964011e+02,8.555696936502989729e+02,7.108910486494935412e+02,6.895222755290592431e+02,6.387029850375223532e+02,5.296117733916805719e+02,7.578881226635293160e+02,6.945204551374998800e+02,6.334632288245614973e+02,7.052839555959565132e+02,7.943104079502534205e+02,7.094265924602609630e+02,7.911449111006605790e+02,6.537977408548375706e+02,6.011261414066266298e+02,7.218699189753049268e+02,8.614959926840465414e+02,8.874292078917925437e+02,7.639009323767156729e+02,7.950230562507703098e+02,6.494050576276219999e+02,6.834348289893180208e+02,6.883282577226621015e+02,6.913706026695572291e+02,6.606137277334760256e+02,7.813222314933410644e+02,7.437090498491230619e+02,6.739935550025470548e+02,7.302788652572577348e+02,6.949569182261925562e+02,9.348103655804193295e+02,1.039349011080937771e+03,1.041086026536954932e+03,9.122514189517733030e+02,9.529579038059426921e+02,8.717331828292265072e+02,9.874114113915152302e+02,8.632509069678256992e+02,8.889829524251497332e+02,8.207675938334166403e+02,9.169264130028745967e+02,7.295278942706867156e+02,7.877727303880187719e+02,8.870030239834009080e+02,8.742553884499632204e+02,8.312509419880279893e+02,8.754808810297772652e+02,1.017942903721798984e+03,1.080821229548330621e+03,9.047421929716515479e+02,8.544279136278397573e+02,7.105834409979780730e+02,8.170653377690615571e+02,1.007632936119068290e+03,1.191108238756091851e+03,1.203901708478265846e+03,1.179383647372726045e+03,-1.394593159156796389e+02,-1.019203526689745871e+02,-1.212398326988405017e+02,-1.157336285829569107e+02,4.289032918554423190e+01,-8.978825805232155233e+00,-1.001738820829788246e+01,-1.176990426147716562e+01,-8.238441254933217550e+00,2.656612735080830401e+00,3.272769947212973651e+00,3.883338284817600794e+00,-7.964910674672066593e-01,3.656264020990263042e+00,1.621512981831433886e-01,4.318043597360937680e-01,-7.820303679850670875e-02,1.114623373945296779e-02,1.635408483641715913e-02,1.069756926622487773e-02,1.073685567019068247e-02,1.175730130267641470e-02,8.097162182685455284e-04,-4.562864132912416992e-03,-1.381538713222534194e-02,2.262513783801076411e-03,2.067174592390177458e-03,-3.536879726621376175e-04,-3.133114580386304983e-04,6.238352044244923006e-05,-1.813203356127997433e-05,-1.879762034287091983e-05,-2.313792156661060285e-05,-2.203972906601931093e-05,5.703024830931973346e-06,2.867977853157351964e-07,1.479549934610620798e-09,-4.976869838034744296e-09,1.896002393264360924e-09,1.001026757267998054e-09,-4.889853158521602258e-10,-4.958862829837318771e-10,-8.196513186060032245e-10,-1.520710757556395031e-09,2.405185316493900035e-10,2.132187608824435118e-10,2.378344128935639070e-10,1.879310813838633620e-10,-2.312541156313829808e-11,8.395830331776165802e-12,-2.052270033497328875e-12,5.308697108093891137e-13,3.113960151491816072e-13,3.174728715558676472e-15,2.399233647337201019e-29,-7.429014896734296017e-29,3.421935886028383635e-28,-1.234136346194603012e-27,4.575419134450269715e-27,-1.617770509051717292e-26,6.117038673526838801e-26,-2.305485693168892561e-25,8.706164391397761169e-25,-3.276554891034078220e-24,1.228407073901331481e-23,-4.626685602276012359e-23,1.731969436583037066e-22,-6.172594044413913136e-22,2.398824660370113517e-21,-7.634697922252945339e-21,3.111781723383257161e-20,-1.280729924539976630e-19,4.700039055902419526e-19,-1.609429336531434260e-18,6.453910352259463673e-18,-2.420282394071740131e-17,8.364888446835608441e-17,-3.531102795286358203e-16,1.202157419899880205e-15,-4.668890387616032321e-15,1.770238762939318978e-14,-6.692886946809550217e-14,-6.408680050991306665e-01,1.942850605288369836e+00,1.929535988789573821e+03,1.060658355985197886e+03,1.234356473246076121e+03,1.459222213796987262e+03,1.488171450220751694e+03,1.513639087742800939e+03,1.269122350876416704e+03,1.396962253056466352e+03,1.540167406604014332e+03,1.536837714386852440e+03,1.842054437160357793e+03,1.591506980232265278e+03,1.549554304635265453e+03,1.583808355236400530e+03,1.359478800019625851e+03,1.080089516583701879e+03,1.156988279183762188e+03,1.418557633949946194e+03,1.490902563275063812e+03,1.012199899296363810e+03,1.104534456871758948e+03,8.880368442494724377e+02,9.273039610549086547e+02,3.409786044110335752e+03,6.397083017392658803e+03,8.589060944870207095e+03,2.417667886686061593e+03,-1.672661480857254413e-13,-5.521177510085715544e-14,-3.739968052294939418e-15,-9.520152050121791364e-16,5.328071354934485665e-16,3.889766853214184839e-16,5.280225431424579452e-17,9.840649770567404761e-18,3.061978665602048906e-18,6.627405302749064341e-19,-3.291993739533416869e-19,2.619379338621020828e-20,3.479469934194437140e-20,2.750214386190081766e-21,3.214166243517029614e-22,1.149114301941994022e-22,-2.915516831779845473e-23,-1.380039340837485213e-23,1.075059213114953980e-23,8.479455741796490663e-25,-7.717753077727125270e-25,5.007839008427287269e-25
-3.629423122606663802e-14,-1.260838505858496035e+02,-8.584655003150197672e+01,5.451273168381586629e+02,1.511104400795888978e+03,1.154177299703306971e+03,7.346466954562035880e+02,2.535075108444448588e+01,-7.311980535225247380e+00,1.659535311016675507e+00,4.515970088047323472e+00,-5.086369305023887843e-01,8.208047237493627801e-02,1.017746238117281515e-01,1.095244823216387914e-01,1.681748636694037347e-01,2.621940686359446993e+00,-3.419725991428478329e-01,-4.075926704544612922e-01,-8.591883807076885482e-01,-1.457720267394478597e+01,-1.072278934677041562e+01,-1.187807546151810811e+02,1.131173525202192877e+03,1.345936824220103972e+03,1.240516246922951723e+03,1.212539718105013662e+03,1.510596051255509792e+03,1.551441631837281648e+03,1.195561458568031867e+03,1.182005100370914988e+03,1.293854215407089214e+03,1.110405282107402627e+03,1.213290325836368538e+03,1.270652473936271008e+03,1.132476932991810600e+03,9.511365492574902873e+02,1.191050445977730760e+03,1.137689962071156742e+03,1.051545236667878498e+03,1.304036192140567891e+03,1.436269118193372151e+03,1.423981558353108312e+03,1.350758808617984641e+03,1.312506320448641191e+03,1.306965375256332891e+03,1.157486489861532391e+03,1.207675855227717875e+03,1.292739952406913289e+03,1.214762577146845388e+03,1.010270866800726367e+03,8.351801434131555197e+02,6.427236766854518919e+02,8.212667953085370982e+02,7.650671610310961341e+02,7.467491038727154091e+02,7.533395219897383868e+02,6.168647972453782131e+02,6.688540035722344328e+02,8.676639870275843123e+02,6.974703986021027049e+02,7.332977165038602152e+02,8.358593237377732521e+02,8.106366334875865505e+02,8.530297482231001140e+02,8.521626325502318196e+02,7.234059471012996028e+02,6.803252679298186649e+02,6.512016880546622133e+02,6.175668901636254304e+02,8.362825648904264426e+02,8.416011079065879130e+02,8.058449151315136305e+02,8.557628922660970829e+02,8.880161444347639872e+02,8.731927815301000919e+02,7.134258093220790897e+02,6.952955591723845146e+02,6.435667829504444626e+02,8.138259364493022758e+02,8.683233239838097006e+02,8.614581247804512714e+02,9.227861281227138761e+02,8.488421991277433563e+02,6.490742550942173921e+02,6.730911864340820330e+02,6.497971784165564486e+02,7.804892330814208208e+02,6.537364604357596818e+02,7.797401950867391633e+02,7.605317307407062799e+02,7.784256472293394609e+02,9.081188942756333518e+02,7.649359424732076604e+02,8.085249953317542122e+02,1.084341376235473945e+03,1.028708146362657544e+03,7.120504600628340768e+02,9.803823766066375356e+02,9.843442528739740283e+02,1.046067632309388046e+03,9.199463936207893084e+02,9.534926901557257679e+02,7.624585097859591087e+02,8.600426232989681239e+02,7.905273217267932750e+02,6.805584989564605394e+02,8.756027361274984742e+02,8.114856922569468907e+02,8.461209139011963316e+02,7.347791586565231228e+02,8.036219435525113113e+02,9.164193227370631121e+02,9.850128715230448506e+02,9.447454467628343764e+02,7.349317277022337294e+02,8.170326315042041188e+02,9.266344779187223821e+02,9.426897686950535444e+02,1.007823445941201498e+03,7.339974955687139300e+02,6.309686282768636829e+02,4.676509481493274052e+02,5.547814548922983704e+02,5.258974445289860569e+02,-1.483372382801155993e+02,3.105348567469785337e+01,3.464537880253735835e+01,4.070649785447043456e+01,2.849284784462902920e+01,-9.187959238944095830e+00,-1.131895382279687468e+01,-1.343061914925647571e+01,2.754683573347056935e+00,-1.264527732931094306e+01,-5.608041769035831958e-01,-1.493405796058892676e+00,2.704670895302557221e-01,-3.854951830708644445e-02,-5.656099697296029100e-02,-3.699780140174051962e-02,-3.713367437769819757e-02,-4.066291021739320416e-02,-2.800423076469598250e-03,1.578077568944715597e-02,4.778084971321840124e-02,-7.824958507729561433e-03,-7.149373201391332096e-03,1.223238386691547679e-03,1.083595236723688092e-03,-2.157549105438657513e-04,6.271007553351120938e-05,6.501202347589790913e-05,8.002305997431554210e-05,7.622493471552056776e-05,-1.972404897159186029e-05,-9.918970599304210184e-07,-5.117059145156765124e-09,1.721262440910563336e-08,-6.557370020934977712e-09,-3.462075191245707511e-09,1.691167512360487610e-09,1.715034673680955733e-09,2.834783860685513356e-09,5.259414844379575778e-09,-8.318391445707065076e-10,-7.374222287263304856e-10,-8.225560550953906798e-10,-6.499641790782446289e-10,7.997979382548442191e-11,-2.903718176413196785e-11,7.097825424866144611e-12,-1.836025702842350251e-12,-1.076970631277672145e-12,-1.097987585773255462e-14,2.989688290793163889e-29,-4.700170000390822524e-29,2.095830911733722936e-28,-8.604052977029958458e-28,2.838790938385936525e-27,-1.143113635033809037e-26,4.118497035130992566e-26,-1.401316124940898311e-25,6.463165309294234875e-25,-2.201584750789289497e-24,7.931416892781927506e-24,-3.158880317745320408e-23,1.163041454973637481e-22,-3.977488197425142539e-22,1.544587895233424153e-21,-5.768195052002886943e-21,2.071920967370126105e-20,-8.363344431462044708e-20,3.244554189846626692e-19,-1.100050541981513295e-18,4.158332461298684265e-18,-1.658868235549208237e-17,6.075982908212636033e-17,-2.226288213150019373e-16,8.098061362041480951e-16,-3.027654585660942539e-15,1.127912816298991168e-14,-4.395832990445533231e-14,2.129747818026646311e-01,-6.456527404141436666e-01,1.334515237507716620e+03,9.932565063106197840e+02,1.172600858325580475e+03,1.428823939754689263e+03,1.604881020842554335e+03,1.201074110239384936e+03,1.092811213353830908e+03,1.601071460133709934e+03,1.637731579110601842e+03,1.608044943047848619e+03,1.561262981386407318e+03,1.636172203001842263e+03,1.841441642654380985e+03,1.679426611185316915e+03,1.402756537293023257e+03,1.085296585302162839e+03,1.078051295174308507e+03,1.422436053618356709e+03,1.247802668800004540e+03,1.051458991670053138e+03,1.095350448251951093e+03,9.129775941374697368e+02,9.271003906365444891e+02,2.254662390917874745e+03,3.692892098458464261e+03,2.973973903107303158e+03,4.156448884893803552e+03,1.986882484367228604e-13,-3.325389113635732459e-14,-5.581862683456968995e-15,2.861360711774054978e-15,7.908190902077819845e-16,-2.032303478787636627e-16,1.269684746096094631e-17,1.890313170259590017e-17,1.835260107247110752e-18,-1.062729642661248015e-18,-3.240696044961527067e-19,-1.178421915972429646e-20,2.152745770683320038e-20,4.651938857729466005e-21,5.422206651566243482e-22,-2.962276416908191676e-22,-3.864842919561977244e-23,-2.007705461665504633e-23,8.508648840804055977e-24,1.140121019665470852e-24,-4.942104628126367397e-25,1.852925138803541747e-24
2.054345307274705506e-14,3.779919184767589257e+01,4.437568789465215957e+01,-1.262406505569703228e+02,1.045527935464475831e+03,6.712896994051619686e+02,1.085231695296549105e+03,-7.127325498160666406e+00,2.199735831379176609e+00,-5.001539738710500949e-01,-1.283967495276109538e+00,1.440560932267866689e-01,-2.287562616829906179e-02,-2.921698999573211358e-02,-3.123448699762419734e-02,-4.807330702229863084e-02,-7.419891176615681871e+00,1.312575384838981618e+00,1.543946194760574375e+00,1.443293909831192767e+00,3.817180225294457774e+00,3.188397977358013335e+00,4.076505435915502744e+02,1.168132605496211454e+03,1.098902564093142473e+03,1.089019372539529741e+03,1.259137126073836953e+03,1.597069536410937872e+03,1.994317452222958309e+03,1.635326914367431527e+03,1.476881061759313525e+03,1.430149552255370281e+03,1.234500206568269959e+03,1.164670795118306160e+03,1.282013433323551226e+03,1.069766594464142599e+03,9.846838297747495972e+02,1.584083381356498421e+03,1.467166611069684222e+03,1.300598633381617447e+03,1.613207734800051412e+03,1.724602670696513997e+03,1.292983271964377082e+03,1.442764143471362331e+03,1.515027390293045073e+03,1.712480239880309227e+03,1.645976167670815130e+03,1.511686996720612569e+03,1.493052923027703855e+03,1.408286284899504153e+03,1.200080107255350185e+03,1.064224095143613795e+03,6.742991113704387089e+02,7.132679569103795529e+02,7.653591334982470471e+02,8.810692115532265234e+02,8.756891232146133461e+02,7.741090869918333510e+02,6.234339698332671560e+02,8.799324069968339472e+02,6.993349150050221397e+02,6.946892813263191329e+02,7.147134145725149210e+02,7.239280176394555610e+02,7.919462623205216687e+02,7.728376381136125701e+02,6.691293348477239533e+02,6.872305892473831364e+02,6.675743702502740007e+02,7.312075125899240220e+02,8.311812387983115968e+02,8.942972213811563051e+02,8.444434493699247923e+02,9.791272443983458516e+02,9.552276074204736460e+02,1.035470564291480059e+03,7.418701478971620418e+02,7.499559137693000821e+02,6.212426701723995848e+02,7.797125418397553176e+02,7.806628452666715248e+02,8.112620040617198356e+02,9.955174162088909497e+02,8.404996172486903561e+02,6.551729183354793804e+02,8.134174440176417420e+02,6.699631234565631530e+02,8.833733903541207155e+02,8.381956859411264986e+02,7.118728189166198490e+02,8.207817416823876329e+02,8.125655354363285596e+02,9.686205701048490937e+02,8.920256791569357802e+02,7.933631016956244366e+02,9.321063187560191636e+02,8.585628538508142356e+02,6.573909811580144833e+02,9.445653003540984400e+02,9.441024763186236441e+02,9.226389764095724786e+02,8.336593317798472071e+02,9.901019441672691528e+02,7.834934211011097887e+02,8.259875203427800443e+02,8.665949633940596186e+02,7.027539394918328526e+02,7.481298898441275469e+02,7.044223481232089625e+02,8.388285262116413605e+02,6.786627165113245610e+02,6.557631511307019991e+02,8.836065213114079597e+02,1.030463431165079328e+03,1.058846749312204793e+03,7.560970778008926345e+02,7.583545210950563842e+02,1.163002599732254339e+03,8.879540333861417594e+02,1.024683131203930770e+03,7.983658359979239094e+02,1.263645019301663069e+03,1.054774561802594008e+03,1.225266277828197644e+03,1.095895951235926987e+03,5.115550689913246174e+02,-9.230947031486010701e+01,-1.029867178075178629e+02,-1.210039766447480218e+02,-8.469772829536634617e+01,2.731209177308264202e+01,3.364667795577206988e+01,3.992380606337665228e+01,-8.188561638602184445e+00,3.758930203459555486e+01,1.667044307445042062e+00,4.439292240602220829e+00,-8.039894147046572348e-01,1.145921476608852685e-01,1.681329988442649970e-01,1.099795200444044635e-01,1.103834155224239777e-01,1.208744082048947149e-01,8.324526707062952086e-03,-4.690987222208712476e-02,-1.420331673688687846e-01,2.326044111926582961e-02,2.125219887445409933e-02,-3.636193653980182745e-03,-3.221090971412903913e-03,6.413522049913344351e-04,-1.864117257735064669e-04,-1.932544872425429874e-04,-2.378762357496677095e-04,-2.265859434294556106e-04,5.863163098999592525e-05,2.948509328975210394e-06,1.521095004301457998e-08,-5.116618013763917547e-08,1.949241253081787194e-08,1.029135120101837721e-08,-5.027157946616415229e-09,-5.098105377204120826e-09,-8.426667440113066479e-09,-1.563411603890792588e-08,2.472721794482913632e-09,2.192058438953119448e-09,2.445126918940486008e-09,1.932080981917963869e-09,-2.377476229645199593e-10,8.631581317994558015e-11,-2.109896815514631131e-11,5.457762838261308665e-12,3.201398695119910376e-12,3.263873612024368291e-14,-1.146026910019560935e-28,-4.459464712610025662e-29,1.780048025703946493e-28,-7.001622907221503193e-28,2.329385318802295489e-27,-9.073735018157387864e-27,3.537130488693109398e-26,-1.349169067645489230e-25,4.619124034555500987e-25,-1.852531481237298392e-24,6.819168499173969656e-24,-2.660675229746798699e-23,9.739125514299728107e-23,-3.271697820845315610e-22,1.222092919946602817e-21,-5.389209690867460831e-21,1.685066110344988681e-20,-7.240282321659811477e-20,2.557273285892505993e-19,-9.712587983481348092e-19,3.575203635297419722e-18,-1.265531751682712178e-17,5.100679249337217578e-17,-1.785782668213326352e-16,6.962389157812055498e-16,-2.381405445512747172e-15,1.016685466624790210e-14,-3.528153465121370547e-14,-6.086113998940116676e-02,1.845061724510969614e-01,1.132662602962523124e+03,9.217581969285707828e+02,1.074470379200277648e+03,1.241886533094095284e+03,1.416230162732518238e+03,1.284886566158871801e+03,1.561478382166902293e+03,1.877397982418437778e+03,1.681987813563897589e+03,1.711711856232191394e+03,1.483676059340471056e+03,1.915906218327464785e+03,2.121246437412775776e+03,1.623702634048526534e+03,1.615566934760465756e+03,1.223766318207822678e+03,1.120723628270963900e+03,1.165600184955615077e+03,1.010382725179195177e+03,9.155329610634622668e+02,8.985085029672976589e+02,8.774175315482942779e+02,8.878055595059508960e+02,1.174152190225800496e+03,1.429817233812561653e+03,2.317475464420564549e+03,2.504789856510375557e+03,-3.134230799927498303e-14,-2.677501518459097981e-14,2.082695185005999464e-15,-3.324124594059789747e-16,1.457582536083995856e-16,7.344747432829794446e-17,1.879831749665564527e-17,-3.564329240992976031e-18,-6.675188648898251165e-19,-4.275094296027958626e-19,-1.194965452046688325e-19,3.614863896294036712e-20,6.877483111757191316e-21,7.225500262581169459e-22,8.632420157418527660e-22,4.910009423592237118e-23,1.812224668276820429e-23,1.077920408709595122e-23,3.633222743172742544e-24,3.159636451519032943e-25,-2.970968568045585697e-25,1.025096766219184634e-24
-9.633328413494847257e-15,-1.336791848715446562e+01,-5.921693355645270884e+01,4.965234245632407806e+01,-1.445997597614018844e+02,-1.013992061551795132e+02,1.052461957073488293e+03,1.416911060789570298e+00,-7.958068822944220910e-01,1.830355717606862997e-01,2.908807768263078075e-01,-3.126161512355661587e-02,4.046771362203965827e-03,7.310239501676069236e-03,7.309542545460160148e-03,1.152694102246738621e-02,1.811419751424400104e+01,-3.289689311634960145e+00,-3.865832795244827036e+00,-3.279085263465024269e+00,-5.875807126952056064e-02,-1.066347564759298150e+00,1.756986427782343071e+03,1.026723117014023046e+03,1.049458339466348662e+03,1.020184613524766291e+03,1.212427359011502858e+03,1.639766599660999873e+03,1.840620508692417388e+03,1.660416980576671676e+03,1.557349487147098671e+03,1.345048256997025874e+03,1.239887537709618073e+03,1.200284113875484991e+03,1.259743678254429142e+03,1.081855650397904355e+03,1.058587533817177700e+03,1.432635425165339257e+03,1.310623338894318522e+03,1.312959127121616802e+03,1.503444905073428117e+03,1.675512604653710241e+03,1.459490136446467659e+03,1.382109445505884423e+03,1.641665045179810704e+03,1.992837150085657186e+03,1.726336911591295575e+03,1.619729225567490403e+03,1.470239155524127000e+03,1.375161505187254761e+03,1.436158862719851413e+03,1.203053068706548856e+03,8.748755237298320253e+02,1.081035025505208068e+03,1.122498055693588867e+03,1.308636443464071817e+03,1.137065901111252970e+03,1.062882922314412554e+03,7.743471712854228599e+02,8.513213497092325497e+02,6.644551111027059278e+02,6.716316594058354212e+02,5.970666653383337916e+02,6.687511909840859516e+02,7.508436801147867072e+02,7.281594213097290549e+02,6.679404099140161861e+02,6.308489361534598174e+02,6.811163452272215864e+02,7.381012572535610161e+02,7.028382667437479085e+02,8.036813675895392635e+02,8.249254436825816583e+02,9.036268068993960014e+02,9.072863400132578136e+02,8.944776844262170243e+02,7.054890042497230525e+02,7.725623402391552190e+02,6.485737403058564041e+02,6.774070294971346584e+02,7.218285887735470396e+02,7.945409851013600928e+02,7.695540320169801589e+02,7.716321716079178259e+02,7.045257373773175686e+02,9.441236476213563265e+02,7.586253749642277171e+02,8.838268734689892199e+02,1.108263339334404009e+03,6.985394936670692232e+02,7.746443058349985904e+02,7.599167279878028012e+02,7.613581110713623730e+02,8.311476288571946043e+02,8.228277255664387440e+02,7.732502482505876742e+02,7.418645248879757901e+02,8.036386947216846011e+02,8.174457802474869368e+02,7.035462463930346075e+02,7.279121180145959897e+02,7.908030497873596687e+02,9.666472144599945295e+02,7.459834797582532246e+02,7.439811099012077875e+02,8.517636673618407031e+02,8.958619820732443486e+02,8.026586634542439924e+02,8.397191695181164732e+02,9.067370314850550130e+02,7.843091631229854102e+02,7.630058483629727561e+02,1.041788972589307150e+03,1.046647606802518339e+03,1.019488126036434551e+03,8.160114860742044129e+02,8.881617565038618523e+02,1.354750065285458959e+03,7.409944760497936613e+02,1.104298775749742390e+03,7.525068189552200693e+02,8.105452920416830693e+02,9.415888837358457977e+02,1.076524962185385903e+03,8.493682513874168762e+02,1.462170337948869701e+03,2.426946323561094516e+02,2.709511792682269515e+02,3.178495971166200320e+02,2.239634775670402007e+02,-6.700133582800786769e+01,-8.254118314853148775e+01,-9.794007576603274856e+01,2.008797322646088546e+01,-9.221312926469022386e+01,-4.089551119382726085e+00,-1.089035994468935264e+01,1.972326587957643484e+00,-2.811145712481278869e-01,-4.124596392297195657e-01,-2.697989893238617598e-01,-2.707898155405807916e-01,-2.965260546293843613e-01,-2.042151930885203331e-02,1.150781173596741036e-01,3.484321898396699480e-01,-5.706192846332949764e-02,-5.213535915525351755e-02,8.920218713753209905e-03,7.901899265031693195e-03,-1.573349080241744167e-03,4.573005518800485531e-04,4.740870420173474899e-04,5.835519918936977893e-04,5.558549310596957527e-04,-1.438336408189783697e-04,-7.233208843321903484e-06,-3.731511963867656202e-08,1.255195847656355441e-07,-4.781829560790176526e-08,-2.524648363341314543e-08,1.233249729241331669e-08,1.250654374269746268e-08,2.067208838329962690e-08,3.835321980461712363e-08,-6.066018843883100857e-09,-5.377502567110758377e-09,-5.998323790032535652e-09,-4.739732415661172323e-09,5.832364822476028343e-10,-2.117477794885270889e-10,5.175945741294802713e-11,-1.338884637010338700e-11,-7.853590668674909978e-12,-8.006852561726499109e-14,1.921172385550369747e-29,4.324795681104346782e-29,1.431116374258287534e-28,-5.778291830637499427e-28,2.017976396191144313e-27,-8.528273048445574593e-27,3.032846180034869884e-26,-1.095338895016282044e-25,4.305010467275622321e-25,-1.512556330596948115e-24,5.735945575104631180e-24,-2.047197110907282625e-23,8.533978289163407154e-23,-2.895124583172685519e-22,1.005062185907087924e-21,-4.047753255072030905e-21,1.632435815240714079e-20,-5.913457852825844123e-20,2.257064352279787279e-19,-7.928030110993940874e-19,3.223702992783431986e-18,-1.029952284827718273e-17,4.127993447698520910e-17,-1.517607320541811178e-16,6.101000863308183836e-16,-1.955654021044481621e-15,8.558661415205110799e-15,-3.189170979067269022e-14,1.454821892678710704e-02,-4.410427064949958009e-02,9.699340482437485207e+02,9.065209885303273722e+02,1.170762187165919386e+03,1.099687932408809729e+03,1.222239965509634885e+03,1.694837978723101969e+03,1.879438540122951508e+03,1.821603210417679065e+03,1.580209969153201655e+03,1.526203014594617798e+03,1.539282888309333885e+03,1.856021802586740932e+03,1.948113531336907954e+03,1.619185671685351053e+03,1.650757491317364384e+03,1.499366390893747166e+03,1.215906958920977104e+03,9.244083020420929415e+02,1.154274575321968996e+03,8.346002502879464373e+02,7.567441164662078563e+02,8.134366798744708831e+02,9.238235173211386382e+02,9.082644066824700531e+02,1.009517906859192067e+03,7.994936234220117512e+02,1.250204087320380040e+03,4.663478095786376771e-14,3.177384631213021579e-16,1.242017030156931016e-15,2.185794257426309681e-16,-7.600176978129633005e-17,-2.238270014397301657e-17,-1.336308383697789406e-18,-7.474755609124547128e-18,-7.931024978572524006e-19,-2.077733767471154974e-19,5.525275851433489017e-20,1.421481285918581316e-20,-1.862069187560404442e-21,-1.274677227051505270e-21,-2.766386737662898372e-22,-4.967095241768775465e-23,6.726770221888595838e-25,-8.064424909923557175e-24,2.381893553700985285e-25,6.548725336453898153e-25,1.255021527810874341e-25,5.222187583240466364e-25
1.424639856254141716e-14,1.136433019911993014e+01,9.389506071051755498e+01,-4.106888723079653403e+01,3.305659264097994932e+00,2.186469738041494182e+01,-7.922070608976046913e+01,2.415331812820751267e-01,5.874949789415671031e-01,-1.374437821649613367e-01,-2.228307770838154275e-02,-3.740177560651603423e-05,1.700225569708396648e-03,-1.783451585440915498e-03,-9.731254053900762488e-04,-2.008823894228824094e-03,-3.047596805496690919e+01,5.548700741880572274e+00,6.519880686304208695e+00,5.476698674581634840e+00,-1.422224103378393556e+00,6.906368566463784164e-01,1.775854258720668668e+03,1.084283493116545515e+03,9.478210260895089050e+02,9.319629414740969651e+02,1.211213839318876808e+03,1.374268069997828206e+03,1.490382293275764596e+03,1.313637071549120492e+03,1.301866932425350342e+03,1.429924958355243916e+03,1.286687503622876875e+03,1.336097135342797401e+03,1.379089001623621471e+03,1.226280584631810598e+03,1.111200898119624753e+03,1.063330826936180074e+03,1.118022178919982935e+03,1.341322505748151343e+03,1.197280837421149727e+03,1.322822385430370105e+03,1.434957390366578238e+03,1.500504861401756443e+03,1.401737342722981111e+03,1.562798263908713579e+03,1.369729507388955653e+03,1.572429676862133874e+03,1.560702629324777035e+03,1.284863268496454111e+03,1.447545701799695962e+03,1.183052100783305377e+03,1.382160103320375129e+03,1.659668778487956388e+03,1.749887758856615619e+03,1.661644037217235564e+03,1.410902726325290814e+03,1.246132988036901224e+03,9.656936009627684143e+02,1.060109363204890315e+03,8.881505052048232756e+02,7.622001868215114655e+02,7.946748849456752168e+02,7.534502027850388686e+02,7.829657417014612975e+02,7.214858652259763403e+02,6.604592738863761952e+02,6.383456529922028722e+02,7.417895448684294024e+02,7.894512537183481982e+02,7.456392578706922905e+02,8.204838668216026463e+02,8.845360675187574770e+02,7.927461530882073930e+02,7.231349346825733164e+02,6.984508317867895357e+02,6.887291537703634958e+02,8.066183517198579693e+02,7.833423538300759219e+02,6.953051096287907740e+02,7.160672100203406671e+02,7.750618926574541092e+02,7.075881130311573770e+02,6.657152475228152753e+02,8.204952394229786705e+02,8.434096383892014046e+02,7.309170942613924353e+02,7.475872571555490822e+02,9.236710174867097294e+02,7.571085308580464925e+02,6.404988382776490425e+02,6.814388481182966188e+02,5.569823544638943531e+02,6.881141112765247954e+02,9.054335116939811314e+02,7.674144470700574630e+02,7.734559367181592506e+02,7.767338316459679390e+02,7.322785174081989226e+02,5.781695302830553373e+02,7.212094025667646520e+02,8.681963562401418812e+02,8.644768262801071614e+02,7.399370231670399107e+02,6.459545428027240632e+02,8.230721352982371855e+02,9.468093226072993502e+02,9.861552203378136028e+02,1.087515551924619785e+03,8.982828990161282263e+02,9.046067212680579814e+02,1.058053073131759675e+03,1.072690614929774028e+03,8.701547098283076593e+02,8.410837961903046107e+02,8.967415224679248240e+02,9.496630669317555657e+02,1.034480140953714454e+03,7.367482617537498299e+02,1.162631484817545697e+03,6.816404929055851198e+02,7.424214494318644029e+02,1.021235528279803475e+03,1.101559965265700612e+03,9.053559723546404712e+02,1.069026905483120572e+03,1.164867596220665291e+03,1.317201574952322517e+03,1.499372854461001452e+03,1.191226828975707576e+03,1.148744681826881475e+02,1.413924136548511967e+02,1.677476385885277068e+02,-3.381268755268177273e+01,1.580448345795107628e+02,6.883656836432904491e+00,1.833098511207530734e+01,-3.319880105306600271e+00,4.731805970150436136e-01,6.942646105778111920e-01,4.541338653329295982e-01,4.558016541589713366e-01,4.991216746150193284e-01,3.437412246406736094e-02,-1.937029874824785503e-01,-5.864916602351101238e-01,9.604837364789581278e-02,8.775582233658792142e-02,-1.501478346617956747e-02,-1.330071719576638410e-02,2.648309028580189597e-03,-7.697421986813977402e-04,-7.979977294768588521e-04,-9.822524627151245444e-04,-9.356319274550473596e-04,2.421051592288299642e-04,1.217515713832075028e-05,6.280994439356075636e-08,-2.112783830193646893e-07,8.048920966112949524e-08,4.249564917659463291e-08,-2.075843456140089642e-08,-2.105139484050781991e-08,-3.479588795176231413e-08,-6.455730616887745714e-08,1.021050742872955735e-08,9.051575888997486438e-09,1.009656105500103891e-08,7.978061770958676562e-09,-9.817213872819301942e-10,3.564203031886029400e-10,-8.712309309009827070e-11,2.253651346004518365e-11,1.321940269697122158e-11,1.347737777713809447e-13,-1.995462646986219619e-28,-2.472835281624298229e-28,1.559381928975960845e-28,-5.286207905224571220e-28,1.759924584399554525e-27,-6.724957460003808342e-27,2.647948968029410736e-26,-9.303180037617021222e-26,3.533114955186088597e-25,-1.365501108545193118e-24,4.966294078938908377e-24,-1.749220516793458069e-23,7.213514184054365401e-23,-2.578247815033288263e-22,9.227066449093504899e-22,-3.578546811852193051e-21,1.324677569409092493e-20,-4.877214388072852627e-20,1.852237277632462233e-19,-6.887577964403906201e-19,2.495242088860336419e-18,-9.603998092929341613e-18,3.608401588344029604e-17,-1.351608758703793521e-16,4.906893230867878889e-16,-1.848433426979228066e-15,6.833452157883711256e-15,-2.601386970296507420e-14,-2.460142119823981698e-03,7.458148275190065561e-03,8.967256745374025968e+02,1.066618338786128561e+03,1.159032763492132972e+03,1.108590392684962126e+03,1.512526130275535934e+03,2.057369036230387337e+03,1.715646003570179346e+03,1.732704252475086150e+03,1.449393484916655325e+03,1.602573842757663442e+03,1.477443239621244174e+03,1.754531540853281058e+03,1.910427446616381076e+03,1.959041544652130597e+03,1.720054114045350843e+03,1.609416842491737725e+03,1.076398926280534624e+03,8.044925390766313740e+02,1.025649304774580514e+03,8.338830623991503899e+02,8.110628374930959126e+02,9.062392473060975817e+02,8.848861003797223930e+02,9.665607094489537303e+02,1.154005552023568271e+03,1.148727632578736348e+03,1.088865643428250223e+03,4.315191376851389219e-14,5.280058533107903827e-16,2.146976988535696056e-15,7.117148122968754201e-16,-5.979647513343430508e-17,-2.847146564859757053e-17,-6.312481201069460626e-18,-5.634972721561719479e-18,7.592009026473832405e-19,-4.434372825094070926e-20,1.127993433380908630e-19,1.836961232215404530e-20,3.141423618501983731e-21,-1.236731070940919471e-21,-4.785242712591636703e-23,-6.319649693076414874e-24,-1.328430651299402970e-23,-8.267224243180317220e-24,5.193751504158324598e-25,-2.983670031127128807e-25,-1.391217645348635713e-26,3.411067890736216836e-25
-9.298377008229769450e-14,1.070664188517534740e+03,1.375273411866365223e+03,-6.293279835408764455e+00,-3.529049410280931554e+00,1.198842684191377295e+00,-5.411336968020339366e-01,8.606149671299263837e-02,8.757133346200127177e-02,-2.057741127630864295e-02,4.161035679250410686e-03,-9.043013900987749388e-04,4.356875474964426367e-04,-1.253594785213405980e-04,2.691157740438351593e-05,-4.668755120735385792e-05,-5.207677220759373782e+00,9.483907725412030754e-01,1.114375868795720370e+00,9.351632077711489188e-01,-2.689763921634261701e-01,9.919053901081226199e-02,8.145605857482550505e+00,1.195107815687316588e+03,1.000795402511907810e+03,8.382271659901421117e+02,1.109649542697388597e+03,1.316373406961828550e+03,1.795080043444100511e+03,1.499686854420001055e+03,1.221194469117563813e+03,1.321273410304183926e+03,1.282683521527459789e+03,1.324683976338450520e+03,1.367176630125718930e+03,1.204429215184909253e+03,1.236082649739709495e+03,1.112068703435564430e+03,1.108198854397918240e+03,1.319017548401585145e+03,1.177811843654652648e+03,1.167826917966744986e+03,1.156588161359254173e+03,1.254033524015900639e+03,1.209209996758035913e+03,1.336932939576556237e+03,1.342215964690314195e+03,1.315204110807807865e+03,1.387935767461165142e+03,1.172632149605020686e+03,1.516270677069426938e+03,1.701702807268783772e+03,1.865406981957434027e+03,1.846705578464543123e+03,1.806974159968072399e+03,1.488043414710015441e+03,1.394812325462866283e+03,1.160643552021011374e+03,1.267281954260828115e+03,1.491628171420967192e+03,1.418996875865899938e+03,9.640740361590873135e+02,9.845177032008135711e+02,9.614511400773139940e+02,8.662847858029476811e+02,8.746464810147150502e+02,7.576126751408282871e+02,7.668387543242656648e+02,7.734468695697330531e+02,8.596603791184174952e+02,8.707172881149042496e+02,8.905125285543620066e+02,8.349463134150062160e+02,7.197624446170309511e+02,6.592672762197237262e+02,7.932851155963758174e+02,7.199004352946128620e+02,8.092156387626471314e+02,8.304641976060050865e+02,7.613507868389398254e+02,7.078300224167383021e+02,7.761796315630498384e+02,8.592514344565393003e+02,7.118427121481164477e+02,8.450766451542278901e+02,7.324675579384605726e+02,6.629895122871331523e+02,7.507583743257924880e+02,7.210923928572597106e+02,6.986138666821868810e+02,6.586253589662852619e+02,6.923732642106797357e+02,6.459161855018747929e+02,6.447150785709638967e+02,8.810404405539961772e+02,8.229628937686482004e+02,7.858027286439064483e+02,7.148289215379073767e+02,7.733615822374364370e+02,7.105232302917496554e+02,8.227632507334958518e+02,8.887984281696434437e+02,6.698866143905215722e+02,8.734150456775198563e+02,6.538311564806076603e+02,8.814901279775540388e+02,6.905646057157109681e+02,8.839782312641276576e+02,1.072304530828584575e+03,7.856333027941626597e+02,8.187792478674062977e+02,9.049271072416578363e+02,8.858257718777723539e+02,7.633160865113986802e+02,7.842112127283469363e+02,8.591191126495353956e+02,9.280187065702854170e+02,8.425124496263446190e+02,8.210041570266969302e+02,8.785256716155017784e+02,6.484591810567036418e+02,8.238075391252023110e+02,1.078098402492973491e+03,9.460942840608416873e+02,9.201288345447754864e+02,1.151166125971565634e+03,9.381245317726618396e+02,1.075626131779237312e+03,1.046632916088169850e+03,1.213558548132117949e+03,1.239993042929429294e+03,1.454617559045721464e+03,1.712617760876775264e+03,-5.778122128112008760e+00,1.674255635689758719e+03,1.176322048549248711e+00,3.132512626839972558e+00,-5.673217388964867380e-01,8.086004030132575016e-02,1.186402501396701115e-01,7.760521645364061583e-02,7.789021857025045514e-02,8.529301281419716940e-02,5.874063613979005338e-03,-3.310116998271935701e-02,-1.002233387889559929e-01,1.641334284000381047e-02,1.499626015008911038e-02,-2.565819485942047017e-03,-2.272909192115425171e-03,4.525595008168515872e-04,-1.315383293390390046e-04,-1.363668099937142609e-04,-1.678534035889301323e-04,-1.598865968690873650e-04,4.137243381469156314e-05,2.080566496365418957e-06,1.073335353784434955e-08,-3.610456276845615983e-08,1.375449622845507722e-08,7.261920557874126899e-09,-3.547330270546929913e-09,-3.597393143211247953e-09,-5.946137520956542994e-09,-1.103195357436509136e-08,1.744834947570339538e-09,1.546789525588971254e-09,1.725363083275760332e-09,1.363340763327285048e-09,-1.677626501193238946e-10,6.090731585750725804e-11,-1.488813544528603442e-11,3.851179439998434652e-12,2.259013665352263931e-12,2.303098049858115565e-14,3.770645476624714191e-27,5.773079283911034018e-29,3.403217743552936043e-28,-5.228719019292153462e-28,1.725922284394495582e-27,-7.605129360551777126e-27,2.518574185138955385e-26,-1.025284382607573556e-25,3.336331196905488371e-25,-1.443645955041372648e-24,5.182456759052121247e-24,-1.920863289874026306e-23,6.917053299824984649e-23,-2.793937853269143798e-22,9.177100715260293236e-22,-3.722318745798414314e-21,1.320394130321841806e-20,-4.951696294070240810e-20,1.884638004854219908e-19,-6.484340644822017507e-19,2.825400799281517812e-18,-9.636729595938709474e-18,3.713098040870447893e-17,-1.343335429144400907e-16,5.227545964367543638e-16,-1.868213945557760277e-15,6.922345610178657435e-15,-2.773639025128130437e-14,-4.479053983064582522e-05,1.357866626986306894e-04,8.925381152230603448e+02,9.758169776883910345e+02,1.206615176874765211e+03,1.279295288245403754e+03,1.866059317805171304e+03,1.736485826631603231e+03,1.755742093918205001e+03,2.090500693043334195e+03,1.929522582034982179e+03,1.988346033405405251e+03,1.603312982491282355e+03,1.961824792385844148e+03,2.343290201706221978e+03,1.664934419527108730e+03,1.756617200789203025e+03,1.730879357865141628e+03,1.489716956032895951e+03,8.504897237334556621e+02,1.003294635432798827e+03,8.175508999140406559e+02,8.449125874456464089e+02,9.066012614690647524e+02,8.447740973345063367e+02,1.141468620849128229e+03,1.207622456672620729e+03,1.189826354016429150e+03,5.115981493743619879e+00,-4.335374478208046506e-15,-7.435026529175478121e-15,-3.830665318933357048e-16,-1.573528268891838836e-16,1.848128771536075542e-17,1.360505611967436244e-17,-8.174642496673592028e-18,-3.701836809487725056e-18,-3.656264234930436901e-19,-9.234396720028854521e-20,5.589362683306255004e-20,3.235940244658532894e-21,3.425110500935818314e-21,4.873501744151674765e-22,-7.763384352445063942e-24,-5.896793470263669444e-24,1.882248911298131534e-24,-3.397324678147509963e-25,-1.001532831671346673e-24,-1.131566950435268678e-25,-1.440909286294847598e-26,-1.636334702204540890e-25
-8.314257403429222097e-13,4.211752155295722332e+03,2.390914119182030390e+03,1.415054817447844016e+03,9.320455820813430137e+02,-5.633020193769546324e+01,-5.126747498740299136e+01,-5.512461423536731964e+00,-5.231266838455100654e+00,1.229906245816136279e+00,-3.040817341512427885e-01,6.068811676069334193e-02,-2.737890391960242850e-02,6.446401277199311289e-03,-2.883432613274269050e-03,9.138577189287482548e-04,1.101039777289189715e+03,-5.755420137664377478e+01,-6.762713489960938773e+01,-5.674551298951798373e+01,1.649064418236487839e+01,-5.897507221652033671e+00,-5.082543847561155559e+01,9.375314587017452794e+00,1.081125499821259382e+03,9.925689959836369098e+02,1.096329162221529032e+03,1.347660431490154906e+03,1.698326532401259783e+03,1.379124109180530013e+03,1.332763807861122359e+03,1.414283770664734675e+03,1.111558196837418791e+03,1.101241873848853629e+03,1.155801074121879083e+03,1.083515657084860777e+03,1.236775446872324892e+03,1.123688623416744576e+03,1.040094782113174460e+03,1.071725631743468966e+03,1.008021811793106963e+03,8.264300126368709698e+02,9.133557107740484753e+02,1.114130408548171090e+03,1.082628205053931197e+03,1.193814257817830139e+03,1.263480887441632831e+03,1.305242890727857684e+03,1.367927710100313107e+03,1.419422705565838669e+03,1.677707722525650752e+03,1.729107344118787523e+03,1.696476335350747377e+03,1.745437260384688216e+03,1.613204454724902234e+03,1.755606059069372577e+03,1.390545602167937432e+03,1.316815601424335910e+03,1.367573470196622566e+03,1.682617720461397539e+03,1.873525486233570518e+03,1.357818508749239754e+03,1.181263772984063053e+03,1.210931923308101659e+03,1.079844600832225524e+03,1.076592132941578711e+03,8.714364512299576973e+02,8.257925198909017581e+02,6.509595283385380071e+02,7.565347599217269590e+02,7.223257960283081047e+02,6.728945795186959913e+02,7.248909037378759876e+02,8.214785019254910594e+02,7.694147766266471535e+02,8.513719201997701020e+02,5.894879318574264744e+02,7.225989307667899766e+02,8.256452030385119087e+02,7.782661079511692606e+02,7.236451040418751290e+02,8.398482042756590999e+02,8.270897953648205885e+02,7.797297868958704612e+02,7.814833428516127469e+02,7.332953801881873233e+02,7.745980650395317753e+02,7.610386025459180246e+02,6.194593573673937499e+02,6.584558932448669566e+02,6.853928299573607319e+02,7.086711319639379099e+02,7.516766102042456623e+02,7.081558032130451465e+02,7.694929789848040400e+02,7.676833692962669602e+02,8.162028661503497915e+02,7.134293169220561595e+02,8.387581025690265051e+02,7.812536221848108653e+02,1.000649148927716396e+03,7.901423643993573478e+02,7.198402428006912714e+02,8.122572679115581877e+02,7.166999664746888357e+02,8.837212715165491090e+02,5.803164596256233381e+02,6.864620238099815879e+02,9.673029072169952087e+02,9.080233816291837456e+02,6.526845410881963971e+02,6.931458192179663911e+02,9.497628012308782672e+02,6.944332119070224962e+02,9.636351667346525574e+02,8.530423990323349699e+02,8.933000911121341687e+02,8.598762602955087004e+02,8.918462412969685147e+02,8.555069381004668685e+02,6.077941748446287420e+02,9.119814985206456868e+02,9.152200582811348113e+02,8.774839219825952341e+02,9.306470813639691642e+02,9.097028147750077096e+02,8.915489179522578524e+02,9.312782092698749921e+02,7.560787410424991322e+02,1.032548981101721893e+03,1.263083266932039578e+03,1.167451905073037324e+03,1.220160763595127037e+03,1.228928996926604441e+03,1.433855151261976289e+03,-7.138491728278231108e+01,-1.900960328254117258e+02,3.442782990746437832e+01,-4.906978744053772878e+00,-7.199664796791676480e+00,-4.709460274155766513e+00,-4.726755582481136031e+00,-5.175992979176512243e+00,-3.564666204419974505e-01,2.008739259877163619e+00,6.082037447209587278e+00,-9.960411117114641444e-01,-9.100456730242991732e-01,1.557063492879666999e-01,1.379311344801845141e-01,-2.746350165857602832e-02,7.982382691001878652e-03,8.275398275093709746e-03,1.018615722251253221e-02,9.702692818010887066e-03,-2.510679596027153883e-03,-1.262588484399620277e-04,-6.513518601534512315e-07,2.190999675586996007e-06,-8.346894260338658603e-07,-4.406884993589024897e-07,2.152691758605397012e-07,2.183072333622561082e-07,3.608404140762886181e-07,6.694723560991249789e-07,-1.058850325538307540e-07,-9.386667747512929699e-08,-1.047033855518720231e-07,-8.273411838059266488e-08,1.018064986257715750e-08,-3.696150820064320565e-09,9.034841424314279305e-10,-2.337082146037522820e-10,-1.370878866384758699e-10,-1.397631405327737417e-12,6.938880294916171238e-27,2.103674344404887169e-27,-1.064740964240036056e-28,-8.715621135729985023e-28,2.399964862021827541e-27,-8.426952468719884793e-27,2.779899170643465650e-26,-1.134722791190574237e-25,4.503239317781845150e-25,-1.490721817658779488e-24,6.533614407477077248e-24,-2.119284169425486754e-23,8.077099299548604237e-23,-3.171939716199202845e-22,1.100323748553574268e-21,-4.100644634845437435e-21,1.648015998310368782e-20,-5.567900642997563113e-20,2.225412499714441002e-19,-8.357565428766823043e-19,2.991735913552631658e-18,-1.121927853784829108e-17,4.538193024410628447e-17,-1.524191065925660360e-16,6.046268169426185997e-16,-2.149861688287462139e-15,8.640137069270602395e-15,-3.096738109782694155e-14,2.873612934400797186e-04,-8.711623270179229186e-04,1.013925001538634547e+03,8.819712202571984108e+02,9.082554278371659393e+02,1.266969559420832184e+03,1.636872349986123709e+03,1.571890572465489868e+03,2.297877557450898166e+03,2.126559196635714670e+03,1.780540275731725615e+03,1.541280198148744603e+03,1.984390536059872375e+03,1.853357304671514157e+03,1.762266108451474793e+03,1.817621681557210195e+03,2.052351486515863598e+03,1.507860775446499474e+03,1.390916000358884276e+03,1.034146340298408859e+03,9.063400083572269068e+02,8.199826436805524281e+02,9.106621334334315634e+02,8.544603748159343013e+02,1.005004396686310088e+03,1.268558411586275270e+03,1.168180032358987319e+03,1.181939174689023275e+02,-3.282042984991458212e+01,-2.509725015874953999e-15,7.674159345430130712e-16,3.282396974030269463e-16,-1.258434079076686930e-17,-1.899485545042102262e-17,9.959105087251885213e-18,-1.875135127376608130e-19,-3.999083848565187713e-19,3.641317007765112562e-19,-1.349734370585533649e-20,-3.516399047033170237e-21,-1.977334141505705758e-21,1.565742711423903198e-21,2.870177220032296240e-22,9.363739956815418733e-23,1.796155293646584977e-23,-5.644766862577005251e-25,-2.313660025732913283e-24,5.127697767449886241e-26,1.068396561419464045e-25,-1.173092054731379107e-26,-1.791070847148280357e-26
-2.022997469439983051e-13,3.360827894107839711e+03,1.412678074083308729e+03,1.795495444680796709e+03,1.317643206218674095e+03,6.652790992751881731e+02,7.321784697158476547e+02,3.102677907699251136e+01,2.923087376998935127e+01,-6.872781108786501392e+00,1.732706831766831268e+00,-3.431419776272649491e-01,1.538037191362459366e-01,-3.539022589805440600e-02,1.688361404052204917e-02,-3.972044661604235902e-03,1.036062982134786353e+03,7.230487223686465086e+02,7.920238954694776794e+02,6.697712031158331456e+02,-9.240089967089534184e+01,3.293678822404520190e+01,2.040205108204828477e+01,1.119151755554727742e+03,1.101294697997391495e+03,1.056287483053421511e+03,1.181743307268192211e+03,1.488846570128224130e+03,1.807408697331977010e+03,1.792797376137037645e+03,1.241617840199553029e+03,1.489198206362432529e+03,1.129220209415090267e+03,1.079700036120523691e+03,1.147022948007335799e+03,1.224726402908057707e+03,1.329297109663570609e+03,1.180064525668161878e+03,1.164773289662276511e+03,9.768441765099703389e+02,1.264764157782779421e+03,9.452372328409481952e+02,1.000599950338078088e+03,1.114252691169533364e+03,1.154117485738557662e+03,1.166297083787610291e+03,1.151591555600690072e+03,1.341286870806567549e+03,1.391477335006261228e+03,1.368275482712629582e+03,1.518539980419036056e+03,1.511877725312551775e+03,1.425195019055064449e+03,1.615606260670825122e+03,1.557887666266566612e+03,2.022433326964986236e+03,1.472293022825327171e+03,1.498601108442245504e+03,1.404804676778006979e+03,1.821824972222088945e+03,1.630283472678782800e+03,1.486959022823247096e+03,1.371118344392955123e+03,1.224407643532618522e+03,1.172393211221201454e+03,1.201151246724810107e+03,1.051887421867626699e+03,1.023950793357177531e+03,7.156610173202425358e+02,7.352396224358695918e+02,6.712088432770527788e+02,5.367328182073400740e+02,6.548879106359920570e+02,8.186224857932629675e+02,9.284835734148553001e+02,8.832201648684454085e+02,6.881410743097242175e+02,7.760251879026258166e+02,7.250016745739636690e+02,6.858001029299621223e+02,7.783333957788112230e+02,8.029424668966646550e+02,6.748558066161615443e+02,7.853942078211925946e+02,7.786633139896131297e+02,7.389832329052853765e+02,6.839050508336364373e+02,7.136386678356518587e+02,6.760111274186763239e+02,7.429406375668005467e+02,6.636782171573534015e+02,6.283056618280586463e+02,7.545732092917414775e+02,7.426117655453150519e+02,8.481728003380045493e+02,7.857543638141487463e+02,7.310156200827716475e+02,6.833132059761143182e+02,6.966359523801038449e+02,7.145095064623716326e+02,8.453644597050506491e+02,7.435534304459835084e+02,7.798086131252963469e+02,7.429173720641714453e+02,6.730694415220135625e+02,7.692488137844618450e+02,6.626644416441936301e+02,6.450596596572994486e+02,9.302519681988519551e+02,9.555338586195451853e+02,7.277326163884207517e+02,6.606609389200170881e+02,9.619496806252417400e+02,7.112614175677169897e+02,7.444875585845078376e+02,8.157921893457157694e+02,7.121172151707369267e+02,9.118161856603138631e+02,8.046308500429443029e+02,8.322024398989730116e+02,6.851977535894106950e+02,1.109249866464041816e+03,1.044093246556980375e+03,8.855519676508788507e+02,1.008141048661149853e+03,7.742999409323905411e+02,7.670586473160683454e+02,8.728944102816528812e+02,9.045374584431632456e+02,1.103116948451822054e+03,1.568188969710262882e+03,1.257054090523118475e+03,9.733021435849304908e+02,1.124479284701933921e+03,1.239595384973742966e+03,8.206644012186199006e+02,2.145319790892113360e+03,-1.926984260923240981e+02,2.746519555223679632e+01,4.029774976996942115e+01,2.635965104432514039e+01,2.645645582993139655e+01,2.897091403184793634e+01,1.995204370947870176e+00,-1.124325566986332525e+01,-3.404219919355882240e+01,5.575011700299859818e+00,5.093680587340508659e+00,-8.715149494179277312e-01,-7.720240455149207648e-01,1.537178950522268828e-01,-4.467875509891405111e-02,-4.631881321546643671e-02,-5.701365639318303064e-02,-5.430762380066891937e-02,1.405270119774962821e-02,7.066922730826934781e-04,3.645727268355286605e-06,-1.226339825046266843e-05,4.671898841865530066e-06,2.466608567885294351e-06,-1.204898231634510407e-06,-1.221902756768168828e-06,-2.019685238654196089e-06,-3.747150769577007655e-06,5.926565564747906752e-07,5.253877767082706341e-07,5.860426770032656248e-07,4.630769478914978138e-07,-5.698283076187490190e-08,2.068798549140682432e-08,-5.056954583366363836e-09,1.308104671134844838e-09,7.673042437632644985e-10,7.822780953309096921e-12,-8.914869167415479123e-27,-1.697503674968913192e-26,1.756015021402667200e-28,-3.628680281726322707e-28,2.689509352706315429e-27,-9.259209679134372444e-27,3.273174222993854181e-26,-1.283320561679268968e-25,4.515159140317017350e-25,-1.650266618682705250e-24,6.653613746473620322e-24,-2.352954699231512087e-23,8.265658691232237951e-23,-3.445267233749989171e-22,1.209423522882158399e-21,-4.800878556023360927e-21,1.737205088057140831e-20,-6.982246220899146886e-20,2.401066995635962545e-19,-9.126271926740051893e-19,3.488329102279820616e-18,-1.255279823882680028e-17,4.723785988495799356e-17,-1.702186889178377971e-16,6.618261522710163103e-16,-2.378206682035549711e-15,9.551828860165812106e-15,-3.305355380788842540e-14,-1.609158221074386301e-04,4.878311917104591789e-04,1.122125898438507647e+03,9.797213937901611871e+02,9.199392435221799360e+02,1.326092634159372665e+03,1.673323346887071466e+03,1.556566465383231389e+03,1.867364888402590395e+03,1.826409354494362560e+03,1.532714739702008728e+03,1.687292713814184253e+03,1.932852482759274380e+03,1.549953577174951761e+03,1.555764027515986754e+03,1.733668535984282471e+03,1.942078008511513872e+03,1.435290091264191688e+03,1.098338641947669657e+03,8.841722167549701226e+02,7.942263589900983334e+02,7.315995676812189004e+02,9.407370648705264102e+02,1.095814708619771636e+03,1.300438638062979862e+03,1.588149281560628879e+03,2.751149888668955100e+03,-6.466574235914352187e+01,1.837869809868239557e+01,-6.187797607910501052e-16,-4.077072428783148389e-16,3.205962270181000210e-16,-1.313486557380233312e-16,-1.963145377050609230e-17,-1.355249187490262886e-17,-8.083810266069333131e-20,-7.744375701649766672e-19,1.377401026776619274e-19,-2.724459293294386457e-20,-1.377983569132602586e-20,-6.389235306241686395e-21,-1.296644698372850810e-22,-1.156973955969315973e-22,2.748969385129358006e-23,-3.929053217456228005e-24,-3.915265162214905128e-24,3.258528817801034435e-25,1.076935775609118692e-25,-5.344289199698277656e-26,1.297978183645631640e-26,1.065369283541786025e-25
3.306151942227856573e-14,1.908742133969054748e+03,1.132814979277635985e+03,1.605103098705387993e+03,1.487522779357660966e+03,1.097904795091995993e+03,1.170390693586834459e+03,-1.270423498768896309e+02,-1.196017533322113593e+02,2.812100470799296659e+01,-7.103400827133380169e+00,1.405667427463485053e+00,-6.296435408328265870e-01,1.445441315428309670e-01,-6.939891430724459687e-02,1.578545471988309495e-02,1.048327941512178995e+03,1.230322088438266292e+03,1.073981744525214026e+03,9.476199615284447191e+02,5.980423321477840091e+02,-1.347580298528554579e+02,2.496427385652172859e+01,5.097698531938113433e+02,1.033432584406011074e+03,1.291644735597746376e+03,1.413993232592828235e+03,1.625607683220974877e+03,1.751558330019249979e+03,1.670610569785606913e+03,1.296658259589481304e+03,1.273910056224175150e+03,1.110481672627554417e+03,1.384640016889418348e+03,1.232833191211151416e+03,1.284472481488481890e+03,1.289096828565666328e+03,1.281522538191436752e+03,1.273605271100784648e+03,1.325633871046803051e+03,1.241124644406594598e+03,1.017403036181069069e+03,9.927846542149211473e+02,1.124607135079047566e+03,1.211431981543657912e+03,1.091242707564645116e+03,1.140657608786657647e+03,1.316329413789695082e+03,1.283204908104317155e+03,1.194832064855349472e+03,1.139194036760595509e+03,1.166236668191356330e+03,1.185830443579309303e+03,1.512682667736880148e+03,1.567104964173093322e+03,2.046636388067783628e+03,1.581481120889335443e+03,1.785196556079989250e+03,1.543039671466703794e+03,1.748913476639746932e+03,1.444770266827742489e+03,1.455004940906824459e+03,1.595134736385347878e+03,1.318840410143243389e+03,1.293477324242600844e+03,1.265295472165554429e+03,1.185921226482404109e+03,1.168315278300804948e+03,9.662440302262103842e+02,8.588174988871940059e+02,7.637257281712871873e+02,6.948642088192299298e+02,7.038435619285593248e+02,8.084393001324307306e+02,8.034564771606819704e+02,7.922566975050608562e+02,9.376650989066683906e+02,7.031933016329497832e+02,6.663914021886321279e+02,7.028631684631254757e+02,9.267479345914861142e+02,7.627003136096861908e+02,5.935308942919857600e+02,7.230337393397168171e+02,9.070116494150200879e+02,7.870030840984186398e+02,6.225876799452344130e+02,7.827635554726022065e+02,7.108437391830435672e+02,8.649252170849430286e+02,6.963867047149088876e+02,5.952590176519582883e+02,6.495138736917818960e+02,7.091979827960725515e+02,7.281999467617525852e+02,6.799953539110715610e+02,6.420371404795160970e+02,6.499179744361852045e+02,7.720369190000494655e+02,7.174845949473465225e+02,7.035674208800954830e+02,6.323424141631855946e+02,7.578325433451374238e+02,8.201167829827368223e+02,6.352769133062940909e+02,8.082953619622403494e+02,7.998774584262270082e+02,7.607845037090202140e+02,8.314458177571711985e+02,1.037515303358391748e+03,8.277215337705881666e+02,6.899713628669486525e+02,8.236323103209583678e+02,7.369879456395972284e+02,6.135332477840822776e+02,7.475648813579693979e+02,7.758476627082037567e+02,8.549090230205383705e+02,8.216663863648329880e+02,7.608546865525574958e+02,9.232153217274631061e+02,1.331725814564902748e+03,2.209654035258552085e+03,1.281504373531443207e+03,1.192513117247881837e+03,9.966982854296269352e+02,6.264549534488049858e+02,9.495551974386107759e+02,3.151559038034706646e+02,3.636229835157208186e+02,5.622826017179387463e+02,4.553614003482092016e+02,1.170558419701278808e+03,7.508325599544142506e+02,1.168657263034594280e+03,9.737468586855695776e+02,2.202253839593238808e+03,1.206764586505209309e+03,-1.123963311824362847e+02,-1.649112317601380937e+02,-1.078720908065822073e+02,-1.082682468333015464e+02,-1.185582109542375520e+02,-8.165011999539112608e+00,4.601098453623963280e+01,1.393115256529128487e+02,-2.281472419233624294e+01,-2.084496391600042031e+01,3.566516855811872055e+00,3.159368377168991771e+00,-6.290626042729929868e-01,1.828397014456194236e-01,1.895513418151866802e-01,2.333180476979327123e-01,2.222441001310852815e-01,-5.750813078414267199e-02,-2.892009948314447874e-03,-1.491947758666496052e-05,5.018573301470001952e-05,-1.911889862507859747e-05,-1.009414817259133010e-05,4.930827469491470419e-06,5.000415404333890213e-06,8.265195510307148645e-06,1.533453486929928179e-05,-2.425339461803250861e-06,-2.150054181765965633e-06,-2.398273359686173347e-06,-1.895058416721367141e-06,2.331918993929327531e-07,-8.466182825340304058e-08,2.069466940606932676e-08,-5.353181103645565135e-09,-3.140053444574191481e-09,-3.201331216169501096e-11,1.033479820923002963e-25,2.104301069585568400e-26,6.956276366602560327e-27,5.587527152617909965e-28,2.644781794286337174e-27,-1.231170491937600607e-26,4.026275164886163407e-26,-1.667127085406260618e-25,6.346660181831057509e-25,-2.119515874521073279e-24,8.870910897056901705e-24,-3.209750740073470881e-23,1.094895537786764612e-22,-4.699672051868308573e-22,1.591294664350916382e-21,-6.429570127926090174e-21,2.296231554487878361e-20,-8.041690370686832234e-20,3.191929086943079042e-19,-1.212871873541822175e-18,4.664431725244651842e-18,-1.688242515045993092e-17,6.108988781915005372e-17,-2.047630906125689661e-16,8.308208606221517209e-16,-3.377861511534570479e-15,1.112284350408895802e-14,-4.571399876141554575e-14,6.403448248352535863e-05,-1.941264530553504287e-04,1.418636553907983625e+03,1.087124752104252366e+03,8.625514376519772668e+02,1.115730704820180108e+03,1.745498988722833019e+03,1.521488717877016370e+03,1.437662771222664333e+03,1.559990874315376686e+03,1.715711341385304195e+03,1.723991868112975453e+03,1.611681759731501188e+03,1.564316201765569531e+03,1.773170387812480612e+03,1.541901418357760122e+03,1.697404104992819384e+03,1.371105856215134281e+03,9.979833018977622032e+02,8.454557938829816521e+02,7.859682571179050683e+02,7.379559590983911903e+02,8.325276770609189043e+02,1.076162577237831783e+03,1.517013470437096657e+03,2.072120244486752199e+03,1.132701759822590020e+03,2.573294085378829976e+01,-7.313578007291718031e+00,3.251405991026443372e-15,6.199582312236884745e-16,2.899862691943000065e-16,-1.052446323797784258e-16,-6.321944820475477761e-18,-3.542739493308359111e-18,1.327935329133115504e-18,5.211901337264316580e-20,-4.753921958744169239e-20,-2.401012574446473586e-20,-5.134116681932889416e-21,5.802885537777669235e-22,5.274624343378062564e-22,-7.479998938945652184e-23,1.068932267127572254e-23,-1.210806649066422487e-23,-3.641936730412488914e-24,7.367541841010240485e-25,-1.694191226241656561e-25,-3.615655114225971675e-26,1.177907186147987448e-26,1.130507388529805892e-26
7.980409389091191486e-14,1.099020998233818091e+03,1.125883741150545347e+03,1.301566251516519742e+03,1.471158154409182544e+03,1.463218842283929462e+03,1.691605418002062379e+03,6.098472157268369074e+02,5.359741687972939417e+02,-9.687844609250895189e+01,2.447623706286306700e+01,-4.843157425090426571e+00,2.169269128856498252e+00,-4.978753733662836245e-01,2.391895551057324765e-01,-5.422518882245723482e-02,5.365350071966141741e+02,5.260955076570234041e+02,1.291731710826010840e+03,1.177412327198136609e+03,1.037443621668386413e+03,6.111346648550527334e+02,-1.223847243545551322e+02,3.136398267918655165e+02,1.003406510541658577e+03,1.319191459832366036e+03,1.590383190160010145e+03,1.747074896378310314e+03,1.830340350389978084e+03,1.486580954133416071e+03,1.395217250327478041e+03,1.429272330588387831e+03,1.328592492598540503e+03,1.486361484201277563e+03,1.233536369715981664e+03,1.163416764713566181e+03,1.168048792932275092e+03,1.352910972967614271e+03,1.443308251451982414e+03,1.270537550336285676e+03,1.126030234966993248e+03,1.194359544847090774e+03,1.070446494668811738e+03,1.085349935490994085e+03,1.175907976653940068e+03,1.069168420600844229e+03,1.201129610359689195e+03,1.283457080451976935e+03,1.204146212768420583e+03,1.320708111351610341e+03,1.022946402279974905e+03,9.904161751444897845e+02,1.158223463033776625e+03,1.402732183149433467e+03,1.458668752859146252e+03,1.661896982950041775e+03,1.385116607398457518e+03,1.762350860699248642e+03,1.616671745393822903e+03,1.777648965004644879e+03,1.735926479323306694e+03,1.852633832306013346e+03,1.637549702834805657e+03,1.520179824742396022e+03,1.450149358128760923e+03,1.717654329937956163e+03,1.182064765483809424e+03,1.106649868037934766e+03,1.016939672010246113e+03,1.009668693002123860e+03,9.361854904145783394e+02,9.174470149657128104e+02,9.518863430978664155e+02,7.215277836143403647e+02,6.378213649722142691e+02,7.433015004105694743e+02,8.033142418916685301e+02,6.108060014137644202e+02,6.571587322756630556e+02,8.651346745233776119e+02,8.870615599482165408e+02,7.425500648527892054e+02,6.307931778514457619e+02,6.851598954934455605e+02,8.885759410300869376e+02,7.950102910805184138e+02,6.785614955843669804e+02,8.101834828977414418e+02,6.609754304148734718e+02,8.439508769024071171e+02,8.783103324173990814e+02,6.499742252903242843e+02,6.558176236100197229e+02,7.295846122184480009e+02,5.884962831395231433e+02,6.060099496073182763e+02,6.727539919548883063e+02,6.358261625030964979e+02,8.719034059215828165e+02,8.092360913208242437e+02,7.708413886327799673e+02,5.088661150836119873e+02,7.789962854452476222e+02,9.085103585706810918e+02,7.146368743712340574e+02,9.141078941725068034e+02,7.776841538551078656e+02,7.747607162592986469e+02,6.703975744983756613e+02,9.606135619202591442e+02,8.693184393216665740e+02,8.132572965129745626e+02,6.899113673586391542e+02,7.266846897227190993e+02,7.962048529025673815e+02,8.699245382755524361e+02,9.734357237361798525e+02,8.264864703788500719e+02,9.545933799473648378e+02,9.584768886629709641e+02,1.846828120271736452e+03,2.996006477713232016e+03,2.400167201325234601e+03,1.710165928632515488e+03,1.111274385891018710e+03,1.039430327725555117e+03,7.242491361322039438e+02,4.682929828271174983e+02,-9.657041366207761257e+01,-1.005315635452787149e+02,-1.569883814266332536e+02,-1.271686859262544118e+02,5.236809606455319681e+02,1.185370003559556380e+03,1.038227541127686209e+03,8.456470828708580711e+02,1.097048108028331399e+03,1.626771414225294620e+03,5.095725872889114498e+02,7.477499532549821879e+02,4.934593607253984260e+02,4.945938672234244677e+02,5.342271535948774499e+02,2.812937505259567672e+01,-1.585129624588576576e+02,-4.799437103658015644e+02,7.859926397707445744e+01,7.181322060323950041e+01,-1.228704749903605808e+01,-1.088437567706131226e+01,2.167190682408850044e+00,-6.299031203822796909e-01,-6.530254684185550218e-01,-8.038066411421106450e-01,-7.656556593140109168e-01,1.981219108425298636e-01,9.963296134355578704e-03,5.139926072950404083e-05,-1.728954355902507763e-04,6.586673357586568403e-05,3.477546386941241641e-05,-1.698724940230298709e-05,-1.722698758253199221e-05,-2.847451839698256595e-05,-5.282917926146028179e-05,8.355564370851530925e-06,7.407175943612883896e-06,8.262318636772257639e-06,6.528687153618704357e-06,-8.033720461918765044e-07,2.916694206588853610e-07,-7.129543928969865684e-08,1.844230467725144474e-08,1.081783358464240383e-08,1.102894232761688372e-10,4.231986762567851484e-25,1.187095152159081446e-25,4.066728766880707338e-27,-1.589517541420532812e-27,3.250596259550174266e-27,-1.360905625691546130e-26,4.139113176888758978e-26,-1.605130339184724396e-25,6.219160721352770764e-25,-2.320083060911855761e-24,9.037271354409968764e-24,-3.249129620986491434e-23,1.103813606749985960e-22,-4.798614864399824821e-22,1.821472294273226606e-21,-6.219556636352827698e-21,2.424127688831402094e-20,-8.733094934828435333e-20,3.269089352973404895e-19,-1.160483089941242643e-18,4.507723419967983074e-18,-1.792920177399856507e-17,6.307556289342528772e-17,-2.173239706373680563e-16,9.532381342450812402e-16,-3.375318684893902576e-15,1.136322047123837041e-14,-4.417657866045692866e-14,-2.119454426477116479e-05,6.425322094548458764e-05,1.446178082612357684e+03,1.055010753538790595e+03,7.345062701696371050e+02,1.016359956292019206e+03,1.635530949652401659e+03,1.615284960504242918e+03,1.542550019593232491e+03,1.419635280047964216e+03,1.641812965293880779e+03,1.820307126759472567e+03,1.559500140379931963e+03,1.750261755710536363e+03,2.107125323015981849e+03,1.884728455318379929e+03,1.542294248658601418e+03,1.150007652519054545e+03,1.000879058103859052e+03,1.014270456299407670e+03,8.867662728128462959e+02,8.291293150237271448e+02,9.336972585675619030e+02,1.166508452688216494e+03,1.898110280326126031e+03,2.707275155333339626e+03,-3.230096921836499746e+02,-8.517254121092550534e+00,2.420695045174639404e+00,3.065465840596966598e-15,1.167443911969641694e-15,3.576778291500620543e-18,-3.238830208376083901e-17,-9.565393001976857222e-19,5.345190554815862651e-18,1.524094810187664348e-18,2.055567456537362618e-19,2.960562424570298311e-20,2.528949920784220517e-20,6.922246243604757247e-21,1.524446378857756332e-21,-3.288255164697230127e-23,-5.484813388877573472e-23,-2.651062862243738605e-23,7.510507085267759488e-26,-1.241848240076927583e-24,-7.020864584316794850e-25,-2.956733605872407848e-26,5.774818837131923195e-26,1.791577954833906411e-26,-3.234986078628219010e-26
-1.068567975055236270e-13,3.584344823774946690e+03,8.819199625728930414e+02,1.308329595824910029e+03,1.322702974363547810e+03,1.676987248783156701e+03,1.822701687732555911e+03,1.932303899558142575e+03,1.080616945167236736e+03,3.364126906313059067e+02,-7.246016357809865838e+01,1.433772149904365989e+01,-6.421882657165714825e+00,1.473873164397602853e+00,-7.081211236177534785e-01,1.604823792229335411e-01,-1.149209400967439905e+02,-1.098020077473452716e+02,8.786948450936656627e+02,7.952327122483404764e+02,1.256972716805225446e+03,1.349631306292623549e+03,4.374189082094962373e+02,1.277544606040705048e+03,1.214673054192501468e+03,1.362440785786027618e+03,1.647505322345223249e+03,1.851191624067247631e+03,2.155935022390385257e+03,1.859946098623288208e+03,1.542116329680685340e+03,1.692821651505468026e+03,1.738733387708989540e+03,1.387309656858603375e+03,1.113561100191577907e+03,1.069763599205026139e+03,1.109959219144682493e+03,1.249890884097615071e+03,1.585464113180016739e+03,1.243052983961061045e+03,1.275638893718963118e+03,1.419516411420264831e+03,1.240377100531221686e+03,1.131642115566654638e+03,1.233661935048856094e+03,1.239575442360581974e+03,1.259550720118424806e+03,1.272418399798217479e+03,1.424860396814177648e+03,1.553156606168729240e+03,1.119532769024257732e+03,8.776074335780248248e+02,1.210469867355464203e+03,1.287084218693423281e+03,1.289086111864366785e+03,1.255762428387855152e+03,1.444007725718144684e+03,1.448957865549834423e+03,1.492689428788692567e+03,1.817099883110422752e+03,1.974507723130913519e+03,2.060831187482390760e+03,1.801377707683514245e+03,1.717359640271834678e+03,1.485213804720143798e+03,1.959286664531840870e+03,1.474819431229743714e+03,1.076911525988987023e+03,1.039969628164676351e+03,1.069138979437951321e+03,1.180974758004513887e+03,1.067727257597699690e+03,1.087872260128547396e+03,6.835480482721533235e+02,6.935273755128191624e+02,8.003085593407248552e+02,6.393863116528219734e+02,6.908395050297416446e+02,6.963974346749372444e+02,8.796776554614372117e+02,7.112028101777730171e+02,6.986161461843300913e+02,6.911500637696497051e+02,7.074288485743861656e+02,7.674145151969448762e+02,7.512864224339519978e+02,7.028851521788831178e+02,7.551961932237086330e+02,8.371649127611697168e+02,7.319592918333706848e+02,8.659414142180141880e+02,7.336019001766733254e+02,7.955173909092989106e+02,7.851128157333688478e+02,6.712017541327617209e+02,6.549708388162132451e+02,7.318424830415916631e+02,6.470439866041436971e+02,8.146111576882058216e+02,8.542201786561560084e+02,8.354033611378333717e+02,5.738561537800825363e+02,7.417185174442761308e+02,9.668596687431382861e+02,8.382789103873276417e+02,8.757880369604123416e+02,6.811834348768823020e+02,8.066085740974294822e+02,5.840003054409474998e+02,7.864087113687901365e+02,9.157982263393914764e+02,8.650494968774745530e+02,6.054684859925689580e+02,7.554123954502337028e+02,8.365627575638125109e+02,8.879378307768606646e+02,8.805295473026646960e+02,8.502597140933108903e+02,9.286812912170162235e+02,1.138854396910805463e+03,2.261753294511708646e+03,3.535065925501396578e+03,1.359091501600838910e+03,1.608179650540093917e+03,8.530128204518046005e+02,9.564505535452377671e+02,9.560548584520523718e+02,-1.834714576987238672e+02,5.080228202750600985e+01,2.505462594652696851e+01,4.007313221718847274e+01,3.216208531084269850e+01,-1.161511582642207401e+02,8.398576777975744108e+02,1.139181147368256916e+03,1.059183403789717431e+03,1.076105963410230970e+03,1.045695462493065634e+03,1.117819245543423676e+03,1.639219714546695513e+03,1.160192578078148927e+03,1.152560984424871776e+03,1.113833724943109928e+03,-8.327363671885116503e+01,5.441185595842429166e+02,1.623724773204105531e+03,-2.326836818293266447e+02,-2.125944153733715609e+02,3.637432853978681635e+01,3.222188706106592093e+01,-6.415707752125856089e+00,1.864752541309815159e+00,1.933203475852777409e+00,2.379573030026896685e+00,2.266631629968045125e+00,-5.865161241121518154e-01,-2.949514168954523591e-02,-1.521613387288384307e-04,5.118361736359082741e-04,-1.949905546567720378e-04,-1.029485845162346399e-04,5.028871181584820474e-05,5.099842790768126862e-05,8.429539214081354639e-05,1.563944408202542623e-04,-2.473564488006854459e-05,-2.192805483547756302e-05,-2.445960208243151937e-05,-1.932739427253314307e-05,2.378286463868280641e-06,-8.634522925778457926e-07,2.110615859762382853e-07,-5.459622821624286056e-08,-3.202489718765981941e-08,-3.264985926867839436e-10,2.099318483324584095e-26,1.300725116159842380e-27,2.913777403793743874e-26,2.583445945266636834e-26,-2.496578217147244311e-27,-9.800738884653116027e-27,3.779309455310525832e-26,-1.408778124010995552e-25,5.336446294269537352e-25,-2.031364080365587281e-24,7.073208222055860186e-24,-2.667021235273268793e-23,1.006093052118883323e-22,-3.777574118437763465e-22,1.524881459425242235e-21,-5.093111160316891466e-21,2.066239744578366654e-20,-7.380769608672745401e-20,2.804182081931011762e-19,-1.009960412296047359e-18,3.921842008627099676e-18,-1.616479747759090466e-17,4.922447608265606723e-17,-2.119310243663037574e-16,7.708524659841785686e-16,-2.784742665771570138e-15,9.937906775059854415e-15,-3.866864815836420349e-14,6.032868656772846510e-06,-1.828919853785274728e-05,1.259777122554543439e+03,1.021511631956545330e+03,7.655058738515506320e+02,1.189894767927914700e+03,1.494930731500489401e+03,1.742420627212773979e+03,1.742685459794848612e+03,1.375188271408420860e+03,1.357041067477686283e+03,2.104698903114926907e+03,1.760607595034139422e+03,1.752974463768129226e+03,2.160555826883458394e+03,2.056035249889106581e+03,1.341642466135987661e+03,9.936033872341421329e+02,8.648038543416771518e+02,9.471030763550704705e+02,8.031730964976659379e+02,8.175177513618145895e+02,9.849624659245799876e+02,1.280182561406415743e+03,1.954727236556071148e+03,1.462773998171989888e+03,9.194229232997382439e+01,2.424372664969232538e+00,-6.890327345305302664e-01,-6.740571919495202034e-16,2.365142153749933346e-17,5.258035251199725891e-18,1.207442118731791855e-17,4.618502816953944872e-18,1.208526803324529500e-18,-4.122695330953211075e-20,8.494653301154729734e-20,3.363655526463885367e-20,5.421539127168664645e-23,-2.132694699542094792e-21,8.631930489586256604e-22,1.700883772218717417e-22,-2.199951984310270430e-23,-2.500013285374294804e-24,2.941622794407000798e-24,5.958737665938653804e-25,1.054763414058841657e-25,2.715233372559192232e-26,-1.621411772985502464e-26,-1.252969749606270411e-27,-7.728353936951911025e-27
-1.138143393995018355e-13,6.268762135419750848e+03,1.399760327951411000e+03,1.604053887908778961e+03,1.460884925575815259e+03,1.479341735032401175e+03,1.265790317086737559e+03,2.033958403891473154e+03,1.315173605065313495e+03,1.129789360949895581e+03,1.902533091805382526e+02,-3.495359819125901879e+01,1.565574947279168683e+01,-3.593111549116279058e+00,1.726317298697854330e+00,-3.912254282585896914e-01,2.704378910601475994e+01,2.581199420797566901e+01,-1.305563097310091791e+02,-1.180077898376986099e+02,1.841422501207272944e+03,1.285718434411686076e+03,1.476355214858960153e+03,1.282615754022329611e+03,1.383728407712569378e+03,1.659835258867599805e+03,1.718674539680096132e+03,1.949481615643546093e+03,2.285890070143115736e+03,1.930541203293681519e+03,1.701602413913889222e+03,1.504763080199616979e+03,1.687797401453562088e+03,1.453714985629358580e+03,1.059111083717283464e+03,1.096394782333743251e+03,1.133475584354041985e+03,1.118553281642826050e+03,1.477776781295489172e+03,1.431927564213758615e+03,1.357680303945547166e+03,1.371097857994067454e+03,1.201872441005676819e+03,1.112264591006938645e+03,1.421293940147357944e+03,1.431329631900490540e+03,1.250379089804151590e+03,1.210909713256057103e+03,1.656603296777947662e+03,1.569118358460044874e+03,1.151921917690832288e+03,9.031332157045088707e+02,1.268834433644309456e+03,1.115134608693047767e+03,1.160943756145349425e+03,1.165408768414202314e+03,1.660701443993132671e+03,1.297040077369529172e+03,1.319749101782655998e+03,1.547346708630947887e+03,1.790499316889218790e+03,1.685506411022701968e+03,1.987161460989513898e+03,1.712472018099188972e+03,1.401404735464339865e+03,1.516953690170952086e+03,1.834187053099768946e+03,1.351968731132837320e+03,1.380414207395981293e+03,1.220923013368091688e+03,1.369039832872428178e+03,1.342314934515147343e+03,1.277021227563398725e+03,9.976759053406725570e+02,9.249285190379470123e+02,1.013204831765745553e+03,8.421730513489202394e+02,8.566029949243795727e+02,7.655370754955413304e+02,7.756745627958341629e+02,7.019445649895208135e+02,6.756459938362214643e+02,6.885372441597663737e+02,7.465195986137488262e+02,7.737846440962315455e+02,7.105806413524934442e+02,6.743816612974873124e+02,7.049833051908029802e+02,1.038954181545525671e+03,8.145800521444306241e+02,6.194505245706258165e+02,7.407724989384169021e+02,7.767408076004016948e+02,7.644053598140825443e+02,7.906355604489507414e+02,6.804834284400621982e+02,7.798656454140310643e+02,6.769593716782736692e+02,7.662515099817114788e+02,8.296488732031298241e+02,7.725413743869265772e+02,7.474572985632888731e+02,6.369440984957253704e+02,9.608698837515437390e+02,8.361113641880041314e+02,7.877861406728630982e+02,6.657953496924777710e+02,9.813354431954252277e+02,7.608693896952837576e+02,7.294202088068959711e+02,8.169002096958392940e+02,7.387046996775948173e+02,6.035288858404234134e+02,8.039071574944588292e+02,7.011918132105512314e+02,7.468269406891405424e+02,6.767589758802764663e+02,8.219264445640521899e+02,7.729655677422882718e+02,9.396279123488031928e+02,1.452725015066239393e+03,1.641084247203658606e+03,7.608847429539545146e+02,1.260988965333819579e+03,7.689029069126783043e+02,1.016022161104635529e+03,1.134663855109743508e+03,2.607784983383859299e+02,-6.882728741187179367e+01,2.713282530285772154e+00,1.703347876768918301e+00,2.179290730373832030e+00,4.175319849872706612e+01,-1.114038744028966903e+02,1.319241625294516098e+03,1.158203993715985007e+03,1.100392495533217925e+03,1.263381827862411001e+03,8.899969920780026769e+02,1.208121004202873564e+03,1.005142396858456777e+03,1.045493949656608265e+03,8.241511764123655439e+02,2.174879749657972070e+02,1.607992200349277709e+03,3.970648787159786934e+03,6.033155030037884217e+02,5.519018643414481176e+02,-8.867605010785510444e+01,-7.855291867371136050e+01,1.564069069983174387e+01,-4.546032777239235045e+00,-4.712907569026027588e+00,-5.801100548568436821e+00,-5.525763582831320520e+00,1.429852736771340949e+00,7.190545550660805418e-02,3.709502563829272489e-04,-1.247792385520094319e-03,4.753625122286207457e-04,2.509757349639814001e-04,-1.225975710854403360e-04,-1.243277698890515762e-04,-2.055015918483232493e-04,-3.812700282727510162e-04,6.030239932637742516e-05,5.345784698765469495e-05,5.962944161312645313e-05,4.711776276751764204e-05,-5.797964061663299834e-06,2.104988376036271582e-06,-5.145416706015690162e-07,1.330987557257004316e-07,7.807268207317041001e-08,7.959626123013646890e-10,-1.849533045710485050e-24,-2.841107777209368308e-25,1.518324269630822840e-25,-4.044259404707093877e-28,-1.877156372965356895e-26,-1.551231316721093078e-26,4.280403165408629688e-26,-1.384624695046238227e-25,5.519151521420991966e-25,-2.050517912828139496e-24,7.791722321777800314e-24,-2.710254201188589538e-23,1.088789427413587978e-22,-4.119610582995775690e-22,1.607414486145714495e-21,-5.647636959742369183e-21,1.949586261145341885e-20,-8.106422330973085200e-20,2.961384999222172648e-19,-1.075061233086915608e-18,4.084256925059383528e-18,-1.464320889918135403e-17,6.053978204685074344e-17,-2.089387926890403293e-16,8.147752154778754416e-16,-2.960986440535528352e-15,1.066552913801260116e-14,-4.161279538250192964e-14,-1.433877238085783221e-06,4.346931897879855289e-06,1.340256435031323917e+03,1.168716991502644987e+03,9.118414293085102145e+02,1.139417793949062116e+03,1.317815260368901818e+03,1.519071675426393995e+03,1.687455507171929412e+03,1.553384596572014061e+03,1.516818214007534834e+03,2.048363026856023225e+03,1.927740923466591312e+03,1.710842861065546458e+03,1.857347329448998380e+03,1.652318951770355625e+03,1.287668722498994157e+03,1.049230636892149050e+03,7.915591518720912063e+02,7.441323690211399935e+02,6.484215484899856392e+02,7.509076945711732378e+02,8.003507733308836123e+02,1.036484935885389859e+03,1.440094067246653594e+03,3.929723352969867278e+01,-2.185261844718426261e+01,-5.762189464584742682e-01,1.637676097010639653e-01,6.931360516272497317e-16,8.923028359661483034e-17,-5.069250854289672162e-18,-1.874116706622121760e-17,-5.910278873983038272e-18,-2.029341357670179010e-19,5.113580895457665039e-19,3.113865691046433756e-20,-7.725290235252909394e-21,-4.016057007594928143e-21,-4.737570520790608950e-22,4.889163006260756907e-22,8.955406766651469247e-23,-7.715501787004005783e-24,1.934462267956247963e-24,2.312998952001579180e-25,-7.342763869437455359e-27,-5.682892025967606340e-26,1.515337535502986954e-27,-2.740223470249638768e-26,-6.145290715098259047e-27,1.911240464890919812e-27
7.704862181428050218e-14,2.789712893990938483e+03,1.790830534555778968e+03,1.395975204960246401e+03,1.548339313587908691e+03,1.452214166706108244e+03,1.286897127055045758e+03,1.172399639986953161e+03,2.081515840421968733e+03,1.127945127399740159e+03,1.044552521992548691e+03,5.906888329313211727e+01,-2.593065422403346432e+01,5.951277796789718799e+00,-2.859304360228451358e+00,6.479858784167858987e-01,-4.058655410241415851e+00,-3.828475712728744096e+00,2.160606912234869625e+01,1.954054684053406987e+01,1.938767755414126214e+03,1.559468828482526078e+03,1.448071883995128701e+03,1.410417219901092494e+03,1.475133244624204281e+03,1.634389392140904192e+03,1.706884037384468684e+03,1.958426513830740078e+03,2.076966808492798464e+03,1.502557860112453454e+03,1.632254070318929507e+03,1.463341424737971010e+03,1.382784408800253459e+03,1.493317409106245805e+03,1.153773663376817012e+03,1.150297487543824673e+03,1.181734477299342871e+03,1.117718282847486989e+03,1.288964817401210667e+03,1.055001478525769016e+03,1.146774109378517778e+03,1.260739372658297270e+03,1.124309553142586765e+03,9.160717602852701020e+02,1.368600495876146852e+03,1.337164321910242734e+03,1.122131503202724616e+03,1.091407708625376699e+03,1.427918040660468250e+03,1.394279432937144065e+03,1.155539710727544389e+03,1.252091553044377861e+03,1.424000896761668173e+03,1.066629884240879846e+03,1.115311765058523633e+03,1.121625368664579582e+03,1.232881176967508736e+03,1.286796202624456100e+03,1.311297898819852890e+03,1.299413163559298710e+03,1.495704347251710942e+03,1.427237459559842591e+03,1.615537911783259915e+03,1.467095943988113959e+03,1.361607090641396098e+03,1.160998096159521765e+03,1.559290536310131301e+03,1.675646390755509628e+03,1.781377657196226892e+03,1.591940376791353174e+03,1.490366077469899437e+03,1.746288696912546357e+03,1.852056376962701279e+03,1.651364663258353630e+03,1.302132765312226411e+03,1.429611302806456706e+03,9.835793346780504862e+02,1.027577435432775019e+03,8.121437649426586631e+02,7.925774935718525285e+02,7.884383335052229995e+02,7.230567270001580482e+02,6.564887314141798242e+02,7.506231214888811110e+02,7.997989613533751481e+02,6.564886285125299992e+02,6.705296327550895512e+02,6.567855679392516777e+02,8.217698387535861002e+02,1.064374376898012770e+03,5.839243778596239736e+02,6.799456646561482103e+02,6.093178109080491822e+02,6.868285938590852311e+02,7.691828560719823145e+02,6.835291628837699136e+02,8.805533904954538684e+02,7.259956839518310971e+02,7.086246246943840106e+02,8.114845293303879998e+02,6.891662054818436900e+02,7.427153197392478887e+02,6.590213724428901969e+02,8.672180250333037748e+02,6.892995522124585932e+02,7.644908240932618355e+02,6.697897673937746958e+02,9.482568806589518999e+02,1.036158267922457753e+03,7.206433034628176983e+02,5.927724786169934532e+02,6.904860243516098990e+02,7.141875474808151694e+02,8.116394767891337096e+02,7.425532615529053828e+02,8.281111804631250379e+02,7.758141930753258748e+02,7.567942145717262292e+02,7.473758616120335319e+02,8.247908864723091256e+02,8.726679113063723889e+02,7.722206613590644793e+02,7.320966167171480947e+02,1.164613143238306520e+03,7.483708168583125371e+02,9.764376644543190196e+02,1.089384150642635632e+03,1.280164582671764720e+03,1.068476654459071824e+02,-1.476017020658515122e+01,-1.881699388536201312e+01,-1.657820488150492011e+01,-3.030640167973334798e+01,-3.918772482355578735e+00,1.242062563233416995e+03,1.103095839690487765e+03,9.442162263927193635e+02,1.083334006632225964e+03,8.257308079239052176e+02,9.613086900398054695e+02,8.937601341875033540e+02,1.083977035425715258e+03,8.964826232574158666e+02,1.086218568328070205e+03,1.109569142980599509e+03,1.164602223030161667e+03,2.601894848567319059e+03,2.443884658170988132e+03,1.494007227344702926e+02,1.324303238676827448e+02,-2.590571151877636780e+01,7.529604410841558959e+00,7.805999507372102464e+00,9.608376010162141156e+00,9.152334768651128272e+00,-2.368268334436780087e+00,-1.190971692190322256e-01,-6.144057519006323022e-04,2.066721361285805622e-03,-7.873440083287332539e-04,-4.156916796685844765e-04,2.030586353501786568e-04,2.059243675570695403e-04,3.403727531757446724e-04,6.314984135128931747e-04,-9.987900092263798024e-05,-8.854235334325552716e-05,-9.876437953421019010e-05,-7.804125745409620286e-05,9.603181039779671969e-06,-3.486497026666462891e-06,8.522365372992776494e-07,-2.204517713130890902e-07,-1.293119605840973245e-07,-1.318354682011130908e-09,-1.105597723874312755e-23,-9.687815591811393246e-25,-1.703953102019573214e-25,-7.447841383315288718e-26,2.586528278869128768e-26,-2.484277529101240218e-26,4.063713989841964317e-26,-1.782532348310261629e-25,6.109819106159545725e-25,-2.401636162369443816e-24,8.619913486682817465e-24,-3.223442681376180539e-23,1.201122103055765564e-22,-4.853955367079494806e-22,1.778566404598568508e-21,-6.258319016656710624e-21,2.333339521779738300e-20,-9.851186100369097675e-20,3.474222971086983557e-19,-1.286042190188373298e-18,4.410472969917232186e-18,-1.603191252671498973e-17,6.990550118475425863e-17,-2.267314535125311963e-16,9.046440352423647993e-16,-3.169922055276301361e-15,1.156685026369131107e-14,-4.809413313159198976e-14,2.388520432098075174e-07,-7.241013509938252450e-07,1.529559512200858080e+03,1.358276669095555690e+03,1.061172931526491993e+03,8.801244087560664866e+02,1.062277769505631795e+03,1.145088224846601179e+03,1.450573250829995914e+03,1.717017988500641650e+03,1.684061193013901402e+03,1.778091074750270764e+03,1.907722415831643048e+03,1.774954959337877199e+03,1.686300627622051252e+03,1.418396346027977643e+03,1.459078289939722936e+03,1.148130188223245796e+03,1.023406703777460280e+03,8.162572702715186779e+02,8.020878648243159432e+02,9.507456882505837257e+02,8.941687905130648915e+02,9.117014752647908153e+02,1.190269427303724342e+03,1.041620723165303843e+03,3.640156815729731044e+00,9.598517131359804444e-02,-2.728001598938021785e-02,-1.425700863383260849e-15,-1.115667380305069734e-17,-7.185092891033759805e-17,3.445636352345747501e-17,1.953890826497146940e-18,6.916886027703853262e-19,6.128879663489010363e-19,-3.965343319304787203e-20,-2.102329170588217158e-20,1.342687717664044796e-21,-9.885210885896918548e-23,5.808464265840525876e-22,-2.620741556380441994e-23,3.966188709317912948e-23,1.024024297242397472e-23,-9.299593922372455196e-25,-2.334648233457864481e-25,2.071050772949669510e-25,-1.024645807315715658e-26,-1.946542396012129153e-27,-3.486202953491219026e-28,-8.170330574415844663e-27
1.194926137794648086e-13,1.607201567483594999e+03,1.464507800802528436e+03,1.202603110049487213e+03,1.186987140306707488e+03,1.332240958715659190e+03,1.192579780043073924e+03,1.156867168450122563e+03,1.413812907249240197e+03,1.191312228929844423e+03,1.178451600532433076e+03,7.511475095401967792e+02,-6.813678618742704529e+00,1.563789833628601134e+00,-7.513262681796492037e-01,1.702682209599078178e-01,2.631179354592763555e-03,1.560800135470223442e-02,5.689468360208015385e-01,5.174879129522285126e-01,1.887623452442225926e+03,1.690575474034575109e+03,1.500927666199233272e+03,1.484305761455663287e+03,2.002877639846326701e+03,1.457281962524836899e+03,1.545794683054035431e+03,1.719515286568282590e+03,1.737267517054081054e+03,1.609004752000506642e+03,1.682342727622639586e+03,1.660997234718045320e+03,1.524875437545300201e+03,1.266259320744554316e+03,1.046506926558077112e+03,1.086274905402593504e+03,1.097322146402428416e+03,1.015353913376743435e+03,1.194616880174519110e+03,1.083408648914271453e+03,9.924400853323045339e+02,1.207700445874670322e+03,1.158169277111679094e+03,1.037912429843351902e+03,9.864613078335858063e+02,1.038081489775180671e+03,1.032367869980162823e+03,1.100827151686789875e+03,1.135093262027946594e+03,1.142074156908980967e+03,1.162991963952871856e+03,1.155804139472331144e+03,1.226771508274962798e+03,1.372958412615722636e+03,1.253713750717875882e+03,1.171448511859462769e+03,1.089614942195561525e+03,1.289662617400798354e+03,1.411268066756367489e+03,1.281184962805097939e+03,1.332645751955436481e+03,1.160686458406297561e+03,1.319613704141050221e+03,1.426429450194247238e+03,1.406588064438263700e+03,1.128611688410993793e+03,1.265160940890456459e+03,1.597866929288717984e+03,1.918834023993178789e+03,1.697519531658054120e+03,1.676655084113865541e+03,1.817200054619460161e+03,1.926925820944287352e+03,2.187080630933585326e+03,1.567639262307514628e+03,1.583859474934996797e+03,1.165486632227480186e+03,1.163219989004519675e+03,9.730849769223402745e+02,8.640584846992792336e+02,8.307459670870750870e+02,7.976725056501740028e+02,7.092347084791134648e+02,7.001947365751954067e+02,7.441889772657847288e+02,6.719282315140765149e+02,6.717787409240287388e+02,6.904418815501192057e+02,6.926090648147153388e+02,1.053505857475772928e+03,6.493219653157874518e+02,7.532569559842006583e+02,7.095737820433590741e+02,6.483463656396957049e+02,6.502285593603234020e+02,6.705207239692708754e+02,8.706003617895230491e+02,7.882013560512801860e+02,6.362709824366836528e+02,8.186310173662639045e+02,6.942356554673584697e+02,6.446871056043828503e+02,7.175627192482036207e+02,8.883758869155030879e+02,6.014391476973502222e+02,7.228568216062593592e+02,6.944061658602574880e+02,6.728348551716109114e+02,9.008422152714401818e+02,8.489507070490666365e+02,6.669201081493812353e+02,8.084282251326561664e+02,8.140931012793674881e+02,9.285999375835808678e+02,7.746553506531769244e+02,7.771002759457447837e+02,9.128610987220697552e+02,7.296092875378345752e+02,7.811262617760302192e+02,1.036216146220791643e+03,7.888139257600203109e+02,6.909594803969059740e+02,8.477401362359717041e+02,9.880445843959967078e+02,6.810609298048926803e+02,9.206356518856815683e+02,7.821730368006477647e+02,1.252952863515144600e+03,1.094219061019605533e+03,-4.147907415166502965e+00,-5.364278855600095319e+00,-4.696553469807179582e+00,-6.943829292351126448e+00,-5.975441811430785677e+00,1.086947505474483478e+03,7.778581364176818624e+02,7.849147644721467714e+02,8.628907131844282503e+02,8.219961836598935179e+02,9.603630152498672032e+02,9.144152930742153558e+02,1.152891828780803507e+03,1.033491011203005201e+03,9.454464856966076240e+02,9.038518561259691069e+02,1.080597094144731500e+03,1.189226836049427675e+03,1.330455527194789056e+03,1.620727455806023727e+03,1.488922488085183431e+03,-6.807124517282456821e+00,1.978519476422354151e+00,2.051146543109364728e+00,2.524748716615525357e+00,2.404916859701201393e+00,-6.222989641169635044e-01,-3.129461470077698343e-02,-1.614445700233990959e-04,5.430628546372604556e-04,-2.068867592671160959e-04,-1.092293883629017137e-04,5.335678250474917746e-05,5.410979775975708472e-05,8.943818089992173082e-05,1.659359300026498445e-04,-2.624474511921338150e-05,-2.326586644122466703e-05,-2.595186118992428003e-05,-2.050654183307364412e-05,2.523383658171398879e-06,-9.161307680143194279e-07,2.239382702678847078e-07,-5.792709674451642126e-08,-3.397870838760292083e-08,-3.464179886310488316e-10,-1.291447457145056888e-23,-8.741575159482519892e-24,-1.129676084386241470e-24,-5.949957632357280594e-25,-2.643524074440351052e-25,-3.426757477203957603e-26,4.599353707581431884e-26,-1.949430132802113946e-25,7.143914704383196848e-25,-2.908192112824747504e-24,1.060818425115328514e-23,-4.004153277463402947e-23,1.408725504155760627e-22,-5.796969505412760563e-22,2.068727410892528650e-21,-7.920205819643261979e-21,2.775921129556173878e-20,-1.107399358878923902e-19,3.745429507878014477e-19,-1.578861313342785253e-18,5.019330455970661182e-18,-2.142580637625072068e-17,7.558814483835034606e-17,-2.969729651299361692e-16,1.029036988834507516e-15,-3.930197292670609255e-15,1.544115272346991115e-14,-5.450374451878573718e-14,6.698575097142500781e-09,-2.030667071211999298e-08,1.768854866576176619e+03,1.379290771328924848e+03,1.063799124779060321e+03,9.214790873773306430e+02,9.174522089652379009e+02,1.234994883069367461e+03,1.402896279569380795e+03,1.624438204257510506e+03,1.460186359879328847e+03,1.554294656713422228e+03,1.674860471562587463e+03,1.631601338935249032e+03,1.603142810985608776e+03,1.253751484908435941e+03,1.300398833730808292e+03,1.106135627498127633e+03,1.072095404156235418e+03,8.747281983179098006e+02,8.847202646668772559e+02,1.314348804174690940e+03,1.064199997427804192e+03,1.108130283123971140e+03,1.024967861208375098e+03,9.197693119613777668e+00,1.020849273356956993e-01,2.691817889956911979e-03,-7.650435382235252916e-04,-3.058595659369936829e-16,3.738117986432632743e-17,-2.060694806994596895e-17,1.517684256348189506e-17,5.029493245727507681e-18,-3.835055923586848419e-19,2.818618428512065198e-20,-5.746441184283915945e-20,-1.527485052927166446e-20,-2.853065073057788659e-21,1.375384077380172621e-21,4.104426687581941854e-22,-2.813760895258400679e-23,5.372859129395591040e-24,2.381022401525092585e-24,4.317419908773325380e-25,2.540948964756840965e-25,1.448473372380663339e-25,-2.710431722378943680e-26,-2.308191241267991475e-28,-1.153948885639033883e-27,1.463979105095235877e-27
1.502447382216866677e-13,3.768691829093458637e+03,2.519684835234519596e+03,1.366431583943003716e+03,1.084324941788221167e+03,1.251762669902514062e+03,1.246677878220629054e+03,1.128161772999344976e+03,1.441547915607967525e+03,1.394915323747243974e+03,1.247656477818034091e+03,1.069957484057973033e+03,1.016748741762382224e+03,-6.476262459978845243e+01,3.111534574554198329e+01,-7.051469674474333260e+00,-4.840773245872591168e+00,-5.167932893972711383e+00,-9.528719163017073113e-01,-9.961770114025519929e-01,1.974406699213002184e+03,2.037399176723570463e+03,1.804538271961056807e+03,1.745482947452692997e+03,1.670295119724084316e+03,1.375153042779047155e+03,1.623930724224886717e+03,1.671013111161809093e+03,2.006146663275812216e+03,1.764872024493103254e+03,1.700652014661595786e+03,1.289929957888329909e+03,1.120142445213271003e+03,1.038249214825841591e+03,8.827922941572992386e+02,9.972732505621420387e+02,1.069051650656847869e+03,1.246256289364022678e+03,1.210000900052792304e+03,1.115769006956051044e+03,1.513616440398539680e+03,1.519290686236627380e+03,1.048094154677273536e+03,1.092487134990348522e+03,1.083577298978982526e+03,1.114145573440433282e+03,1.234738780003612874e+03,1.266808668194889606e+03,1.140885961254746007e+03,1.042634766674718321e+03,1.283121869154678507e+03,9.869578603627218172e+02,9.377197681707333459e+02,1.191867373973129588e+03,1.383971124112350708e+03,1.403312201990763924e+03,1.193145754882514211e+03,1.329702316451021488e+03,1.338495268095755364e+03,1.165008911686447618e+03,1.133539385361622635e+03,1.113080936232521935e+03,1.290101424724193521e+03,1.278411704105889157e+03,1.346458017761418205e+03,1.255167170593175797e+03,1.140034932565217559e+03,1.516436759231415408e+03,1.781890354276765265e+03,1.421896385777026353e+03,1.507561346758081527e+03,1.498534502784716324e+03,1.513487947396275558e+03,1.868686493886911876e+03,1.239509808277335651e+03,1.356646613882734300e+03,1.745901578143812230e+03,1.269041648264177866e+03,1.336422255782755883e+03,1.365578909187806403e+03,1.044443283027454072e+03,9.287141362998132763e+02,9.194134303957229122e+02,7.262424851086119588e+02,7.290796874430217258e+02,8.053245782060574811e+02,7.192860600388770536e+02,6.306783802803270191e+02,6.944800230788711133e+02,8.992111147835963720e+02,7.442364999456996202e+02,8.230850824920497644e+02,9.235477706605395269e+02,7.498919694162477754e+02,6.942605423870323875e+02,5.885096072151283124e+02,6.660262725456072985e+02,7.192506909581642276e+02,6.979964662358156602e+02,8.439030115212631245e+02,7.755287930992986958e+02,8.423420698042352797e+02,8.379321523053675946e+02,8.197788639641277086e+02,6.209541124807560664e+02,8.003799124111583296e+02,7.271186479078992306e+02,6.992952053953694076e+02,7.709175030046218353e+02,9.493939878813462201e+02,8.464852001019335148e+02,9.815352464479947230e+02,9.721797842466612565e+02,1.084166019641810180e+03,7.855513589013588671e+02,6.458431713472443789e+02,8.533743988379628718e+02,8.577558081913257411e+02,7.683230698513038988e+02,7.619131322167978624e+02,8.699003021203895969e+02,6.611714796808432766e+02,8.687066055523089290e+02,7.336868470076902895e+02,6.559729041656535173e+02,9.383039853860750554e+02,9.151382740376983520e+02,8.402288162937177276e+02,7.265461621836039967e+02,6.220535544848387417e+02,7.661652878884514166e+02,7.010758492491366951e+02,1.004387329615808198e+03,9.722209035728297977e+02,1.185876631644046256e+03,6.856617961754997168e+02,8.072690777670147781e+02,9.139322116712626212e+02,9.858086794742063148e+02,1.009098934637479829e+03,8.781684214971830897e+02,9.773558997673260365e+02,9.347726456184725521e+02,9.108587347666842788e+02,9.304925881726711623e+02,1.009822152121069166e+03,1.136118990705608667e+03,1.327374374790678075e+03,1.390330130842068911e+03,1.417590274966069501e+03,1.037049296547629183e+03,-8.193819373545791507e+01,-8.494596329828404180e+01,-1.045596729982523385e+02,-9.959696930767266565e+01,2.577182266378093800e+01,1.296031822171531678e+00,6.686048135403671773e-03,-2.249034691044730569e-02,8.567986094727992469e-03,4.523614193311355225e-03,-2.209712077174203187e-03,-2.240897370311775976e-03,-3.703983246693336867e-03,-6.872052836607193266e-03,1.086897064063473139e-03,9.635301014734419392e-04,1.074767600378083096e-03,8.492557276216558928e-04,-1.045031406140230554e-04,3.794054152669162487e-05,-9.274155545425138611e-06,2.398986581707804185e-06,1.407190590702949902e-06,1.434651748651479979e-08,1.655144936346124576e-23,-3.232152841314225283e-23,-4.724982693422155465e-24,2.464539382505460591e-25,1.461011546427572657e-25,-1.264625664443874466e-25,2.532257441901768291e-26,-2.139346270477928473e-25,1.006514931366450637e-24,-3.211126684609950300e-24,1.283965583008678325e-23,-4.884543027757879905e-23,1.703928500333558116e-22,-6.476152208817989750e-22,2.427512659006817173e-21,-9.214636647855227750e-21,3.147965350682489071e-20,-1.183451037147495360e-19,4.988637270550249028e-19,-1.676786512479708310e-18,6.298067815272763691e-18,-2.387462671824717115e-17,9.627485823318383964e-17,-3.117851871491491452e-16,1.390691410917206470e-15,-4.831177375333289220e-15,1.656011709744231919e-14,-6.537833832899677953e-14,-2.927126764944368263e-08,8.873946413540138015e-08,2.059856989630090993e+03,1.425016423598052597e+03,1.063517015664300061e+03,1.052070194247040035e+03,8.837888960623895400e+02,1.217291890817002468e+03,1.352860967776120560e+03,2.321276631600636392e+03,1.933116226808542933e+03,1.384337923173390664e+03,1.743542574306631195e+03,1.453481402675339268e+03,1.493679585572468113e+03,1.412673976367357682e+03,1.155137018436439575e+03,9.214900995469238296e+02,8.693952203300317478e+02,8.870305738236986599e+02,8.471841044345409273e+02,1.060741069353070088e+03,9.883622850658031211e+02,1.229099752992085314e+03,1.025654215273816590e+02,-4.018928503512341166e+01,-4.461046404203815596e-01,-1.176307299441532381e-02,3.343191609498484367e-03,3.705160276404229890e-16,7.044782984659105757e-17,-2.281956568170334182e-17,2.480311110905140603e-18,6.807180068867497719e-19,1.009371772542889840e-19,1.157789703554378724e-19,2.124670787668110296e-20,8.742503685268577336e-21,-7.492994623995889121e-22,-2.783344170369464565e-23,4.337878401197612839e-23,-4.414527415332573258e-23,-1.313110763813225898e-23,-9.505322724736376202e-25,4.574791365897471620e-25,-4.897248706453822643e-26,6.758669019902950393e-26,1.046247998201293533e-26,-5.864269810651501563e-28,-3.038936524434337872e-28,-5.330266886153097288e-28
1.371636930075564327e-13,1.747292253825934722e+03,1.754870839434570826e+03,1.447910760732971085e+03,1.247655655660470984e+03,1.185933335287698583e+03,1.350547168247795980e+03,1.240243133570685131e+03,1.434827080973671173e+03,1.532893567689696738e+03,1.368964153245936359e+03,1.210281916591567324e+03,1.190006184286762618e+03,7.528206476629654844e+02,-1.719775545227795419e+02,3.897416137423164884e+01,2.953226068450381803e+01,3.121711345646236069e+01,-8.001604302452950179e+00,-6.486206737285495016e+00,4.196353666033395484e+02,4.504402222978887380e+02,1.472208816601317494e+03,1.654557973009774514e+03,1.402892177612188789e+03,1.403096025048838783e+03,1.426640957591968117e+03,1.499683543299692928e+03,1.921805098626828567e+03,1.749557782909375874e+03,1.613582997969889220e+03,1.214311688949687550e+03,1.234540121531629893e+03,9.841593338847241057e+02,1.061356619110305019e+03,1.134810292557844377e+03,1.115695435348507999e+03,1.157133109005145798e+03,1.412432732364924050e+03,1.120621525456114796e+03,1.570587386073096923e+03,1.630568005848137545e+03,1.018836871328311759e+03,1.019525130552414907e+03,9.483983202981171416e+02,1.059754369529410951e+03,1.210931817983384690e+03,1.475311479500373025e+03,8.677024507594128409e+02,8.988456004788807832e+02,1.156545803716573118e+03,1.055462896350469919e+03,9.440800936878134735e+02,9.191777458603605737e+02,1.266034678371025848e+03,1.561163294833294231e+03,1.414964733762249352e+03,1.249259617460500522e+03,1.367284224353739319e+03,1.086470443484491625e+03,1.000595894553391759e+03,1.079406943453388749e+03,9.837371315755981414e+02,1.140873205649629426e+03,1.378884978481165263e+03,1.064363965616099676e+03,1.099599855257827585e+03,1.410567822144063484e+03,1.420572720003462564e+03,1.199337618118983983e+03,1.495405738926873937e+03,1.382181860945420112e+03,1.480806538886672342e+03,1.542364045974764394e+03,1.270659844412962229e+03,1.501746693036944862e+03,2.002445034882831123e+03,1.886210081802744980e+03,1.803040629166443523e+03,1.538974621391298342e+03,1.602791120659728449e+03,1.370024453004018369e+03,1.149942002967326744e+03,8.330118388416580046e+02,9.029959218065316691e+02,8.320274129351904548e+02,1.384514817587621565e+03,7.901057020635876142e+02,7.877992238645248335e+02,8.150408812031413390e+02,9.621548914898106659e+02,8.802318725700038158e+02,1.017367055641802040e+03,8.529917725077146997e+02,7.948595133537925221e+02,5.773613392572533485e+02,6.578417774836065064e+02,7.118743334669612750e+02,7.967266754561190965e+02,8.003731351865559418e+02,6.936148612745472519e+02,9.391343310343561370e+02,8.104543219624431458e+02,7.490362597567932426e+02,6.718845585638374587e+02,7.490444678794879110e+02,8.213371071015021698e+02,8.835379500197888092e+02,7.037340368127415786e+02,8.298855887125318986e+02,8.613684571828624712e+02,8.061707995731625260e+02,8.992351124751417046e+02,8.228306292470920198e+02,7.229717364482004314e+02,5.751161685237226493e+02,7.442752027053469419e+02,8.415751858394321516e+02,6.774289101004176246e+02,5.703408896354067110e+02,7.330362856551607820e+02,8.492889745623273257e+02,8.569175698977460343e+02,7.331540223769022759e+02,7.130577686591786915e+02,9.724718901411628167e+02,1.034136305936721101e+03,7.245944707523799480e+02,6.311103047426222474e+02,7.346426234203627246e+02,7.052805602830195539e+02,8.249915377944324746e+02,1.097416581904971054e+03,1.118671137681106075e+03,1.051174892201955799e+03,7.790716230730661209e+02,9.867721699889408455e+02,1.002604108896249613e+03,1.121392931149769765e+03,9.420361054861917864e+02,7.443311196861554890e+02,8.641466915149651413e+02,9.547931548576541445e+02,8.954101544488056561e+02,1.210144318795350728e+03,1.091822380232996238e+03,1.161562698713624968e+03,1.243552552791000608e+03,1.351365701860650915e+03,1.129418334314522326e+03,1.329820652740162132e+03,9.374828665079458005e+02,9.846253621640912570e+02,1.196138826594794637e+03,1.106271145813052954e+03,-1.424433805629962819e+02,-7.163294442762846437e+00,-3.695444095818026242e-02,1.243063436277938999e-01,-4.735609583659601551e-02,-2.500245739171472886e-02,1.221329443593947503e-02,1.238565859645370838e-02,2.047227711019403498e-02,3.798250710569845562e-02,-6.007386212026808413e-03,-5.325524962616239207e-03,-5.940345481757014143e-03,-4.693919339082118676e-03,5.775990632370655783e-04,-2.097010780323229978e-04,5.125916335028855516e-05,-1.325943310575284349e-05,-7.777679811442624494e-06,-7.929460313093304157e-08,-2.592039578487458893e-22,-3.432173549073554300e-23,1.267909558708323778e-23,1.131590366292902192e-23,1.045607193888461531e-24,-2.988886828209840572e-25,-2.087128063286895998e-25,-3.109841540084534341e-26,1.133866177226729973e-25,-3.465154601968928417e-25,1.728270794822620781e-24,-6.101278624532512033e-24,1.244048362296370987e-23,-1.027006720882946748e-22,2.118329765995072458e-22,-8.703626874177945383e-22,4.837952214472211379e-21,-1.628445446353020966e-20,6.125277770530971289e-20,-1.275062191608197484e-19,6.622244016460530142e-19,-3.199017745226832122e-18,4.788376860671983512e-18,-4.777582345991066015e-17,1.631129904877808560e-16,-2.204348885623499309e-16,3.535817488747953490e-15,-2.987138273616112925e-15,1.617006720468892967e-08,-4.902090816917480333e-08,4.464285023832555339e+02,1.255750914709684594e+03,1.342723593141854280e+03,1.140272973344152206e+03,8.084290838872511813e+02,1.012125473266317954e+03,1.326748539397457080e+03,1.865101564878712679e+03,1.808711945456129342e+03,1.512261022798211570e+03,1.872891681076456962e+03,1.492196169050496792e+03,1.657422632242819873e+03,1.389436443774170812e+03,1.292229617149839669e+03,8.733056401289180712e+02,9.599268194259126403e+02,1.008617665213002510e+03,9.513958647302257532e+02,1.076884905908318387e+03,1.336275687892492670e+03,2.592487975258709412e+02,-5.527352369346490235e+01,2.220120776033430943e+01,2.464353818727198497e-01,6.498110807909443856e-03,-1.846832842143042224e-03,-2.630788176208083093e-17,-8.496072028473170543e-18,-1.697089335885198484e-18,5.189510354770017366e-19,-4.380071123306094867e-19,1.080887095748081473e-20,-7.198444530682681437e-21,-8.352523538438491657e-21,-2.487571229576093796e-21,-9.208689789894957573e-22,-2.362938793016757321e-22,9.024021014651534874e-24,-5.511683341211460434e-24,4.880153195375439216e-24,3.827207484252701333e-25,-3.259272492699208364e-25,-7.582901295734090988e-26,-1.633522018462451033e-26,3.106613507678349421e-27,-6.192954420574968226e-28,-8.669543665630625511e-29,-2.645458234620566182e-28
7.918417843752253054e-14,1.149036224642149591e+03,1.149703646457482137e+03,1.651146063475276151e+03,1.522366106708378538e+03,1.231767320501585573e+03,1.210797966393478418e+03,1.269015629401254273e+03,1.098053295647306641e+03,1.309887833937232472e+03,1.319752514338858646e+03,1.231644074176993399e+03,9.838705601029681702e+02,1.078437190042196789e+03,1.090509565088374529e+03,-1.586502109912145499e+02,-1.213487369262214770e+02,-1.281568297159591623e+02,3.798641765326743069e+01,3.129701644985211573e+01,-1.591595538097100473e+02,-1.654645201605221416e+02,1.796970586569050738e+03,1.431811121424480916e+03,1.489393626426668334e+03,1.818564606959839239e+03,1.545690417463412359e+03,1.371291022535802995e+03,1.603099353706054217e+03,1.672321995042544586e+03,1.458606671919272230e+03,1.290712697887521927e+03,1.302931353523255211e+03,1.047277231097389858e+03,1.313244643656067183e+03,1.304116360659119664e+03,1.186245042612750694e+03,1.097860584892457837e+03,1.250174094901576382e+03,1.220381121669976437e+03,1.264334654986940905e+03,1.250313354973406149e+03,1.092026379195549225e+03,1.103569488849599793e+03,9.337476946671939686e+02,1.009457638031561146e+03,1.158947738587442700e+03,1.429199231793059198e+03,1.160585078616838700e+03,9.884468092673713500e+02,1.154733616857771949e+03,1.155973370651471669e+03,9.768456729578902014e+02,8.889580062547474881e+02,1.100300229098848831e+03,1.548671653238532144e+03,1.187608052946165117e+03,1.205749731706323701e+03,1.262566597479717984e+03,1.055732604777198731e+03,1.099910387409870509e+03,9.843390004349795390e+02,8.778659429195489565e+02,9.087681338242533684e+02,1.263607622892770223e+03,1.042216984968538554e+03,1.156802352581776631e+03,1.376865009733429133e+03,1.319074974369296115e+03,1.135522003042486858e+03,1.288334415383920486e+03,1.615968319188145642e+03,1.486384392422209658e+03,1.504808791751826902e+03,1.562371332645525399e+03,1.858207373713068137e+03,2.029567328403014926e+03,1.900710891434019686e+03,1.657955443455453633e+03,1.853667858221725737e+03,1.628122924957197029e+03,1.567283076782548733e+03,1.226632649848370420e+03,8.858681579235682193e+02,9.345420447011201759e+02,8.037184364532008658e+02,1.184202290597713272e+03,9.072747729885131776e+02,8.936793306617612416e+02,8.512117792811994832e+02,9.187578103321338858e+02,8.277409956655645829e+02,8.807047284915323644e+02,8.542258532371155297e+02,7.442404273854853045e+02,5.577170619884859661e+02,7.612414994288279786e+02,7.453234106032143700e+02,7.092317247036099843e+02,8.307967773195132395e+02,6.626437942303093678e+02,8.921070609335873769e+02,7.965798682788317819e+02,7.343501823475013452e+02,7.736602986167190465e+02,6.999323026176373332e+02,7.079000780247902185e+02,9.763433441112632636e+02,7.987682562127124584e+02,7.607320086356395450e+02,7.910219747810810986e+02,7.392057039999516519e+02,7.821423302095126928e+02,5.501363767927584831e+02,7.286649608704092316e+02,6.437409251000094628e+02,7.177748391026755144e+02,6.619579005446848896e+02,6.613605849677582000e+02,6.441959219161312831e+02,6.268852260531683669e+02,1.149004071238480947e+03,8.128751002249262001e+02,7.644489640945434985e+02,8.913810968851589678e+02,7.965316874715641688e+02,9.138799449189079951e+02,7.596568312676680534e+02,7.262567947917167430e+02,7.155113435641504793e+02,5.784632489130007116e+02,9.092756017932554187e+02,8.320534023588162427e+02,9.188956226421862539e+02,9.661052424228063273e+02,7.269306060590720335e+02,8.119056821685251180e+02,9.907945043608798414e+02,1.180390908485644331e+03,8.465181893606874155e+02,1.003103531283937286e+03,1.001008986457310925e+03,1.237104523511389061e+03,8.923274701589465394e+02,1.122892012871436009e+03,1.434406123896315194e+03,1.139031641399494447e+03,1.126204032849661189e+03,1.263581703018318194e+03,8.763845770487852178e+02,1.237004440576477009e+03,1.225595836222786602e+03,1.371097800788887298e+03,1.553518632890625668e+03,1.209305149753334035e+03,8.923579843343112543e+02,2.915927206644221314e+01,1.504286339997628341e-01,-5.060077485841184552e-01,1.927701413836123701e-01,1.017762795093828943e-01,-4.971605985635945552e-02,-5.041769420785752881e-02,-8.333549637609230509e-02,-1.546135325457125009e-01,2.445397300981538152e-02,2.167835379689661210e-02,2.418107359054820146e-02,1.910730770037138287e-02,-2.351204234982656998e-03,8.536199141092837240e-04,-2.086581672681846753e-04,5.397452533422786910e-05,3.166022051441151169e-05,3.227806597328195449e-07,9.429980811215293716e-22,-9.708034120277740087e-23,-5.836834877860316324e-23,2.990213746191098607e-24,5.358655895894770442e-24,-3.849007774478150891e-25,-2.389116973974374556e-25,6.423373126238559482e-26,-3.718368099745913246e-25,1.555591653615175508e-24,-5.551646184715974212e-24,2.135538907562590769e-23,-8.490407962699710207e-23,2.878878913151810156e-22,-1.101699264090661520e-21,4.008480553271635682e-21,-1.533919581037196988e-20,5.560791467940467588e-20,-2.256742481876379413e-19,8.173370457988398140e-19,-3.134306460363931740e-18,1.028840311479711890e-17,-4.104490768641690505e-17,1.648145645186619508e-16,-5.220988277973909546e-16,2.320181901366099439e-15,-7.611976560046337015e-15,3.087552632472729718e-14,-6.397590426363698397e-09,1.939487357132456517e-08,-1.630495774107108673e+02,2.627837121946495699e+03,1.295019214839499000e+03,1.056421994667930221e+03,9.278519605116401863e+02,1.169244623976544744e+03,1.248932121379621321e+03,1.502746676203033530e+03,1.606366848355986576e+03,1.774868414893726822e+03,1.690576370166716288e+03,1.332140408056260185e+03,1.170809964991208290e+03,1.108848370769754865e+03,1.178372740978417369e+03,9.975233696014621501e+02,1.032984540425613659e+03,1.062215659595261513e+03,9.492296587551335278e+02,1.207119863967969422e+03,4.891031278258004704e+02,-9.453069924852187000e+01,2.186826417391879218e+01,-8.783624488562290722e+00,-9.749901349658690597e-02,-2.570894603479079860e-03,7.306758422170184231e-04,4.857209057526922163e-17,-1.219196249124946346e-18,-4.281168477132331330e-18,-5.373412695913366136e-19,-3.423365618395589981e-20,3.275431590043446350e-20,1.933931569486227089e-20,-8.001359807980593366e-23,-8.113616590258013676e-22,7.091811409312407618e-23,-3.722642123730656183e-24,6.011000343275619019e-24,-4.617852307935435864e-24,-6.581586387420487527e-25,-3.258090014858676295e-25,-1.154426159334593244e-25,-2.998335517686811436e-26,-1.031942545558366386e-26,3.452151308215035578e-27,-1.132495333831592427e-28,-2.395205129929942385e-28,1.830742060762768816e-28
7.074095462778507758e-14,1.693143796075887394e+03,1.320915692969769907e+03,1.582553812264037560e+03,1.579803214583104591e+03,1.146734236172718511e+03,9.410628473269534879e+02,1.150847015306517733e+03,1.129586936130402137e+03,1.149828586790158170e+03,1.350793848645674416e+03,1.164487174013235062e+03,8.716618942630418587e+02,1.062123092554053073e+03,1.749222373315237746e+03,7.115804444532338948e+02,5.446650989437266617e+02,5.824985778722791565e+02,-1.321697214199089956e+02,-1.090391891327936378e+02,7.329606578658827232e+01,5.714188514965064059e+01,9.431102078005590101e+02,1.567544906514831382e+03,1.564435200021836181e+03,1.948978308169476577e+03,1.837261287382304090e+03,1.517088885224360638e+03,1.408359972485333856e+03,1.702338474891270835e+03,1.329159350034709405e+03,1.176570126407760426e+03,1.177808026819847782e+03,1.020687025650270130e+03,1.180807466624727340e+03,1.343926393689508132e+03,1.150581944297860900e+03,1.153309790939355935e+03,1.309917006336596614e+03,1.154791411735806150e+03,1.078975948772405673e+03,1.004418667132793303e+03,1.222863195304138571e+03,1.411193613183139632e+03,9.941080268400969544e+02,1.083708427498468836e+03,1.270628938523429269e+03,1.237350451880911351e+03,1.271233240642391593e+03,1.398680313640011718e+03,1.162638301758578564e+03,1.141029201888316720e+03,1.044563726640244340e+03,1.043820434016567560e+03,1.150574006595068568e+03,1.233327232139915395e+03,9.429817254020564405e+02,1.151929989908972402e+03,1.344443097881071481e+03,1.236258599046602285e+03,1.349049631111440931e+03,9.341156843119699715e+02,1.009610001618161277e+03,1.021739058827146891e+03,1.104413168090339013e+03,9.837940095229347435e+02,1.133021108755773639e+03,1.317169653488953372e+03,1.332127500561921124e+03,1.178547835100477187e+03,1.060121801246559471e+03,1.447499263199745428e+03,1.381555926555248107e+03,1.395639016309938370e+03,1.477863469029587350e+03,1.600015844051257545e+03,1.791518026079500942e+03,1.571726253604987733e+03,1.699747619095107893e+03,2.010224150864449484e+03,1.587720461344549904e+03,1.657801647293593078e+03,1.349950198909860319e+03,1.010023236718301632e+03,1.055567564730437198e+03,9.456762751334130144e+02,9.735020337050531225e+02,9.277023301954288854e+02,8.522530660232212085e+02,1.007745473628550940e+03,8.380301637349863313e+02,7.199945278289397947e+02,6.921083349177852142e+02,7.959632994370218739e+02,6.448072033184228076e+02,6.529023373213773311e+02,7.256582002880720665e+02,7.982220690291700294e+02,6.044251368405828089e+02,8.376415704946329015e+02,7.219669515691430206e+02,8.765131324561518795e+02,7.649565027587748318e+02,7.269384749840653512e+02,8.334423585334550353e+02,8.087576150173432552e+02,6.660479913513296424e+02,8.758537799094772254e+02,8.087162802006344009e+02,7.404978240884403249e+02,7.884837382651977578e+02,7.916687465741774758e+02,8.219754755071994623e+02,5.725390879763522207e+02,8.247192321521457643e+02,6.814321709994450202e+02,7.205916345720982008e+02,6.045323358091727641e+02,7.525547573694057064e+02,8.822014566233950745e+02,6.160972635669475039e+02,1.082983117197156389e+03,7.767105359843875476e+02,8.709250251485851777e+02,9.677069927381404568e+02,6.709587454684527756e+02,7.056456067249098396e+02,7.948659688789060738e+02,6.783317788506008128e+02,7.517669582317508912e+02,6.863526103380766017e+02,9.251406404515728354e+02,9.400914317378045553e+02,8.211360809881371097e+02,1.058567580383760514e+03,7.335220797846560572e+02,6.687286047999738230e+02,8.750087133960280426e+02,9.289286015093658762e+02,7.829319561762325748e+02,1.164850887094504515e+03,9.913711924901803059e+02,1.322713168463671536e+03,8.641903543723736902e+02,8.705974344236972229e+02,1.417481923765391912e+03,1.288271420388888600e+03,1.071349930918442169e+03,9.476010833326995453e+02,7.591902096160666815e+02,1.064494033631070351e+03,1.025405338029523591e+03,1.121219970026298824e+03,1.197785012048997260e+03,8.790103330517174527e+02,1.319856129102925706e+03,-1.000685080963698255e+02,-5.162395324901031257e-01,1.736512501774324591e+00,-6.615467083619073208e-01,-3.492748525030550111e-01,1.706150937828509462e-01,1.730229557700637133e-01,2.859899511491296731e-01,5.306012268792117403e-01,-8.392090826359555056e-02,-7.439556507095623772e-02,-8.298437467372372922e-02,-6.557227392225963014e-02,8.068839972701290567e-03,-2.929444572266022128e-03,7.160710820583135764e-04,-1.852292544580284579e-04,-1.086512388121422894e-04,-1.107715548873313275e-06,1.239410797049082834e-21,3.524507040705366147e-22,-2.768596165291458276e-22,2.210573932406424314e-23,1.638309182185911623e-23,4.566286253967385585e-25,-5.027713359828221700e-25,-7.728628669700817106e-26,-7.180967946841491240e-26,4.469199483991920387e-25,-1.656093390174325909e-24,9.028964903618606657e-24,-2.746104276027722070e-23,1.076976073278728848e-22,-3.949283334549726606e-22,1.222930964536987181e-21,-5.972899327793854139e-21,1.972059464349943987e-20,-7.199627184994536279e-20,2.600323913001542588e-19,-1.196038095721281809e-18,4.737148777819429898e-18,-1.351654524633768121e-17,5.646443775520151869e-17,-2.211503484259131279e-16,7.513212320278529666e-16,-2.909468350824823322e-15,8.569828969109709776e-15,2.108964087591841020e-09,-6.393493825366883133e-09,5.375131416423424469e+01,1.572322311375476374e+03,1.277088354897365889e+03,7.611805240930985974e+02,1.087207260706865554e+03,1.275803396923655782e+03,1.200940167315918870e+03,1.312881922934409204e+03,1.471077404438650092e+03,1.548954189121017407e+03,1.182644695687826470e+03,1.131789405898932273e+03,9.603745132096759107e+02,1.050698874663246670e+03,9.644407154603514982e+02,1.020278174426748933e+03,1.027798672678769435e+03,1.036062405101092054e+03,1.226516378116341230e+03,5.166648242826053092e+02,-1.371272250386823828e+02,3.116321669864226962e+01,-7.209144338215000225e+00,2.895630684133006838e+00,3.214175828224938997e-02,8.475272718223828992e-04,-2.408763479853200324e-04,1.189656165229327382e-17,4.017193804613338956e-18,1.002342892403189580e-18,2.617685532053634091e-20,-1.082925897541080568e-19,2.343316237750716565e-20,1.055473171809763722e-20,-1.345414068800234035e-21,-1.021480952169335103e-22,1.606497947376984938e-22,5.805286353946843385e-23,7.633108073607914138e-24,-2.843663257517260692e-24,1.561532095699054265e-25,-1.042648534958343750e-25,3.534247261815684775e-26,1.539681048173917511e-27,-7.610943461652628191e-27,-7.022514049605889387e-28,-1.423067937354483925e-28,6.983852639676946993e-30,-6.381257379005543139e-29
-6.099313300752443123e-14,2.307263049779247012e+03,1.379889360459441150e+03,1.335723665353512388e+03,1.192051729930158672e+03,1.116157794262518337e+03,1.018650056161993689e+03,9.605341381957642852e+02,1.158828002156737057e+03,1.055073015037766254e+03,1.220322727275302896e+03,1.043907881541570760e+03,9.027723121390874894e+02,9.792002026434618074e+02,1.233965927485445263e+03,1.535546720769879812e+03,1.178522758354234838e+03,1.386972565472257202e+03,4.541086580130825041e+02,3.779276177833114048e+02,-8.217480793031609210e+01,-2.384865374174317054e+01,-2.083979956882123474e+02,8.108231319595682862e+02,1.553157484369124631e+03,1.515428525610077259e+03,1.636428435292628365e+03,1.592949106627653464e+03,1.477671022587402149e+03,1.664379458445414457e+03,1.307765227598506044e+03,1.089984349724443064e+03,1.207780919701858693e+03,1.176003125857532041e+03,1.069829411028108098e+03,1.164908658118988114e+03,1.076763607591552955e+03,1.102814886191698179e+03,1.374758200483340261e+03,1.016351190446039936e+03,1.106370263888972886e+03,5.452756719165611230e+02,6.841938631527558528e+02,8.305605631768738704e+02,1.060482247949416205e+03,1.104721358709871765e+03,1.161427766850363469e+03,1.102797318526586423e+03,9.752401451521757281e+02,1.539233933133826895e+03,1.155814768678877954e+03,1.012354647610164761e+03,1.052568605425743499e+03,1.189203487374200449e+03,1.324571762857172644e+03,1.175860170213437641e+03,1.162717905584523351e+03,9.538133046980107110e+02,1.123178322779442396e+03,1.230387371228407346e+03,1.587168619408253107e+03,1.571963676976289207e+03,1.710051191849126781e+03,1.621885043923811054e+03,1.486341006014829418e+03,1.097110274524511169e+03,1.269929014527943991e+03,1.289424889830849679e+03,1.285432838303138624e+03,1.319284005331336175e+03,1.111793732388521676e+03,1.090576888864292187e+03,1.236771062771793822e+03,1.287314920852411660e+03,1.221767794288924051e+03,1.069854927240847474e+03,1.252874941543333307e+03,1.355356608178205533e+03,1.728855324820230862e+03,1.801403239147363138e+03,1.620423766015833962e+03,1.726095594401597509e+03,1.536542279657133577e+03,1.284289360949512684e+03,1.272161593745629034e+03,1.181702963128914007e+03,1.193653973264431215e+03,1.026036339493995683e+03,8.467833459969322121e+02,1.219161647481392720e+03,9.092208850625429477e+02,6.462457953023001664e+02,6.604297011318979003e+02,7.787510066610778949e+02,6.302281483193439726e+02,8.133806376719127229e+02,7.118407442666872385e+02,7.754820082767820395e+02,6.545086285225581832e+02,7.777862115379261922e+02,7.734596537927894815e+02,7.830376090918510954e+02,6.404517361066693866e+02,7.922334938978531227e+02,8.877471501500214117e+02,8.769890735333600560e+02,7.478876472424406074e+02,6.872347299871252062e+02,7.220399349157465849e+02,6.511591816394976604e+02,8.523095508294175033e+02,6.909663222791637054e+02,9.079561623226604752e+02,7.466506133307153732e+02,8.130252160416553124e+02,6.737186975057358040e+02,6.555050708888830968e+02,7.416566118493053636e+02,7.967410137057042903e+02,9.753140466121344616e+02,6.374820231843731335e+02,8.404378060390959035e+02,7.578531462869144661e+02,8.533622210210306775e+02,8.781319649780426744e+02,7.533552197719983496e+02,7.096867090253715560e+02,7.507249533304210445e+02,6.954315090079367110e+02,7.620429136213737138e+02,8.114548774596564726e+02,8.216120035925338243e+02,1.041171244270839225e+03,7.326612000242714657e+02,1.129232657380194041e+03,7.958848408314939888e+02,7.832445416980369828e+02,8.116156245603455091e+02,6.308969006684197893e+02,7.412774343820021841e+02,9.478812927722108270e+02,8.269569143562638374e+02,1.098636034720835823e+03,9.132302008075184858e+02,8.935035115343085863e+02,1.116153583321493670e+03,1.211953057081467477e+03,8.193131377826628068e+02,8.608390665764009100e+02,7.802195567394454656e+02,9.003996146295097560e+02,1.002208643636425336e+03,9.917046617032209497e+02,1.183051882697056044e+03,1.140050620859112314e+03,9.461458305218188798e+02,3.429651098758150169e+02,1.521946285262938847e+00,-5.119481529514073870e+00,1.950332146131462219e+00,1.029711075668101605e+00,-5.029971396031633901e-01,-5.100958532355495123e-01,-8.431383425334409987e-01,-1.564286567341197420e+00,2.474105653466565080e-01,2.193285224663588662e-01,2.446495334449461101e-01,1.933162271220278672e-01,-2.378806784439579936e-02,8.636411983286823579e-03,-2.111077619464852943e-03,5.460817275744415770e-04,3.203190358199182195e-04,3.265700239196754789e-06,1.910598340281103872e-20,1.919501456552963165e-21,2.615080790109010572e-22,-2.010961654443490216e-22,-1.464315009424565907e-23,2.002005011063533061e-24,6.867774597272065855e-24,-4.700831725112658362e-25,3.553047445559315036e-25,-1.409188580653050721e-25,8.719731029516874976e-25,-2.879261078479528018e-24,1.277401115665344026e-23,-3.443744088316397244e-23,1.436519396438012878e-22,-7.816553577692406543e-22,2.043240616784637467e-21,-7.204571086085462560e-21,2.994810855731062919e-20,-1.037204869765885900e-19,4.308589069579878213e-19,-1.185557815828330462e-18,6.041648909359055611e-18,-2.239870267037056127e-17,6.837602542322063599e-17,-2.986815456038915334e-16,7.936898254194805502e-16,-3.779001325320541630e-15,-5.979263902528807652e-10,1.812645304460991756e-09,-1.523945570263557059e+01,-3.395297173312071664e+02,7.442180285440687157e+02,1.351978425530249524e+03,1.067109069650886795e+03,1.035279167386323934e+03,1.135360305682907892e+03,9.679523237114690346e+02,1.229685878901487513e+03,1.105404697755609732e+03,9.135161326774355075e+02,8.406905109023074374e+02,1.366199916063100773e+03,9.545370878207746728e+02,9.602763194965875755e+02,1.156177565699649222e+03,1.303038907296502430e+03,1.212665392596042466e+03,8.193148463641635999e+02,-1.071246973185834435e+02,3.887801264202120421e+01,-8.835327429940265986e+00,2.043920925550822165e+00,-8.209629146406953737e-01,-9.112761411759382271e-03,-2.402890890492319668e-04,6.829273836389091899e-05,9.302083191366933379e-18,1.441772301747569175e-18,-1.633512903720492009e-19,8.664393327322620939e-21,-1.859737153088359976e-20,-5.337286305108441356e-22,-1.775990614947339857e-22,-9.746837191071476250e-22,-8.376415775899007726e-23,-4.604744792251787171e-23,2.856295616454284627e-24,3.160321611275614915e-24,5.280325646994838360e-25,3.561014542862691654e-26,2.336853318146843550e-27,5.617891654315218847e-27,6.067990325395293273e-27,-4.421684020617843756e-28,-4.114897014762636472e-28,-1.505244555823076106e-28,-2.849156901564039897e-29,4.709792249826007933e-29
-1.961385128002850254e-13,2.915676299478227975e+03,1.430530178864879645e+03,1.270752555202421263e+03,9.185381689648247630e+02,1.181181926825681330e+03,1.233141855235060802e+03,9.910840063397949962e+02,8.686070778695967647e+02,7.810542670625087567e+02,8.467475241584170362e+02,9.581040788749552348e+02,9.976234127098656472e+02,8.893810500640812506e+02,1.137638609360187502e+03,1.269948459282059275e+03,1.168518840107459255e+03,1.292112118208243828e+03,1.458210205814008305e+03,1.328821056011384826e+03,1.818245522162818872e+02,2.413368305504642208e+01,6.705655160922067637e+01,9.087323480857790514e+01,1.497526253844840767e+03,1.497648018067296789e+03,1.186785793573751334e+03,1.508632744248700646e+03,1.699060546794812353e+03,1.582067265538643824e+03,1.316625056973872461e+03,1.134191611091240020e+03,1.319482614390096160e+03,1.416283032178390613e+03,1.240797139498270781e+03,1.102122352469708403e+03,1.119018557774009196e+03,1.042828956172222206e+03,1.093367957407709355e+03,1.108220132603184766e+03,7.381897651456512222e+02,-7.757890400327964642e+01,-9.564606645556442288e+01,-9.058048423902211255e+01,1.171983168435573361e+03,1.109907627932807372e+03,1.052858126805731217e+03,9.774701425823652698e+02,9.484270265829421760e+02,1.238211551582342054e+03,1.227312642692152167e+03,1.017988027876566434e+03,9.243161349548558974e+02,1.284484060940327481e+03,1.323506331436072742e+03,1.424373676651464393e+03,1.312360218966180128e+03,8.603985677000061969e+02,8.339021771583297777e+02,1.105346014066587031e+03,1.700665540441755184e+03,2.562611294112917221e+03,3.115406060541552051e+03,2.409054182775627396e+03,2.000353308590627421e+03,1.751772883215330694e+03,1.798859775479992550e+03,1.641695686154755322e+03,1.279972091771301393e+03,1.379467473260050610e+03,1.119599328583514762e+03,1.172978155066641875e+03,1.189210209787034955e+03,1.400374731430432803e+03,1.181207578176450852e+03,1.094845980621242234e+03,9.959214800746369747e+02,1.103289459650394747e+03,1.334035592016118244e+03,1.691105581222615683e+03,1.540777379624979176e+03,1.687002620467669431e+03,1.476261178292520754e+03,1.479649677711569893e+03,1.319167196460037758e+03,1.305012027977667003e+03,1.422297882245609799e+03,1.300417618534352869e+03,1.138652117252974222e+03,1.188442580901425345e+03,8.790231956371892466e+02,7.538674118352843152e+02,7.359119142227840484e+02,7.989323831672400047e+02,7.094556313120478990e+02,8.344528327624955182e+02,7.901376481138793224e+02,6.780485359367213505e+02,7.361678414636169236e+02,7.737348732967076330e+02,8.729884576621883525e+02,6.604340935469929263e+02,6.942752636437004412e+02,8.800434543880976435e+02,9.172325291029839036e+02,7.887447223644122687e+02,8.248088294962059308e+02,5.914001715298765021e+02,6.837869984310741529e+02,6.555076333923601624e+02,8.823183630959725861e+02,5.745723116987203412e+02,9.070630013333574198e+02,8.042116452378322720e+02,6.643670409257318852e+02,7.212693371646737432e+02,5.912239713759792039e+02,8.171389700317025699e+02,8.433761342197303748e+02,8.284923826746993427e+02,6.652816405493298362e+02,7.990329008888984390e+02,7.018406781887676971e+02,6.399321804219481464e+02,7.056800573430999748e+02,7.260501753257062774e+02,8.691570943628228179e+02,6.980226394126020750e+02,8.111403872573607714e+02,8.047217055918748656e+02,9.066015048694544021e+02,8.399041159956585716e+02,9.058995802831720994e+02,8.645922022620094367e+02,1.013614689979905847e+03,7.271091369054530560e+02,7.767549534663830855e+02,7.546582300189652415e+02,6.531608889604219712e+02,7.389025037543322014e+02,7.907379938204489918e+02,8.079213364088534490e+02,9.283499755155090725e+02,1.003561300620476686e+03,8.953804636539495050e+02,9.285954719988909574e+02,9.771814919271818098e+02,6.616584611043830364e+02,9.554516540815934604e+02,7.599404085329624650e+02,9.334293418810356116e+02,9.056161704414889755e+02,9.093115933370646644e+02,1.150031044028085489e+03,1.075819303329507648e+03,1.078994957653198298e+03,1.086751208640407413e+03,-3.686797809826300565e+00,1.240155022107007632e+01,-4.724529606870650156e+00,-2.494395876705533865e+00,1.218471880771744509e+00,1.235667968521941162e+00,2.042437781630345395e+00,3.789363886398966930e+00,-5.993330640380561958e-01,-5.313064751964877708e-01,-5.926446766313154813e-01,-4.682936905583818255e-01,5.762476460433644393e-02,-2.092104372740045612e-02,5.113923151678112164e-03,-1.322840981119027858e-03,-7.759482257302940944e-04,-7.910907635836901368e-06,2.610210232206748066e-20,1.064102466741763503e-20,2.252956006108360718e-21,9.075526137669787401e-22,-2.161520845754828899e-22,-3.487926449265523724e-23,-6.687664540406858738e-24,3.378312954649927873e-24,4.720198056001659641e-25,1.288610565838531745e-25,-3.051813904535464815e-25,1.416799467534488513e-24,-5.168448946204896257e-24,1.863479332234469673e-23,-5.469311523175932806e-23,2.911251116048248208e-22,-8.434551739454650674e-22,2.930481426770207027e-21,-1.585385852006525547e-20,4.259448357004079631e-20,-1.748553480360387850e-19,8.787991715914941478e-19,-2.276282668121325111e-18,1.150514310015599875e-17,-2.868002052382175500e-17,1.283472535731133558e-16,-5.532627583217112797e-16,1.814080141197815530e-15,1.412878849781764144e-10,-4.283171577220437926e-10,3.601111472626023602e+00,8.023149804277072406e+01,-1.066594166734208642e+02,1.518869411662149560e+03,1.470082574944446378e+03,9.431808949303563168e+02,1.126667322835807227e+03,1.060169785055247985e+03,1.033218653514581092e+03,9.026233439270544068e+02,8.647706694749243752e+02,1.194787262680998992e+03,1.917230382793937906e+03,8.034827233299470208e+02,1.024862875362325212e+03,1.200233872076677244e+03,1.027481084257661450e+03,9.151656611862903219e+02,-1.198692588300814208e+02,2.531376343374448723e+01,-9.186946049121091917e+00,2.087804157392779913e+00,-4.829822821604172756e-01,1.939950499676871276e-01,2.153362318676188547e-03,5.678075465466869297e-05,-1.613769995581515278e-05,3.287904278632979107e-18,7.770096582886666044e-19,-3.858344828479729319e-20,-1.111476850942237323e-20,7.746339113316054913e-21,3.254331754632016948e-21,4.965687460850085837e-22,3.824021049116217003e-23,-7.326258208722649537e-23,-3.069805603089602782e-23,-3.035006040737139829e-24,1.158961365290725096e-24,1.332914194162436925e-25,-4.213985828784444264e-27,-1.855243168992494483e-26,-3.891457680999546233e-27,-1.729376708259683901e-27,-2.934392141389501993e-28,-6.095581977006871820e-29,7.197268717281450704e-30,-1.140241267296289179e-29,-1.876231509846487828e-29
4.361487066258160109e-14,1.735618552580093592e+03,1.535180086633081828e+03,1.301211191894455396e+03,1.155150175838656878e+03,1.013556155614323643e+03,1.040370120261763304e+03,1.258125747627404962e+03,9.911552450325680184e+02,8.697649385419834971e+02,9.310463200635671228e+02,1.108966576967560968e+03,9.271656956108369059e+02,1.263695495687784387e+03,1.214670159275991409e+03,1.403222391433731445e+03,1.629291909553943242e+03,1.424367132053338764e+03,1.343446946935148162e+03,1.477392009130859833e+03,1.143754290062980090e+03,-3.398330641742399649e+01,-3.990812465172305679e+01,8.809213464250034349e+02,1.006935461245261763e+03,1.494780658826948184e+03,1.349514368734456411e+03,1.646412247832678077e+03,1.872481034459691500e+03,1.743874416495242258e+03,1.274668898022654503e+03,1.104268243162834096e+03,1.310049632780071761e+03,1.238576657979393076e+03,1.196257015642136594e+03,1.353018533530346758e+03,1.201139484739753243e+03,1.063099906866509855e+03,1.168949367956963670e+03,1.412406966149102118e+03,-5.277914408433087345e+01,1.315060947207466491e+01,1.324536567908493190e+01,-2.994415007968500575e+01,1.450365867525088106e+03,1.197479041189958480e+03,1.399363735205774674e+03,8.959843330586588763e+02,9.895423238479456813e+02,1.068104729266953655e+03,1.135408630835276654e+03,1.174251165881197949e+03,9.441956556603784065e+02,1.206207754496895632e+03,1.112841863238713131e+03,1.342272599613608236e+03,1.206843687106663765e+03,1.161038735024926154e+03,1.560060984772427219e+03,1.717313365338264703e+03,1.992615846737070569e+03,2.804192378923121851e+03,3.853134012326314405e+03,2.867838986244766602e+03,2.609976037625222489e+03,2.429307503472057761e+03,2.130270903893966988e+03,2.261044171175202791e+03,1.514792599985346214e+03,1.406555367099543446e+03,1.076123006210280664e+03,1.250330380090866129e+03,1.302762456103326031e+03,1.436947411935489981e+03,1.188136810580646397e+03,1.365035136007865731e+03,1.295606145136420309e+03,1.044692002176411506e+03,1.292082284724958072e+03,1.619411824641767907e+03,1.686038483616498979e+03,1.672284027668693398e+03,1.245571299244794318e+03,1.418026003525861597e+03,1.355708243054349396e+03,1.364048655331207328e+03,1.815095163583257545e+03,1.641216843381165063e+03,1.551562895072112042e+03,9.690932802233409120e+02,8.149878724271427473e+02,9.527767107054297639e+02,7.899349392941205679e+02,8.291164794798490902e+02,8.284566662438435287e+02,7.484387557659036929e+02,7.791427054819040450e+02,6.989880004617756413e+02,8.019136766298661314e+02,7.664205106890144634e+02,9.605226317581026478e+02,7.630138929879790339e+02,9.146268010953502881e+02,8.389002111798604346e+02,8.262281134035658852e+02,7.573480576504013015e+02,9.011405321126916306e+02,7.245167475344582044e+02,6.307812962805613779e+02,8.126028345679674203e+02,7.843144037526054717e+02,5.975698873759820344e+02,8.321812178103371025e+02,6.583043720786797621e+02,5.994141307101901930e+02,7.343227926449005736e+02,6.534687342004561970e+02,7.106873487053511553e+02,1.022467412827684370e+03,7.301395877713950995e+02,6.610081696231931119e+02,8.949114191595663215e+02,7.293073130262741870e+02,6.172425301047181847e+02,5.474827770835432830e+02,5.445756946243692482e+02,8.769533756377045393e+02,7.588766581182416076e+02,8.466170529176584978e+02,8.134828411707120495e+02,8.145525242373845458e+02,8.107962371165340301e+02,8.350967541664614373e+02,1.103729497419119298e+03,7.955026120425504814e+02,7.347466865565434091e+02,6.621689136150453123e+02,6.310506992871376042e+02,7.144170602284423239e+02,7.804932675991728956e+02,8.370658669090757940e+02,8.295214648862018976e+02,8.824528115458988395e+02,8.881191355221486674e+02,6.530711100867406458e+02,7.705489904926577083e+02,9.392927360515122928e+02,7.803239042559978316e+02,9.981753080330239527e+02,8.158388136245163196e+02,9.743122627966830578e+02,8.903974348379449566e+02,9.914215880871873878e+02,9.940468490533501154e+02,6.938071914823599400e+02,1.059376412177022758e+03,9.219336244620250227e+02,6.005121731651307471e+00,-2.019986518930402397e+01,7.695397707580132085e+00,4.062916291916597089e+00,-1.984668633339871757e+00,-2.012677926383513061e+00,-3.326758922153054687e+00,-6.172183178231046341e+00,9.762043358492772382e-01,8.654014201336895917e-01,9.653101716890247763e-01,7.627650777246727243e-01,-9.386023971384889475e-02,3.407656747581666590e-02,-8.329648827035456005e-03,2.154666877056388413e-03,1.263878247011535538e-03,1.288542681522570620e-05,-5.953724484018614090e-20,1.153552942760664310e-20,1.529929689985664124e-20,-8.651932596119748647e-24,-1.030771983812800082e-21,-1.905373266836724626e-22,-5.485156387965577106e-23,5.471649709471718038e-24,5.645386607644483646e-24,2.470436843475846804e-25,-8.997763801886655604e-27,-5.377925051953394026e-25,1.539176479993263675e-24,-4.494673028867421467e-24,1.749926506466308842e-23,-7.294723362381564830e-23,3.032410918441513329e-22,-1.045715918592651953e-21,3.509042840825215674e-21,-1.216990520175267918e-20,6.655813403496243406e-20,-2.256874149459901480e-19,5.905501098888728032e-19,-2.790428456949262080e-18,7.657380305520732892e-18,-5.212515856308241478e-17,1.069511605211070242e-16,-4.233850143854195936e-16,-2.316945008221439711e-11,7.023776399984484838e-11,-5.905601385241970869e-01,-1.315747234105818464e+01,1.749148849303336561e+01,-1.184442467106511714e+02,1.672310874217120272e+03,9.973583489862444367e+02,1.271075659850268721e+03,1.348255400931024042e+03,1.015313957061738506e+03,8.088458783305968609e+02,6.701504815421609464e+02,2.060141263496340798e+03,2.157830740147905090e+03,9.163242651967494794e+02,9.763446232218276464e+02,1.018685599317770652e+03,-7.577495296019050386e+01,-6.696470583555164069e+01,1.965782138031569559e+01,-4.151301550546003583e+00,1.506602662157272787e+00,-3.423870440484315658e-01,7.920612444951638520e-02,-3.181399533249824191e-02,-3.531381793863185362e-04,-9.311694622409546685e-06,2.646483563155069047e-06,7.969309558666938813e-19,6.497290820779811596e-20,2.400902958661764236e-20,2.723856590144140717e-20,3.911917740945725922e-21,1.754571450420124892e-21,3.588618050519945681e-22,6.628884518741834471e-24,1.685871774675036021e-23,4.468458325162998914e-24,2.339483902341804742e-25,-8.607115176627334940e-26,-6.486545148369507156e-26,-3.179455577821150230e-27,-5.109958063331267967e-27,-1.676905275398015570e-27,-5.077152436857261402e-29,6.943156550166530469e-29,2.073256434774289853e-29,3.334623734148884019e-31,-9.620012884342062645e-31,1.131097572910294504e-31
3.459676976722735424e-13,1.780636971891932717e+03,1.411302645721092631e+03,1.515148515306394302e+03,1.187922551893658920e+03,1.135260850530282596e+03,1.010419913308239302e+03,1.140880327207647724e+03,1.377742261170617667e+03,1.500156925788812487e+03,1.367931009844025311e+03,1.411563084403584526e+03,1.020200053258130538e+03,1.340829056827975137e+03,1.335981792994610942e+03,1.386695643987026415e+03,1.660577542895745864e+03,1.710203074607591589e+03,1.408449052588504401e+03,1.482717098741178461e+03,1.489820481360471149e+03,-1.202364737301684094e+01,-1.185356081701024245e+01,1.213552132169429498e+01,1.039754157022071901e+01,1.345095484104880512e+01,1.608857593881983576e+03,1.944795028078703126e+03,2.023195357632116384e+03,1.770814175749595961e+03,1.264691458241057489e+03,1.083610342601478806e+03,1.200494082596768294e+03,1.082587203392568426e+03,1.017919198134066733e+03,1.230331068083328773e+03,1.181579351188470355e+03,1.052404060485394666e+03,1.308820615895647961e+03,1.653449047740482683e+03,-2.072426961056194727e+00,6.581399628275068636e-01,-3.620263610608833171e-01,-1.714187321510168616e+01,1.686080879187281880e+03,1.196042155281108990e+03,1.454032389642789440e+03,1.130966308999723651e+03,1.014634219194075058e+03,1.112870309219841147e+03,1.007458660984837252e+03,1.063829653428672827e+03,1.054211101210851893e+03,8.039812105537527032e+02,9.764608278960688494e+02,1.425091761847347243e+03,1.681361675436658970e+03,1.674663821431247243e+03,2.094003287477897175e+03,2.573761583655018967e+03,2.677275875361205181e+03,2.770875616758531123e+03,2.964259969501546948e+03,2.939659033137832921e+03,3.511046480212056849e+03,2.859438555269858171e+03,1.926966859975506623e+03,2.499839418089629817e+03,2.226374455552645031e+03,1.809397239956871090e+03,1.483858873278474675e+03,1.052718772337098244e+03,1.174690392771568440e+03,1.235372786799225651e+03,1.190346320639232772e+03,1.249945130073622522e+03,1.346568641280000065e+03,1.129930332007917968e+03,1.157635747048917210e+03,1.238173061285967151e+03,1.591286505655887822e+03,1.431020650294974985e+03,1.222209883197011095e+03,1.288219265217354632e+03,1.428974118316447857e+03,1.390404173032339713e+03,1.553079617643718166e+03,1.721067423206983676e+03,1.684280709297968315e+03,1.208101205638560259e+03,1.063474583794517457e+03,8.303881752318146710e+02,8.541641923988158851e+02,8.729121758524654524e+02,8.936284834964586707e+02,7.098131779717584777e+02,8.044267191441738305e+02,7.975831942755282853e+02,9.061360910858296620e+02,6.473533055999577073e+02,8.053644034031761976e+02,8.191918578513087823e+02,7.707202649898564459e+02,8.013194077899958074e+02,7.864895958422741842e+02,8.260227671093814479e+02,7.225999819219111941e+02,1.004438927038909469e+03,6.569824122193376752e+02,8.281103314736151333e+02,6.631014488344191022e+02,5.728668574403925504e+02,7.451495186855205475e+02,6.018974564782331527e+02,6.762553392301905433e+02,6.795597200172362591e+02,7.178126064283086407e+02,6.702796670340854917e+02,1.048891059243904692e+03,6.975575215975543415e+02,6.670581406322531848e+02,1.047692050653883371e+03,9.561330866195338558e+02,6.522948089463194492e+02,5.860943677591919823e+02,6.221167201504595141e+02,8.737633233704541453e+02,7.126824851090094626e+02,7.341051831429007279e+02,8.175117555533938685e+02,7.416825812542883796e+02,8.203587127971358086e+02,8.106357124247256252e+02,9.404350810765832875e+02,7.788175577072400984e+02,9.037386452898099378e+02,7.435079765062561137e+02,7.376697294525557709e+02,6.665927895969282417e+02,8.279635823011300317e+02,8.918891579015856905e+02,7.830325587022238096e+02,8.219956226950138216e+02,8.215280777622533606e+02,6.458777741778299060e+02,6.350538466630076755e+02,9.298970056072826083e+02,8.419067643012342614e+02,9.673301618436779563e+02,8.923634400053181253e+02,9.613615948347265885e+02,8.252015068527856556e+02,1.049202884074431267e+03,7.885443356172711447e+02,6.943502202127143619e+02,9.494478905737011019e+02,8.890007591258241746e+02,2.158499287709300773e+00,-7.260701209956395452e+00,2.766057244585419017e+00,1.460387035270452882e+00,-7.133753523802588425e-01,-7.234430981788557702e-01,-1.195780382935424324e+00,-2.218548364074445445e+00,3.508898666422134438e-01,3.110625283573554833e-01,3.469740350186575339e-01,2.741706081127995298e-01,-3.373741110005024774e-02,1.224858544273020426e-02,-2.994034403209386470e-03,7.744800400737641023e-04,4.542922554836437555e-04,4.631577151201567227e-06,1.217548711792210583e-19,-4.084245943126862394e-20,-1.005404323665889378e-20,-4.068178821152985775e-21,7.040118668282524670e-22,3.256890677805851460e-22,8.434445058346088753e-23,-6.285463747324728177e-24,-3.781494553109117669e-24,1.248914528781148177e-24,3.368000865214519435e-25,-8.872364306559074250e-26,3.101918281205210691e-26,1.244191921860346976e-24,-6.521639572789038229e-25,2.049472852025744175e-24,-8.011016545385150025e-24,3.371690608600348193e-23,6.049980094463199506e-23,7.491606690886697917e-22,-1.818626680649871169e-22,4.491387425260597012e-21,-1.439386566146647609e-19,-2.215595995966266852e-19,-1.195825530383129814e-18,1.128838954493467395e-18,9.677343255079245212e-18,1.767871327470613270e-17,-8.903636819941399986e-13,2.699427656672259143e-12,-2.269216960154667173e-02,-5.055735638322210734e-01,6.721073732800421086e-01,-4.551199377259163903e+00,1.606683158690698221e+01,9.377821533659570150e+02,1.222727115229784204e+03,1.120667942694431758e+03,1.214924570142436323e+03,9.975382186599633769e+02,8.525947262652640575e+02,1.031004560962151572e+03,1.077257656204818204e+03,9.153368428515681217e+02,1.097585412247248996e+03,1.274673142495079674e+03,-2.911639258990335044e+00,-2.573107060587191075e+00,7.553483339965464394e-01,-1.595130329784169021e-01,5.789094268578536678e-02,-1.315616203344656572e-02,3.043481420844228614e-03,-1.222447183096282263e-03,-1.356927252055274161e-05,-3.578002304327356612e-07,1.016906661062780311e-07,-2.194226420192478638e-19,-5.672498887096153271e-20,-1.118107313263497751e-20,-1.041705216268893766e-21,2.932068492454486542e-22,2.526896235117039899e-22,1.207901127960250932e-23,1.042783199610090998e-23,2.690586936880269827e-24,1.324642554305732916e-24,-3.723728108366576302e-26,1.499428770780004551e-26,2.178975063038125252e-26,1.648183123276558944e-27,-7.912841024773794801e-28,-2.879604645127158550e-28,-2.893504012472205092e-28,6.479778378472376907e-30,1.434845690979652680e-29,9.342546748166671275e-30,2.145764782159001137e-30,2.798247015009876432e-31
1.145800463827709438e-13,1.164714575077028485e+03,1.093030919818587563e+03,1.246073248841779787e+03,1.400221189093587554e+03,1.558614328115128956e+03,1.372150859291685492e+03,1.287273421541183552e+03,1.564786638474985921e+03,1.562871039068620803e+03,1.421029327484936175e+03,1.472954955206116210e+03,1.241487089703391803e+03,1.185222179956271930e+03,1.495902110814077560e+03,1.371121862182559653e+03,1.658539401926723940e+03,1.580004581247613260e+03,1.318776794650943657e+03,9.485685470739103948e+02,1.008596082333119398e+03,1.303658544966675663e+03,1.267733760234717693e+03,-9.915448863297615389e+01,-9.090471525966914612e+01,-2.629649415869764084e+01,1.802899143663398434e+02,2.094733008580940805e+03,1.865796381701522250e+03,1.455762051491061811e+03,1.180348440626109777e+03,1.119466205245181527e+03,1.212639478011853043e+03,1.104312599184905139e+03,9.560883999684657510e+02,1.094555638547256422e+03,1.136234199807518053e+03,1.205013124389929999e+03,1.205676622156093799e+03,1.148111881199416757e+03,8.349286282554908567e+00,-7.067765364369650527e+00,2.893787130116424677e+01,1.870082646165413280e+03,6.408486670024770149e+01,1.357732569243671833e+03,1.393356871597577538e+03,1.539949452566296259e+03,1.122704117100714484e+03,1.161042108144900567e+03,1.077947964576421782e+03,1.273326505756623419e+03,9.937575856570390442e+02,8.690164740134507610e+02,9.746333140036026634e+02,1.490869750743788245e+03,2.036096653823023871e+03,2.242709162222461600e+03,2.214055071634722481e+03,2.651374901872163719e+03,2.327898120219147586e+03,2.504693644769894036e+03,2.084219786995736285e+03,3.858138729068948123e+03,3.994058555615965815e+02,3.177679089224470317e+03,2.212249407141256142e+03,2.511012404507365318e+03,2.704833870861615651e+03,1.944087533211428308e+03,1.711542953371249723e+03,1.204621301443453376e+03,1.056138359780353539e+03,1.214419910485024502e+03,1.141026605597103980e+03,1.007788536793759249e+03,9.983825441277565460e+02,9.136007218856642567e+02,8.839316796042131728e+02,9.893651846392210700e+02,1.323839802736754109e+03,1.140134104409353768e+03,1.064406353474474827e+03,1.240104443791824679e+03,1.220672789076530762e+03,1.174297293348787207e+03,1.266277012737858513e+03,1.572142931679451976e+03,1.362135892708393158e+03,1.488178312058049869e+03,1.303984417996567345e+03,8.758174403613134018e+02,8.887332252086951030e+02,7.303748987175254115e+02,9.790653828603389002e+02,8.879719697706556190e+02,8.126262100038488825e+02,9.553227951911158016e+02,8.071574983693055856e+02,6.665382733752987860e+02,6.882981710329939915e+02,6.297853454127875921e+02,6.809336959759900765e+02,7.261236473313589386e+02,6.838613187910823399e+02,7.923093450387780194e+02,7.364670462256021892e+02,9.201692962149805908e+02,7.015963727017672227e+02,8.081213548700466163e+02,8.737009251907931002e+02,6.187900219502827213e+02,8.189626459262742628e+02,8.691069712381445242e+02,7.710038765267056533e+02,7.270505526904979661e+02,6.494494088759395254e+02,7.670132826122389815e+02,8.267660546645165596e+02,6.911900834864670742e+02,6.539457558804082282e+02,7.742106575975874421e+02,8.835107269771981464e+02,6.702311431018348458e+02,5.413067682205268056e+02,7.496766385091947313e+02,9.197026428061069510e+02,6.119198382576911399e+02,7.097145793049700160e+02,7.833061365953534505e+02,7.664590065536417569e+02,7.725595360345457721e+02,6.276065552795354279e+02,7.117304840654371674e+02,8.018147675110077444e+02,9.247062766956619271e+02,8.075073459892149685e+02,7.343118387087482688e+02,8.415772254865115656e+02,8.944301520765596933e+02,8.618042697789917383e+02,8.292731820631449864e+02,9.405283767941159567e+02,9.419400139774813852e+02,7.959460842527374780e+02,7.377983907255501208e+02,8.670821575529665779e+02,9.396261940778367716e+02,8.505572955623022153e+02,8.302695224837765409e+02,8.795976044614354805e+02,8.459827310511589076e+02,9.531520886070051120e+02,6.436209493392119612e+02,7.944891989142804505e+02,8.384845378180131092e+02,8.896327436779631626e+02,-6.859115351161642593e+01,8.726897199138405767e+02,-8.789766953623882273e+01,-4.640707175257675488e+01,2.266910097452296569e+01,2.298902616584463487e+01,3.799860221364630064e+01,7.049934752337618704e+01,-1.115031209209664276e+01,-9.884709138317242960e+00,-1.102587776425307986e+01,-8.712385673008920861e+00,1.072081865870755601e+00,-3.892262597381145328e-01,9.514215480123827673e-02,-2.461083940257302247e-02,-1.443615479164028770e-02,-1.471787464502874920e-04,1.837322237869815051e-19,4.952889979082357529e-20,-5.658717120462446408e-20,-3.324438589139220306e-20,-4.194071914227936030e-21,3.169163653300457041e-21,3.847934675945642132e-22,3.283245423331674729e-24,-2.569517363902845694e-23,-9.070006264802728176e-24,-7.871302792216052752e-25,-2.408805948908301222e-25,-4.594705403801950548e-25,1.107794888942138173e-24,-4.601787997606484646e-24,1.449308224991229814e-23,-5.230102231940578686e-23,2.520837373265059944e-22,-7.282490658048282182e-22,3.121238536778566591e-21,-1.075085345644495734e-20,4.697442186103091717e-20,-1.633428439253937990e-19,5.407783702079377116e-19,-2.248163048688680405e-18,7.591711866610042493e-18,-2.785441013820814709e-17,1.182864751618975921e-16,2.979333621273815147e-12,-9.031954813968557852e-12,7.594567489493565804e-02,1.692042946464798581e+00,-2.249394789563908592e+00,1.523185814122537884e+01,-5.375935501484097045e+01,1.616967289604898269e+03,1.114605217237883608e+03,8.725825374535613719e+02,1.048060236360145836e+03,1.069443886074065631e+03,8.278213071164004759e+02,9.295648971001810423e+02,9.139646608109147792e+02,1.745102186639204774e+03,1.730958096323390009e+03,1.456574551050709943e+02,9.744612897638068816e+00,8.611620471931916043e+00,-2.527983882256278569e+00,5.338548564020583198e-01,-1.937481866994572588e-01,4.403076577522059554e-02,-1.018585946583395498e-02,4.091260464461499852e-03,4.541335524555191542e-05,1.197478269158859567e-06,-3.403361777925042925e-07,1.060331794343207001e-19,1.615822458832587636e-20,-3.112372908882916359e-21,-1.849230935775005465e-21,-3.945981826910730600e-22,-4.198541281437700017e-23,4.399715628425632698e-24,8.377522370554638645e-25,3.151257402859993778e-24,3.656413848848876945e-25,-5.665553447190249029e-26,6.676616418229629029e-26,1.279433770957130203e-26,2.783356794602169172e-28,1.886999335957264363e-29,-2.052192044263002072e-29,-4.958942103565725453e-29,-1.462322336016046679e-29,-3.331962434524722424e-30,1.271550764651855309e-30,2.377790057559723644e-32,-1.833710091227266015e-31
-7.185225440931242330e-14,1.317623481123457623e+03,1.134947301335997963e+03,1.287672601510281993e+03,1.541641601907253516e+03,1.451455699587661229e+03,1.244993205101608282e+03,9.918151856321669584e+02,1.227001271702282565e+03,1.543437151849655038e+03,1.311053048699332976e+03,1.471878675498163602e+03,1.302321982808161920e+03,1.193970436353507466e+03,1.779750479486104950e+03,1.793214292069233124e+03,1.957068785344412163e+03,1.613251549251467850e+03,1.738151564918184931e+03,1.160837316162334446e+03,1.219389083039561228e+03,1.362494738692799956e+03,1.396035017600217543e+03,8.064289516399668400e+02,7.800557019786543833e+02,-8.844372838118876246e+01,-1.052597095460459116e+02,4.486449606624710782e+02,1.809798066021633758e+03,1.555522627329669831e+03,1.392574169824740920e+03,1.185613491569794860e+03,1.093559568219750872e+03,1.505778208457579240e+03,9.910017437758324377e+02,1.107448094437469081e+03,1.211979715264065135e+03,1.265230293052168008e+03,9.521311503564785426e+02,8.262811543630479036e+02,-1.231609433470706705e+01,3.057986770858027725e+01,-1.680912391341932732e+02,1.539672866870294001e+03,1.255688438310294714e+03,1.520990468879732589e+03,1.272459106319493003e+03,1.521684860541707167e+03,1.413229591386405218e+03,1.045984590561694631e+03,1.128201549774343221e+03,1.208377235161505951e+03,9.678188848864456304e+02,9.986540859320730306e+02,9.731400020643277458e+02,1.331255083760726620e+03,1.622638335350208536e+03,2.288361782664974271e+03,2.654984871672930694e+03,2.536792874898268110e+03,1.792948724843450236e+03,1.904563324418744742e+03,1.792323739982862435e+03,8.780868237486553198e+02,-2.096009793650347603e+02,3.520726360739346546e+03,2.844009378483915953e+03,2.645520260487066480e+03,2.747077787640805127e+03,1.871472282286243626e+03,2.081235306971676891e+03,1.570165597831841978e+03,1.007368902483542911e+03,1.225910602232042493e+03,1.254161225598424153e+03,1.052104319333843023e+03,1.031082659364663186e+03,8.179412997455149252e+02,9.632862099590531670e+02,9.243275261114682735e+02,1.073647048662100133e+03,1.065275508692508993e+03,1.040756146033107143e+03,1.046152165093314807e+03,8.217791614297823344e+02,1.056292238254765607e+03,1.185352789895426895e+03,1.398706126294877549e+03,1.207565283505357456e+03,1.412819610134730283e+03,1.343553944749553239e+03,1.016617453125922339e+03,1.029795833301493076e+03,8.349139305991100173e+02,9.564543082573272841e+02,1.038099756712553244e+03,1.286747045773571017e+03,1.778734593268323351e+03,1.123012996480919355e+03,9.257722586895872610e+02,7.928663330749764100e+02,5.404863288690643230e+02,6.560398757580600204e+02,6.288464359803335810e+02,7.515246138793753516e+02,6.338066580271839712e+02,7.999951856670859343e+02,8.039412224822107191e+02,7.152981026380653020e+02,8.920551580947733328e+02,8.980085176129394995e+02,7.772478103054222629e+02,8.942046021398142557e+02,7.983816409912276413e+02,7.049879048394122947e+02,8.226439865373056364e+02,8.189406066238188941e+02,7.191149988655635070e+02,6.800693254873788192e+02,7.909192722039753107e+02,9.302945877047953900e+02,6.484218972725726644e+02,6.514789496413580991e+02,7.937319967634196018e+02,6.255184923036058535e+02,9.172175677960653957e+02,8.964531879785669162e+02,5.997834967750785609e+02,8.438709883240701402e+02,7.053045657844265861e+02,7.401142960799455750e+02,7.648485704014987050e+02,7.050036044710540182e+02,6.130489656108136387e+02,6.678927961315305311e+02,7.877081609914083629e+02,7.306074310893394568e+02,7.011979096955643627e+02,9.598178432408822118e+02,8.896064782504198547e+02,7.944403623371981666e+02,9.287752984163619203e+02,8.659665749383883622e+02,8.154690268784009959e+02,8.663359740377513845e+02,8.121613985697086946e+02,7.539814380333646113e+02,9.959027685196072071e+02,8.033692329415143831e+02,8.982165080288596073e+02,8.887821219270670099e+02,8.884987129533085408e+02,1.205401235602165571e+03,6.526001753962458451e+02,9.193572960246256116e+02,8.602870900612671221e+02,8.184861613060991203e+02,7.821513813782534044e+02,1.308263805241522050e+03,9.752901727760070116e+02,5.699186470118270336e+02,-1.237762171057663920e+02,-1.255230499414900578e+02,-2.074772723716677660e+02,-3.849355364676919748e+02,6.088214313657618959e+01,5.397178766404319816e+01,6.020271564644828999e+01,4.757075023766849853e+01,-5.853705355775191244e+00,2.125225613611883002e+00,-5.194884447258651949e-01,1.343783595331619340e-01,7.882326836298894635e-02,8.036149512263024994e-04,2.245486447130459082e-18,3.046065647211353537e-19,4.619182740682018623e-20,-8.259160307973527128e-21,-1.696683443757043225e-20,-4.241045498521416990e-22,5.314536098166314771e-22,2.041142419077917652e-22,4.837029654171225383e-23,-1.047490139982381250e-23,4.489452173910613585e-24,2.133067325110303777e-24,3.222256750063976118e-26,-1.629147900210391401e-26,1.686526677547569863e-25,-4.289058190041702648e-25,1.773152807006892486e-24,-7.103145109442196182e-24,1.681665785669468677e-23,-8.684006107217169046e-23,4.116072864621887872e-22,-1.370991905114493125e-21,3.735636464110090943e-21,-1.468328469459714078e-20,7.786739189014457683e-20,-2.112359551932968323e-19,8.483915918194555849e-19,-2.857069760363888300e-18,-1.624557548789015354e-12,4.924976024091737119e-12,-4.140468774884515507e-02,-9.224818918644764887e-01,1.226343554318366946e+00,-8.304229714787052075e+00,2.930896737764149762e+01,4.013961583879139994e+02,2.265052764854814313e+02,6.524727638765868960e+02,1.065797026337602119e+03,8.686029419663012732e+02,8.152100013868860060e+02,9.285255584095538097e+02,1.309767583632043170e+03,4.404071813292320599e+02,4.154984810600623177e+02,-7.758399165527364971e+01,-5.312648216217870534e+00,-4.694954085866627658e+00,1.378227047474779532e+00,-2.910513819662450818e-01,1.056292301476445122e-01,-2.400505507110822084e-02,5.553210649847948287e-03,-2.230507033673171519e-03,-2.475882657136758429e-05,-6.528510529291418104e-07,1.855472769268827787e-07,2.601680572678922567e-20,-7.464956317641286998e-22,-2.142858371543654519e-21,3.099322472362749719e-22,7.636236035180328208e-23,2.625626510192665423e-24,2.157334203429952211e-23,-2.615936635034915405e-26,-1.150272979497437599e-24,-2.649485054785272041e-25,5.982150039632127703e-26,2.207791993991783273e-26,5.928199190050119343e-27,7.694316478362498423e-28,-1.409475323341532066e-29,-3.433643357306051082e-29,2.236312190886931006e-29,4.590855701498604389e-30,1.719410515475441495e-30,3.235861000937969166e-31,-1.323711260528856459e-31,1.835576167628537750e-31
-8.989477386000795611e-14,1.699017290546808681e+03,1.130034438734022615e+03,1.276986921509844478e+03,1.461548762520927767e+03,1.234954834808572969e+03,1.012334251732757480e+03,2.468496738700457911e+02,3.237869534767468167e+02,1.251265954081866539e+03,1.337606251002285262e+03,1.497676040455421344e+03,1.251965178469140483e+03,1.317057474274496826e+03,1.789962352320911123e+03,2.019010132045471664e+03,2.218784801747668098e+03,1.514723365017570359e+03,1.794203915551992168e+03,1.939704371518698053e+03,1.500615558470661654e+03,1.342837398841959157e+03,1.501405380631683329e+03,1.436636856395534323e+03,1.436320366616519777e+03,7.174208675194223588e+02,7.906300079128374136e+01,-1.736129060018191410e+02,6.119633347864888719e+02,5.233660934997946015e+02,1.582438321983692731e+03,1.268121686130744365e+03,8.934752483858296728e+02,1.181661881983489593e+03,1.041796548970481126e+03,1.198646802387762591e+03,1.230685683994229521e+03,1.149723659602181897e+03,9.014897021406967497e+02,8.295202467332367178e+02,3.637946273718053192e+01,-1.205810133941709523e+02,1.038546849901355245e+03,1.015381920707640916e+03,1.760049367062101737e+03,1.345998997775673843e+03,1.196613545579486072e+03,1.283424429548142143e+03,1.400363513940002576e+03,1.222883254859373210e+03,1.465536715388123639e+03,1.049201959893374124e+03,8.799745194806303061e+02,1.223628863897728024e+03,1.127399577081392408e+03,1.274955664532752508e+03,1.465145210093166497e+03,1.730348630379561882e+03,3.036085558043109359e+03,2.138581943009647148e+03,1.524229164845828336e+03,1.513603457664672305e+03,5.621488555748812814e+02,-2.745100981336561290e+02,6.978452663576752002e+01,2.613653881156358693e+03,2.448899860756761882e+03,2.617425645556747440e+03,2.770886253880682034e+03,2.232077428477505691e+03,2.460217268222994790e+03,1.791001112881751624e+03,1.111823842853523956e+03,1.106470687564086802e+03,1.352558383765459666e+03,1.346310331822880926e+03,1.339686682628144126e+03,7.656959931598980802e+02,9.371479535183107146e+02,9.159081900286038262e+02,1.023463661834942627e+03,1.274750466469005460e+03,1.234994938598860017e+03,1.109000152603605329e+03,9.139691971585832562e+02,1.021508520206903199e+03,9.916487116155757349e+02,1.392452003459892239e+03,1.264795629435526507e+03,1.413952023019642411e+03,1.391275910457087548e+03,1.262519482810209638e+03,1.140323358742657774e+03,1.095988456059095597e+03,1.115133186544080900e+03,1.098535514819478067e+03,1.841547227115264150e+03,2.054291643646189186e+03,1.206752949795764607e+03,1.014972441635780456e+03,8.046098093359473751e+02,6.847218290105828373e+02,6.600739915305424574e+02,7.478057044681884236e+02,7.986295314166766275e+02,6.231818979456252237e+02,8.187864848662214854e+02,7.832033291289399131e+02,7.950860278367134697e+02,8.826427878273244687e+02,9.404716175771114877e+02,8.194283846793882731e+02,9.252759887384045214e+02,7.093560536837431982e+02,7.449562785258534632e+02,8.268238116659252910e+02,8.838000480276388089e+02,7.323845454850528540e+02,6.188087423288590116e+02,8.313101018705783645e+02,9.457095158120631595e+02,6.838796667172971411e+02,6.177322643299389711e+02,7.979130349147831112e+02,7.009980598687274096e+02,1.023648442928143368e+03,8.488093876206024788e+02,6.771595740220604966e+02,9.463453171397931101e+02,6.662839823183353474e+02,6.244995167587038623e+02,6.413308700650649143e+02,7.909036824476827405e+02,6.015088357072268082e+02,6.045577992836341537e+02,7.455529813405568120e+02,6.638215371817981350e+02,7.180931481520304942e+02,8.376417950404058956e+02,7.651280728078550055e+02,8.245533134245164320e+02,9.003758983586615159e+02,8.111378734977428167e+02,7.942759938024762505e+02,7.933975935677365214e+02,8.249989958719139622e+02,7.539543753148760743e+02,9.379058458826229980e+02,8.689317625967205458e+02,1.012766479966737620e+03,1.084257654600320166e+03,9.555224193351376698e+02,1.159410133796744958e+03,7.697408037461354979e+02,9.241811857858416488e+02,8.778162400225044166e+02,1.018912841908657470e+03,1.133751773632051936e+03,1.192087056707114016e+03,1.217032452733615628e+03,1.103416751982672849e+03,7.689615691016653045e+02,7.999432442763181825e+02,1.289962099714318583e+03,2.372869718530804676e+03,-2.465355684138013999e+02,-2.185528410229377414e+02,-2.437843012302712964e+02,-1.926325412593566853e+02,2.370393850912172340e+01,-8.605868283644632299e+00,2.103611542017989500e+00,-5.441504445023291892e-01,-3.191861893972729458e-01,-3.254150701330672715e-03,-1.057640739847746916e-17,-2.611262028220670530e-18,-1.069343249511162688e-19,4.050269474491252496e-20,-2.560411298767223173e-21,1.441993841782070912e-20,3.008293632810751234e-21,1.393095191921411098e-21,2.933192109724856931e-22,-1.369266547271040398e-23,-1.231465154839100809e-23,-4.463948256797315502e-24,-2.554888408548886558e-24,-1.605126952126425511e-25,-6.546205378005783483e-25,2.320168100389448199e-24,-7.204335185931698040e-24,2.547612157471720337e-23,-1.158191061271815959e-22,4.369731223214561173e-22,-1.453815961153465644e-21,5.471762131510898588e-21,-2.066815185885518725e-20,8.455944403318158385e-20,-2.932174270403100224e-19,1.226376634530509521e-18,-4.007507586742157380e-18,1.509164491450840913e-17,6.390166097344681363e-13,-1.937182837449573541e-12,1.628787847551705845e-02,3.628882082554388266e-01,-4.824220605921480387e-01,3.266738424588373491e+00,-1.152963407877065016e+01,-1.465052428408277194e+02,-8.170066551832412927e+01,3.752798855059550533e+03,1.310435375416060424e+03,1.107341610208587326e+03,8.933684855045574977e+02,1.255171522040813215e+03,1.720115791450157531e+03,-1.608830775153433876e+02,-1.513768481494350056e+02,3.052018253082752608e+01,2.089902695410267075e+00,1.846912650630082586e+00,-5.421703647932187842e-01,1.144945125139821690e-01,-4.155268781504841552e-02,9.443167937118981947e-03,-2.184535740550188915e-03,8.774423737628523528e-04,9.739688434242902237e-06,2.568201619396314836e-07,-7.299104672342481023e-08,1.269699551735874829e-20,1.304021946086916960e-21,3.648766192164136032e-24,2.176641818085372395e-22,1.682652023472055942e-23,-5.486613281065241257e-24,1.350768106168894918e-24,6.897899283828715341e-25,-1.313425540980376235e-25,4.328420891035049568e-26,3.964140742441112572e-26,7.980851293552376456e-27,-4.300693312211111189e-28,1.536540516841152783e-28,9.628760674333019737e-29,-2.662559994961852398e-30,-7.392933269824149562e-31,5.841799547892984181e-32,-2.824160251534715271e-33,1.414271870827194065e-31,3.039813128914510388e-32,-5.983410310644643956e-32
-8.334691724371192422e-14,2.080474626821424863e+03,1.164742077584950721e+03,1.050954220374052966e+03,1.268402581981624053e+03,1.112127685994097874e+03,9.749578073694331124e+02,-7.232222938535464607e+01,-9.527057844519219998e+01,1.338925042110281311e+03,1.286809349824601895e+03,1.293415464063194804e+03,1.214902815922306445e+03,1.352753681944755272e+03,1.357710801009550323e+03,1.598727153074250054e+03,1.837214533214089670e+03,1.341874711764963195e+03,1.533839848849828968e+03,2.081722767585481961e+03,1.713362378118686593e+03,1.424348133953078332e+03,1.600022684399203854e+03,1.575714980454547685e+03,1.362536489191272722e+03,1.312176282506009102e+03,-1.548447952947297779e+02,9.540815802401100143e+01,-2.658021374238807084e+02,-1.166908970415586850e+02,7.206055646632300977e+02,5.436528994476666412e+02,1.193585654359872251e+03,9.724048010759406679e+02,1.204726737054804289e+03,1.311846802920617165e+03,1.315007177053439364e+03,1.183971830779378934e+03,1.021538257992732383e+03,1.022823968028500190e+03,-1.198787424707875857e+02,5.424688180620698859e+02,1.445669262387022172e+03,1.122539562033466382e+03,1.204434740303833905e+03,1.184607634438734749e+03,1.376768564282427178e+03,1.463157804671523536e+03,1.527756034386824467e+03,1.395171193750574957e+03,1.705299243674823174e+03,1.142254462979168920e+03,9.236921809666641821e+02,1.226494487597615489e+03,1.308360150522544927e+03,1.277503151721015684e+03,1.482814200322358602e+03,1.463161303584504822e+03,2.373212475261164855e+03,1.562608258172931755e+03,1.730885498137542072e+03,1.581234315863600386e+03,-1.666950556229233769e+02,-6.162951326715928957e+01,2.044797876599963971e+01,1.763542349224713917e+03,2.165937128394518368e+03,2.641671295661373279e+03,2.572113729609929578e+03,2.588240132499407537e+03,2.467060744791121124e+03,1.940471481937963290e+03,1.924172875943904955e+03,1.326176077956213248e+03,1.330673965857772373e+03,1.459008237061815180e+03,1.392555882096711912e+03,1.124482747570419633e+03,1.089854639421251022e+03,1.033409774418538518e+03,1.070548739337775714e+03,1.258002599684784627e+03,1.274631370327055947e+03,1.183790160523708892e+03,1.220836597285731386e+03,1.154467326479073108e+03,9.269899778120709470e+02,1.335996786669249104e+03,1.327466652617229329e+03,1.488911972412689465e+03,1.553537222639832862e+03,1.605632802693934764e+03,1.326863342636583866e+03,1.284464286160228767e+03,1.227596290279369214e+03,1.219605746106009519e+03,1.871593849610675306e+03,1.763915604237977959e+03,1.038485930302547104e+03,9.736856894575911383e+02,7.909465966236764416e+02,8.129951659453633965e+02,7.475725407359010433e+02,9.756964537181662536e+02,7.452853872604472372e+02,7.347353816012991956e+02,7.814777774634095522e+02,8.188265003033885705e+02,9.428858446504860922e+02,8.731214230273337762e+02,8.315964173488990809e+02,7.813731853289249329e+02,8.259994747178806165e+02,7.796066387396136861e+02,7.671732262548690642e+02,7.717283778791318127e+02,8.998210262052754160e+02,7.779728699543400126e+02,5.378728374886678694e+02,8.667666867050933206e+02,7.379735026763119095e+02,6.460530867145677121e+02,7.330482163139529348e+02,7.382579157973709698e+02,6.805156766924704925e+02,1.003077046473596397e+03,8.857653666433229773e+02,7.888562063401745945e+02,9.154725175923058487e+02,6.790428379120321551e+02,7.032303988586063497e+02,6.251044239107645808e+02,7.743305740912850297e+02,6.084658024932494982e+02,6.276015341422718166e+02,7.514560754578753858e+02,7.173616557685265889e+02,8.277531659775426078e+02,8.609579582896991496e+02,6.118514587376448617e+02,7.541034958688074994e+02,8.120390377820817776e+02,9.283394834614980482e+02,8.956677675726552934e+02,7.566843910952890155e+02,7.833460532663422100e+02,8.671175527848618003e+02,9.434532283839446336e+02,9.190822820790120886e+02,1.066911247680659244e+03,1.061306758303689321e+03,9.965733116779971397e+02,8.492252829800942209e+02,9.126259025601272015e+02,8.852655000519226860e+02,8.855220321308827351e+02,1.072418586450387238e+03,1.062246643135787963e+03,1.005609810209203033e+03,9.775820509831791014e+02,1.053920018699057209e+03,1.167953464742812685e+03,1.429126672151214962e+03,1.946825256431953449e+03,3.355976339574202029e+03,1.090183565877877982e+03,9.577793871180572296e+02,1.073325870749523801e+03,8.482079151197287956e+02,-8.103327024942085188e+01,2.941965319776446819e+01,-7.191316435390985973e+00,1.860209433496940568e+00,1.091156253858776015e+00,1.112450039101292587e-02,-3.885646851409931753e-17,-1.944193918555524426e-18,7.985973464967150911e-19,-2.168152717810891876e-19,7.459297125842177350e-20,5.269810888720868527e-20,4.088102916900626315e-21,-7.055496232298319158e-22,1.645771332205358764e-21,2.237484925995292246e-22,3.300717335526995392e-23,3.219199827404956337e-24,-7.884624476587177721e-26,3.079723738370835410e-25,-3.129379409582937119e-25,5.301890837195773315e-25,-2.389429762121363428e-24,1.036523611162897545e-23,-3.878717134882943660e-23,1.270507649020832299e-22,-5.032268957976085185e-22,2.191086464320418150e-21,-6.907851479347310712e-21,2.655205019634009314e-20,-1.022914344010048129e-19,3.883311598016456799e-19,-1.462891666067138051e-18,5.488646492884020733e-18,-2.098630042554708657e-13,6.362204887506713054e-13,-5.348122575429129118e-03,-1.191542914471631770e-01,1.584032148211179103e-01,-1.072633096005840336e+00,3.785753706094371118e+00,4.810497560093216407e+01,2.682640187565809242e+01,2.609270136603135597e+03,4.318700722678384409e+03,2.103533168744130307e+03,2.001888262946535860e+03,1.438452290194699572e+03,7.986860842570154091e+02,5.282593556659837475e+01,4.970456650951474842e+01,-1.002129758302612217e+01,-6.862192521004831791e-01,-6.064335055376817163e-01,1.780215619878003086e-01,-3.759425686157618490e-02,1.364381912030109521e-02,-3.100662845930699310e-03,7.172919989812509122e-04,-2.881080783364469485e-04,-3.198025308889396907e-06,-8.432686356054300917e-08,2.396659978602001266e-08,7.957455560859180763e-22,4.207327503352933998e-22,2.377744009309763015e-23,6.473488172797239070e-23,1.475139843585982293e-23,-1.531002315237414713e-24,-7.049537670841698632e-25,-1.934581360547597211e-26,-7.924900682610595168e-27,9.680705909749376323e-27,2.937713655389657582e-27,-1.844933115575504178e-27,2.129159786038617473e-29,4.219466633822354247e-29,2.267566216351126826e-29,1.364900559208941964e-29,3.884307022687029209e-30,3.944132224976780876e-31,-1.262191500015140680e-31,-2.781839249862533869e-32,-1.725966339780620240e-32,1.282029667272835659e-32
3.192080710218809292e-14,2.217473544531987045e+03,1.123201015469788899e+03,1.001105645688809545e+03,1.140430347217870803e+03,9.562942454024509971e+02,1.000667141273935499e+03,3.947947287914673353e+01,5.109476122969003598e+01,8.741791697009483642e+02,1.597187068833844023e+03,1.452905189200948143e+03,1.412135648846420054e+03,1.490921083567617188e+03,1.304613189145675733e+03,1.506973294124589074e+03,1.325194974637411178e+03,1.280013311109376218e+03,1.484703339568936826e+03,1.622374874516035561e+03,1.528343393523862687e+03,1.516494484746200897e+03,1.303279850549025468e+03,1.492093369753445359e+03,1.364091757432192708e+03,1.248182575011274366e+03,4.905220385381812207e+02,-1.396699115141898915e+02,4.068734286578789465e+02,-4.806214876051919305e+01,-2.317481100091317501e+02,-9.260186050794337120e+01,8.307818890914127223e+02,1.341578016611782232e+03,1.291184822617672353e+03,1.329577786014727053e+03,1.288921802987078308e+03,1.262741392460308134e+03,1.050251688093402663e+03,1.057581045583784771e+03,4.141054441583532366e+02,1.313047082708085554e+03,1.075829033429764195e+03,1.259177386030334446e+03,1.226074663774213377e+03,1.147903013008086418e+03,1.291553591893331713e+03,1.506277254204421524e+03,1.671083436147583598e+03,1.324186476213076048e+03,1.546275855759566639e+03,1.380456599362645647e+03,1.231899234475487674e+03,1.165001526929497913e+03,1.300667986249059823e+03,1.390779548389907632e+03,1.402728069309734565e+03,1.434902354071163927e+03,1.478641758684720799e+03,1.294672358355681354e+03,1.703507888311527267e+03,1.580693663172510014e+03,8.375320513753960938e+01,5.417372423463360747e+02,-1.330594713050403470e+02,1.972597697956768116e+03,2.518477119975627829e+03,2.933573591484241661e+03,2.288445893560177410e+03,2.436017563508317835e+03,2.050116561249210008e+03,2.093861045038155680e+03,2.534834525779080650e+03,1.663133965125289478e+03,1.425050400459855609e+03,1.342365867463683571e+03,1.227135938248646426e+03,1.559759250215917291e+03,1.176877848797365459e+03,1.102107965204658058e+03,9.423522377019623946e+02,1.199651342086339810e+03,1.180530991853271416e+03,1.204283701714849030e+03,1.089296070682507889e+03,1.199372004779547524e+03,1.021946362269993642e+03,1.229658185097862543e+03,1.279681992051171619e+03,1.363550045265704966e+03,1.593219715634773593e+03,1.676159330984859935e+03,1.413797912415937617e+03,1.326947558588859692e+03,1.225205049392290675e+03,1.265099331529594565e+03,1.684509897865048515e+03,1.513055694343221148e+03,1.106279368693017204e+03,8.759740519788398387e+02,8.393876991219412957e+02,8.476842914675138445e+02,8.236359799033596119e+02,9.448194043455918063e+02,7.278977685908333797e+02,7.186898509561233368e+02,7.656520482423958356e+02,8.221218442431392077e+02,9.788896215970282810e+02,1.195036314004068799e+03,6.825681301095241906e+02,8.233208131070235822e+02,7.502895115203690466e+02,7.919952289726583103e+02,6.636544113764003896e+02,8.751037700974441123e+02,1.023559959251131090e+03,7.300133641119562071e+02,5.885118644499031006e+02,8.293202676224474317e+02,7.321443578842445277e+02,5.822641820426233608e+02,7.044704872934224795e+02,7.270524920902732902e+02,6.532837852053920642e+02,8.460107170707045725e+02,9.206510049417106529e+02,8.224820135691422820e+02,8.865534320797091823e+02,6.546373930279233946e+02,9.060873079261635894e+02,6.489563005371378495e+02,7.834738493300087612e+02,7.619566507384431588e+02,6.684717681842429329e+02,7.127453848150570366e+02,8.523828224385977137e+02,8.453456508498018138e+02,8.997548722846777309e+02,7.362944688055928282e+02,6.290731226228111836e+02,8.142819330561164861e+02,9.450231944643779798e+02,7.864995993751571177e+02,7.826942135609050410e+02,7.495030551950868585e+02,9.495360596609602908e+02,9.997537678650335238e+02,9.459514314160743425e+02,1.101510501449536150e+03,9.069202228104722963e+02,8.905096009976132336e+02,7.355270469191285656e+02,1.018948614607822492e+03,9.704838186280627497e+02,9.002712865581830783e+02,9.009581179379568994e+02,1.002505714791111927e+03,1.019042959008589492e+03,9.683051785375561167e+02,7.714646871293001595e+02,9.161036316521604022e+02,1.139149472393854239e+03,1.073029692690106458e+03,1.609435466608661045e+03,2.229650105053880907e+03,1.801909406812711723e+03,2.109331531819342217e+03,1.671000363179436590e+03,2.772230178627647206e+02,-8.637236755497434615e+01,2.111279226122606545e+01,-5.461338780548167016e+00,-3.203496260974296295e+00,-3.266012111628268516e-02,-7.512829667513926864e-18,-1.535808966354823261e-17,-2.503734845087886427e-18,5.888450072389504008e-19,2.610101981169070582e-19,2.539295278052781329e-20,-7.251687865839343151e-21,3.712506816216884765e-22,2.236278284976266752e-21,-2.306119732442995054e-22,7.177046248116439440e-24,-2.099630319056710406e-24,-7.153728673989003024e-24,3.805325712897043525e-24,5.370428975129878105e-25,-1.691578443740231083e-24,5.901306689267732831e-24,-2.046931341563068524e-23,7.618112653925938196e-23,-2.827106914414054421e-22,1.044425279146018716e-21,-4.161187486019890735e-21,1.490425217947017125e-20,-6.297737454180547791e-20,2.183903734828584207e-19,-7.949537145348260614e-19,2.766236329873533279e-18,-1.029815545045545582e-17,5.929802705711358538e-14,-1.798119045905458970e-13,1.510269914518809920e-03,3.364828292925795689e-02,-4.473188606528585853e-02,3.029035837093150829e-01,-1.069068602196599604e+00,-1.358448621250970767e+01,-7.575575745723591048e+00,-5.664093800340641565e+02,9.953839061751039480e+03,3.692774786276241684e+03,2.526664954935742117e+03,1.467233439666819095e+03,-1.659455438436791042e+02,-1.491765008510802915e+01,-1.403619875101182402e+01,2.829939671467875062e+00,1.937831971114639951e-01,1.712522975403136805e-01,-5.027196093839800956e-02,1.061633765792246650e-02,-3.852912727017595435e-03,8.756040545496013685e-04,-2.025579090058885650e-04,8.135957183186254662e-05,9.030984876961308491e-07,2.381327713136517364e-08,-6.767988971763812188e-09,2.694080470021991300e-22,3.364800466223629551e-22,1.677302818684828115e-23,1.608800874298825684e-23,1.093630210834829703e-24,1.179353971926756395e-26,-5.653398056840345218e-25,-2.431227592329854497e-25,-3.960737233062036529e-26,-7.993043157829143425e-28,-3.950606017676046496e-28,3.829551791785071146e-28,-1.052851923990854631e-28,2.279663979020294880e-29,9.186067432627924633e-30,1.870881578220871744e-30,-2.525817135657368476e-31,-2.613654775554025881e-32,-2.626305739606963278e-32,1.891232779673462900e-32,5.221853494094842701e-33,-7.058274441694532560e-33
3.230253206961581089e-14,2.106516357580457225e+03,1.166101390856931403e+03,1.262608513312500691e+03,1.105123416066610844e+03,1.040368493132409185e+03,1.223074965779523382e+03,-5.506714261764346929e+01,-7.013497832402079268e+01,-1.147038782650503776e+02,1.356624357328969836e+03,1.237576035437379460e+03,1.056965976232603225e+03,1.072924699756996461e+03,1.065183844942909218e+03,1.040517317884353361e+03,1.436673089087568314e+03,1.426044496333484631e+03,1.585581930450239497e+03,1.334431792522465685e+03,1.037840384330959751e+03,1.554856830118480502e+03,1.206813254217372332e+03,1.370757770703407914e+03,1.659458382691727593e+03,1.419696606386703479e+03,1.619909038596942764e+03,3.231416700237993496e+02,1.150564462194328371e+03,2.207642638389997956e+02,2.633563532667213281e+02,-2.351690246109352600e+01,-1.099639427190747227e+02,9.908871389003029435e+02,1.377775170581183147e+03,1.226539508436262622e+03,1.130705264153518783e+03,1.225514113117616716e+03,1.124282457769212670e+03,1.277634951252211295e+03,1.596454210799718567e+03,1.335844721471616140e+03,1.417972476808703050e+03,1.419393526628812879e+03,1.399014825538571586e+03,1.265210670546840220e+03,1.139103546423351645e+03,1.203818002565928737e+03,1.403597362334789523e+03,1.453813687909820374e+03,1.555669498252177391e+03,1.422364006702429378e+03,1.462232405607423971e+03,1.341280311182217247e+03,1.352814307600394159e+03,1.498455668187408037e+03,1.474175067349353185e+03,1.368859028629834711e+03,1.328777117318307774e+03,1.459918255768536028e+03,1.375260995307537996e+03,1.402604061677883919e+03,-1.078177560740787584e+02,1.844122865282408839e+03,3.592760882899839316e+02,2.397042176028299309e+03,2.456808596141411272e+03,2.883974812174376893e+03,2.320825217849801902e+03,2.124281349558952115e+03,1.699465546765221234e+03,2.074555581252462162e+03,2.325140050947437430e+03,1.647804928807053329e+03,1.464768566058841770e+03,1.361310189992675532e+03,1.330118933014539152e+03,1.500744378578763644e+03,9.723790956287342624e+02,9.578058431159115571e+02,8.433788866527471555e+02,1.382043236659903641e+03,1.168196750545091845e+03,1.218837649912384677e+03,9.085359919911290945e+02,1.051131241071472459e+03,9.847505003191587321e+02,1.241011219078734030e+03,1.266200981408880125e+03,1.282480900920190379e+03,1.253373046075579396e+03,1.455307812780824406e+03,1.254083171116580615e+03,1.253699089429618880e+03,1.360820718988012004e+03,1.351984459394894429e+03,1.529718346463987700e+03,1.373093081064983608e+03,1.291604500297235290e+03,9.210974758046878605e+02,8.360939451067663413e+02,7.444952833129112832e+02,8.022903567157104590e+02,8.817420528270509976e+02,8.205360388497314261e+02,6.185731073291054827e+02,7.781504042838315627e+02,8.089670530817520557e+02,8.628362049810651797e+02,1.365647008350706756e+03,7.281021606089420857e+02,8.534890800073309265e+02,7.579279116968647259e+02,7.425191972869411074e+02,6.150982235554156432e+02,9.435491991058074746e+02,1.082235913800862363e+03,7.317809490536775456e+02,7.466769954859240670e+02,7.351436156430974052e+02,8.134076858473722496e+02,6.140682415439575834e+02,6.037941909853532252e+02,7.008933285519030960e+02,6.479237594552478186e+02,7.678485523367305632e+02,8.791213241683773276e+02,7.440238683424536248e+02,7.912213467700736373e+02,6.732235376960450139e+02,9.044538567384529415e+02,5.879274334034951153e+02,8.232734712266988026e+02,8.837481215599964344e+02,8.411926392608331753e+02,6.527555359969246638e+02,9.531966341820499338e+02,8.662333928770741522e+02,7.739784157594950784e+02,9.213890299222407521e+02,6.862590412447209474e+02,8.318110643563337590e+02,8.222494888841121110e+02,6.635563214413837159e+02,8.117458181141586238e+02,7.339366100056976165e+02,9.011291424913841865e+02,9.291127684538785161e+02,1.024374585636880056e+03,1.004186889202693578e+03,9.431589048228025831e+02,7.979826956361648627e+02,7.842571318747282021e+02,1.005555712670377829e+03,9.749741059456222274e+02,8.242624278285655919e+02,8.212450302286276838e+02,8.701873306540027215e+02,1.213164509249500497e+03,9.235364148357124350e+02,7.989150368364043970e+02,1.038249714143923029e+03,9.802523985675444465e+02,9.219962320149273864e+02,1.179609797078695692e+03,1.365038866883323863e+03,9.947859838923610596e+02,1.199862675151314306e+03,1.044839725172569615e+03,9.366422775458664773e+02,2.218357378047316217e+02,-5.081459695159836798e+01,1.314443516120550015e+01,7.710224650688044079e+00,7.860688772854569628e-02,1.883229039533016739e-16,3.599002981686387117e-17,-3.748569050540796180e-19,-3.145168408310402606e-19,2.437902348811880561e-19,-2.979551785912612372e-19,-1.377069402185459364e-19,-1.384070797425481294e-20,2.818231228368825151e-21,3.501118385248456554e-22,8.167832583012949931e-23,-5.350577619544385290e-23,-1.402095303049100716e-23,-1.641970263965956373e-24,-2.562789086948542427e-25,-9.508700263133739834e-25,4.055215175134276919e-24,-1.310091348567907384e-23,5.139917214735064872e-23,-1.914589720605479170e-22,6.689353200558889443e-22,-2.603506176295748403e-21,9.479486860315156315e-21,-3.838855461394163470e-20,1.451269053346188457e-19,-4.921391597528546740e-19,1.884389636099507922e-18,-6.978133204897667576e-18,-1.389562924797472021e-14,4.210134956635155001e-14,-3.547803967339443229e-04,-7.904382555935746818e-03,1.050805298600472962e-02,-7.115566069853487829e-02,2.511369518637394105e-01,3.191157661008170887e+00,1.779593000379379619e+00,1.330563117431939304e+02,8.496074078968158574e+03,4.292477786408654538e+03,2.199879344058598235e+03,1.053779420995169176e+03,3.898258537443435046e+01,3.504333738400729370e+00,3.297270318142917489e+00,-6.647865455875990870e-01,-4.552198179328294930e-02,-4.022920504404726288e-02,1.180948257982391419e-02,-2.493904202113647779e-03,9.050951043475613739e-04,-2.056898246260492505e-04,4.758326616186316061e-05,-1.911233276592626707e-05,-2.121485945491810233e-07,-5.594022516765450567e-09,1.589881245339367140e-09,1.127223254768362660e-22,3.902381197207321217e-23,-4.197830401566439150e-24,-4.669972747788956755e-24,-2.032817831820114782e-24,-8.549447808213606629e-25,-2.884006026518681187e-25,-7.822626532946992175e-26,-7.087433356239983521e-27,-1.499113963183122614e-28,-3.939762425859038479e-29,1.246309932732169819e-28,3.133877081965070789e-29,1.634860878630360825e-29,1.247065601032579366e-30,1.226677979516357310e-31,-6.108913941381760457e-32,-1.275375171403519566e-32,9.029449194583838439e-34,1.598066593118761660e-33,1.017126563225506741e-33,1.176602782121683115e-33
1.115996728544552051e-14,2.385083506919813772e+03,1.612373022071012656e+03,1.596821595046426410e+03,1.178115477990627596e+03,1.457891561087550599e+03,1.583127853395876173e+03,8.332233220043691801e+01,1.056531076273343217e+02,1.030337479516558075e+00,-9.875684879189199705e+01,-9.026669315703765051e+01,-7.508268249701991692e+01,-7.563078315124589324e+01,-7.722860703264683480e+01,6.848828559157848872e+01,1.644271235899295789e+03,1.602288660809892463e+03,1.594429666498091592e+03,1.318373021049736053e+03,1.236714022004705839e+03,1.118973731327340147e+03,1.306054991075015778e+03,1.504731740965201652e+03,1.674199447627411246e+03,1.573520682621951210e+03,1.584933897751659288e+03,1.556979569667148326e+03,1.059652175563119044e+03,1.207124526179456325e+03,1.121762419061263699e+03,7.741342580556202790e+01,1.067316761373086065e+00,-9.158520856644894081e+01,1.118210305739722571e+03,1.232466279537544096e+03,1.324957152556077972e+03,1.354099457956073365e+03,1.521646344698427356e+03,2.133866707306908211e+03,1.908183108467097782e+03,1.589595859489805207e+03,1.498580410832605594e+03,1.450920983493066387e+03,1.610011316755006646e+03,1.763420204342637362e+03,1.491034294880509606e+03,1.288980903066357314e+03,1.212277404736909375e+03,1.675243329444883329e+03,1.888924042837173374e+03,1.490430614823532551e+03,1.356290552504486413e+03,1.382372082335306459e+03,1.662317366037363854e+03,1.597209013946448977e+03,1.450319028402108643e+03,1.569142378698513085e+03,1.443152671955724145e+03,1.555269144865056205e+03,1.544030384860613822e+03,1.434398502599066887e+03,1.604290393600523714e+02,1.544328542603669348e+03,1.779437931892017104e+03,2.429238842713731174e+03,2.109847411929696136e+03,2.165733050066394298e+03,2.265107449027492294e+03,2.014809526436027909e+03,1.928253554813002211e+03,2.005804759934225785e+03,2.377149719854257455e+03,1.698847620996946034e+03,1.287759792295344823e+03,1.665299122608533253e+03,1.658379945793439902e+03,1.454178990782262190e+03,1.103299453215280209e+03,9.041854419842977677e+02,9.916476951139123912e+02,1.316217772375999630e+03,1.108633917893501575e+03,1.083201328748836886e+03,1.141347775804602634e+03,1.120946837920002508e+03,9.567261732548654436e+02,1.206826346371209638e+03,1.393376069225323818e+03,1.361847188263595626e+03,8.985729991310349760e+02,1.388151862843326398e+03,1.196320856890549749e+03,1.115784245445550596e+03,1.419820820465506131e+03,1.589752011937786619e+03,1.239047658382165991e+03,1.390588423342036776e+03,1.368668177472852904e+03,1.251121667667183829e+03,8.541901278020795871e+02,5.391828696385053945e+02,8.457949452472790881e+02,1.062174217943591884e+03,8.761437169845622748e+02,6.735156228049190759e+02,7.547007660728440896e+02,8.382558153850708322e+02,8.259197367452427443e+02,9.238960263325944879e+02,7.812394201270373060e+02,8.461608089941811386e+02,7.591380069297393902e+02,7.464583710405099737e+02,7.301120958604695943e+02,7.440784936654846433e+02,9.546451705911357521e+02,8.047394750006931190e+02,7.464056650581202348e+02,8.135518482254317405e+02,7.111508508578478995e+02,7.874493615296040616e+02,6.427042810030141027e+02,6.620105497270458272e+02,6.539987658957800249e+02,8.586191740491821065e+02,8.659582785945574415e+02,6.608446286218434125e+02,6.009512274459497121e+02,7.525204903257805427e+02,7.722852855452061931e+02,6.415415390951835661e+02,7.958740557448070376e+02,7.231698144313539842e+02,1.009938538226557057e+03,6.283533705196862229e+02,8.799533759282362553e+02,1.088392061788319097e+03,9.303540505050305001e+02,7.595337586025035534e+02,7.083708635413662478e+02,7.386337125195103681e+02,8.230104790425679084e+02,8.193754212787257529e+02,8.057574051812433709e+02,6.688531784394535862e+02,7.936012023431104581e+02,7.819799076537245810e+02,9.954831385962463628e+02,7.546862495229781871e+02,9.580857125221230035e+02,9.333716166174169757e+02,8.164149903895557827e+02,9.537169694091677457e+02,8.326031942095775094e+02,7.861043870514866967e+02,7.590072467794343538e+02,9.388933239726475222e+02,1.282005904263513003e+03,1.039305941950327906e+03,1.097445251588925430e+03,9.245696678876925034e+02,9.933345906524392603e+02,1.157455796216888075e+03,1.069311850698727312e+03,1.052810751630207733e+03,1.064069408879105822e+03,1.061711834591034176e+03,1.024149712196421660e+03,8.827190220505508478e+02,1.130030345897962434e+03,8.267146649990286278e+01,-2.104101568059237337e+01,-1.234217794727503126e+01,-1.258303409020115893e-01,-1.113827794107835836e-16,-8.689131400184244177e-17,-4.392539257105012898e-18,3.308796469153946096e-18,1.411110723476161655e-18,-1.452613819163438757e-19,-6.307686207201719502e-20,-1.172675433172584842e-20,5.563907592676591660e-21,-2.175563630687086567e-24,3.521050063936039179e-22,-5.432114830237390893e-23,3.977675741694752122e-25,-6.746146741427353264e-24,-1.244092370461489169e-24,-2.827098202911031907e-25,-3.974158701338550220e-25,2.622245544667891613e-24,-7.721373765372384617e-24,2.598803582664493175e-23,-1.123604128327568701e-22,2.708416197658332693e-22,-1.770049209362946256e-21,5.796931384360795487e-21,-2.099415985445308552e-20,8.019112693984494631e-20,-3.391581037352876494e-19,1.157852953072947211e-18,2.242970186981170329e-15,-6.793475758615026170e-15,5.724340781816487244e-05,1.275363008682539124e-03,-1.695462229565557546e-03,1.148088378454463834e-02,-4.052065752811479654e-02,-5.148896080020363142e-01,-2.871352780730834775e-01,-2.146848243593338168e+01,-6.150885257153137218e+02,2.343342258271066385e+03,2.175197609232052855e+03,-7.438271655200631471e+01,-6.289795188623479305e+00,-5.654202068798392933e-01,-5.320107628430297275e-01,1.072625423823413693e-01,7.344919258428045557e-03,6.490935834495508046e-03,-1.905446393491987567e-03,4.023885666041421283e-04,-1.460360511723640307e-04,3.318781596590050477e-05,-7.677505113864473347e-06,3.083752848094373522e-06,3.422993104361372377e-08,9.025890810734859638e-10,-2.565255052063771958e-10,5.129298436240530253e-23,7.508223587739946553e-24,3.393466897243668982e-25,-1.537186806012388936e-24,-3.532343518914908174e-25,-7.365023918480344043e-26,-2.369481358651925097e-26,-5.448221206477776813e-27,1.251536602372834919e-27,-4.504517494708464216e-29,-2.710277189388882219e-29,1.378436415289776970e-30,4.443630505082323256e-30,1.144855096413802771e-30,-3.108928473300230847e-31,-3.339488407528135215e-32,1.056119000674985450e-32,-2.302683923640891666e-33,-7.125767108163899627e-34,-4.652328712998310930e-34,-1.491006468493455267e-34,4.387217167422898710e-34
-1.973292936880218361e-13,2.560622666852378643e+03,1.469488415697756864e+03,1.675231540745154689e+03,1.407595501791348170e+03,1.573619602397441440e+03,1.534599602936329802e+03,1.053294327395304208e+03,1.221847181342441900e+03,-7.956014678066098966e+00,-4.878070176162810689e+00,-4.458701013579479344e+00,-3.709122204933596567e+00,-3.733881679186085822e+00,-3.794852291380175657e+00,1.680671827073561417e+03,1.374955831452374923e+03,1.252894042189509946e+03,1.334311062908650001e+03,1.492831883364932992e+03,1.565683782428802715e+03,1.335696435344182873e+03,1.370252173791921450e+03,1.798678953080650444e+03,1.817871772096229279e+03,1.652502621913680741e+03,1.639384344421649530e+03,1.137917104936334681e+03,1.233762892723771074e+03,1.131932905603526706e+03,9.329438906577770467e+02,1.063948597204210046e+03,-7.586868904657671386e+00,-1.397220462720986944e+01,8.220785743465093276e-01,1.407804963494879303e+03,1.611946006704283946e+03,1.567391430688388255e+03,1.859168292945782241e+03,2.285992840221291317e+03,1.888892834606100223e+03,1.845655310860427107e+03,1.925159148938257431e+03,1.893903956515392338e+03,2.090879162068852565e+03,2.294548448337083755e+03,1.376849238598452985e+03,1.373388375463860029e+03,1.353183515526955489e+03,1.376920799921595972e+03,1.771433264421125841e+03,2.046560938875413513e+03,1.283663191782125978e+03,1.338277179306599464e+03,1.731398923527920260e+03,2.116803961063593761e+03,1.301027895859059527e+03,1.616194001670127818e+03,1.626475795832972381e+03,1.214103239686603729e+03,1.525410906382279336e+03,1.373993821832235653e+03,1.848382849676229398e+03,1.401565005990850523e+03,1.422259839951611184e+03,2.115730874881469845e+03,2.234206387697071932e+03,1.891623785194302855e+03,1.913067918422248340e+03,2.054783762842605029e+03,2.472215630787741702e+03,2.393580682471923865e+03,2.604602639636337244e+03,1.975652872640875103e+03,1.643681795223370727e+03,2.041649862497008371e+03,1.739146248593779319e+03,1.671038027863077104e+03,1.467099645731845158e+03,1.240447942277597349e+03,9.825070446523095598e+02,1.114490299946299274e+03,1.006506840729190685e+03,1.129367340493972506e+03,1.183662245476931503e+03,1.238223603286634670e+03,1.067101053576581990e+03,1.017616424520598116e+03,1.312141966620766425e+03,1.145155400401327142e+03,1.109777079349535143e+03,1.338941461112693560e+03,1.323929282020965729e+03,1.000221428616404523e+03,1.182166062186734052e+03,1.350037576247907054e+03,1.259548381179783746e+03,1.601117321231305141e+03,1.551614938470379229e+03,1.288026804876518327e+03,9.934704915461749124e+02,6.696414060779437705e+02,9.772399372710377747e+02,9.234261551699846677e+02,7.907641899596661688e+02,7.795205776471512991e+02,8.286889526679119626e+02,8.147820257462865357e+02,9.705125883850780610e+02,8.681366194443954782e+02,1.004387387009358122e+03,1.001392193324713048e+03,9.253791936531778219e+02,7.581015102682576980e+02,9.209512429830787141e+02,7.857872977024787815e+02,7.519001566299547221e+02,7.125496082872388115e+02,6.799567190000982464e+02,8.258948935509056355e+02,6.350834132010052144e+02,1.000129224214326200e+03,6.062782846828307584e+02,6.557671568185878641e+02,6.949920237565461321e+02,7.173916229029252918e+02,8.705702958007595953e+02,6.082462381910390832e+02,7.333637881712541002e+02,6.643775351229875241e+02,7.073849263973090729e+02,6.342567946085648600e+02,7.067393703891940504e+02,6.938956738658812355e+02,8.382362862157428935e+02,7.024281601838902134e+02,6.571395625869996593e+02,1.016926586908203262e+03,1.197785757748041988e+03,7.246538191552496073e+02,5.263311430761547172e+02,6.853263432253933161e+02,8.819603099232676868e+02,8.451684501250260837e+02,6.687245275156232083e+02,6.700733422420854595e+02,7.748510120638469516e+02,6.741531301852462548e+02,7.258917739692479927e+02,7.074127837277354729e+02,8.625032967606879311e+02,9.970799663302573208e+02,8.717709561356563199e+02,1.059914035885917428e+03,9.890780744681480883e+02,1.005513756995982249e+03,7.742491624619491404e+02,9.727343183616637816e+02,1.054916756210974199e+03,1.011844539859531551e+03,1.045007829174077642e+03,9.257787351266882752e+02,1.010288015060840962e+03,1.078737713390727095e+03,8.689588692700726824e+02,9.498781053088733870e+02,1.044535904590017481e+03,1.098116896687336293e+03,8.704071929646703438e+02,8.127872139260738322e+02,9.205077048037446730e+02,1.006925616546992615e+03,-9.707399717903900438e+00,-5.694138369670363353e+00,-5.805258806505817631e-02,7.194994729845480023e-16,4.121186621047929986e-17,1.770926968147451197e-17,1.285114533395275999e-17,2.877173235751939024e-18,-1.266332003019272412e-18,-5.223506548886105576e-19,2.858920575882301261e-20,-1.213450998481441290e-20,1.737625814467186961e-21,-1.099491933937119468e-22,-2.727962001088886476e-23,-4.563012257970143837e-23,-3.037652587744089546e-25,6.313333599700717390e-24,2.554186227359709584e-24,6.523253020556263180e-26,2.124939407328327270e-25,-4.925358937044284190e-26,-2.965917445483793583e-25,-1.047415497888983706e-23,-1.726039486714112736e-23,1.416846605576516604e-23,6.934685533660630772e-22,-3.449787169562439356e-21,4.450062195128812757e-21,9.366460912167594061e-21,1.149969476351423839e-19,1.112119398440265031e-16,-3.364184653920262827e-16,2.827524329862433366e-06,6.299624837009912314e-05,-8.374694811494157209e-05,5.670954869130792912e-04,-2.001508110539617757e-03,-2.543284806604853218e-02,-1.418297784252576035e-02,-1.060430514650338996e+00,-3.038214945216815721e+01,2.238099544897255200e+01,2.577316007070896120e+01,-3.674116353110536082e+00,-3.106829171005128787e-01,-2.792879481651967116e-02,-2.627854338212717855e-02,5.298207423866358769e-03,3.628005161763991318e-04,3.206182108156428821e-04,-9.411906527250542970e-05,1.987588624611904880e-05,-7.213415543662229411e-06,1.639304169256673327e-06,-3.792285143312438256e-07,1.523212285506286279e-07,1.690779192304005446e-09,4.458317007810304992e-11,-1.267101549067598751e-11,-3.675249180228478008e-24,1.981116437787470267e-25,3.980295931866217042e-25,4.485340837743882390e-27,5.476014190969873443e-28,7.372288486043946464e-27,9.686336555338731854e-28,-1.238843445631731082e-28,-7.649645718131707876e-29,-1.238497170108834679e-29,3.565688450108375446e-30,1.216031763318500333e-30,7.946185582547284141e-31,1.468368125276881960e-31,9.133390465419251831e-33,-9.266307416759082176e-33,-6.260907549999062143e-34,-4.213688908739279465e-34,-9.133221368126916796e-35,-1.734039036344002912e-35,-1.619461477670854511e-35,-7.030642096088072378e-36
-3.893192898275765037e-14,2.575913957847219990e+03,1.216010703031665798e+03,1.327240226720378814e+03,1.384099676908885840e+03,1.358590334957102186e+03,1.537013994912515045e+03,1.307212294929533527e+03,1.113937534517034692e+03,8.304404459008469530e+02,1.333007098718494277e+01,1.218408024536156198e+01,1.014698662400047979e+01,1.015436884861653333e+01,9.853278025212437896e+00,1.380664743528101326e+03,1.332299178619540044e+03,1.289762008236219572e+03,1.104412592559370296e+03,1.667288685054585358e+03,1.520185108741761724e+03,1.497271287643963433e+03,1.750397026381702290e+03,1.892567554449306044e+03,1.780649501743603423e+03,1.441174817174589634e+03,1.313309909780398129e+03,1.115268364659833424e+03,1.415365098241098167e+03,1.196434405505485302e+03,1.230453818942379485e+03,1.351105290398504394e+03,8.272630718176253595e+02,9.617242303983830425e+02,1.019279435905955324e+03,1.387725268031908172e+03,1.492831189628912853e+03,1.579044641132280276e+03,1.687112596998425488e+03,1.601862411607476133e+03,1.847246414770148476e+03,1.946919693491806129e+03,2.115384166142466711e+03,2.489137930709084685e+03,2.529055042679285634e+03,2.785410344286342934e+03,1.802595810658971914e+03,1.731308446482154977e+03,1.771980004285783480e+03,1.491585631373821798e+03,1.805090437817161273e+03,1.984875119672074788e+03,1.609643342625343848e+03,1.608289728498438308e+03,1.528535066825130571e+03,1.591337311173943590e+03,1.906132033699831027e+03,1.888054420015237611e+03,1.288698117096397254e+03,1.187809938718882222e+03,1.633824841800136028e+03,1.398563267894028286e+03,1.667741479120872782e+03,1.374909718641812560e+03,1.653547990864591611e+03,2.257667135227360177e+03,2.391608421802903649e+03,2.469469822837417269e+03,2.133954140829927837e+03,2.325443630307813237e+03,2.693419731621151186e+03,2.829009568492168910e+03,2.462398939979240367e+03,1.901556783225774552e+03,2.184542889048834695e+03,2.207355684495226342e+03,2.062685484431706300e+03,1.638036909917628464e+03,2.233844841912233278e+03,1.894442751364400465e+03,1.327686927711099770e+03,1.305888417604317738e+03,1.082714121605777336e+03,9.833891747226988400e+02,1.493448033394628510e+03,1.110161800458398602e+03,9.619334662354631291e+02,9.377040008485910221e+02,1.069258174512676078e+03,1.169028896185163603e+03,1.113170336398002519e+03,1.124528773969128224e+03,1.445100636646421890e+03,1.131781708754381725e+03,1.252544590814898584e+03,1.219617942067958893e+03,1.311812777987406662e+03,1.898729022654332994e+03,1.606043794795392841e+03,1.352751353442081609e+03,1.085158084062571788e+03,8.982021295277061199e+02,9.039987338131734305e+02,8.707918684636814532e+02,9.524927484382253624e+02,8.125053112591975832e+02,1.099513898571492973e+03,9.765122326176816614e+02,1.134264986690928481e+03,1.175549730469394490e+03,1.227857451454292459e+03,9.413259861093433756e+02,8.406134079183815402e+02,9.078425731654407400e+02,8.749547727526238532e+02,8.863996763697010692e+02,7.204433254835116713e+02,7.059625651776011637e+02,6.071568880510388908e+02,6.419552215530386547e+02,6.910103113685665903e+02,7.787394783663999078e+02,6.210124666852187829e+02,6.205512382931246975e+02,6.747219831920863271e+02,6.005145360826558090e+02,7.785615005411757465e+02,5.732036303506268951e+02,7.783435097122141997e+02,8.297325261736765469e+02,5.331336263074987301e+02,5.941678768794906773e+02,7.922877014551312413e+02,6.818509838059175081e+02,8.140389797736086166e+02,6.787352078025422770e+02,6.115494780878242409e+02,8.110863377362261417e+02,9.307217707468367962e+02,6.788508752689344874e+02,7.186441259156950991e+02,7.856916837172024088e+02,9.762734952026908104e+02,7.841012963824443887e+02,7.320240581436098637e+02,7.788410828103279755e+02,7.351403037808083809e+02,6.101628952248838687e+02,6.896509666373668779e+02,6.950719328860093356e+02,8.540913269207885605e+02,8.662865737879438939e+02,9.241374347474263686e+02,9.850069392674096207e+02,9.643282333583090349e+02,9.866829265790114505e+02,8.252081081854487365e+02,1.016128059432537611e+03,8.905002164171850154e+02,1.083980998658075805e+03,9.227137257533012189e+02,1.032856657857649907e+03,9.861267490653518735e+02,1.136331058892087867e+03,9.892846951722906397e+02,9.560598000821989899e+02,1.082516077662243106e+03,1.105237921890638063e+03,8.631226206998610451e+02,8.172452598588864703e+02,7.783915630629036286e+02,1.060908329898122929e+03,8.694943318415683962e+02,5.144053596083913362e+02,1.509036475922043596e+00,1.259858526219505787e-15,6.557874392505369975e-16,-3.192216655314197202e-17,-7.428363410197245123e-19,-1.302822410663842861e-17,-1.517006182574609678e-18,-5.820205936750385442e-19,4.021655820844653901e-20,-5.996035319919025256e-20,3.191233103196298001e-20,3.038280167072402933e-21,-3.903153574527312604e-22,-3.785228837910572804e-22,-5.766552035882132160e-23,4.515937450079307088e-24,7.548521822074266440e-24,-6.146738647062616279e-25,-8.505257239149527269e-25,3.332380950908711708e-25,-1.723197575278073468e-24,9.777801776735545725e-24,-3.082226341952445483e-23,8.854073715991775362e-23,-4.271518520955515093e-22,1.961692264206688713e-21,-7.115214739311689724e-21,2.173460636473462965e-20,-9.988730365772773681e-20,-3.030031290768592621e-16,9.173479521296047396e-16,-7.726650121895801585e-06,-1.721470492776449701e-04,2.288515646089348769e-04,-1.549676643554569709e-03,5.469432295563980174e-03,6.949921404168975247e-02,3.875719346356917838e-02,2.897791357170390381e+00,8.302395006408018219e+01,-6.112916946084114045e+01,-7.040259351032226220e+01,1.004009453348617775e+01,8.489894052994575446e-01,7.631977684288797359e-02,7.181020806145917146e-02,-1.447817605139245685e-02,-9.914088529407204860e-04,-8.761391410538646148e-04,2.571949883784353341e-04,-5.431395134748739396e-05,1.971178019617537017e-05,-4.479653676329660732e-06,1.036300913675675388e-06,-4.162414543051495027e-07,-4.620317185005239152e-09,-1.218304482404399566e-10,3.462552111445471978e-11,1.258682429456407682e-24,3.574401249965251281e-25,2.503663612603569919e-26,-1.183304175999357357e-27,1.059899178397464329e-28,-1.209652314791273752e-27,-4.052317343791012030e-28,-1.819469167170031313e-29,2.865560792938360025e-29,-5.807343558570354607e-30,-6.869052879540720950e-31,1.455842012142160734e-31,-2.697253210444041290e-32,1.035787931600712227e-32,-1.747847526632315468e-33,-2.066486497016474835e-33,-5.306729308219011448e-34,-2.003195112036762725e-35,1.424463837097813326e-36,4.130804806838917703e-36,-4.958470487867208176e-36,-1.896064784874134008e-37
8.165386407128404268e-14,2.176238866545489145e+03,1.382786352073437001e+03,1.412936979385458244e+03,1.609233718349488754e+03,1.456934767566614255e+03,1.461831535603078009e+03,1.472387826822266561e+03,1.196016925237095620e+03,1.036560350416757501e+03,-7.175112331761567042e+00,-6.558262640585662773e+00,-5.522808236625032841e+00,-5.199571983730321811e+00,-2.498605346132650062e+00,1.530337517264201551e+03,1.312144870110892953e+03,1.377879188405154082e+03,1.294306322285543047e+03,1.276746624681820094e+03,1.324446974684650058e+03,1.609781933335570557e+03,1.885516273197839382e+03,1.698739379063327988e+03,1.445800329473452393e+03,1.588431247733514738e+03,1.374463217205191768e+03,1.091181682314382670e+03,1.415740331743050092e+03,1.188462213240387428e+03,1.169461958253706371e+03,1.309434816073782258e+03,1.286836172391477021e+03,1.150154382300218231e+03,1.120363640582980452e+03,1.391752225469604582e+03,1.564447086862855940e+03,1.464347322657202312e+03,1.452108751238492005e+03,1.678093193748071599e+03,1.272138914127131329e+03,1.577343260875352826e+03,2.709170889365321273e+03,2.467409659375741739e+03,2.175799079256764799e+03,2.469748821753790708e+03,2.289766626749071293e+03,1.737448319434564382e+03,1.834206500545201607e+03,1.605498682707259377e+03,2.856716079232680386e+03,2.140831627126214698e+03,1.769229052729015621e+03,1.661867042454895000e+03,1.638421950781344094e+03,1.558754562372426562e+03,1.981823383426934697e+03,1.638102750699681337e+03,1.283266924034156091e+03,1.291886811606143056e+03,1.601452973659265808e+03,1.548150785696443108e+03,1.734127332843357863e+03,1.392156543593558808e+03,1.681309157889781318e+03,2.122613911738980732e+03,1.962129426255849921e+03,1.908986706457810442e+03,1.821653070712474573e+03,2.009928772707761482e+03,2.352303708286053279e+03,2.048309770448407562e+03,1.911143253413906677e+03,1.975483278389403267e+03,2.206702403777768723e+03,2.126640998272590878e+03,2.184035948791044575e+03,2.258344053731101667e+03,2.494865685101172403e+03,2.317996438190907611e+03,1.729217844867622489e+03,1.459341867076225753e+03,1.564881450251180013e+03,1.384163027238212408e+03,1.544180793199808477e+03,1.265125448239591833e+03,1.011992993061321727e+03,1.197565501542600487e+03,1.066080434850563734e+03,1.153331555840252804e+03,8.539626518145112186e+02,1.214581978547602148e+03,1.401589468707348033e+03,1.167993032061306621e+03,1.351690647029885213e+03,1.286378405639931088e+03,1.410197887657419869e+03,1.649827639952306072e+03,1.787769091462336291e+03,1.585593101081614122e+03,1.186310820127006764e+03,1.221217685593352144e+03,1.244616874550669763e+03,9.593584013826077808e+02,9.483667324742309575e+02,1.173559635768892576e+03,1.659209144902099297e+03,1.455742505351579666e+03,1.438244007767767926e+03,1.536518527575530925e+03,1.038195473688695529e+03,8.903171380534400896e+02,8.474126980178211852e+02,9.503100628742027993e+02,8.320603348315469248e+02,8.766548757046704168e+02,6.783107033726284953e+02,8.695429881597651729e+02,6.972738340636786916e+02,7.255111018168518058e+02,8.742847288503310210e+02,8.106850794150445836e+02,7.946139081294887774e+02,6.118453732400463423e+02,6.988336359760081677e+02,6.318557298018471329e+02,6.545700383643305713e+02,6.756336861608898516e+02,6.688748689078646521e+02,8.733956077552040824e+02,5.034075846614331340e+02,5.326554154036590489e+02,8.591631501920036271e+02,7.949226876404403583e+02,8.030549967612275850e+02,7.501199284751304504e+02,5.552192456034996439e+02,8.190326637171081074e+02,8.173317387659269571e+02,5.943910977089725520e+02,7.593344812594841642e+02,7.088050173360151121e+02,8.935233000991765948e+02,8.937286607511521197e+02,8.319110053850774875e+02,1.024193666158760607e+03,7.668284994599738411e+02,8.755272681393103085e+02,8.560130346760912516e+02,7.453434615294319201e+02,1.001017355398840436e+03,8.033354313819777417e+02,8.298131251849569026e+02,8.491166295193698943e+02,8.347972792595371629e+02,8.136078054701014253e+02,8.307087377195930458e+02,1.247449403597217952e+03,8.734740751586939496e+02,1.005029083770808370e+03,9.339676308564803549e+02,9.992211690566542757e+02,8.917818835785369629e+02,1.026666618159183827e+03,9.383469933136010468e+02,8.744705061428364843e+02,1.110301704063256238e+03,9.952307203248030874e+02,8.658340605054587513e+02,9.487506408830178088e+02,8.539151410624114078e+02,1.029462929741472180e+03,1.034498796125905983e+03,6.402005588830063516e+02,-8.142838406157482112e+00,1.804225470186731029e-15,1.198539081316303477e-15,-2.779168107304482403e-16,2.675254928197035484e-17,-9.125157138651199563e-18,-8.873093039804095248e-18,-1.068039745240364652e-18,1.966593560890642586e-19,-1.626547017139592390e-19,1.008582222535618733e-21,-6.736340347983674189e-21,1.022742781429161670e-22,-2.025205200815913200e-22,-2.091219068315820763e-22,-1.419956752522289122e-23,1.859317377911836345e-23,1.413053952736579329e-24,1.744560632866093806e-24,-2.681243749887997339e-25,1.339342848785432375e-24,-4.443012166595876297e-24,1.742467631780815044e-23,-4.122868124938549898e-23,2.620028647300436260e-22,-7.913022281007252604e-22,2.780783317015009179e-21,-1.456368705378060207e-20,4.481326116352642121e-20,1.630299722163335205e-16,-4.940242237525700276e-16,4.159032463835813182e-06,9.266178165235456309e-05,-1.231841835197152986e-04,8.341461522538906126e-04,-2.944037340520623026e-03,-3.740941842200737333e-02,-2.086187717563956975e-02,-1.559797342672628595e+00,-4.468939296395376459e+01,3.290406531473336571e+01,3.789568148270386416e+01,-5.404292733071604182e+00,-4.569864614533192260e-01,-4.108073026663574406e-02,-3.865335971614104749e-02,7.793183755562074246e-03,5.336467342593908441e-04,4.716003795945232112e-04,-1.384406294223796503e-04,2.923563036111256178e-05,-1.061028161784708419e-05,2.411268113952683740e-06,-5.578108331922527564e-07,2.240507456580083340e-07,2.486983215559370114e-09,6.557780944159983399e-11,-1.863791735361923941e-11,4.623041116031283871e-25,1.661375596365505101e-25,1.054423566004962022e-26,1.427835203413616869e-27,5.550494165556732502e-28,-9.806374757003532673e-30,-6.341218838340886035e-29,2.169391274368701515e-29,8.597730021755857593e-30,-1.520926390286789643e-30,-6.142871634651294865e-31,-8.582973150419858707e-32,-2.948115526514420434e-32,-1.274424730865475409e-32,-3.163326273100075293e-33,-1.090002865345646288e-33,-2.234521560804111963e-34,-1.170772028862422835e-35,1.233255689046532554e-35,4.906878339513284887e-36,-9.946103119823582472e-37,-1.998136950832133865e-36
1.942924549389482917e-13,1.938067862563854533e+03,1.397440233182660677e+03,1.568750607339388125e+03,1.550254161169418467e+03,1.817021338327756666e+03,1.600168842141154073e+03,1.554778708423954640e+03,1.549048373094880844e+03,2.993258042107043480e+02,2.806379442067502783e+00,2.565101456651185163e+00,2.406743748891861934e+00,9.582476161449811070e-01,-1.035643036315422094e+01,3.438565282159448202e+02,1.741264359784129056e+03,1.553927328936019649e+03,1.457604985862706599e+03,1.293729922883799873e+03,1.574247096581820642e+03,1.411815300960452532e+03,1.812316756971098584e+03,2.015589353599143351e+03,1.627081901137389877e+03,1.682328223006852568e+03,1.529045923215210905e+03,1.573715476099506759e+03,1.533755783623970501e+03,1.108998116292192208e+03,1.328121783385302933e+03,1.488881867118117952e+03,1.255231213209561929e+03,1.176892257993438079e+03,1.041945175658414428e+03,1.067085987905603361e+03,1.460833294241675048e+03,1.394666453323830865e+03,1.424261852344448243e+03,1.901567489235296307e+03,1.572562784737159291e+03,1.685497544556882985e+03,9.539965259520165546e+02,2.713334069680366611e+03,2.488941331588050616e+03,2.442822523668507529e+03,2.214006162906742247e+03,1.604446259454948631e+03,1.462654010013863626e+03,1.886941968277729075e+03,2.814230219238334485e+03,2.801580009273675387e+03,1.686190995910378660e+03,1.476193630038262427e+03,1.579854426408953714e+03,1.701067716380931415e+03,1.699386273064216311e+03,1.680940352635703675e+03,1.176354365978874284e+03,1.312930359790675993e+03,1.704466421686685635e+03,1.913100949274365121e+03,2.007247581296985800e+03,1.523825921515274558e+03,1.703037968189923276e+03,1.942351649799268898e+03,1.799990129804820299e+03,1.325544563600669562e+03,1.368230577304297867e+03,1.703536691894476235e+03,1.892875215856318846e+03,1.499612418585351861e+03,1.360570751455891696e+03,1.895733291647235319e+03,1.853616086862004067e+03,1.844388801706109462e+03,1.792224347192583309e+03,2.383266392951123635e+03,2.316662251853555517e+03,2.029002808447452708e+03,1.666061673309906610e+03,1.991097716418048094e+03,1.946706206451178787e+03,1.513451096812873857e+03,1.442956989358588999e+03,1.257482027388052757e+03,1.219785904347320638e+03,1.326327713515705909e+03,1.101532192405785736e+03,1.105166468703962892e+03,1.286569969722692349e+03,1.636645194896461362e+03,1.734339307985686219e+03,1.132642342970823847e+03,1.335890414899682582e+03,1.586312026535773384e+03,1.480345370196870590e+03,1.489537982777949082e+03,1.604137053104419010e+03,1.689755520242700413e+03,1.099786021457199240e+03,1.335816543905498520e+03,1.454674450417700882e+03,1.406318535825753770e+03,1.145320887944138804e+03,1.327559555398325301e+03,1.662582540315336473e+03,1.656137841831368860e+03,1.777897462257805955e+03,1.654163874523888580e+03,1.211609422601476354e+03,1.268530390247464084e+03,8.556145409372576296e+02,8.378575180928946793e+02,9.485688592086628432e+02,9.784998162161745086e+02,7.730421983643699377e+02,8.712552154801774122e+02,6.561196222752257654e+02,7.189673454976203857e+02,8.020453475136906718e+02,7.220696503188842144e+02,7.961611529166161745e+02,6.430516023624826403e+02,6.964292903311693408e+02,6.091644741457321288e+02,7.250632569847971354e+02,9.507935717102749322e+02,7.008083920445147896e+02,6.325778932721407273e+02,5.655086202296274678e+02,7.083719444795634672e+02,8.592694070809026243e+02,7.448893486084522237e+02,6.591963384965193882e+02,7.199481860398251456e+02,7.038978508797603126e+02,8.157729236403891946e+02,7.778482734344604523e+02,6.981894624597782695e+02,6.712407312879693109e+02,5.743681103711552396e+02,6.824432917704247075e+02,7.291904871694658823e+02,7.506606859054494407e+02,9.411047174687616916e+02,8.704715008248267623e+02,9.552993444354488020e+02,8.719576660380153044e+02,7.553033401319751192e+02,7.965460676009575991e+02,8.083955668770100829e+02,8.990905416499329021e+02,8.295829477721005105e+02,7.865785475476586726e+02,8.498156900939287652e+02,6.940858713334459935e+02,1.130197203378847462e+03,8.158972461010844199e+02,9.285108307659556885e+02,8.137696593393343392e+02,9.723868145538600629e+02,1.016558694465981034e+03,8.452479633365599057e+02,8.271545910143762512e+02,9.530774577736846140e+02,9.673439477900013799e+02,8.285878463365531843e+02,8.390984489009310892e+02,8.857957793971685305e+02,1.032489607684763996e+03,1.003393262555921297e+03,1.055274160702893141e+03,7.285562593524130079e+02,3.280359331821252056e+01,-1.262009000780283969e-15,1.341197462325603014e-15,3.279991820658019887e-17,9.056713332269529395e-18,-1.221457769741788103e-17,-1.614925531544275623e-18,4.054732172142333759e-19,2.640832058087182764e-19,-2.015596422228721097e-20,3.719273384017581788e-20,-1.771787287084590056e-21,7.581783237411096275e-22,-1.888999340111247758e-22,-2.606589388131552059e-22,-5.307580203110641481e-23,-1.012344055304004083e-24,-1.863139180365355653e-24,6.196096545828043820e-25,4.386011266233202479e-26,-3.523792305455512415e-25,1.352732112448731855e-24,-7.362376472180269618e-24,2.565400602982668842e-23,-1.000551726090553840e-22,3.631154028013638617e-22,-1.246217127459905135e-21,5.841017329941419706e-21,-1.486513258144120075e-20,-6.376558820695679755e-17,1.932596454505394649e-16,-1.626896008087959674e-06,-3.624667130717462173e-05,4.818617266645076056e-05,-3.262944103138995327e-04,1.151624239195610981e-03,1.463350767873551270e-02,8.160577007606523506e-03,6.101486565170289866e-01,1.748122806184370148e+01,-1.287114081841771274e+01,-1.482372005125407100e+01,2.114006647080466372e+00,1.787601939521543670e-01,1.606962115859103188e-02,1.512010237192900654e-02,-3.048473329425658088e-03,-2.087475270378183478e-04,-1.844767458889769532e-04,5.415406331229098073e-05,-1.143615269705279865e-05,4.150442430748170723e-06,-9.432199683772426811e-07,2.181998399097993129e-07,-8.764232231646016633e-08,-9.728375771905959209e-10,-2.565218649467002817e-11,7.290626751614265328e-12,5.011134183127469507e-27,-1.873326675361973055e-26,-3.498929339378557350e-27,-2.335094265034792356e-27,-1.110286510430134608e-28,2.298076387588412080e-28,7.145196103894125063e-29,-8.026631235639377981e-30,1.524338067468918688e-30,9.925066408137515348e-31,2.497214284110061483e-31,4.619337845530981110e-32,4.905974579702494507e-33,-8.588962529104891526e-35,7.463044888712828495e-34,-7.823592776865824642e-35,7.372397526106852143e-35,4.779652532286662063e-36,5.652086265184295929e-36,6.886849763664916846e-37,-7.550995919730001670e-38,4.193031747052392549e-37
-1.384716065728797163e-13,2.293584051503941282e+03,1.503349691093082811e+03,1.944803614327041714e+03,1.680108745718124510e+03,1.777061245674639167e+03,1.648213766270576798e+03,1.431876029384241747e+03,7.739730578108992631e+02,-8.059726788652689322e+01,-9.167247152024678991e-01,-8.378703289590400116e-01,-1.627123978981843466e+00,3.354040574508657446e+00,4.202874071198839090e+01,7.875887833311502391e+02,1.902371158823434371e+03,1.531229490857137762e+03,1.472271703710045585e+03,1.391457076584157448e+03,1.883223260213292633e+03,1.575719763499066403e+03,1.776937136713749851e+03,1.984522893181238260e+03,1.574995043348376839e+03,1.523093419132874260e+03,1.593699619445125563e+03,1.925523641329203201e+03,2.044004999935440082e+03,1.066133699076813400e+03,1.405763175615616092e+03,1.506810215495570219e+03,1.022684547152141249e+03,1.113701374833484351e+03,1.218231916510615974e+03,1.271642517174888326e+03,1.251585280588022897e+03,1.373096344683435063e+03,1.181477615997555858e+03,1.606294027631446397e+03,6.221941311468486902e+02,8.255664480223269948e+02,-2.269126589719925846e+02,2.807806540008292359e+03,2.570717895396852327e+03,2.860319683503855686e+03,1.983740112228488670e+03,1.790397281315556484e+03,1.402071170397488231e+03,2.017058834138542579e+03,2.362567875467014801e+03,2.427179267949252335e+03,2.105115269007308598e+03,1.746940284901381119e+03,1.772709689343435002e+03,1.758904120918872877e+03,1.651008477037649072e+03,1.730411366594853234e+03,1.184349646710591287e+03,1.358699668005287549e+03,1.754202459716231715e+03,2.044169689278328178e+03,1.800158805640346827e+03,1.593310629230916220e+03,1.460184544097136495e+03,1.853392666218539716e+03,1.541985612229616208e+03,1.569264843038240315e+03,1.351150654274822500e+03,1.852948237530234564e+03,1.766072142585693200e+03,1.418373710077770966e+03,1.281275860514806254e+03,1.423697995324132762e+03,1.492863405742791883e+03,1.726149322932745918e+03,1.970832528520580126e+03,2.453663227000069583e+03,2.376266807705541396e+03,1.771987805437610405e+03,1.622926448192381713e+03,1.821377245267258559e+03,1.873321876482126754e+03,1.251186708172673434e+03,1.382033063528382172e+03,1.231704936976032741e+03,1.468031522731618224e+03,1.619377433415228552e+03,1.469623516702147981e+03,1.467274534576780297e+03,7.302908803006556582e+02,7.985432764507507954e+02,8.591265141211364380e+02,1.821607656478357285e+03,1.695068341370533290e+03,1.677037231802620227e+03,1.429952368628825980e+03,1.492025194503078865e+03,1.615348345185374683e+03,1.446637660973742413e+03,1.230219161159219766e+03,1.209685617774372986e+03,1.369420323367902256e+03,1.405269654646689332e+03,1.524074662291201321e+03,1.246022073274643162e+03,1.265339284244597593e+03,1.425514542375846531e+03,1.598059170297804030e+03,1.583675335036760544e+03,1.593827947033870714e+03,1.472400827651884583e+03,1.025703877783283815e+03,9.734934030380519516e+02,1.075384043650614558e+03,1.263693007041076498e+03,1.013456691588331068e+03,1.044291259048900656e+03,9.267225373596709233e+02,7.502675472189903303e+02,9.725872428108356189e+02,5.753917995504079954e+02,9.115151034863098403e+02,7.179023748118746653e+02,7.376542519350681459e+02,6.943067777747510263e+02,7.684909927339199385e+02,9.828421114410512018e+02,7.254471372200624728e+02,4.970165510764324495e+02,6.460633550801265983e+02,8.063000867423297677e+02,8.968345979604923741e+02,6.662829418968667596e+02,6.561208204719907826e+02,6.669178300148722656e+02,8.280174460466420214e+02,6.973791137147933341e+02,7.653977347628665484e+02,7.663279734350389845e+02,6.470519700052932421e+02,7.543977996625611695e+02,7.298588478994440720e+02,6.277830478679945827e+02,7.757217747542399593e+02,9.067147763891308614e+02,9.822867565498996782e+02,8.449533459187952076e+02,1.134595176530528761e+03,7.641579178216267110e+02,7.829660827660767382e+02,1.034049237435619943e+03,9.425501758996031185e+02,8.018956937588118308e+02,8.120293336202427099e+02,9.427388019255083691e+02,7.472827165576284187e+02,1.096295036780805276e+03,8.811369790873616239e+02,8.552830425859674506e+02,7.342264151610409044e+02,9.333909812709757716e+02,1.132259166554688136e+03,9.264495775689974835e+02,8.458037741218383871e+02,9.590383422685930555e+02,1.005594253625561237e+03,7.960796082206090887e+02,8.441069953741352947e+02,8.090331225391172438e+02,1.114547019784630038e+03,1.089905513424768287e+03,1.004610662895067435e+03,9.605258031174257667e+02,-1.117096200497225738e+02,1.536045836623955511e-14,9.622625492249646664e-15,2.793510091421492238e-16,-9.923572717650839820e-17,5.904498224966714185e-17,2.265035796770607733e-17,-3.143595563387672593e-18,-1.226175481242458359e-18,-1.018535301233720371e-19,-8.969892945292760441e-20,-8.183488370172775426e-21,5.542336212525264587e-21,-8.700806872874742289e-22,-8.113163771951892629e-22,-2.447228126987774056e-22,-3.207126146402112340e-23,-1.498163778521397254e-24,9.183371956473141312e-25,-4.820496877483807485e-25,4.880269110988887611e-25,-4.998978827446487654e-25,2.020474567055885161e-24,-7.503644409485100227e-24,3.101201983699594972e-23,-1.012092818635898384e-22,4.582492288860567381e-22,-1.619032576432002647e-21,6.242460613150150798e-21,2.085731828531016897e-17,-6.320752713026535282e-17,5.320737259471498449e-07,1.185441562319514875e-05,-1.575921036274861612e-05,1.067140627233468294e-04,-3.766368574227674606e-04,-4.785865178594024376e-03,-2.668903600924770261e-03,-1.995481379515077203e-01,-5.717207555220096715e+00,4.209485928049756964e+00,4.848073829462927087e+00,-6.913824779195320014e-01,-5.846323426593842687e-02,-5.255543785161857946e-03,-4.945005191321577218e-03,9.969983052232572838e-04,6.827054337899057465e-05,6.033282339362421574e-05,-1.771099941145914014e-05,3.740175368168339120e-06,-1.357395529572246882e-06,3.084785754389435236e-07,-7.136190711927316520e-08,2.866328072215852594e-08,3.181649668226713930e-10,8.389506384585890562e-12,-2.384387767218806923e-12,-1.675668328316772601e-26,-5.334048369467324134e-27,8.736303918044636589e-28,5.901683436056918720e-28,-1.548010198933338968e-29,2.267896201118780347e-29,1.413184243283139861e-30,-2.416385652645718324e-30,1.497784982681927778e-31,1.139792167568756275e-31,-6.821646606582746394e-32,1.178171094170664789e-32,7.033529111081669416e-34,-1.616724557580603398e-33,-5.270668910636590918e-35,6.017022915358610326e-36,-1.536015610634675354e-35,-6.480869740150314708e-36,-1.062814237455633674e-36,-9.463545858120929397e-38,2.389539205838918334e-37,-1.170371983861552314e-37
-1.302033781868750403e-13,2.722033329709992813e+03,1.758467238931267957e+03,2.019679128214711909e+03,1.843852410878871297e+03,1.644182126864559677e+03,1.580665005546553175e+03,1.412389401929737005e+03,-2.761804109346852556e+02,2.267944767157118946e+01,2.546367815438773108e-01,2.326190186630254786e-01,2.913009751967203353e+00,-1.166340930356658134e+01,-1.247721984326284854e+02,2.217464826179089869e+03,1.714705326959481226e+03,1.371987463243987577e+03,1.528735392407472546e+03,1.236311191594905949e+03,1.521112070300356891e+03,1.661046534283296296e+03,1.579957691676209379e+03,1.576658087085919078e+03,1.346909105051827055e+03,1.472303761595668220e+03,1.604125955627885560e+03,1.534189238806813137e+03,1.962549192681502063e+03,1.011132510665728660e+03,1.236271884543925353e+03,1.377394507810016194e+03,7.596896966790852730e+02,8.947160497831398516e+02,1.400786982780896551e+03,1.783005073462125665e+03,1.311230800948275373e+03,1.526457993736984008e+03,1.173222836349970748e+03,1.242224818181995715e+03,4.843166369530169391e+02,-1.713492863283844372e+02,-3.938805058022771277e+01,2.398383317860991610e+03,2.173569714359048248e+03,2.840058037373438765e+03,2.158975394694512488e+03,2.083923141702179237e+03,1.949844753068299497e+03,2.004391235283365859e+03,2.354729230403834663e+03,1.821834493470260441e+03,2.721186655115826397e+03,2.239770322747041973e+03,2.080293265931359201e+03,1.885435049030988466e+03,1.751632532027115303e+03,1.587011978847781393e+03,1.469184446433804396e+03,1.432964243921917841e+03,1.728252682456726689e+03,1.779130598891463023e+03,1.790587410724616575e+03,1.768005808986071997e+03,1.419566720510219966e+03,1.842812583221300201e+03,1.697970729375663041e+03,1.763323698578197991e+03,1.454568646191310791e+03,1.836333765056507218e+03,1.692654255434859124e+03,1.278742233119919547e+03,1.224949511850336648e+03,1.057359262236097265e+03,1.402342852906612279e+03,1.661042480768255700e+03,1.300587023294730443e+03,1.449445548808696913e+03,2.357765878732939200e+03,1.947097460430307592e+03,1.905605621449644786e+03,1.998593620651431138e+03,1.756354728990437025e+03,1.479476969118258921e+03,1.414454365530280484e+03,1.388775446110120811e+03,1.577294393387942591e+03,1.828370980982876517e+03,9.831422571791189284e+02,9.774206580628930396e+02,-1.542190115906598464e+02,-1.653835788505944890e+02,-1.762588733155276088e+02,1.324537490110733188e+03,8.787898078186606199e+02,1.599172951046011576e+03,1.435304007045389881e+03,1.512709821445788975e+03,1.817522257347053028e+03,1.319378272326732258e+03,1.423340785989997130e+03,1.211161199049182642e+03,1.252042941598701873e+03,1.157513534328248852e+03,1.489106380288508035e+03,1.116706073710913643e+03,1.243156714001073397e+03,1.253013893899500772e+03,1.127851704835218698e+03,1.575497171734037693e+03,1.599764786638741271e+03,1.618634051009969653e+03,1.265389214213900914e+03,1.276089809184144769e+03,1.434300613085450323e+03,1.783011704442634027e+03,1.472270105256825445e+03,1.388497032770972964e+03,1.381442420117374695e+03,1.081982834849803794e+03,1.250116319947927877e+03,1.035049105315478755e+03,1.423088011120181591e+03,1.026329749893540111e+03,8.529205793217641940e+02,8.030461077812529993e+02,8.082427834648043472e+02,7.980654261598908761e+02,6.305537271784335189e+02,6.938884478800999887e+02,7.615579153368413472e+02,7.594104498609285656e+02,8.017819454989668202e+02,8.293850076093132202e+02,7.789621654263544315e+02,6.688212681790957959e+02,7.566342486078416414e+02,6.340737555873722613e+02,8.233591432591955481e+02,7.406951468360610988e+02,7.032032683414748817e+02,9.688403626869592244e+02,7.876888705389044389e+02,7.707826486332241984e+02,8.153711168865777381e+02,9.091918896010236040e+02,9.021938563322147502e+02,8.191958845270456777e+02,1.321339611753877080e+03,8.154103226310962782e+02,9.757173434270787311e+02,1.065147265196263788e+03,9.394121536183748731e+02,8.105145626217388326e+02,9.235099912987254811e+02,8.459709403970534822e+02,8.131714959582947131e+02,1.086278299216698542e+03,9.510316953683070551e+02,8.021307741405767047e+02,8.150642352080941464e+02,9.188040042735800625e+02,1.011868694600289359e+03,1.104546729960228049e+03,8.315020172268041279e+02,9.895345712776025948e+02,1.251199924029371914e+03,8.341679695047108680e+02,8.361352456869723255e+02,9.425065469077251237e+02,1.045852781083311356e+03,1.007199453559333278e+03,8.882044583586875888e+02,1.008423744121530262e+03,3.877094256112567905e+02,-7.147881674331770319e-15,-4.956872435314350793e-15,-8.738792677424867174e-16,-7.624615981045013277e-16,-1.138432301755265333e-16,-5.008571180656568106e-17,-1.357412372960726307e-18,-2.042221533415629199e-18,-4.517379735035062470e-20,4.331361052686951059e-19,5.370559935678455418e-20,-9.560358262107844824e-21,-6.113716664053755314e-21,-2.668580887178807127e-21,-5.773759768630024837e-22,-1.506417983510926384e-22,1.705647598852754894e-23,8.047187449636805614e-24,-1.087586968642555270e-25,-1.485416504968081149e-26,4.383823052065214817e-25,-5.824700259865560974e-25,2.494717644856864447e-24,-8.749913264394179106e-24,2.258119144278435589e-23,-1.132112797626287633e-22,3.582798272700106193e-22,-1.739986533523645769e-21,-5.865650178941211112e-18,1.777722921382040107e-17,-1.496544580672331260e-07,-3.334248731479505395e-06,4.432536265921083177e-06,-3.001507957677327799e-05,1.059352906129868761e-04,1.346103039405497715e-03,7.506728909025667511e-04,5.612618512649886898e-02,1.608058350957304983e+00,-1.183986926214904090e+00,-1.363600242290889275e+00,1.944626562156108185e-01,1.644374306465016047e-02,1.478207847261926245e-03,1.390863776875040638e-03,-2.804221178118154853e-04,-1.920220953054980505e-05,-1.696959565625115335e-05,4.981508932869317829e-06,-1.051985637522717731e-06,3.817897453955092309e-07,-8.676465644020333295e-08,2.007170626132165992e-08,-8.062017599661225182e-09,-8.948911281244385730e-11,-2.359686205518861243e-12,6.706481484121808884e-13,-1.204348246785082924e-27,-4.947983592313433032e-27,4.306788169270361193e-28,3.578452157884189215e-28,4.788966799997654764e-29,-1.555228501571618356e-29,-6.916987061892109640e-30,-2.302780239202033711e-30,-3.238355676117555643e-31,-1.509288312815948227e-31,-1.695674927751575429e-32,-8.433187305890528887e-33,-4.911493755322662450e-34,-8.804797928150705936e-35,-4.112416678741108965e-35,-2.514385343153608256e-35,-6.317933458017753836e-36,-5.730522870977095712e-36,-4.697223378936784932e-37,-2.069594030692564722e-37,-2.667346611646964720e-38,6.704052203986941124e-38
1.245380805988801870e-13,2.639912909068641511e+03,2.015539324647218791e+03,1.571662240872106395e+03,1.594155116244589408e+03,1.854796473460267407e+03,1.658925522969484973e+03,1.569826822931152492e+03,3.537664102725232169e+02,-5.320032625387288938e+00,-5.180359200540925885e-02,-4.704740318536878435e-02,-6.541640087395562020e+00,2.831438665998316750e+01,3.195216095440425761e+02,1.905183355452010346e+03,1.708915104373101030e+03,1.514801391405898130e+03,1.585727263164107171e+03,1.381303531421553544e+03,1.423087930497496927e+03,1.621339104676347461e+03,1.301582730424751162e+03,1.443459186796209679e+03,1.461144694159763048e+03,1.544998140038535212e+03,1.554219446816360460e+03,1.312301003029961294e+03,1.284910710369779736e+03,9.869016883358301584e+02,1.193525863502401990e+03,1.339054177961596224e+03,8.398569550415597860e+02,1.023247469198891849e+03,1.725763339513459186e+03,1.705677388616847111e+03,1.419168337919845044e+03,1.481244925676551702e+03,1.487619441174020722e+03,1.393758342498095772e+03,1.478571579525313609e+03,4.001113071002582444e+01,2.752316813441034355e+02,1.852978432663431931e+03,1.953679040335852051e+03,2.285506606473370084e+03,2.254908860063768770e+03,2.083103631020953344e+03,2.434414839245389430e+03,2.256493372096650091e+03,2.382026246415324749e+03,2.486244644491607232e+03,2.739290723483486090e+03,2.469181236730808450e+03,1.937794641866257280e+03,1.799821174604559246e+03,1.757237217305107833e+03,1.602525325458201223e+03,1.907314446516142880e+03,1.655394516673228281e+03,2.092260294356053691e+03,1.589343689998402624e+03,1.916671862459126487e+03,1.895133822111763948e+03,1.752966622275825557e+03,1.781926384244331302e+03,2.305353171581470633e+03,1.607107931464752482e+03,1.428573597854357331e+03,1.614193381074844865e+03,1.849059423519202937e+03,1.648233316015178389e+03,1.792082152371570828e+03,1.544086398423168475e+03,9.433893326489314859e+02,9.406549144137374014e+02,-1.852503044335974209e+02,-2.027059013762527684e+02,2.384843209474485775e+03,2.229197229968287502e+03,2.434058795755465326e+03,3.010306578087598155e+03,2.077621069080795678e+03,1.987655152317220427e+03,1.726352666981312950e+03,1.645664425638060720e+03,1.560459123740253517e+03,1.575755539465543961e+03,-1.401630800875427951e+02,-1.392512582959336100e+02,3.608883673383514434e+01,3.829823141582819090e+01,3.592326160308029870e+01,-1.641443296613215637e+02,2.451160688925767772e+02,1.691276178506683891e+03,1.663457819225930280e+03,1.806273979144262967e+03,1.885609342670936030e+03,1.607244865412628542e+03,1.336759775600701914e+03,1.327089533715162361e+03,1.176917463045619797e+03,1.250231452158788443e+03,1.096649197428605021e+03,9.442686410063344056e+02,1.295485769365711803e+03,1.423649707950072070e+03,1.111111311260240427e+03,1.690437755365641124e+03,1.693014547780941484e+03,1.943227801637897528e+03,1.502067739089891120e+03,1.547280217134214354e+03,1.711963211034438473e+03,1.908081663277077269e+03,1.821932898363170125e+03,1.483978575151359564e+03,1.532990231434600446e+03,1.529960232096398613e+03,1.391005037058205971e+03,1.748397041905870765e+03,1.714628211689104319e+03,1.264695529076652520e+03,1.030428289278459488e+03,8.327401897676702447e+02,9.765494183397154302e+02,8.628531140383279308e+02,6.150400599350815583e+02,9.102888093620066456e+02,8.589719693656379604e+02,7.131965801629364705e+02,6.582544542391525511e+02,9.582475002598594074e+02,8.051142551922536086e+02,5.961601085597831116e+02,7.452057509920236953e+02,6.783022888243611987e+02,8.702516863461105459e+02,7.710297432832252298e+02,7.430971500568674628e+02,9.225644911978037044e+02,6.507050343112807695e+02,8.452168178505069136e+02,6.969213810493826031e+02,6.908049814000581819e+02,6.865169049937034060e+02,8.773490244777957514e+02,1.123951359528219200e+03,1.081626351056677095e+03,9.209923846640383545e+02,8.184682794244903334e+02,9.552394290165295843e+02,8.622965670319440505e+02,9.734784064193451059e+02,7.873284544776306575e+02,7.241861002478523233e+02,9.303157559351366217e+02,8.748136445967435293e+02,8.575260364279055239e+02,8.627428042543515403e+02,1.023980511742454155e+03,9.850969662856873583e+02,1.105915479718250481e+03,7.499207869297603111e+02,1.174351867533129735e+03,1.170279250753703991e+03,8.845345807224013015e+02,8.803839349819688778e+02,1.065324731501023962e+03,9.870738772384520416e+02,7.982802590102279510e+02,1.063658245116579337e+03,1.001629850698869291e+03,1.617110232727889752e+03,6.231725224601929492e-14,-1.108995613139489379e-14,9.770790198471247441e-16,-1.345562079257891811e-16,-6.426233755022637313e-17,-1.086453242581170599e-16,-5.879581763619812130e-18,-5.908648320485421604e-18,-6.410449096388483055e-19,3.369706215448531374e-19,1.051361476312885698e-19,-1.699004048803493003e-20,-6.801913586201671941e-21,-1.626456741371006700e-21,-4.922170051130308986e-22,-3.920993809887395180e-22,-4.084427947151333732e-23,3.223580070542199718e-24,4.324713313182797772e-25,-6.253074641169572237e-25,1.873820641826117138e-25,2.804924618965721140e-25,-4.103691796226560694e-25,2.151116016733374881e-24,-7.741427567233302037e-24,2.664607242173244736e-23,-1.420517400156549306e-22,4.183158231318882642e-22,1.370117593813059149e-18,-4.153339122933412119e-18,3.494539752743194838e-08,7.785711757717857069e-07,-1.035029252505075858e-06,7.008738003358757649e-06,-2.473665596377982371e-05,-3.143247881314597744e-04,-1.752875452188254002e-04,-1.310586985696542486e-02,-3.754932465577933698e-01,2.764695040710123952e-01,3.184105114593527852e-01,-4.540843562870830463e-02,-3.839732846281267067e-03,-3.451722155014749901e-04,-3.247767438212243764e-04,6.548059114962210875e-05,4.483854701800293106e-06,3.962523226812894917e-06,-1.163218337721508235e-06,2.456462491739908159e-07,-8.915066478507357322e-08,2.026017433621629498e-08,-4.686888472381161549e-09,1.882539374582206171e-09,2.089635458907139248e-11,5.510037826926020155e-13,-1.566011894999715002e-13,-6.277454045355909708e-28,-8.523502646704731533e-28,-3.281694302185361306e-28,-1.377039756484012151e-29,1.958106390033824588e-30,-2.663150146414365573e-31,6.554455710762006815e-32,-2.258312862110320526e-31,-2.676785966615289745e-32,-1.332380771272640124e-32,-7.505126048577638295e-33,-1.698069038788307905e-33,2.103506793769692813e-35,1.031334688508063722e-34,6.933972976298429407e-36,5.729187408244899464e-38,9.485970675109806742e-37,2.626878369958712811e-37,1.786991508239989764e-38,-4.568852755436725972e-38,-4.495256823732767406e-39,-1.274977485598384450e-38
1.389634893457692127e-13,2.526841645102433631e+03,2.130102808721074780e+03,1.560637653790426839e+03,1.476640018527210032e+03,1.738686534186392009e+03,1.709874099747790524e+03,1.434577024303172493e+03,1.528340754584577098e+03,8.819047635075206726e-01,-3.774333687858403858e-03,-3.925596713666828705e-03,1.021925836719226233e+01,-4.457801459700430513e+01,1.779456113652187923e+03,1.975315943629739422e+03,1.664935511298445590e+03,1.752563863840682188e+03,1.598025146515321012e+03,1.654028261020458558e+03,2.115600111058830407e+03,2.097693679177125887e+03,1.435414020403665745e+03,1.280407607234416673e+03,1.326564129253578812e+03,1.470757136652039435e+03,1.605121727502773638e+03,1.646389836222593203e+03,1.360091671566688092e+03,1.079848237626687023e+03,1.212761886543126593e+03,1.290300464042703197e+03,1.207557927763294629e+03,1.291056201919961723e+03,1.777196883667032580e+03,1.374077695930347772e+03,1.273545720239024376e+03,1.079348980482816614e+03,1.553301085126735643e+03,2.250500018847748379e+03,-1.191367593919244712e+02,-6.347102687694525791e+00,1.703668525159006094e+03,1.468343258742316948e+03,1.606577553050086408e+03,1.851850050999356654e+03,1.869404803160415440e+03,2.002079114676515928e+03,2.471582172541973250e+03,2.475597162756672333e+03,2.579537400218812763e+03,3.283118316020068960e+03,2.987281877468278708e+03,2.862779043371449006e+03,2.002573955348944537e+03,1.551275143898317538e+03,1.672307675057646975e+03,1.806512048676002451e+03,2.427555462819897912e+03,2.186636890672444679e+03,2.317899197849677876e+03,1.633283034463787089e+03,1.500414166262510889e+03,1.630836431422289479e+03,1.500517440751065124e+03,1.591766330138392050e+03,1.985007857942561486e+03,1.590073993472441543e+03,1.381521824029908885e+03,2.081020266464526230e+03,1.792231071902989015e+03,1.791102991352952358e+03,2.413480893859817570e+03,1.776262737627016122e+03,-6.379574177705108440e+01,-6.065740744187464628e+01,2.938809423610220506e+01,3.215724850898737941e+01,2.145503720304755916e+03,2.658530786180182076e+03,3.206010854839432795e+03,2.921391479728017202e+03,2.536676872263761652e+03,2.229785967795739452e+03,2.217040784586769405e+03,1.744808442099904823e+03,1.575536631615494343e+03,1.387028776473406424e+03,2.227826668535639953e+01,2.212793715115168069e+01,-5.846658220524206584e+00,-5.574326283286410444e+00,2.500524761936290918e+00,-1.485260331775609899e+01,2.071131603603341318e+03,1.740743089612514041e+03,1.776749472301991318e+03,1.991464098465193047e+03,2.075723641476819921e+03,1.810772033150899006e+03,1.317258653738933617e+03,1.363935930626982326e+03,1.151739035256001671e+03,1.277465085649526372e+03,9.782724300665684041e+02,8.744588808869688137e+02,9.547908687009032747e+02,1.553373100267614973e+03,1.292430751259058752e+03,1.776212572919908780e+03,2.060111460848936076e+03,1.777018330285499133e+03,1.798693876787007866e+03,1.920358808078741504e+03,1.440170211768089302e+03,1.333993314065479126e+03,1.694677784528294751e+03,1.475016817146492258e+03,1.735843017012415885e+03,1.702147315462396818e+03,1.766036604655726933e+03,1.923270706802212317e+03,1.524158858318396824e+03,1.166422286215210079e+03,1.357192099429755444e+03,1.051209247080976183e+03,1.055228360329189172e+03,1.088464770022200582e+03,8.730418276330032086e+02,9.069769168008836004e+02,8.236921909620635915e+02,6.070702536446970043e+02,7.232725362026125140e+02,8.580274962662911094e+02,8.085536266885526402e+02,5.626495036025013405e+02,9.088960804532513293e+02,7.205338867508565954e+02,8.896689794328899552e+02,7.330022785184817167e+02,7.359161582754746860e+02,9.072924399670293951e+02,6.815703985911691234e+02,8.201713081789552007e+02,7.007862966242377070e+02,5.746428674599071655e+02,6.311533636261756328e+02,8.736880130682918661e+02,1.182101444531271682e+03,1.608631001886713875e+03,8.988989767327086611e+02,8.808426295110566571e+02,8.646631916382425516e+02,8.342703056929935883e+02,8.360614268434377436e+02,8.589707993049075867e+02,8.254349183133277847e+02,1.091181518463660495e+03,8.506398821075280239e+02,9.065387475869175660e+02,8.581035742591578810e+02,1.072888356663075228e+03,1.240132435366318077e+03,1.032418209602085199e+03,8.079527404321931954e+02,1.106936848160310319e+03,8.318346758886610814e+02,1.028839961898277807e+03,1.023359252574233551e+03,1.055211359074829033e+03,1.087188279485364774e+03,1.081104863157045202e+03,1.278637418773039371e+03,1.341839454718743355e+03,1.538617934624618556e+03,-1.800207736118289114e-14,-2.171881840130985389e-15,1.489845992332311515e-15,-1.067184668323505769e-15,-6.246280026412059244e-16,-1.041201519030257145e-16,6.313446064674045379e-18,-9.062905000277713322e-18,-9.856291567233108103e-19,-1.807604704879138492e-19,-4.619139008536316355e-20,-1.219193382256019940e-20,-7.585444950642006946e-22,2.676101699768323641e-21,-1.855188167955010690e-22,-2.035516664283142344e-22,-9.469196032530945655e-24,1.635132158815834625e-24,1.687189659066988349e-24,-1.115797985741699389e-25,-2.101069406850840054e-25,-7.810830796753224534e-26,1.049345642711241992e-25,-4.411897173821927885e-25,9.715857639411960432e-25,-4.427382984134998395e-24,-4.258495894847889419e-25,-5.797516077270822937e-23,-2.170525585493093151e-19,6.582613701143559755e-19,-5.543735199681319412e-09,-1.235124719698657369e-07,1.641969617117072201e-07,-1.111865662539936973e-06,3.924221216288549755e-06,4.986446042654683967e-05,2.780760281042724954e-05,2.079114194979747154e-03,5.956822000810770706e-02,-4.385910104910443336e-02,-5.051261926380760242e-02,7.203590766414936890e-03,6.091349260110742432e-04,5.475809395286524941e-05,5.152255788036338475e-05,-1.038783598804696839e-05,-7.113183680657991096e-07,-6.286143826176591542e-07,1.845328684179018890e-07,-3.896930224205933178e-08,1.414285466508113424e-08,-3.214072512157937678e-09,7.435276299524446681e-10,-2.986459028678660826e-10,-3.314996098971531449e-12,-8.741119808046651544e-14,2.484320076374724641e-14,-6.141354087226534635e-28,-7.481191197701547344e-30,3.502142126993963820e-29,9.382861634444780112e-30,-1.900549095048348543e-30,-1.559102060477324629e-30,-3.342842677234125057e-31,-5.743868947691623696e-32,1.427061508200678931e-32,4.831806340209856489e-33,-1.075041509302582209e-33,-1.767614972221558302e-34,-2.799417184463224940e-35,2.410382501036729332e-35,4.368948796059077451e-36,-2.973636388433452500e-36,-1.761928673337101805e-37,-1.698937072566456225e-38,-5.825466731725931328e-39,6.401988962807189041e-39,-2.105826456858993099e-39,2.296666407674751632e-39
-1.010538149317870147e-14,2.807720739720578422e+03,1.389253844791411893e+03,1.643593131530310529e+03,1.477312816429464647e+03,1.297794291794215269e+03,1.717224780780834408e+03,9.270545310867814806e+02,1.045137294336956529e+03,7.523467543184504669e-02,-7.006028707836919368e-03,-6.674413701001440623e-03,5.811005081356682922e+00,-2.536835301611953142e+01,1.840571038538723769e+03,1.855392235300872926e+03,1.625685315971849377e+03,1.658228585602724479e+03,1.692202829719421743e+03,1.495319494207981734e+03,1.669580561446072579e+03,1.603365142922604946e+03,1.645154127517564120e+03,1.348556877703655118e+03,1.410320369902605307e+03,1.365978308609327087e+03,1.654073719689620930e+03,1.558922967092476483e+03,1.524538604925160143e+03,1.231872266763859216e+03,1.417077859965936113e+03,1.426296009358835818e+03,1.170662537626221365e+03,1.111761560286754047e+03,1.438218022381040100e+03,1.120761183295864839e+03,1.250286839679535433e+03,1.384662470799745279e+03,2.302101398141037407e+03,2.701384677506388925e+03,-7.268002676438634957e+00,-3.870621881134192477e-01,1.962554910592745955e+03,1.826504864359775183e+03,1.827414286938543682e+03,1.760521272685363328e+03,1.913695742796704735e+03,2.265929927928827510e+03,2.551806150501861794e+03,2.350308429799585610e+03,2.591245693435578232e+03,3.324756693301323594e+03,3.844941031692350407e+03,3.382914795284657885e+03,2.468087129484247725e+03,1.688132239039756314e+03,1.617625907980419697e+03,2.241731636939480723e+03,2.240388655294790169e+03,2.406700743388554201e+03,1.472062567442547788e+03,1.490890922144504657e+03,1.508589190460131249e+03,1.650114565176111228e+03,1.508674510868456764e+03,1.674770848545515037e+03,1.618404268033332755e+03,1.411905463696813285e+03,1.319898973970240604e+03,2.329535136313106250e+03,2.518187909749668307e+01,2.569427449272195219e+01,3.596078845228088028e+01,2.570080986592378736e+01,-3.891900546266231498e+00,-3.700444424223280127e+00,1.792839758688969720e+00,1.961773641743943308e+00,3.016902418848433953e+01,3.086075694803727856e+03,3.614865030783669681e+03,2.919113775343032557e+03,2.643009832931300480e+03,2.849969831812940356e+03,2.338958160741767642e+03,1.378366514717767132e+03,1.406597601163846093e+03,1.301237530489404662e+03,1.383285808835932773e+00,1.370906660289423762e+00,-4.253428259878625495e-01,-5.682804182390003428e-02,4.785226401283212638e+00,-2.401045461156935090e+01,1.807169505697527256e+03,1.599153002118994209e+03,1.404136053287115828e+03,1.358098481868068347e+03,1.804049875342480391e+03,1.681014158633638544e+03,1.318191567199925657e+03,1.597879548903231580e+03,1.194960462599626453e+03,1.342410162402774858e+03,1.091340951257674760e+03,9.254737627511108258e+02,1.017954201853009977e+03,1.323961887332884544e+03,9.886547563994788561e+02,1.727423588391679687e+03,1.709435646636345382e+03,1.368491155423885630e+03,1.655043580878129887e+03,2.118018243755353524e+03,1.497415442945182349e+03,1.413742311992465375e+03,1.716050691678522071e+03,1.644470942818857566e+03,2.313788937368936331e+03,1.428398017986976811e+03,1.818246452002588740e+03,1.952181169954697680e+03,1.703704494725520362e+03,1.421272061081696847e+03,1.691303140002012924e+03,1.456442544308614288e+03,1.126562777287756944e+03,1.069832978363438315e+03,1.376408681675650314e+03,9.137102179815327645e+02,7.259409388395553151e+02,7.167917975344138313e+02,6.688075290690445627e+02,8.959242883158450468e+02,8.263583052053384108e+02,7.431363623667043612e+02,1.019047964688433581e+03,7.729795877864855811e+02,8.630714766843201460e+02,6.376398137690580370e+02,7.674179795184047634e+02,9.166273215326172021e+02,6.933064204227981691e+02,7.395242734924250954e+02,7.937234011332328691e+02,5.205813309178745385e+02,7.146254745938979340e+02,7.015481959290588065e+02,1.269357232490498518e+03,1.476317988308748681e+03,1.010914616257658963e+03,9.412487091479160881e+02,9.240604391854029700e+02,9.127379570918249101e+02,8.936737009240200678e+02,7.412996148507617136e+02,9.140359207059650544e+02,1.058405403361003437e+03,8.078799887600595184e+02,9.317017276878522125e+02,8.931398725230438913e+02,9.711899412721510316e+02,1.276364572828219025e+03,9.537476746128733112e+02,9.250527524385393008e+02,9.069833972944938978e+02,9.553739535800681324e+02,1.060885871918480916e+03,1.038514209901078402e+03,1.197657487709241423e+03,1.289749978702613816e+03,1.264081814498525546e+03,1.323502292174310696e+03,1.872465141472415326e+03,2.101677342813625415e+01,-6.033805314559418206e-15,-2.602666527368842784e-15,-2.568097872671016019e-15,1.699432799987718496e-16,-1.725267367845182319e-16,-2.367214257942791531e-17,-5.353119060625907693e-18,1.120220727644343213e-18,1.403996836208193733e-19,1.394049827548847376e-20,-6.444805342472957763e-20,-1.004641051604670794e-20,9.250990094680063547e-22,2.170406746006998818e-21,1.904011815820581793e-22,-8.402862331515725019e-23,6.540173616523909320e-24,9.219369073286671316e-24,1.999735598319080457e-24,5.789964003982423737e-25,1.001335108547258028e-26,1.345255817883279119e-26,1.607695121847857443e-27,-5.784963631270108000e-26,1.280088606937206203e-25,4.166156587059472850e-25,-2.047337557671596977e-25,-4.224722187113902166e-24,-1.323081427299190600e-20,4.034792634088268971e-20,-3.381991564106631046e-10,-7.534958348813705639e-09,1.001694199596029739e-08,-6.783008487400663821e-08,2.393996569309602630e-07,3.042013704428358964e-06,1.696420819818817855e-06,1.268377080609467129e-04,3.633997842611322217e-03,-2.675652866068918556e-03,-3.081555054093258229e-03,4.394597203113306100e-04,3.716067068450659916e-05,3.340552987199625411e-06,3.143167013511235118e-06,-6.337166624221060058e-07,-4.339443774900198780e-08,-3.834902755120260100e-08,1.125754715568587181e-08,-2.377347522830698890e-09,8.627940088570003321e-10,-1.960765752877691850e-10,4.535938463162631930e-11,-1.821908673079055974e-11,-2.022334840673103495e-13,-5.332576753193578104e-15,1.515575552985774510e-15,2.011343813276769426e-28,4.123888050318845765e-29,9.013457092160354254e-30,2.406894458780476749e-30,1.043509848310798608e-30,-3.902246387853407353e-31,-2.021387203925070250e-31,9.228890204592559960e-33,4.456157466412258620e-33,-1.017354634556648042e-33,-4.559520355620823132e-34,-7.632016238787443147e-35,5.530876856947870024e-36,1.573447980117770946e-35,2.131394648727884539e-36,3.740983540743611451e-38,1.338722166129078400e-37,-8.845084456685484330e-39,6.200586833944073302e-39,1.939179434697731409e-39,9.926605794753157253e-41,9.739698169890946793e-41
4.158451429458269273e-14,2.243156647249687012e+03,1.134150461450647299e+03,1.519868506235801533e+03,1.729510491923401105e+03,1.758321975141013581e+03,1.729507336798970073e+03,1.094701725304774754e+03,1.318486651072295899e+03,-6.504866657186622048e-01,1.666623722447498901e-01,1.583270694088867725e-01,-1.286364617279247682e+02,1.828505556092351526e+03,1.740513956042585505e+03,1.502789601350125167e+03,1.399232585845986932e+03,1.565493126456768096e+03,1.663133932249139889e+03,1.522217300416493572e+03,1.583124623571895654e+03,1.480891870148969019e+03,1.323150433995543608e+03,1.280221409717574943e+03,1.980365523477386660e+03,1.306971191505846946e+03,1.339817140547612325e+03,1.611779708565897863e+03,1.425935802879283074e+03,1.419130883524464934e+03,1.336829880390456992e+03,1.346830527577183602e+03,1.085055216820638861e+03,1.032025841104492429e+03,1.208108347680158204e+03,1.501220259027328666e+03,1.560488349996829356e+03,1.616263519294958996e+03,3.015643675831846394e+03,3.112688482788803412e+02,1.688367427928582742e+01,8.959048599844197103e-01,1.911233964957562193e+03,1.991024602902550441e+03,1.849043091110947671e+03,1.838281379163684733e+03,2.078921253229690137e+03,2.551595229728450704e+03,2.548979730426326114e+03,2.491106858101501530e+03,2.625769271813447631e+03,2.675238533381529578e+03,2.484162257319828768e+03,3.257209182482194137e+03,2.108995792780411193e+03,1.739338947896472519e+03,1.791836411036859090e+03,1.781200900015624484e+03,1.570016899860700960e+03,1.782851838499067526e+03,1.364683591466942062e+03,1.291970062699192113e+03,1.630906026465404466e+03,1.717322828206544273e+03,2.282741709593036376e+03,1.541367069755322746e+03,1.430660114518238061e+03,1.435283560884254484e+03,1.778360738762406072e+03,2.651860427243018421e+02,-5.846660407148930716e+01,-5.965714800266754025e+01,-8.349619159946306013e+01,-5.967267917400024402e+01,9.041089167065344157e+00,8.596326477269027322e+00,-4.164861618991250403e+00,-4.557300188861852064e+00,-8.006323766624053917e+01,2.707688325927595542e+03,3.152679221939522449e+03,2.947161809945985624e+03,2.899112524978094370e+03,2.627679731428889681e+03,2.329406753605509948e+03,1.885065947815638765e+03,1.164651045343748820e+03,1.360271818447509759e+03,-3.750243000512257119e+00,-3.650280242778473738e+00,2.512070515478524335e+00,-6.154384701558620385e+00,-1.139377936446136488e+02,1.868011231599119583e+03,1.727130447505152233e+03,1.431982025939409368e+03,1.209666759197593592e+03,1.105826965782641992e+03,1.325730622851992393e+03,1.543558175034926080e+03,1.228603255667114581e+03,1.525065095862254338e+03,1.345208487152800444e+03,1.088165948797277679e+03,1.198116860843758559e+03,9.699217256226726249e+02,1.168563948345856033e+03,1.295211722603838098e+03,9.920344621655160608e+02,1.532662154123800747e+03,1.537892161124993891e+03,1.274192873708791240e+03,1.598106082425440036e+03,2.106063920592169779e+03,1.422774758161928503e+03,1.566603729170141150e+03,1.606960462594521914e+03,1.803358113998263889e+03,2.994289940583340012e+03,1.450329142252335942e+03,1.703657314541419510e+03,1.645141031681303275e+03,1.669575657422636823e+03,1.489455914759200823e+03,1.699544090985731373e+03,1.990949983923605259e+03,1.378321321367446899e+03,1.147936771614442250e+03,1.628937684809663097e+03,9.503147715397321917e+02,8.582724280920510864e+02,8.937967799441707939e+02,7.950364822501511526e+02,7.170609758144157695e+02,8.117286155074979206e+02,7.719494564580612632e+02,8.186455571367640687e+02,8.909632649445084098e+02,8.242842689773841585e+02,7.327693976391931301e+02,6.466143295841164900e+02,8.190950713206581213e+02,6.597090844636792326e+02,8.103161924875613522e+02,9.308051122227916494e+02,6.369092587834657024e+02,9.934489757476256955e+02,7.092127569821905126e+02,1.055189098519316758e+03,1.494793217882008776e+02,1.329223745199089535e+03,9.984875017481239183e+02,8.894355932700016183e+02,8.996137089579622170e+02,1.090296247788890014e+03,9.603147264459495318e+02,9.908035995609888005e+02,8.739923758271116867e+02,8.894335418432057168e+02,1.071540649056682469e+03,9.206040301151969061e+02,1.006621329934132973e+03,9.289016669073650974e+02,8.919790614804153392e+02,9.196508767230303647e+02,8.529401339281623677e+02,1.080318698169040090e+03,9.946322367290414377e+02,1.155220671263087297e+03,1.440400727104401085e+03,1.224777393761095482e+03,1.059253434949481516e+03,1.143420652420711804e+03,2.278857355269608888e+03,-4.879517436193457058e+01,1.705068034788467219e-14,9.522318081203160038e-16,-9.866154395756331427e-16,4.615336752560781106e-16,3.733277563132998667e-17,6.913620100842368469e-18,-1.778269378794553199e-18,1.066819152324247683e-18,9.274919272866990018e-20,1.258068973925111661e-19,-1.660624637677310252e-20,7.957207421298132975e-21,6.592844525987010365e-22,6.553110990282385052e-22,-5.121573730463517343e-23,6.074946874807326805e-23,1.191108815352517937e-23,5.343512863867321217e-24,9.394582353870554409e-25,-1.528376440337948786e-26,-1.335375090490340327e-25,2.961452560332760264e-27,-1.250300750125377433e-26,3.493367394048759429e-26,-2.161899548206596851e-25,6.537271477478542042e-25,-2.133762346212365317e-24,8.217364360952714169e-24,3.080092237295625355e-20,-9.329362630931296919e-20,7.856543846573028597e-10,1.750410358139110210e-08,-2.326988181608501799e-08,1.575728460073291128e-07,-5.561379636460981221e-07,-7.066757440895845367e-06,-3.940874570647170135e-06,-2.946506506269781626e-04,-8.441967653561635240e-03,6.215681991512182064e-03,7.158614070786371332e-03,-1.020887987441850345e-03,-8.632618771116993119e-05,-7.760279858250831487e-06,-7.301741885112314144e-06,1.472157056055399061e-06,1.008075556694257146e-07,8.908680306209590165e-08,-2.615187269303734845e-08,5.522703027966196159e-09,-2.004315750838067811e-09,4.554961719545405488e-10,-1.053722303727316182e-10,4.232389437750678923e-11,4.697989940842834585e-13,1.238785558228416342e-14,-3.520761527369881104e-15,-8.386899997547883143e-29,-3.183972385394604676e-29,-1.444074275664142917e-30,1.084981771465525794e-30,2.595908106860868738e-31,1.905945592648781577e-32,-5.791694341696001426e-32,-4.958306050953995311e-34,3.348637760901351025e-34,1.358914333880549200e-34,-5.765233412420073167e-35,-3.768978056787443689e-35,-8.843409523276693991e-36,-1.640019234931887904e-37,1.528096150735811656e-36,3.217776562329500865e-37,3.628538003801513817e-38,-5.583561435341784005e-39,-6.432103048712471708e-39,-4.516286034535379947e-40,-1.040633915758900919e-40,-3.202395617869128963e-40
1.861123004638726957e-13,2.067636515914794927e+03,1.490208075210194465e+03,1.283683855660102381e+03,1.567285580863506993e+03,1.772691356358040366e+03,2.095478011055216484e+03,1.889280976311206132e+03,1.958589254007016052e+03,2.898555577087677637e+00,-8.955989532752951510e-01,-8.505731829401306232e-01,1.245972999832303231e+03,1.807090249278960073e+03,1.645238149287367833e+03,1.382774369844786634e+03,1.420647992305214302e+03,1.550853639012070289e+03,1.549261614839347885e+03,1.511798670307044858e+03,1.463280432456712788e+03,1.594930892900965773e+03,1.318825567836527398e+03,1.158234441843240347e+03,1.385935967905494863e+03,1.783017125567762378e+03,1.264788181825297215e+03,1.445966282445139541e+03,1.336644952144791432e+03,1.387496683159904478e+03,1.169990832113410534e+03,1.167769412828532950e+03,1.116102131793290710e+03,1.037297387362414383e+03,1.128696887618992378e+03,1.280233449704867780e+03,1.421486277549429587e+03,1.732267681575139932e+03,2.125391033235169289e+03,-1.611775218526171614e+02,-8.974617119165632317e+00,-4.588040656926739569e-01,1.703120484389246030e+03,1.497699495494999837e+03,1.461816516844129183e+03,1.866863531281526321e+03,1.940182587960776573e+03,2.523932760631500969e+03,2.958190531991497664e+03,2.824987025284873653e+03,2.296098068130884258e+03,2.251767024179578584e+03,1.980849160897841330e+03,2.666232459623543491e+03,2.415513703721027923e+03,1.638823612150896679e+03,1.725556617827131731e+03,1.534046160596841673e+03,1.193002522675036289e+03,1.429335279330134199e+03,1.680471913210896219e+03,1.692813455174384671e+03,1.576458453332311819e+03,1.861966094307273352e+03,2.354703972456485189e+03,1.612397981540465707e+03,1.596496901103056871e+03,1.389062974735647458e+03,1.876219881867321192e+03,-1.372725368032707536e+02,3.108342219077041335e+01,3.171636778760172959e+01,4.439025346633925295e+01,3.172462486425411754e+01,-4.806641270741746297e+00,-4.570185440442741331e+00,2.214228162992896820e+00,2.422845918010427813e+00,9.632153525602477373e+01,2.287401975157977631e+03,2.359880017011306336e+03,2.765549557814187665e+03,3.209863786410015109e+03,2.214382669658684790e+03,2.582686238766148563e+03,2.162482862316244791e+03,1.331089330504989903e+03,1.702730997815498313e+03,4.874311290325486823e+00,4.439070628540815910e+00,-9.513361763392625292e+00,3.700548144104173076e+01,1.230478478163760201e+03,1.873759812671562258e+03,1.638300636902947645e+03,1.436336187029045050e+03,1.485887946397352380e+03,1.625494128673976093e+03,1.266174234741227565e+03,1.501406129060198055e+03,1.128668095933353470e+03,1.199754225102234159e+03,1.294115647291270534e+03,9.582094554532004622e+02,1.174047124975523275e+03,9.383430939805914477e+02,1.120110552485709832e+03,1.087381256362394879e+03,1.486803539530491207e+03,1.295567892728993684e+03,1.479175945711033592e+03,1.716043325992606242e+03,1.894880312249178132e+03,1.928011823216281527e+03,1.551751018866706318e+03,1.898389635324991332e+03,1.485734277229162672e+03,1.800187137499413666e+03,2.298454227166380406e+03,1.653338171145291426e+03,1.747715788720155842e+03,1.512164675790305409e+03,1.568890726169964410e+03,1.919599859657591196e+03,1.648662282875222445e+03,1.707328962967900907e+03,1.538023935282565390e+03,1.303153249476846668e+03,1.795604502092050325e+03,1.377939141548277348e+03,7.828595592065626079e+02,8.826828802054268408e+02,9.371368257057068831e+02,6.286120973370533420e+02,9.065600127803413670e+02,8.178454388696054593e+02,7.289348144693296945e+02,8.265464176709912181e+02,5.975502423732141324e+02,8.831972325078189670e+02,6.794947908777548946e+02,7.529964594775700562e+02,7.128542607742789414e+02,9.203856245190622758e+02,9.479253291860559330e+02,6.729727384413021127e+02,8.377179969850867565e+02,9.143365943504783218e+02,9.342239406565043964e+02,-4.317448746736837251e+01,1.293369183255143525e+03,8.146806044202132853e+02,1.152683753862012281e+03,1.100972246247895100e+03,1.057338531173767933e+03,9.659018532613404204e+02,9.123401187080919499e+02,8.073827314129611068e+02,9.331579262663076406e+02,9.611634008343372670e+02,1.077411316741790870e+03,1.132915529672143748e+03,9.068989147475037953e+02,8.155984792404412929e+02,1.027341531393045898e+03,1.060282127442559840e+03,9.830999542570153835e+02,1.053949767106308173e+03,1.207726433570359404e+03,1.087319215436073591e+03,1.156760229208864757e+03,8.984898266285701993e+02,1.138520692431802445e+03,2.367168543560977014e+03,2.594166412584971937e+01,1.785201451040483033e-14,2.252258135017898839e-15,-1.194078499923587327e-15,5.117766325433540405e-16,1.977807153231221606e-16,3.522282744576695748e-17,1.008515533518560435e-18,2.769497131128167560e-18,3.623148307231510410e-20,1.264252172255100723e-19,-2.460697943879141611e-20,3.395859137268107463e-21,1.428247784103863720e-21,1.313625444484585985e-21,8.276066802900544529e-23,3.202698504437926003e-23,8.954639579444608907e-24,3.710077793248016400e-25,1.740923380929941755e-26,-1.417610947918623803e-25,-9.013735966333224445e-26,-9.628639607036467473e-27,7.129473363991687738e-27,-2.626037014731541636e-26,7.251699696439517139e-26,-3.127801027063856534e-25,1.342181611167776519e-24,-4.467064831661095179e-24,-1.637042592014577668e-20,4.964091254460923673e-20,-4.176884790821950133e-10,-9.305952522362494172e-09,1.237129421535590650e-08,-8.377266604595178673e-08,2.956674394383580005e-07,3.756999547348311737e-06,2.095142517895969883e-06,1.566492652804428194e-04,4.488121874625891974e-03,-3.304530348449561707e-03,-3.805834578096964089e-03,5.427490243992452420e-04,4.589480406929815476e-05,4.125706614184922336e-06,3.881927628995205167e-06,-7.826635397470980099e-07,-5.359373718242522997e-08,-4.736246879538717246e-08,1.390348751769185181e-08,-2.936112205597022060e-09,1.065582543567120747e-09,-2.421618296884896268e-10,5.602051932933551137e-11,-2.250124662523463307e-11,-2.497658399742111366e-13,-6.585929714514363976e-15,1.871791918044740050e-15,2.097932737899556438e-29,6.853522165750349875e-30,2.851727918258609451e-30,1.137082026471981953e-31,5.226109416393724876e-32,-9.778338444497730503e-34,-1.265986950421219421e-32,1.151928787276760267e-33,4.876131086935687431e-34,-1.437089608053705591e-34,5.788239553138919707e-35,1.489407505466528264e-35,-1.293405265914813872e-36,7.252826839885254640e-37,7.175492926810493257e-37,1.026437400734252689e-37,4.314566502426951622e-38,1.230479858165727256e-38,1.837968319445008767e-40,-1.901910954538504070e-40,-1.168209250101734595e-40,9.785224078178532004e-41
-4.314388561055929513e-14,2.409857721713430237e+03,1.825170507358413488e+03,1.358645999211020808e+03,1.326819329652794067e+03,1.663200091530858117e+03,2.148787171897760345e+03,1.949177512989409024e+03,2.199265919181017125e+03,-1.138852152674482276e+01,3.592192305620112158e+00,3.411503620744581688e+00,6.516743121683987283e+02,1.563270542526035115e+03,1.662873591874960539e+03,1.471043955110174693e+03,1.603850357228387566e+03,1.492449027053894724e+03,1.437449872062004488e+03,1.584923449231582936e+03,1.592807129970778988e+03,1.679723987386607860e+03,1.687468930031933269e+03,1.690602902023738807e+03,1.267546040767185559e+03,1.779271846217799975e+03,1.454485212885215105e+03,1.404935983250031541e+03,1.205259779813271962e+03,1.277868519467935357e+03,1.145602335516875655e+03,1.134440194855912523e+03,1.128881270171475990e+03,1.001060199749885214e+03,1.395305679974971326e+03,1.339906240063771293e+03,1.408802598843368287e+03,1.757364552831362062e+03,5.640010729972882473e+02,6.269990557257925445e+01,3.485176184563366419e+00,1.081395066515489639e-01,2.211773720261425751e+03,1.625073319458373135e+03,1.404006194062564646e+03,1.466236566774093035e+03,1.602603740188347956e+03,2.184623054755640169e+03,3.005750103174937067e+03,2.242840590299741962e+03,2.452486704491589535e+03,2.328138829411379447e+03,2.554568820192853764e+03,2.715688402617068732e+03,2.672460473305198775e+03,1.642385879353957762e+03,1.704239785556315383e+03,1.346608470153243388e+03,1.385784268328745839e+03,1.312558695246758589e+03,1.702491595722824741e+03,1.725474036980718893e+03,1.646016658086667121e+03,1.439885990496954264e+03,2.084076618594819593e+03,1.977148135441050727e+03,1.975159037177510072e+03,1.324038197105397330e+03,1.717880090297321431e+03,5.339948680612798171e+01,-1.209155767070585696e+01,-1.233777567245780027e+01,-1.726796055116755113e+01,-1.234098779126020062e+01,1.869799944280090775e+00,1.777816238856287478e+00,-8.613594743406924881e-01,-9.424326027177263310e-01,-2.535491695612460603e+02,1.931715700486655351e+03,1.994662925285151232e+03,2.274022833634887320e+03,2.616513788183629913e+03,2.423817989269379268e+03,2.496052870176958095e+03,2.078558400634191003e+03,1.790212370038558674e+03,6.069081836479396088e+02,-1.347468021411347827e+01,-1.176949273225303294e+01,3.657244055528832405e+01,-1.499909530455703930e+02,1.605851684166937957e+03,1.500671397230059483e+03,1.599220770975214009e+03,1.401067437156722235e+03,1.641439551436062857e+03,1.474357095860788604e+03,1.363218098345274029e+03,1.317680616720032504e+03,1.077382906590445373e+03,1.016206611523979859e+03,1.168060823349081375e+03,1.004882988617867909e+03,1.109374324538526935e+03,1.015982884017841798e+03,1.043313684292183325e+03,1.080228783826795279e+03,1.673111114452790844e+03,1.187780202614590507e+03,1.499618524486751539e+03,1.809140369624584991e+03,2.054130560348633026e+03,1.734640837481301787e+03,1.589835363794458544e+03,1.831543996519628763e+03,1.372749378408783059e+03,1.750668113303908058e+03,1.690819597964041805e+03,1.492610824587179877e+03,2.089653746441452768e+03,1.783045974706010611e+03,1.971982643648004569e+03,1.984224972851992106e+03,1.619218694021852343e+03,1.551670622105422808e+03,1.663560145771026100e+03,1.661607137382720111e+03,1.676534445585740286e+03,1.418841222942268359e+03,8.283353560357087417e+02,7.701801114777711064e+02,8.956590393811230797e+02,8.704785978112319071e+02,7.602362932720150184e+02,1.090831677661360118e+03,1.133816353620536347e+03,7.518864721004728153e+02,6.655039360264433981e+02,8.611912934819561087e+02,7.400137924072149644e+02,7.906485515773936186e+02,8.046925897013763915e+02,1.011290593559409444e+03,8.209662228056739650e+02,7.459375761897191524e+02,7.563728215003765172e+02,1.133275618992249520e+03,1.018865166533983597e+03,-1.196741784217362436e+02,1.599535523598095210e+02,1.041281725354283026e+03,3.086225834568920732e+02,1.080213057315959077e+03,1.058243804008205188e+03,8.886227412263369843e+02,1.010658380317057549e+03,8.463335127446736124e+02,8.878597154362895481e+02,1.048226497169531967e+03,1.374611364798541445e+03,9.829477137811610419e+02,9.383387550210292147e+02,1.135165258831338178e+03,9.810559219243223197e+02,9.492112068535908520e+02,9.221011422068895627e+02,1.223157443751302026e+03,9.404159055914138889e+02,8.983981763139508985e+02,1.023477191058769790e+03,1.135159228985711252e+03,1.163101297507591198e+03,2.107788482390984427e+03,-1.009139616542331730e+01,2.364493080781946665e-14,3.776011987910051117e-15,-2.866898501019028407e-16,3.752884728893903308e-16,1.180204285290263930e-16,1.413685925148591130e-17,-5.866007496225542874e-18,-2.985116791816070807e-19,-1.007623231358837377e-19,2.058349393445627580e-19,2.143513080212879326e-20,4.656157924438089147e-22,-1.943099278235067592e-21,8.928228507602848620e-22,1.146774258431576900e-22,3.378817674026750017e-23,5.070742832816234259e-24,-1.060503034247389461e-24,-1.268170396245472367e-24,-1.712402740032449850e-25,-5.615403132464070851e-26,3.066777374161615178e-27,-6.410849488897462758e-27,9.475218667517673223e-27,-3.483479541931031804e-26,1.323630743574637629e-25,-4.478664493235267415e-25,1.872360224610506857e-24,6.368740975209958709e-21,-1.930020984297608850e-20,1.624822484672720754e-10,3.620047393420646067e-09,-4.812475807277430615e-09,3.258785391724462975e-08,-1.150156462636285380e-07,-1.461485687336002688e-06,-8.150176129234396285e-07,-6.093710053828968503e-05,-1.745894775903037788e-03,1.285473619775990813e-03,1.480482681501268374e-03,-2.111312287846682208e-04,-1.785323592006055299e-05,-1.604913998734578775e-06,-1.510083138832166865e-06,3.044587966872323876e-07,2.084814726108927322e-08,1.842416252357897916e-08,-5.408504247892044150e-09,1.142157700796456854e-09,-4.145152578465537795e-10,9.420178087554649800e-11,-2.179217382518489124e-11,8.753061978197203109e-12,9.715976691171193430e-14,2.561949208207398683e-15,-7.281334648614219171e-16,9.342767750089555437e-31,3.003468029440961301e-30,6.735684178892405557e-31,-9.039666791448642544e-32,-6.043122137001701114e-32,-2.861716225132721456e-32,-6.837198634683719495e-33,-8.988933737436411375e-35,5.087880575845723357e-35,3.481554096237366737e-35,-3.559872730534575904e-35,-6.775660924859823726e-36,-1.728943731723056905e-36,-1.334797398719466240e-37,-1.713717190360453368e-38,-6.748093591808524900e-39,-1.598791097331116932e-39,-6.083901037124568321e-40,-3.190725831176236524e-40,-5.045669111104796076e-41,-6.248922910589234749e-41,-8.289196920293582179e-41
-6.316276254502292706e-14,2.515518360936803219e+03,1.493029879965560440e+03,1.605058975368202027e+03,1.396555819327264317e+03,1.369896764346386362e+03,1.709704397756437174e+03,1.712208745730952842e+03,1.867753682791700612e+03,3.855825230692768457e+01,-1.218679334676548898e+01,-1.157376218917623945e+01,-1.436514278792181472e+02,1.770353972248778064e+03,1.643925281875600831e+03,1.486218536547992244e+03,1.557187960272329065e+03,1.540137677751360570e+03,1.276680211226272604e+03,1.450999150520458443e+03,1.420811111814590504e+03,1.503171934626636357e+03,1.757956680731634151e+03,1.571509728526247272e+03,1.394112123464236902e+03,1.570864196335896168e+03,1.747538604327880421e+03,1.555426289441286599e+03,1.277482425765842663e+03,1.450160074169933750e+03,1.301312948331477855e+03,1.213615674043122226e+03,1.139169965756924739e+03,1.329356303603116658e+03,1.433310352750497032e+03,1.863057524771405724e+03,1.611118546691020356e+03,1.800929754832150138e+03,-3.806551094686180363e+02,-2.042937767640141900e+01,-1.115011262396297997e+00,2.036509824614074482e-01,1.134167998122211884e+03,1.747321491106034500e+03,1.433639335885897026e+03,1.140460944093691523e+03,1.588237485128604931e+03,2.000450772042456720e+03,2.538307061931949647e+03,2.525002238690210106e+03,2.944450982434471371e+03,2.482188819643231000e+03,3.017320365990676237e+03,2.689832834555177669e+03,2.310128163658989251e+03,1.622733320391060943e+03,1.329450126419305434e+03,1.321424213625565017e+03,1.464564432786499083e+03,1.356280051707021585e+03,1.625145717955032524e+03,1.611689433061865202e+03,1.675793659919096854e+03,1.604220041799675982e+03,1.365132997374101706e+03,2.083179182115865842e+03,1.912551431464069310e+03,1.331734008221351360e+03,1.423912260507249130e+03,-1.739528826933781147e+01,3.938916772204997585e+00,4.019124147307929107e+00,5.625169159250501316e+00,4.020170817291750964e+00,-6.091016410376629553e-01,-5.791318918404427807e-01,2.806525926359398904e-01,3.067914482836242018e-01,1.009183978940720863e+03,1.486115138037620682e+03,1.699670249272910951e+03,1.809201060155285177e+03,1.836973173123461265e+03,2.186891645914887704e+03,1.766417922051886535e+03,2.248114684183144163e+03,9.158278179708431708e+02,-1.724468361334570830e+02,4.371261428113208325e+01,3.794098426428162441e+01,-1.235527704825969550e+02,6.631491292236676145e+02,1.268370156337635080e+03,1.536336101460269674e+03,1.642096604397361034e+03,1.212237653607759057e+03,1.302059548746824021e+03,1.287020705401284204e+03,1.327944804475420824e+03,1.153638289839662775e+03,9.753308908531945463e+02,9.116959136139684006e+02,1.059538950250743710e+03,1.015308144473649804e+03,1.294593269776669786e+03,1.030463843751174181e+03,1.103195586924371810e+03,1.063679873836937986e+03,1.441988555432199064e+03,1.284694488020626295e+03,1.657678497497719718e+03,1.703922491858620333e+03,1.910912735198736982e+03,1.425052224266650455e+03,1.595462456243737279e+03,1.564007812413933834e+03,1.524020495794166663e+03,1.816299913842784235e+03,1.760365572907231581e+03,1.143079785084065634e+03,1.936838718508359079e+03,1.658612284331762339e+03,2.251795625832750375e+03,1.789180552126227440e+03,1.640299801369850229e+03,1.829446697945418919e+03,1.661957984198445274e+03,1.941039299705707435e+03,1.449392525014609191e+03,1.618682417583345568e+03,8.789010087722742810e+02,8.874146708406324251e+02,9.156417689555596553e+02,1.033592603458530448e+03,7.354850604937475964e+02,1.308634488475707940e+03,1.551124348389408851e+03,9.603185091112175087e+02,7.145398471524680417e+02,8.090825475425849618e+02,9.450086328228373986e+02,9.361288755925494343e+02,7.679690303019358453e+02,1.000135682208028584e+03,7.557736885536126010e+02,7.826556675829452843e+02,8.971180442362807526e+02,1.122461983840128369e+03,1.104815732589690015e+03,6.607220238068730396e+02,7.369722050229817114e+02,1.310859613602611262e+03,3.473870240406095036e+02,1.019365128462026291e+03,9.373263255260741289e+02,7.664691396226600091e+02,1.047314837835372373e+03,9.204022003513313166e+02,8.533949356103468062e+02,1.156572475668351899e+03,1.563582407249841481e+03,1.008202669826356441e+03,1.095022624343954021e+03,6.022791032348528688e+02,1.158100082291622584e+03,8.784954737267051996e+02,8.663690015122192563e+02,1.232739698164297124e+03,9.363342550980253236e+02,1.069148842093585927e+03,1.196906809047308570e+03,1.262156338148777422e+03,1.672644089488371264e+03,8.206700273740245848e+02,3.287348928418114102e+00,-3.041943247309048813e-15,9.093115144083481598e-17,-1.250930031541758421e-15,-5.513379981963126358e-17,3.985757721611120920e-17,9.192353360106594170e-18,2.225000469259740903e-18,-6.087481728695438080e-19,4.683250075357461215e-20,1.999455239278474695e-19,3.833631006876666762e-20,7.376526482456992848e-21,-1.222116644186344418e-21,-1.053661512526194277e-22,3.918690296779802511e-23,1.432769929110846029e-23,1.044770578292481777e-23,-1.065775248282395253e-24,-1.080763085436674941e-24,-2.153917419547754647e-25,-4.519553111769980868e-26,-1.165459979920485775e-26,-2.866338821464426217e-27,-3.267442194580281557e-27,1.070950967224373837e-26,-4.905901546239299833e-26,1.366581968206970214e-25,-6.946627803808175668e-25,-2.074632082065602183e-21,6.286666183420851684e-21,-5.292982622326440452e-11,-1.179257926703873030e-09,1.567700537047308907e-09,-1.061574086461449456e-08,3.746722012475949396e-08,4.760900602261704258e-07,2.654981761261174778e-07,1.985072321725167487e-05,5.687384804454246028e-04,-4.187527926967576182e-04,-4.822784753263748242e-04,6.877760097051591442e-05,5.815827166878978738e-06,5.228129217660257493e-07,4.919210490686321355e-07,-9.917976488392672087e-08,-6.791442277637501956e-09,-6.001810843222183639e-09,1.761861327431781922e-09,-3.720665438408377414e-10,1.350314928041143513e-10,-3.068694542756725480e-11,7.098966099218429192e-12,-2.851376404485546265e-12,-3.165053183987977291e-14,-8.345744083577151167e-16,2.371950051529207365e-16,1.913885150519840089e-30,-5.587737853110726032e-31,1.851430401534923739e-31,2.215760580771141181e-32,1.410491505294406074e-32,-1.419697622474015343e-33,-9.462189098956188179e-34,-2.580430257627450042e-34,-5.322762852306889891e-35,-4.924776924243117760e-36,-3.747821548219388477e-36,-2.469022742382003469e-36,-6.983841210682748706e-37,1.125853142332322917e-37,2.686281135733370874e-38,-1.536393731895408835e-38,-3.733314966390268363e-39,-2.607951127512637280e-40,-5.796186374986620832e-41,-4.867342382409096374e-41,-1.648903439970892229e-41,1.853411793338798979e-41
1.814051450701756243e-14,2.438822713772041425e+03,1.167412155231854513e+03,1.684455342688632754e+03,1.479802706683879478e+03,1.309918277376451442e+03,1.396002574744243248e+03,1.621284307199648538e+03,1.553635378023019030e+03,-1.122316145831842675e+02,3.547904143196279136e+01,3.369433386744191239e+01,-7.509958435411661526e+01,1.711646137918977729e+03,1.781017025081359407e+03,1.585910315761973152e+03,1.571364386586473984e+03,1.728404881189529533e+03,1.409002461762346002e+03,1.556659614208929497e+03,1.303624223274423230e+03,1.275413300858289176e+03,1.516924551418394003e+03,1.166543039252644348e+03,1.231306926475459250e+03,1.607271086151513146e+03,1.809370643977043073e+03,1.694782892867874580e+03,1.412082055342665171e+03,1.545501087363384386e+03,1.649287445255847842e+03,1.294120671845879997e+03,1.245918968571208779e+03,1.529593828427403878e+03,1.411386844780110323e+03,1.892000103879727249e+03,1.659391958551869948e+03,1.733417221746556834e+03,8.768581050925897671e+02,5.735895925643909266e+00,2.532398919285771544e-01,-7.523318138610189942e-01,-1.979341743516366137e+02,1.713936246280958358e+03,1.487222908023705486e+03,1.462391499185057683e+03,1.640813714562719497e+03,1.931860977079350278e+03,2.271745065991045522e+03,3.265833905326672266e+03,2.761828937625480194e+03,2.801125636135842342e+03,3.417483336098086966e+03,2.299340764425677662e+03,2.000632414006947556e+03,1.616611735662245337e+03,1.387174362486994369e+03,1.383448929974706289e+03,1.482076744322071590e+03,1.576027570111555178e+03,1.742545805895410695e+03,1.843794364655607751e+03,1.607821995679268639e+03,1.814430303297132923e+03,1.308564669073946106e+03,1.960364322943833031e+03,1.561525737143889046e+03,1.417255551161641051e+03,1.201847339029929799e+03,4.873100648124768064e+00,-1.103444813819731030e+00,-1.125914012364478856e+00,-1.575829616452703474e+00,-1.126208092624146229e+00,1.706335216598160176e-01,1.622222254158390276e-01,-7.879117749130068460e-02,-8.532395348100504928e-02,1.362565346300260671e+03,1.535301238290903484e+03,1.429442927517432508e+03,1.659607200248391109e+03,1.512651562140642909e+03,1.487217906141613184e+03,1.255542106294042924e+03,2.288151167623193487e+03,-2.898561196182773756e+02,6.720282384935070752e+01,-1.266998883168621575e+02,-1.099008486628060695e+02,4.179493621593082935e+02,1.554709001996274765e+03,1.453626085897592475e+03,1.423830129069209079e+03,1.443843838663078714e+03,1.150406119293875918e+03,1.033607535694450689e+03,1.396751672731421877e+03,1.329948285096463906e+03,1.086530444887316435e+03,9.319138612456822557e+02,9.896135549261797451e+02,9.436134693069998320e+02,9.586663188212561408e+02,1.281662946374949797e+03,9.660299093968774287e+02,1.112240718899079866e+03,8.126621141589608897e+02,1.262117871481278826e+03,1.523453114535977420e+03,1.862029203550592001e+03,1.446350780341582777e+03,1.793310723741471975e+03,1.324620358648373440e+03,1.584451651984419641e+03,1.534373599080661279e+03,1.698939811485754717e+03,1.694407275998485147e+03,1.624882490931319580e+03,1.180811696704361339e+03,1.595366394759051218e+03,1.233250059311402083e+03,2.270047614925373182e+03,1.764549223820820771e+03,1.570108571087282371e+03,1.881691175894947264e+03,1.450588442106692810e+03,2.056098606333411681e+03,1.697197801709643954e+03,1.892949761854721601e+03,1.057428584076765446e+03,1.105084981160253164e+03,1.043883729813507216e+03,1.008173736619000238e+03,8.900356374937188093e+02,1.328551826578568352e+03,1.302797274907327164e+03,1.032069857836853544e+03,6.739647570226500193e+02,8.640097233676036694e+02,9.601230663051164811e+02,9.458935932705012419e+02,7.996423254092348998e+02,8.425320279962251107e+02,7.737629724894660512e+02,7.691499133252186766e+02,9.363686082062558853e+02,9.412094720687741756e+02,1.087145255818180885e+03,1.635440422322039012e+03,1.159623215940755472e+03,6.935158341008242360e+02,1.315727613296911159e+03,1.031758512213343238e+03,9.499412322675090081e+02,1.002047174769441312e+03,9.939052658879775208e+02,9.144599935661749441e+02,8.798567384749416078e+02,1.147575115255093351e+03,1.448086208775048590e+03,1.203297972974882668e+03,6.870422326537405979e+02,-1.250499754701881301e+02,7.644278810702234068e+02,5.293545291320681372e+02,1.109669377696355241e+03,1.282779890410341977e+03,1.005593389388273636e+03,1.029728925916295111e+03,1.390076800027773515e+03,1.253274601420836461e+03,1.994125362675662018e+03,-1.630907752284803678e+02,-9.209150384786469745e-01,-8.564867817538073460e-15,-2.244990560773140602e-15,-4.290735548340573790e-16,-7.639253044389716673e-17,2.812333090946708148e-17,7.199531069668674146e-18,1.571252017451185956e-18,-5.003710910122474966e-19,2.003158409774649057e-19,4.273840589161680637e-20,2.123766227983013085e-20,7.359760516920183546e-21,1.219780103453536378e-21,1.538356089585614750e-22,1.423819619909416955e-22,2.095692270761413127e-23,4.310397378072012000e-24,-7.597037726412677779e-25,-1.397625260192837587e-25,-1.165943175493325416e-25,-2.823058932591489394e-26,-9.710127820711030101e-27,-8.774334624528394874e-28,1.296623518559404221e-27,-3.425930828389854500e-27,8.752701651563677848e-27,-4.421256671819020050e-26,1.551444691574686297e-25,5.812753151667151756e-22,-1.761339994086422157e-21,1.482771498081302032e-11,3.303562787505397637e-10,-4.391742500826126521e-10,2.973884312159290925e-09,-1.049603410353029876e-08,-1.333714508801685335e-07,-7.437642562660891181e-08,-5.560964148774324234e-06,-1.593258978613306775e-04,1.173090391669966972e-04,1.351050680453150167e-04,-1.926729666470548689e-05,-1.629240709092877560e-06,-1.464603522319066978e-07,-1.378063301754523823e-07,2.778413213298230815e-08,1.902548668432911169e-09,1.681342012661670928e-09,-4.935662831893808182e-10,1.042303944603446802e-10,-3.782760367070997052e-11,8.596613911264900899e-12,-1.988698121427106764e-12,7.987820789433393557e-13,8.866552161598252789e-15,2.337969409763739623e-16,-6.644760019510158515e-17,6.059021559757226330e-31,7.656565677648873187e-32,2.083994141456641185e-32,-5.787936610154463094e-34,-3.667270492495438438e-33,-1.261425308787466780e-33,-4.790414474797359820e-34,-9.523790526826454846e-35,-4.920479203421233072e-35,1.940659518357751839e-36,2.093949934943780904e-36,-2.186643192069123296e-37,-2.218099371590903336e-37,-2.935772608404887108e-38,-2.578049852894813551e-39,9.743622929872343521e-41,-4.089625315691274543e-40,4.798163993419637747e-41,4.108333145786060866e-41,3.140978967391265940e-42,2.310453923841165195e-42,-1.648848426027828276e-42
1.190044782081841662e-13,2.297282482471340245e+03,1.405190116834971832e+03,1.574945166652545367e+03,1.474263729221747099e+03,1.651945804243726343e+03,1.873889805603718287e+03,1.663854098375195690e+03,1.563929723483806811e+03,2.850938565647916221e+02,-8.426676491319463480e+01,-8.002787919136379458e+01,3.101171260030944268e+02,1.635424766134237416e+03,1.910259942979851303e+03,1.736769088758250746e+03,1.677222899072060727e+03,1.741563542358340328e+03,1.743413788832159753e+03,1.884273498369602521e+03,1.620868597309960023e+03,1.397446179490852273e+03,1.383434585191819451e+03,1.452346591858947022e+03,1.378907584655598839e+03,1.555622646553691538e+03,1.701048357145455384e+03,1.684384695573123963e+03,1.345800648825941835e+03,1.454600598459703860e+03,1.784262274715423473e+03,1.421341478566283740e+03,1.516472757813466842e+03,1.461020270435559496e+03,1.576088708057180611e+03,1.536609424061132586e+03,1.641561822992587167e+03,1.549543614187615276e+03,2.279442564453972409e+03,-1.361645986785213536e+00,8.140757979654199283e-02,1.823255245741484121e+00,-3.943483349575321739e+01,1.918426472709074915e+03,1.779723552505214911e+03,2.006744304629994531e+03,1.531167803396831687e+03,1.886919480319731974e+03,2.366798575021846318e+03,2.924599556016771658e+03,2.034924016441060985e+03,2.710393346446564919e+03,3.246668567034655553e+03,2.318052425208489240e+03,1.803209132522406207e+03,1.666127547840253101e+03,2.184097421556789868e+03,1.483195866425580107e+03,1.590822424420697871e+03,1.740989752018241688e+03,1.715350835877716690e+03,1.734274610503974827e+03,1.608014470966797944e+03,1.488095385711258587e+03,1.924997363089701821e+03,1.795163180809468486e+03,1.508493268622091136e+03,1.537551754481558419e+03,1.178601062882603401e+03,-1.130984175822243198e+00,2.560957674120050709e-01,2.613105222537032146e-01,3.657291619131752269e-01,2.613808304751891742e-01,-3.960262888681553850e-02,-3.761349073166581763e-02,1.868812357723139903e-02,1.833166832765010038e-02,-2.064239774470200928e+02,1.248147992566491439e+03,1.274549991826510450e+03,1.516561273050936961e+03,1.471785637646353280e+03,1.268938183617869299e+03,1.426528129558172623e+03,1.889881155916095622e+03,3.177654814243610417e+02,-6.039764472069419554e+01,3.188981664127192062e+02,2.770924065920610246e+02,1.483643372592647211e+03,1.437142509329049972e+03,1.528747010132521382e+03,1.250062036234040534e+03,1.109134849945648511e+03,1.177599187409333354e+03,1.159210890138949026e+03,1.300472614469129894e+03,1.309020656929929373e+03,1.025100504015787692e+03,9.908931644947375617e+02,1.227542870247408246e+03,8.684172759315803205e+02,9.172841010417856751e+02,9.896503701416561398e+02,1.018067130568028119e+03,1.037769455192771147e+03,9.463922298124566623e+02,1.197526305861818628e+03,1.618236818665605369e+03,1.759089435327192859e+03,1.319746434929563975e+03,1.826919945962447855e+03,1.544686581996852283e+03,1.518107032006050986e+03,1.596301105609811884e+03,1.680855664865303424e+03,1.515109283098971218e+03,1.271151509945609405e+03,1.460918295327276610e+03,1.688096916750127093e+03,1.433214465839696686e+03,2.358244493575448359e+03,1.611264270776227477e+03,1.502946043923501975e+03,1.701266102798217844e+03,1.643717427013541737e+03,2.183746817475127500e+03,2.156410400731257596e+03,1.657018104004231418e+03,1.526800361309266464e+03,1.154878307305159296e+03,1.062887114018581315e+03,9.475346132361338505e+02,8.530504673102276456e+02,1.226846602125742720e+03,8.045702885367118142e+02,8.801041881681109089e+02,7.888750791898646639e+02,8.570916881064213158e+02,6.804246660732786722e+02,7.518387328179511542e+02,8.695239448015366861e+02,6.766076331366299428e+02,8.199706293493711655e+02,7.751378255525207805e+02,8.601196263185925091e+02,9.031535739291082336e+02,9.754204052056684304e+02,1.349365695562422388e+03,-1.814117354337606685e+02,-9.340684904596328408e+01,9.033618678076788910e+02,1.069118368597419703e+03,1.065359700577701005e+03,7.009780941001118890e+02,9.910553919976248380e+02,8.395717630624421872e+02,1.027443569864277833e+03,1.234038320255122244e+03,1.094965219691031052e+03,1.208342004508042237e+03,-9.570117632389890616e+01,2.902250276160137687e+01,-1.073838802706635249e+02,-7.338550220755267617e+01,9.712652144820223157e+02,9.275606271665520808e+02,9.717207115253846723e+02,9.979306883393018097e+02,1.309625630601375860e+03,1.426988973263383059e+03,1.687954931177160233e+03,3.785128670887819879e+01,2.137326228729836408e-01,3.681282666174338623e-15,3.020672770774179542e-16,-5.509428737114609500e-17,-3.291458235814196199e-17,-8.742587422578569120e-18,-2.248972467726201680e-18,7.625215645511199458e-20,-1.265023185389766653e-19,3.134061258095353290e-20,1.252683652756749768e-20,1.254043841011424292e-20,1.954540727228950635e-21,3.179671638634265776e-22,4.307368722146962701e-23,1.645406709904783819e-23,6.443578696666246837e-24,-1.513566627701127592e-24,1.751284929160191900e-26,7.935384435412855273e-26,-5.041449718748511953e-26,-8.411685321120177085e-27,-4.162981463418879322e-28,4.122471337856548578e-28,-2.969041399823061551e-28,5.704628060124119460e-28,-2.755664188468270073e-27,1.247177647283961128e-26,-3.703185274857190635e-26,-1.348774508706827777e-22,4.088207904843699405e-22,-3.441323337815778249e-12,-7.667147455487019878e-11,1.019267363941635625e-10,-6.902005805103290310e-10,2.435995509876730981e-09,3.095381096185270299e-08,1.726181880508152714e-08,1.290628780678531815e-06,3.697750673911527738e-05,-2.722593027614480431e-05,-3.135616137234891723e-05,4.471693565372314341e-06,3.781259676475045361e-07,3.399157785623861223e-08,3.198308982504920089e-08,-6.448342340942010826e-09,-4.415572556176789214e-10,-3.902180150151443026e-10,1.145504328412450855e-10,-2.419054381813386679e-11,8.779303857277974230e-12,-1.995164333635442705e-12,4.615514437655314597e-13,-1.853871222675886431e-13,-2.057813555167100811e-15,-5.426128505524737037e-17,1.542163965177342351e-17,-3.305535640879092994e-31,-1.500018409851680194e-31,3.464051123298281037e-32,1.103316904740034593e-32,2.707614097883651973e-33,1.444147300697164268e-34,7.303793500395420686e-35,2.030226633101090185e-35,-6.521155892222411261e-36,-2.412675097275759225e-36,1.003341463161960752e-36,1.531605913791926901e-37,3.519543336791093720e-38,-2.560492443363801973e-39,-1.012021492548793725e-39,-2.352063407754252829e-40,-5.152282357193644867e-41,-1.118444166424101322e-41,-1.566917558289250305e-41,1.107041445376824591e-42,9.684410840360508291e-43,1.653992122440899241e-42
2.084290318240858852e-13,1.810283868526319793e+03,1.537836641164736420e+03,1.549504484643758815e+03,1.654204603619896716e+03,1.661335598868502302e+03,2.602002595517428290e+03,2.050713326111832430e+03,1.583049099863583024e+03,1.667059833395591568e+03,1.319349859801275215e+02,1.253219652969564635e+02,1.685325694567777418e+03,1.526180685404443238e+03,1.553519132422877874e+03,1.606993292188707073e+03,1.563842670583829658e+03,1.640484917764727925e+03,1.720472516640173126e+03,1.576368171701795745e+03,1.504398567355974592e+03,1.607558098618646909e+03,1.429501848658188237e+03,1.486656292303931878e+03,1.573277922311392786e+03,1.500699154912574386e+03,1.845952774513872555e+03,1.509330269926230358e+03,1.355868643763648379e+03,1.439649653008049881e+03,1.511089701497209717e+03,1.510040587828478465e+03,1.733429761002380474e+03,1.714523880504039198e+03,1.455849426054320020e+03,1.555659921627649737e+03,1.660198780143777185e+03,1.541492683914096915e+03,1.289584110740312099e+03,2.589882358593613154e-01,-2.281664143335167538e-01,-2.818378920357801576e+00,1.396176594353693474e+02,1.962892984236855909e+03,1.814035163399279327e+03,1.979003676847962879e+03,1.857025563157382749e+03,2.015423629233828251e+03,2.312676645896132868e+03,2.661842718776094898e+03,2.053172399872803453e+03,2.053821265658890297e+03,2.223695721564053201e+03,2.400456160220809579e+03,1.486666476788154114e+03,1.721766731631865014e+03,2.188489266860818589e+03,1.780695103329400354e+03,1.506437268387678614e+03,1.735171745945892553e+03,1.496451273104157735e+03,1.211582198566898114e+03,1.558658222065467044e+03,1.797816422886835198e+03,1.539726528792167983e+03,1.418734409827569380e+03,1.556774013373659045e+03,1.465267094392579111e+03,1.212407212915263244e+03,1.762796074188383855e-01,-3.991666199128391518e-02,-4.072936482795779661e-02,-5.700291964742493916e-02,-4.074348364055445371e-02,6.173813774671806955e-03,5.806929226339422635e-03,-3.530274306064756784e-03,-5.962283897909832070e-04,3.217601971061556299e+01,-8.525298020002811938e+01,1.038891414623157516e+03,1.190267998652891038e+03,1.551329444781825259e+03,1.371794371330914146e+03,1.517017836065835127e+03,1.556691707317189184e+03,1.367323686147753961e+03,7.939056408010699784e+01,1.564364292846317312e+03,1.412440536446833221e+03,1.429393366608177757e+03,1.446750961848118777e+03,1.227538849718746860e+03,1.107901097465236489e+03,1.060708083175005868e+03,1.076792338081169419e+03,1.152604149576311556e+03,1.262842354629121473e+03,1.122796357753471284e+03,1.059290407657278593e+03,9.356255459041556151e+02,1.176858400696062290e+03,8.488246534898909204e+02,9.453771969136092821e+02,1.069740562801734313e+03,1.031407540964992222e+03,1.043090908257263663e+03,1.459025434326586264e+03,1.191447626018389656e+03,1.451790727321103759e+03,1.305648425947926398e+03,1.642672142757213351e+03,1.762404545688066491e+03,1.605905811325719924e+03,1.586119531900680840e+03,1.685396666721180054e+03,1.751638408316641517e+03,1.656040122259205418e+03,1.546256048972021290e+03,1.525636642004830264e+03,1.710454473721499880e+03,1.906637445355880118e+03,2.180481302150852571e+03,1.325113327295395720e+03,1.612990632385715344e+03,1.715923629700072524e+03,2.224245315502068934e+03,2.095592918316167015e+03,2.018519853808809785e+03,1.574232412936295077e+03,1.829831907995724123e+03,1.361511006232917680e+03,1.083083182293030632e+03,8.216118912370674252e+02,7.917415436840552729e+02,1.012610206283531625e+03,7.732230875599327646e+02,9.317785022857223112e+02,8.077514709787162701e+02,7.365250321756059293e+02,6.558672986375162282e+02,6.831812257074944910e+02,7.219062655581489025e+02,6.542481292614321546e+02,8.909531988652092878e+02,7.928933182617843158e+02,8.409085250536303420e+02,1.006122105005136291e+03,9.103869393152642715e+02,1.105758174526969697e+03,3.344043667145682264e+01,1.455813291710003554e+01,-5.843460640713696819e+01,1.280204287938277275e+03,1.196816761824516107e+03,1.531442547399720979e+03,8.788387267402769112e+02,9.040914695454272305e+02,1.178884858213892812e+03,1.191947138437747299e+03,9.454972811655364922e+02,8.851492896159833208e+02,1.491639374644550742e+01,-4.523571133902945185e+00,1.673730983950684603e+01,1.143817754657142416e+01,-6.705791505751582804e+01,-6.179765934153898854e+01,9.319585424358106138e+02,9.753095289357904676e+02,1.509344724606729415e+03,1.460490746669553801e+03,1.512900046655734286e+03,-5.899663076745657264e+00,-3.331327870462084950e-02,1.148543777248858620e-16,-3.673086575623978543e-16,-1.682258446688905818e-16,-5.542338696958279218e-17,-2.463462546503066402e-17,-5.384278548378484694e-18,5.325721390784336788e-19,-3.396002262208225550e-19,-1.142107151636810755e-19,7.373993865287445416e-21,1.863645044449838437e-20,1.097291403459707874e-21,-4.014091656389118905e-23,8.948028554738578289e-23,3.282237726822292141e-23,9.989160526617128180e-24,5.753512880593084423e-25,-4.085281542492615162e-25,1.085878349298915778e-25,-1.743128316056371157e-26,-4.033704461223846456e-27,-2.600804916208629412e-27,-8.111901780881664921e-28,1.146637154536616431e-28,-7.045436629631545969e-29,5.322546004050217386e-28,-9.131873047494387897e-28,5.039084458775921178e-27,2.102649340599535055e-23,-6.372606740071891179e-23,5.363793412732621181e-13,1.195034321950572258e-11,-1.588673610656502797e-11,1.075776079081031102e-10,-3.796846557759710820e-10,-4.824593071848269742e-09,-2.690500743741448083e-09,-2.011629095126178283e-07,-5.763472001803829540e-06,4.243549679449752060e-06,4.887305123858110276e-06,-6.969772420433957073e-07,-5.893632696944439897e-08,-5.298072383672439494e-09,-4.985020867912042449e-09,1.005066155548882787e-09,6.882299820538596042e-11,6.082104507495659201e-11,-1.785431930640815266e-11,3.770441392597777023e-12,-1.368379764859202245e-12,3.109748274007232981e-13,-7.193937769527451088e-14,2.889522801584633763e-14,3.207396024240826238e-16,8.457395448650958325e-18,-2.403682567945307982e-18,2.961653233789767081e-32,-4.893513923360015342e-33,1.210262616585294025e-32,3.053597514031786659e-33,5.274242246335914709e-34,1.149419129067612177e-34,1.676960936161084974e-35,-3.907127470333618213e-36,-2.621011281706875977e-36,-6.846285479123633706e-37,-3.608041016043215815e-38,-2.623011283137841794e-38,1.050257660388946250e-38,1.806455270310035622e-39,9.485664719893921261e-40,3.196828775445847925e-40,-8.911053829361486189e-42,-4.761279585667132217e-42,-5.162037303299279643e-43,-1.639526145656993526e-44,-2.361992544216018337e-43,-1.934571286276984883e-43
1.101198875172037058e-13,1.471207847569370870e+03,1.522893512011779876e+03,1.899821129747467012e+03,1.833822043948055125e+03,1.849792736256662693e+03,2.114745101126036843e+03,1.916941064957345134e+03,1.690032966762490560e+03,1.835167689989590144e+03,1.742145334874653599e+03,1.674853810726385063e+03,1.492262146419081546e+03,1.224689613706839282e+03,1.488143559243390882e+03,1.538691049641080781e+03,1.754637238600259252e+03,1.892450958976729908e+03,1.756373595145608533e+03,1.427105637853109101e+03,1.397308251805398186e+03,1.491828930870169870e+03,1.541531479821843959e+03,1.624609452176768173e+03,1.539543842397973776e+03,1.667472106148017929e+03,1.829496440151089018e+03,1.403040862340895274e+03,1.486548977435345932e+03,1.086449887553369990e+03,1.550855315484057883e+03,1.494263573228652831e+03,1.544729376553123529e+03,1.512201776079172760e+03,1.510945285261316712e+03,1.709603978043005554e+03,1.560366511726329009e+03,1.486596169791749389e+03,1.778830230690892222e+03,5.069331680977243182e-02,-1.628435851213552443e-01,-1.925069759433768013e+00,2.020828172211071205e+03,2.284874477290884442e+03,1.594892003152662028e+03,1.637373868325346393e+03,2.305995944995105219e+03,1.853625813209333955e+03,2.047706760873913481e+03,2.538747343334063771e+03,2.814209067665400198e+03,2.585398766051235725e+03,2.372756080121001105e+03,1.973511523110347980e+03,1.839962492406488764e+03,2.040004531202180033e+03,1.680731682469676116e+03,1.640681485023705136e+03,1.815543715470259031e+03,1.817745586200465823e+03,1.732265640126605831e+03,1.473889197954684278e+03,1.447953844110854789e+03,1.657292559498539731e+03,1.543340321329178778e+03,1.316741587108461999e+03,1.488661294028602470e+03,1.206386647491233362e+03,1.181832401692427311e+03,1.292379166079526964e-02,-2.926847367370899108e-03,-2.986369505299188345e-03,-4.178405998707631838e-03,-2.989547615537615187e-03,4.534372840514383518e-04,3.879896121833864369e-04,-6.775263298854688945e-04,1.489485558989875899e-03,2.360295805635125976e+00,-6.257078497713462362e+00,1.318205723540341069e+03,1.225429618980606392e+03,1.280110668764446473e+03,1.507961372284725030e+03,1.221882455568950490e+03,1.177010696818574388e+03,1.005844811676162408e+03,1.005734777751175557e+03,9.729938083255931360e+02,1.085627229493876712e+03,1.136931922370663187e+03,1.076603350329088698e+03,1.093686193988973173e+03,1.250102754493129396e+03,1.181581200744563375e+03,1.198453228624975509e+03,1.001843897752397652e+03,1.076610446060225740e+03,1.217953350476140031e+03,1.124022941958269257e+03,9.201957290880674236e+02,9.690034617797088003e+02,8.364125050970829989e+02,1.037161304018942246e+03,1.126200504582959866e+03,9.025270926015931536e+02,1.008029750546482092e+03,1.277670454068171011e+03,1.485033355573798644e+03,1.335418713348890151e+03,1.199070799518672175e+03,1.225628127231143935e+03,1.657021954194150794e+03,1.681889823925058408e+03,1.630360549193263751e+03,1.925288674045687912e+03,1.758954653392392174e+03,1.459204534808112157e+03,2.111179420844821379e+03,1.727282248297115757e+03,1.769773976050427336e+03,1.682779124152125860e+03,1.780440304843506055e+03,1.510307299737577296e+03,1.543267568196408774e+03,1.609048923222702570e+03,1.787848605772266410e+03,1.634084885336966181e+03,1.730490296196252530e+03,1.827906852064388659e+03,1.876006897951956034e+03,1.849443486264293142e+03,1.296947599768033115e+03,8.350698440673862706e+02,8.130408975774679448e+02,8.638875931543665274e+02,8.213703772858043521e+02,7.872873599660772470e+02,7.793221055173326022e+02,7.638663469119737783e+02,6.931580910160587337e+02,7.856714082421497096e+02,7.803758441300234381e+02,6.557486740258464124e+02,8.245971183267402012e+02,8.705018453485803320e+02,8.741171964058971753e+02,9.422828315313731764e+02,1.073552720614327427e+03,1.315139091580915419e+03,5.953977710453616012e+00,1.066894784560711962e+00,-4.284177011454401551e+00,1.262609374420982704e+03,2.346809132475689694e+03,7.126768966744172758e+03,8.528415091067416824e+02,1.092314365614494818e+03,1.088529480604262744e+03,8.758300692757626393e+02,1.053359730176938456e+03,1.347874613833305268e+01,1.093606584944907478e+00,-3.316490073669300376e-01,1.227108412789754466e+00,8.385985578907317883e-01,-4.916401291501864002e+00,-4.530741701974320357e+00,1.533490199387890485e+01,1.647999154119170129e+01,1.465948299293629134e+03,1.338588205175648454e+03,1.228522536012289947e+03,-4.325382193147104259e-01,-2.442387991150591145e-03,2.881172327846185111e-15,-3.306215820997594362e-16,-1.131265887583566615e-17,1.504973459992621287e-17,-3.140221965185900689e-19,9.515037319510071270e-19,1.061656393153680473e-18,-1.159316210399267181e-19,-1.855937307203215915e-20,-1.057769517121383316e-20,-4.338558006424958312e-22,-1.927623051929107970e-21,-1.936325661755905918e-22,-1.072925191823923877e-24,9.327087280795983331e-24,-1.287043050994590733e-24,-8.701926266055097005e-25,-5.309845011898505498e-26,9.384710113915894751e-26,-1.209722473026537849e-26,5.860310978425766926e-28,-2.767699948772828015e-27,-4.709315544606763153e-28,-1.006719264358416148e-28,-2.252672812702659441e-29,1.407399617444134801e-29,-1.978523248567092784e-28,-4.028006109574430677e-28,1.541993707896671088e-24,-4.680050406185993987e-24,3.932505333500288693e-14,8.761483679872990100e-13,-1.164747962191520292e-12,7.887132935798232013e-12,-2.783686505045033106e-11,-3.537186563146714932e-10,-1.972560781225751098e-10,-1.474840944997825981e-08,-4.225532686022181161e-07,3.111190246029092135e-07,3.583164374002832475e-07,-5.109940877211269533e-08,-4.320960975008632289e-09,-3.884321468571903192e-10,-3.654805403977374828e-10,7.368717832857373538e-11,5.045809685132149155e-12,4.459140495205219919e-12,-1.309002798873519529e-12,2.764327360342326522e-13,-1.003237878399365834e-13,2.279935249621423555e-14,-5.274289382655804439e-15,2.118475294281102105e-15,2.351526429417159549e-17,6.200602847678515049e-19,-1.762277886403628291e-19,5.472535417045313279e-33,2.963773813429141986e-33,3.849062865244787691e-34,-1.625334208105136460e-34,1.102502215051654300e-34,1.098626373633202586e-35,1.375935639499491098e-35,4.929149699321605534e-36,1.115904816541533361e-36,-1.746683371073190288e-38,-3.217360411438272679e-38,-1.381618413895787787e-38,-2.468610068459158808e-39,-8.983296835076339510e-40,-1.864722603223789381e-40,-2.209330510077666471e-41,-1.859762809184569365e-41,-2.862638458612793660e-42,1.147802398061840859e-42,-4.169557710265409174e-43,-3.151531986932682031e-43,-1.090869762145281153e-43
2.145125288617662422e-14,1.687412094806873029e+03,1.489480396780637420e+03,2.199505388094848058e+03,2.037574201092402518e+03,1.691920382388402913e+03,1.572898536928046951e+03,1.373427027328308441e+03,1.433068552935297248e+03,1.601212732385121171e+03,1.876776635718060106e+03,1.892131057741769609e+03,1.707884553209094747e+03,1.432682664696926622e+03,1.688833967259081874e+03,1.514111625448215818e+03,1.552384998235670992e+03,1.824248397659160219e+03,1.790027618385368669e+03,1.443142373552513391e+03,1.480588249078180752e+03,1.536136689256103409e+03,1.407757818971702363e+03,1.925044364107860929e+03,1.778325472380318843e+03,1.645490631350318381e+03,1.457941391887013879e+03,1.237050888375272280e+03,1.585306048413407552e+03,1.459328182141661955e+03,1.368938121081451982e+03,1.960425029125569836e+03,1.597220837876305950e+03,1.488066951990200778e+03,1.558419634110820198e+03,2.217875543913715774e+03,1.702162698522054370e+03,1.207187567171959472e+03,1.244954157754272501e+03,-7.192727426933899215e-01,3.171089849329705945e+00,3.731473463968272597e+01,2.408538335589342751e+03,1.909352686394816374e+03,1.869620486244900121e+03,1.987740479948970687e+03,1.876077918362759874e+03,1.700797759418392388e+03,1.896238690908569197e+03,2.440486862170433142e+03,2.382470923327755827e+03,1.962850465870943253e+03,2.536256168771637476e+03,2.080170508861906455e+03,2.014223048645115796e+03,1.949285384616826832e+03,1.516272520390714362e+03,1.733384401109882219e+03,1.881505273631873706e+03,2.410709554007355109e+03,1.861915699319640225e+03,1.861761754073693965e+03,1.418970291718468388e+03,1.520550460607069908e+03,1.363251436218478148e+03,1.597950819382697546e+03,1.625975847733007186e+03,1.273576735718126884e+03,1.337949975022115439e+02,-2.623400118598893244e-02,5.948803002517234588e-03,6.068451043363032663e-03,8.467840033738911754e-03,6.116562870898301259e-03,-9.361652918335891744e-04,-5.389276296784913540e-05,9.515103422493809485e-03,-3.282932207548392572e-02,-4.817172802279205968e+00,1.283397471693232994e+01,1.417725100144608405e+03,1.373224722130546070e+03,1.197399165669972945e+03,1.194683842294450642e+03,1.028418888807071426e+03,1.023427886902681735e+03,1.150304950397861830e+03,1.057037581891329182e+03,8.313709711114806851e+02,1.063284233846410643e+03,9.436297681210207884e+02,9.675883817544752219e+02,9.210212533445890131e+02,1.213812944973758704e+03,1.096481804542513373e+03,1.219478006863421570e+03,1.145131267972092701e+03,1.145534859184813968e+03,1.368472406323554424e+03,1.103205336004848732e+03,1.188817395964112166e+03,8.730522760723927149e+02,9.874515554730866143e+02,9.903427316402221550e+02,1.123730198933028078e+03,1.058197976976836799e+03,1.213098991363363666e+03,1.149943170862967690e+03,1.535879265584015457e+03,1.085757907407161156e+03,1.480824327904179654e+03,1.300089574853082240e+03,1.940357825587063644e+03,1.751721819676009318e+03,1.798769265520450062e+03,1.832849000944007457e+03,1.914855131556854985e+03,1.329802205847607866e+03,1.689406022595826244e+03,1.979321785082440556e+03,1.982160306730867205e+03,1.610584021399422909e+03,1.442807749351595021e+03,1.737075321704124462e+03,1.664293649006018313e+03,1.211908693850956524e+03,1.291405617279728403e+03,1.406925933682869072e+03,1.928125260827479224e+03,1.977763006071304517e+03,1.686856121651710509e+03,1.681782069166208203e+03,1.373688283824113341e+03,9.648934127167508450e+02,6.752008666501284324e+02,8.345828680302363409e+02,1.161258457892492061e+03,8.304272522677616735e+02,8.351107829697706393e+02,8.191779880685371609e+02,9.161857993050547293e+02,8.577161340484611856e+02,8.824651919720294018e+02,5.568575856797931465e+02,8.133070376603540126e+02,6.777615085328291116e+02,9.079829712904900134e+02,9.094646899998009530e+02,1.011188999365933341e+03,1.346039778091803782e+03,-8.017212147647619247e+01,-2.157475370248314928e+00,8.698254248866858163e+00,1.154791607536781385e+03,2.476277153458420798e+03,5.651131168469170916e+03,8.422668346304797069e+02,1.148878195211148068e+03,1.109682098599898836e+03,7.787891190016927112e+02,1.251776130456667460e+02,-2.734368405411277791e+01,-2.220372062180172357e+00,6.733538372434191288e-01,-2.491423583703008315e+00,-1.702623991989745234e+00,9.981871199748949763e+00,9.198858560754926472e+00,-3.111158635577874776e+01,-4.007993566328376289e+01,1.962790612884281245e+02,1.589615749178425631e+03,1.725403917588231934e+03,8.781912903715677343e-01,4.958830840255642851e-03,4.073826657685190209e-15,5.562861176489933640e-16,1.368760079843712297e-17,-9.842573369159534720e-17,6.832946198433648878e-18,3.873414203759479860e-18,-8.593999982585814890e-19,-2.494669623292083113e-19,7.426349360511249621e-20,-1.963492483184975941e-20,3.270354097422059757e-21,-1.797707022173846650e-21,-7.779118880278700693e-22,1.332137174041451557e-22,2.916287853494918820e-23,-8.535287831596087289e-24,-7.732174052226058334e-25,-2.044027161431267564e-25,1.303375007561733244e-25,-7.562350741127509550e-27,-3.152869758105361334e-27,1.089706754442237827e-27,9.839206132299391583e-28,5.645274407176387118e-29,1.407982802213776352e-28,-5.482145681902994793e-29,2.204825099945242591e-28,-1.216805870338388082e-27,-3.130176055850210360e-24,9.481155255726735034e-24,-7.984246891964483045e-14,-1.778862147855047147e-12,2.364811871411616357e-12,-1.601340908369652701e-11,5.651776270148379403e-11,7.181623018414223703e-10,4.004930941234620514e-10,2.994400066270264312e-08,8.579186384787111832e-07,-6.316713887342354723e-07,-7.274972718489998336e-07,1.037481862247920324e-07,8.772936413109629626e-09,7.886418194691304954e-10,7.420426982986205738e-10,-1.496086018080180958e-10,-1.024461173714579716e-11,-9.053485150136745774e-12,2.657695449118845523e-12,-5.612470998364970271e-13,2.036894608705317477e-13,-4.628999680076206309e-14,1.070849879135692101e-14,-4.301184194202420845e-15,-4.774352732723662667e-17,-1.258921217299720722e-18,3.577989231805059672e-19,1.103583615022726493e-32,8.524142516695637383e-34,6.504589844011506595e-36,-5.502232818161382714e-35,-4.304909985975415868e-36,-1.695454321487968550e-35,2.633734296634636831e-36,6.214801429102061260e-37,-4.739674447729074829e-38,8.991612416866292080e-38,3.884230848867894379e-38,3.405165472461500382e-39,-1.201544366836226238e-39,-2.922049655295585973e-40,-4.605726370268316801e-41,-3.213483861552924967e-43,-6.870777740494184680e-42,-1.639623984261025673e-42,3.054129099042124976e-43,-5.146264090463822540e-44,-4.841495233780379286e-44,6.901711320634503494e-45
5.271694076309127780e-14,3.368515583814160891e+03,1.850252518822307138e+03,1.827566876422388077e+03,1.997279400321090861e+03,1.561532789805686207e+03,1.892029972258423413e+03,1.432925339812378070e+03,1.261148811480893301e+03,1.376101185672692509e+03,1.473418475848090793e+03,1.607765304045409493e+03,1.415066191461614608e+03,1.569152199781246964e+03,1.798152095190399905e+03,1.545559481166881824e+03,1.399673578747357851e+03,1.382291321629915501e+03,1.471392748420461885e+03,1.461596998445047348e+03,1.336078875341710727e+03,1.516634915418251921e+03,1.670867931407867445e+03,1.791084073592618324e+03,1.825923601695850039e+03,1.543890443852543967e+03,1.393073721915404121e+03,1.387357061583657696e+03,1.552877236838455701e+03,1.605856245683724183e+03,1.154800942587903592e+03,1.524166192576912863e+03,1.726122310225636966e+03,1.547826516652345390e+03,1.581701192583935836e+03,1.823159822535935291e+03,1.997764230246851184e+03,1.168512602543863977e+03,1.132057453940877167e+03,3.648384390283043732e+00,-1.673821578295326162e+01,-1.968658503199881693e+02,1.987422150924753169e+03,1.681994519432285415e+03,1.708631602090832303e+03,1.869726561592784037e+03,1.936270805439382684e+03,1.673267810003945897e+03,1.696607908027450094e+03,2.175383391078865316e+03,2.275991385600051217e+03,1.744099584093531121e+03,2.317216867534224548e+03,2.161103720255229746e+03,1.481965159394839930e+03,1.667651537217985151e+03,1.993315403244747131e+03,1.431263400960300032e+03,1.799481420228918978e+03,2.397367509451181832e+03,2.106030152221012031e+03,1.869534019497022882e+03,1.532434663452633231e+03,1.124320753736053121e+03,1.014395070487313433e+03,1.133375741471224728e+03,1.341203946438280582e+03,2.910439436874357853e+02,-6.829975724948185700e+01,1.375154345558267377e-02,-3.158607039521421633e-03,-3.215083898333617220e-03,-4.364937580387777058e-03,-3.461414675483491521e-03,5.742288020566642262e-04,-3.865752908172211122e-03,-4.818918364029765866e-02,1.754013821687092634e-01,2.663144430589222456e+00,-7.431884565468516612e+00,2.873847702365416126e+02,1.273037672830784913e+03,1.161448342041939895e+03,1.260272977627525961e+03,1.244658988263328183e+03,1.215061741462042619e+03,1.211762759873036202e+03,1.098471018645382628e+03,1.255501980463998279e+03,1.022418417255844815e+03,9.160898120672769664e+02,1.112261734681884036e+03,1.069510284564942594e+03,1.426109961574635463e+03,9.620546629122534341e+02,1.412360794895000481e+03,1.227201071452949009e+03,1.323960699315242437e+03,1.488962340625410434e+03,1.288977631913139248e+03,1.276409134520408998e+03,9.729096686552779829e+02,1.304595793867913699e+03,1.032967154420379302e+03,9.511568795432550587e+02,1.089995637816599583e+03,1.162906726744698062e+03,1.090680755164853281e+03,1.336808306837509008e+03,1.180419517862239445e+03,1.905710943973122994e+03,1.395816438318305018e+03,1.813929145853392129e+03,1.368271335614885402e+03,1.895390781738730084e+03,1.703068829763750273e+03,2.035780821473006654e+03,1.499358919308037912e+03,1.542853772928873468e+03,1.814476531649273966e+03,1.883566179790362412e+03,1.491880565481955045e+03,1.439913672648633565e+03,1.382523548649411850e+03,1.538887147166891282e+03,1.037974780200238001e+03,1.107577563414370161e+03,1.401525411398740971e+03,1.582268976837477112e+03,1.941060589658940216e+03,1.589053387329504176e+03,1.498237169602618906e+03,1.362646754174639455e+03,1.361776748625451546e+03,8.886830453034013999e+02,9.077608246287924203e+02,1.200750207000489354e+03,7.853067210491393553e+02,9.820333158850683049e+02,8.125746955126586499e+02,1.103248913651524390e+03,8.603660662410098894e+02,9.624929832907539549e+02,8.169671782335841499e+02,8.367098673062066609e+02,7.638654887915514564e+02,8.385064737150578367e+02,8.930864946111189511e+02,8.393300254211636684e+02,1.054291026690142644e+03,7.539274902554960818e+02,1.087326606003116591e+00,-4.569096044974939375e+00,1.471377242088454295e+03,1.215314675211126769e+03,1.656385941357312731e+03,1.161756906393974987e+03,1.051245363427057555e+03,1.446400233041680394e+02,7.299916472677907677e+02,-6.398398613449286643e+01,1.436331460829186391e+01,1.166335246320211239e+00,-3.537048258708617721e-01,1.308715412466956662e+00,8.943682939057462367e-01,-5.243359166150027839e+00,-4.832051865572521976e+00,1.634254923026275108e+01,5.631145037853043078e+01,-2.517414709572030915e+02,1.471015419929264908e+03,4.304677680622856428e+02,-4.613035231429105654e-01,-2.604815331647174475e-03,2.667460048937140636e-15,7.710872623789492176e-17,-2.683710786492944245e-16,-2.304550432021271531e-17,2.390296381347929752e-18,1.993469832369159055e-18,8.585873238212863710e-19,3.948971100085696632e-19,3.702656158891154267e-20,-1.785285523390029003e-20,3.639383158706131818e-21,-2.721005877123057938e-22,-8.295145555574886410e-22,-1.367809880978327246e-22,-5.006710294615721916e-23,-1.855425298437786743e-23,-3.638478274733392762e-24,-3.845707894167185994e-25,-1.030278082587891933e-25,-4.368834443644763092e-26,-1.247860634968113045e-26,-5.189857799150388793e-28,3.428260977757948189e-29,-3.648745799529687135e-29,-3.307642795280357325e-29,4.533643813942282803e-29,-1.290285140884814922e-28,3.999773519709407946e-28,1.643434268541375819e-24,-4.984151011838643515e-24,4.194030687036194742e-14,9.344152976556365389e-13,-1.242207773878926865e-12,8.411654851089269620e-12,-2.968811389978309434e-11,-3.772421836336982150e-10,-2.103742969659913854e-10,-1.572923024191429913e-08,-4.506545382985338235e-07,3.318095274759369433e-07,3.821457332363212365e-07,-5.449769810963737618e-08,-4.608319986826369608e-09,-4.142642426628985934e-10,-3.897862741303077394e-10,7.858763331314984279e-11,5.381373670395698465e-12,4.755688928220803097e-12,-1.396056061545148785e-12,2.948164794469424961e-13,-1.069956704841590847e-13,2.431558914849904512e-14,-5.625048066616988661e-15,2.259361307981817956e-15,2.507911158399743219e-17,6.612964615646019332e-19,-1.879475527138354068e-19,1.458842433730896862e-33,-4.098919141436431689e-34,-8.106189672416478617e-36,7.069551163921080941e-37,-7.636717563785110492e-37,1.930431414580024121e-36,7.948383963759728843e-38,-1.119057905109056662e-37,-1.639555423333757139e-37,-1.829205177183829466e-38,-4.357687726709011335e-39,-7.129304220086751383e-40,-3.777809904965778233e-40,-2.214858160369318939e-41,-2.773373199729453219e-41,-1.114373354929616042e-41,1.506659986003465589e-42,8.152757373106775933e-44,-8.289882360212139880e-44,-2.738937525889593921e-44,2.602278010197515929e-45,-1.682606223373033883e-44
-7.797149044638619932e-14,3.876523111226238598e+03,2.364626577097463723e+03,2.025063781017813199e+03,2.094636662470068131e+03,1.642932393889661171e+03,2.137474197094397823e+03,1.574980679456794178e+03,1.246811213567060349e+03,1.398229129294695667e+03,1.401255938731550486e+03,1.590678613674294866e+03,1.465961421976633346e+03,1.622637834224781272e+03,1.514428673912327213e+03,1.463118401707566136e+03,1.451766355386526357e+03,1.382664629547482036e+03,1.372860043538644504e+03,1.322751406741849451e+03,1.249366610101801598e+03,1.467175083116550468e+03,1.627868017215499322e+03,1.570881038833451839e+03,1.860837832970762292e+03,1.728610887625731721e+03,1.636686807255837493e+03,1.432837743493823609e+03,1.453919640732587368e+03,1.249014223482760372e+03,1.151001804904014307e+03,1.232236546380554273e+03,1.501226453730621870e+03,1.435195482462105701e+03,1.476060176613353860e+03,1.396040926069044872e+03,1.810556406835960388e+03,1.570671919025582383e+03,4.168239330816795700e+02,-1.449108987081400279e+01,6.675346713299869350e+01,1.241335764474442385e+03,1.965634057088477448e+03,1.939679242647066758e+03,1.806681410955677393e+03,1.603071682095694996e+03,2.071879214914877593e+03,1.756495659935970252e+03,1.476333686293710571e+03,1.953979455453173387e+03,2.234501129133348968e+03,2.237052259167932334e+03,2.099222684940732506e+03,2.104317564353250418e+03,1.387195396591256440e+03,1.308382233450936837e+03,2.102338201005352403e+03,1.686842526864214733e+03,1.616606690735240363e+03,1.801161475382696381e+03,1.730284016805036117e+03,1.493029806166262006e+03,1.412713744717626014e+03,1.019358130216606810e+03,1.058791889601318417e+03,2.554513562370821091e+02,3.672215072161564535e+02,-1.031548581208780320e+02,2.642303699294745911e+01,-5.204692871046219874e-03,1.357046037804260797e-03,1.353409294488222298e-03,1.356280285078718083e-03,2.332764608594113231e-03,-5.519781664276918924e-04,1.706869839163052335e-02,1.913727121704990319e-01,-7.003580861355133136e-01,-1.561161797728776612e+00,5.636060942078031211e+00,-2.959754889934909983e+01,1.432335962093986836e+03,1.183242214490602237e+03,1.547047900359417554e+03,1.305004001259202596e+03,1.186794793179095223e+03,1.201488985412979218e+03,1.446642354913037025e+03,1.397965991700836639e+03,8.838717860541792106e+02,1.026650314343728951e+03,1.380959276937815730e+03,1.216327620419493996e+03,1.388712750103275994e+03,8.950941531547106251e+02,1.170993078897104397e+03,1.037104101872494084e+03,1.157361057722128862e+03,1.356242166921080752e+03,1.521921158459042317e+03,1.202574985922095266e+03,1.220202432829743429e+03,1.142514839342687537e+03,1.137544277848740194e+03,9.059177081368617337e+02,1.147702064864153954e+03,1.138043024976897641e+03,1.122288576078283086e+03,1.316255609784908529e+03,1.118926340950412168e+03,1.692357521494279126e+03,1.598886082974215697e+03,1.646870153057401012e+03,1.315573811874682406e+03,1.866639520821967380e+03,1.651563120512873866e+03,2.148810617634354458e+03,1.859344492113527622e+03,2.050854153254238099e+03,1.502045114041680108e+03,1.484189625221198185e+03,1.454756760542533357e+03,1.327372280543281477e+03,1.520001684692718072e+03,1.469524282053401748e+03,1.111012109668937910e+03,1.284265397840446212e+03,1.688022693559417348e+03,1.459852999215715045e+03,1.582849169757599157e+03,1.413385827000522795e+03,1.719004712398299262e+03,1.459085154516451212e+03,1.663479688248108687e+03,1.332318106405229173e+03,8.417186338591487811e+02,9.904783248565622671e+02,7.959609750328838800e+02,9.238049259697099842e+02,8.135694667492088001e+02,9.168607821911922429e+02,9.866766790206424957e+02,1.109814376819564131e+03,1.074162729775381877e+03,8.271839851457557415e+02,8.112418123196727038e+02,7.352883340655916982e+02,1.003420971916512940e+03,9.093075236954711045e+02,8.088420483488552009e+02,7.360466481720407046e+02,-2.368182820133540589e-01,1.767696129085599255e+00,5.438237216930979230e+02,1.126178754283324906e+03,7.049184352150165296e+02,1.099104824458947178e+03,9.615076659623492787e+02,5.180949419635898039e+02,9.369076379621707247e+02,2.475386386880148493e+01,-5.556820635886510651e+00,-4.512270281521515991e-01,1.368398819501725761e-01,-5.063104867382641761e-01,-3.460095616640616045e-01,2.028529431431302932e+00,1.869404538753596690e+00,-6.322538862533079396e+00,-1.627890554456709822e+02,1.036923946746070214e+03,1.346822468767690452e+03,-1.533823565876984389e+02,1.784672275665157848e-01,1.007740342838520185e-03,1.305702014317118247e-16,-1.055404364943251668e-16,1.309127825832370609e-16,6.463032346054772305e-17,3.366045831108826442e-19,-1.710658018912977342e-18,-5.683916829268898524e-19,-1.800592515603226032e-20,1.223145729242529610e-21,-9.306561083575121726e-21,4.541845999790408780e-22,8.277100301568734145e-22,-8.797559003236066982e-24,1.408470067184192085e-23,-1.582403707155145857e-23,-9.066011479411108592e-24,-2.307120221835138374e-24,-3.231298674435573698e-25,-6.047868651382171311e-27,1.365211180232335703e-26,1.951762925200565373e-27,1.796455982789807708e-27,-8.461910804346447845e-29,-6.603448335347437366e-29,-1.993682412030843348e-29,-1.581144621915853503e-29,4.585962741867345537e-29,-1.789422870648027338e-28,-6.360533029753165301e-25,1.927524726483435275e-24,-1.622569504660969460e-14,-3.615027833132038403e-13,4.805802824902475885e-13,-3.254266757584115476e-12,1.148561654867740617e-11,1.459459190243208682e-10,8.138875089221223896e-11,6.085260511137258914e-09,1.743473916965883368e-07,-1.283691181141164153e-07,-1.478429843162852034e-07,2.108384740727750167e-08,1.782848061044484829e-09,1.602688623843268099e-10,1.507989256478578387e-10,-3.040366339033528116e-11,-2.081923920527908928e-12,-1.839861556672890522e-12,5.401004812057845769e-13,-1.140573984116747471e-13,4.139404906954082533e-14,-9.407116061923102100e-15,2.176195678147019899e-15,-8.740924976237035603e-16,-9.702504510985700757e-18,-2.558396807614439791e-19,7.271238344815733442e-20,1.117960390693251508e-33,1.960743211788562967e-34,5.849041164991535661e-35,-7.175384957216228562e-36,-2.123612274447906864e-36,-6.364766428050634212e-37,-2.591085621389119599e-37,-4.294351885519656226e-38,-2.951166355435123246e-38,-6.202087401531389527e-39,-5.904388938646107187e-40,-6.516338230204649783e-40,-1.550214238202086310e-40,-3.162257817335559710e-41,-6.449492711261598380e-42,3.059409121736769771e-41,-7.265985339069904885e-42,1.186529955467637596e-42,1.349868880642152070e-42,-2.429404710425939859e-44,-3.220552037520893706e-44,7.145713963884611081e-45
4.338019919533702418e-13,4.066549285869887171e+03,2.785518232616080240e+03,2.034878608948660485e+03,1.960069581564356668e+03,1.629304171307265051e+03,1.901522911168013707e+03,1.555253940810490121e+03,1.380618925239038390e+03,1.382016969982232013e+03,1.387155697951096045e+03,1.564988731204048690e+03,1.563979579716224407e+03,1.624344736223819382e+03,1.287229470728804245e+03,1.481878454408436482e+03,1.522945883307587565e+03,1.468355306743859956e+03,1.514707780737081748e+03,1.329398063493080144e+03,1.240324437714677060e+03,1.429552681214490121e+03,1.551121198892953089e+03,1.637662419539068196e+03,1.771234378783798547e+03,1.732247102588773259e+03,1.694777393925045089e+03,1.380910987498107261e+03,1.260802564693052773e+03,1.086237084045163783e+03,1.228157739655393698e+03,1.349324969977466253e+03,1.213098141519634055e+03,1.499381568500986532e+03,1.700354466810400254e+03,1.637440805614292913e+03,6.725296355844845948e+02,7.950196461841404698e+02,-1.302355592275630158e+02,4.895128143544656041e+01,-2.255841358735037261e+02,2.542077818991800086e+03,2.326899843228050941e+03,2.227052072046514240e+03,1.757041436848555804e+03,1.539272689382556109e+03,1.766757866450091342e+03,1.712197799273316150e+03,1.976781670266108904e+03,1.933558531074939538e+03,2.168030435654289249e+03,2.238764072309714265e+03,1.869485355160146810e+03,1.822494780666417682e+03,1.640544411279826818e+03,1.346797597413746871e+03,1.894959689676421931e+03,2.090787302397581243e+03,1.509765219478705149e+03,1.568796551912593713e+03,1.471708578305591118e+03,1.746206845303107684e+03,1.638299779166011604e+03,4.770577868723111123e+02,5.211103014705040550e+02,-6.534979566692645392e+01,-9.667700984031462497e+01,3.346872397936708410e+01,-8.571995259528058853e+00,1.298234032169336529e-03,-8.972375658005060043e-04,-8.098356697704498907e-04,6.844808350695509493e-04,-4.118436387961919160e-03,1.294917913911309724e-03,-5.822338685523630736e-02,-6.464518703939887700e-01,2.367039909069291959e+00,2.302481633329942490e+00,-1.116889849469752782e+01,-2.314691359973094507e+02,1.683511903558501217e+03,1.841402813270262868e+03,1.998525991961268801e+03,1.460881642365945936e+03,1.024369513668168793e+03,1.112554138639360872e+03,1.724592973628242817e+03,1.153538842613592806e+03,1.010045540034349301e+03,1.342582866877139168e+03,1.279708626437186012e+03,1.241650296003900166e+03,1.298414855862981312e+03,1.302558324226659352e+03,1.005541599158622944e+03,1.112371391756775893e+03,1.052077440504564038e+03,1.269528634054984195e+03,1.431568208296118428e+03,1.039099489114679727e+03,1.096456339477052325e+03,1.039356335842292765e+03,1.168516255963307003e+03,8.542462719967213616e+02,1.039127919517539340e+03,1.226167371474702577e+03,1.026944365753512784e+03,1.228208993426346296e+03,1.228963632042127756e+03,1.524404224016240278e+03,1.456856909713958885e+03,1.616138073125291612e+03,1.726362996817266321e+03,1.665541751457794817e+03,1.541415661442161991e+03,2.006301577879653451e+03,1.715790998521743859e+03,2.163852121178864763e+03,1.448932614424835265e+03,1.842487693103586707e+03,1.585091365481151115e+03,1.259188292032918753e+03,1.475423313487560108e+03,1.450485595340351210e+03,1.158452228884415490e+03,1.325348466796484900e+03,1.634572626708441476e+03,1.451698383185785588e+03,1.447082700044740250e+03,1.337407859370366850e+03,2.190169692888991904e+03,1.900829999936394643e+03,1.873006931223684205e+03,1.447607093715788324e+03,7.398372849649251748e+02,9.517185640947575394e+02,9.093853188333403068e+02,7.443920982926634906e+02,7.291085460703932313e+02,7.691060483082428618e+02,9.654609906002147000e+02,1.043954484646118544e+03,1.133551526113302543e+03,7.793996682243017631e+02,8.097665632386123207e+02,8.023414836099743752e+02,1.056437502985770152e+03,9.972625031203676826e+02,8.203026779385661484e+02,1.511876540684619386e+03,-5.451088478500102363e-01,-5.736541973837232522e-01,-1.480447626399758576e+02,1.338610161842542539e+03,1.196826732604186191e+03,9.640806285665920541e+02,1.028665492477094631e+03,1.190796354044315422e+03,4.822189973308011872e+02,-8.032060891725144813e+00,1.803060804906801540e+00,1.464128180278938818e-01,-4.440140214334421798e-02,1.642861365463905987e-01,1.122721641815130622e-01,-6.582112594732381083e-01,-6.065788826389871824e-01,2.051518801401090997e+00,7.071599754988092172e+02,1.504518433214794641e+03,1.190672693257238052e+03,4.976905562534857808e+01,-5.790852072990892996e-02,-3.269886204320568662e-04,-6.167186850465221163e-16,1.966964044296229752e-16,4.839980508385928481e-17,2.754767815247375839e-18,1.418418058744080351e-18,9.261918192527960861e-19,2.635146707725453466e-20,-1.399348055417909175e-20,-9.235181315829195725e-21,8.798525906870624823e-22,3.655667510879627949e-22,-1.244483727842463244e-22,4.530732986148850938e-24,-3.948074571324584950e-24,-9.353326529320496255e-24,-2.899244431515980799e-24,-5.337734511198033381e-25,6.842728319271592675e-26,4.478733275774638770e-26,1.148073748862659217e-27,-7.100653446814809393e-28,1.039010800340266765e-27,1.293369810083445448e-28,1.022042578213188341e-29,-5.568622075274009427e-30,2.014574904862372648e-30,-1.512994095517778752e-29,4.671541616828834946e-29,2.063170783753528468e-25,-6.255333302150430557e-25,5.264865772699907085e-15,1.172993591420439208e-13,-1.559372756020183865e-13,1.055934899431035575e-12,-3.726819052853220910e-12,-4.735610225196228145e-11,-2.640878234333161465e-11,-1.974527420305748174e-09,-5.657172851246862914e-08,4.165283362526450041e-08,4.797165641439135184e-08,-6.841224752008470982e-09,-5.784932915079717730e-10,-5.200356875763745715e-11,-4.893079155763202619e-11,9.865291211788074723e-12,6.755365461428069173e-13,5.969928627653993650e-13,-1.752502144993384111e-13,3.700900893896201370e-14,-1.343141920969553379e-14,3.052393332425233023e-15,-7.061255685911690762e-16,2.836229609698337037e-16,3.148240106979609102e-18,8.301410661731455787e-20,-2.359350017166873108e-20,1.468432781854461965e-34,3.638056581756014327e-35,-1.646526237418766053e-35,-3.689028165137397559e-36,-1.891566143957322733e-36,-4.652124561969395496e-37,-4.727768479180550926e-38,2.029092988939022810e-38,9.798853224769456535e-40,-4.279475336332237376e-40,-8.696560184024561945e-40,-5.004505352278850400e-41,3.943905090014295486e-41,2.387077572231700753e-41,1.542035585106999656e-41,-1.023096268122253289e-40,2.504193778762999456e-41,-4.972363374652210688e-42,-4.487702276341119052e-42,6.790010344724274230e-44,8.702882844943128855e-44,-1.239282538011444251e-45
5.776564965771068175e-13,4.692130352058105927e+03,2.700456342432330075e+03,2.100328113197399489e+03,1.717358267262295840e+03,1.556575701657547597e+03,1.734732797627837499e+03,1.591923067083660953e+03,1.500218010180371266e+03,1.472184223158066288e+03,1.485190842945071836e+03,1.505517147798786937e+03,1.287330206590646867e+03,1.418862977357908676e+03,1.476136228918542884e+03,1.588862857034129775e+03,1.543157161190203169e+03,1.328297143495285354e+03,1.512891065873010803e+03,1.468713076592396419e+03,1.109276296231490278e+03,1.300389560722319402e+03,1.465171638207865271e+03,1.547235090313214187e+03,1.510063490512980025e+03,1.476861192701661366e+03,1.463662630369030012e+03,1.300071312674769842e+03,1.033989282322756026e+03,1.128750312435145133e+03,1.275088184893439347e+03,1.272285997610793402e+03,1.302742527431354347e+03,1.331542805688859289e+03,1.879877904933970285e+03,1.896932616342781557e+03,-1.312167097588325362e+02,-1.626055996752101578e+02,8.453250824316685907e+01,-1.418989746661978586e+02,7.520851814769695238e+02,2.064304939026266766e+03,2.115402875260506789e+03,2.017820803276341394e+03,1.612032863286588736e+03,1.311973505725606856e+03,1.438400099469199631e+03,1.675654180781690457e+03,2.305701002192677151e+03,1.886777785431964048e+03,1.908781079057495617e+03,1.880666993770997578e+03,1.766082813641120083e+03,1.525840474432035762e+03,1.743765499173148555e+03,1.691214227466895863e+03,1.692858263861336809e+03,1.928568935326555902e+03,1.453170130993341218e+03,1.580278396992555145e+03,1.656987577445356465e+03,1.036069745994951745e+03,1.082491638598605277e+03,-9.666906078889989828e+01,-1.063043579627072859e+02,1.824028709425549977e+01,2.698362490162454819e+01,-9.330412462472761348e+00,2.386824719601652323e+00,7.697084945224774623e-04,1.574525227799386789e-03,1.300255163640705097e-03,-3.450130551957025261e-03,1.089124641547722060e-02,-3.595092927091606428e-03,1.689340161784604610e-01,1.873918645896554214e+00,-6.861864317222420517e+00,-5.847266389254575536e+00,3.018534179691355845e+01,8.720057643030005465e+02,1.660242705225304462e+03,1.922700903130701590e+03,2.030266531618209456e+03,1.807854858909892300e+03,9.319575382276627806e+02,1.178490267676050053e+03,1.701039625586112379e+03,9.956601175972430156e+02,1.322913041463390755e+03,1.509732311960299739e+03,1.093399242379176485e+03,1.265108352066779162e+03,1.347914664866135354e+03,1.557924882904238984e+03,1.132512050929823545e+03,1.280426107367199165e+03,1.126161525965879036e+03,1.402202064474024610e+03,1.131767122950606108e+03,8.298301451194712399e+02,9.537626300748218000e+02,1.108624967494587963e+03,1.146420281305810249e+03,9.239515223231784375e+02,8.715159996104205220e+02,1.140896510593807989e+03,1.125965952603693040e+03,1.219456724926436664e+03,1.353017785955625868e+03,1.616894421164877485e+03,1.092413865227325232e+03,1.704964181091961109e+03,1.602415270160312048e+03,1.381029465503549773e+03,1.308531622682247416e+03,1.567627231047715668e+03,1.517103043108997554e+03,1.870855997975583477e+03,1.691886799552010189e+03,2.133712554163357254e+03,1.659048590627458225e+03,1.582073227459195323e+03,1.165436483501852535e+03,1.428191675376708872e+03,1.167418330399696060e+03,1.080185015233264949e+03,1.537128129639699409e+03,1.239262499994837071e+03,1.591489901753814138e+03,1.596877907440463559e+03,2.003369011125832685e+03,1.965841834020727447e+03,1.991683989552557705e+03,1.538001074483811408e+03,9.775696088024111532e+02,9.450956188153633093e+02,8.969265702003322076e+02,7.115278229027721864e+02,6.832591286347171717e+02,7.366133913391262240e+02,8.827620319783725336e+02,7.910736399411165394e+02,1.141309547770088102e+03,8.021804365578148008e+02,8.091436721608171183e+02,9.171600658816892064e+02,9.464102193180402764e+02,8.539133568853035285e+02,9.146003591596909246e+02,1.127593238288433213e+03,1.954599277212696329e+00,1.602797181540525917e-01,4.130603607901043262e+01,1.353709445776896018e+03,1.322181643500528253e+03,1.243848543913660251e+03,1.155387857769640277e+03,1.141076767631206621e+03,-9.886063876396120520e+01,2.241028936560402585e+00,-5.030728094127100425e-01,-4.085070647583441406e-02,1.238845526303402646e-02,-4.583754914700868127e-02,-3.132510722871803543e-02,1.836478207440565558e-01,1.692418479674067944e-01,-5.723951872142813979e-01,2.035850579117448206e+03,1.651615171079128913e+03,5.386002909298816803e+02,-1.388608668499973042e+01,1.615708251948130489e-02,9.123324264471128846e-05,2.021907488205314877e-16,4.212953847611995817e-16,7.825914579657764834e-17,1.033874169700249972e-17,1.202855363503110153e-18,-2.533108660534021031e-20,-1.288724958377955532e-19,-9.286545370810096980e-20,-1.536978786476053534e-20,-1.141361755062049789e-21,7.032856431508409590e-22,-8.312875234493991542e-23,-6.903065594822221784e-23,2.391041710427067858e-23,-5.645166962434795032e-25,-1.186496403928368198e-24,1.557696128807725464e-25,1.010571095243802950e-25,3.126897470295903062e-26,-1.779389169550222979e-27,-6.820172335278163862e-28,6.255721966820423252e-28,1.838788803202038904e-28,6.284319381600067942e-29,1.059650430957196957e-29,-3.832851342189364509e-30,4.354337302174571361e-30,-1.359066084233101054e-29,-5.756436624731980004e-26,1.745361301284075644e-25,-1.468952576776730775e-15,-3.272774716488156425e-14,4.350812968469149906e-14,-2.946168731348799546e-13,1.039821466913063238e-12,1.321284747463711201e-11,7.368326287429972219e-12,5.509137872069625627e-10,1.578410351922183364e-08,-1.162157591959018321e-08,-1.338459351947162139e-08,1.908773207454051239e-09,1.614056745026753434e-10,1.450953920311284294e-11,1.365220224891843471e-11,-2.752519356020959323e-12,-1.884817568016400808e-13,-1.665672482333425635e-13,4.889664148787175644e-14,-1.032590029678221740e-14,3.747506339127899179e-15,-8.516496420957597755e-16,1.970164137685110643e-16,-7.913377042013807625e-17,-8.783918939471668679e-19,-2.316180337524337267e-20,6.582833137373863979e-21,-7.564815055641847100e-35,-3.285612463341511589e-36,8.160504151006758794e-36,1.133256090256034130e-36,2.871663222867280913e-37,-1.396518016514460257e-37,-5.035930379630996377e-38,-6.653026782586539035e-40,-3.854138305959810221e-40,-2.590582472639498106e-40,1.117354359763704636e-40,-1.526594661214373453e-41,-3.624107794217854911e-41,-6.474295519725023935e-41,-5.008889437638351548e-41,2.960800156128497123e-40,-7.319145905900770791e-41,1.428654260867133720e-41,1.307182565377347807e-41,-1.937261243607586415e-43,-2.509205393540944186e-43,6.189109527922117462e-46
5.131296674759914468e-14,4.229546380615299313e+03,2.283280005468539912e+03,2.326752522763071283e+03,1.714244701759610962e+03,1.625166438383626883e+03,1.702389950092372828e+03,1.614606151146767161e+03,1.490582083486245665e+03,1.697525748821468142e+03,1.671913805407059726e+03,1.579184901642177692e+03,1.208016885071888964e+03,1.231877761808615105e+03,1.618096104175600885e+03,1.756467700544916170e+03,1.686485889841543667e+03,1.346138909728613271e+03,1.325079536116243162e+03,1.468085973414367800e+03,1.259666014998314495e+03,1.340980557779692845e+03,1.188948152139068270e+03,1.201516076953712172e+03,1.315255103935117631e+03,1.343966210411585962e+03,1.342925413998159911e+03,1.152860043138025276e+03,9.822867218229107493e+02,1.103534682392706145e+03,1.291160907377195826e+03,1.158591965119968791e+03,1.506413134401495881e+03,1.129383545289918402e+03,1.742060318449620127e+03,1.730468601811852295e+03,3.026531321360147686e+01,3.750520351791132612e+01,-1.329987033542364259e+02,3.566888145147762543e+02,2.462872158665351890e+03,1.626630788835493831e+03,1.650090229818011039e+03,1.786695067105937596e+03,1.796785951066285634e+03,1.206570581508782652e+03,1.589269894290008779e+03,1.695183138119835803e+03,1.799372879773377917e+03,2.068444743077853218e+03,1.721259135881643488e+03,1.622547960356443355e+03,1.822820251608462740e+03,1.546601863054369232e+03,1.809418971306136427e+03,1.910092299867536212e+03,1.465744632096400437e+03,1.683238296035542589e+03,1.689745286062812738e+03,1.527932370809279064e+03,1.494889985793364986e+03,1.272646486532666756e+02,-1.500696962854935066e+02,2.227318326592024533e+01,2.457236509702145000e+01,-4.223658378996445251e+00,-6.246721259468105636e+00,2.133912040629878604e+00,-5.390988879579275972e-01,-2.843249950292033382e-03,-3.481651497135829134e-03,-2.829909005355656267e-03,8.471146549223828454e-03,-2.545505607671924228e-02,8.444868564163999711e-03,-3.985506184714942002e-01,-4.420569335220395857e+00,1.618719935401255583e+01,1.360620275105133103e+01,-7.071055244320061206e+01,2.610888998404251197e+03,1.642852376423630858e+03,1.342533712046844130e+03,1.511651868750621134e+03,1.778966878768266724e+03,1.295124708470558289e+03,1.320214037566550815e+03,1.344579678677246193e+03,1.109395331771978817e+03,1.433037239516911768e+03,1.417807888004196684e+03,1.189689879011759331e+03,1.249196928248553149e+03,1.383464573653732941e+03,1.252549591542267763e+03,1.144732324883376123e+03,1.186078419805613521e+03,1.033333142449419029e+03,1.305910952447879254e+03,1.065264406660729492e+03,8.949296769271596759e+02,1.033565684852046616e+03,9.693145917746535360e+02,1.124006266904703580e+03,1.216620242404450892e+03,9.004608669314873168e+02,1.015029181099997459e+03,1.403857244584120963e+03,1.387667389738066277e+03,1.206108156721559908e+03,1.645893783769185347e+03,1.390207408586079964e+03,1.662457837230695986e+03,1.106822949327709694e+03,1.106440250808578412e+03,1.127286607253500279e+03,1.216873195064155652e+03,1.556518149338016201e+03,1.655130592681669214e+03,1.821648530546997108e+03,1.479039446987646443e+03,1.520928537052230695e+03,1.908633104004779398e+03,1.223117828567853167e+03,1.543630579500104886e+03,1.396199195060217789e+03,1.082939850200062438e+03,1.578575038848552595e+03,1.066242481954016966e+03,1.848294702783807679e+03,1.758504046940844546e+03,1.408956304949969308e+03,1.505426961944402137e+03,1.826770892227788636e+03,2.027943179195521225e+03,1.208532003301850636e+03,8.814577975172982178e+02,9.316387746123720035e+02,9.249900784983601625e+02,8.401280641868688690e+02,6.898860268753285254e+02,8.821936343340827307e+02,7.187706415014779395e+02,1.062607182606006518e+03,9.098160029645805480e+02,8.973958032829207241e+02,8.144101984476745884e+02,8.281323330046457158e+02,8.285418347790783855e+02,8.981083299963556783e+02,3.767729891972536507e+02,-4.695772857739385131e+00,-3.749673463146147023e-02,-9.527293603392612553e+00,1.120627356763746093e+03,1.432488354438416536e+03,1.491815663311664366e+03,1.139773060259141175e+03,1.327350701552906457e+03,2.280234127335747019e+01,-5.168963831695236877e-01,1.160344301736140754e-01,9.422271208905243223e-03,-2.857414116368163764e-03,1.057249327793163135e-02,7.225178740355110187e-03,-4.235862052963251106e-02,-3.903586324463625273e-02,1.320237312372002925e-01,1.494760591115063107e+03,1.648700726763176817e+03,-6.926447414264768554e+01,3.202844848077315731e+00,-3.726653137160119977e-03,-2.104307194770275798e-05,7.881675468667141936e-16,1.186406380662805218e-16,-2.312872104421607879e-17,-9.835192731347872251e-18,-2.581685467457037543e-18,-9.000425581145871712e-19,-1.210912282863748840e-20,-5.491807416018705044e-21,6.350085540547375445e-21,6.334100920296694396e-22,-7.996251586999583134e-22,-1.178956234397237784e-22,3.197961934217933145e-23,7.503843093040652221e-24,1.239653540126993456e-23,2.690879197937600361e-24,3.098345365276022300e-25,-7.219950992969778109e-27,-1.878430488411942642e-26,-4.797858608793499439e-27,1.163175398605584670e-27,5.072133549884949838e-28,1.049531537299524490e-29,2.866268730325394892e-30,1.587970347404026800e-29,-7.713457231354855398e-31,-1.988842480265130111e-30,5.005433805650991759e-30,1.328309031566536214e-26,-4.024530345373264090e-26,3.388159169193117438e-16,7.548699556185864479e-15,-1.003520949934992824e-14,6.795378393367168253e-14,-2.398362406753714488e-13,-3.047561305251516400e-12,-1.699514515788104403e-12,-1.270690170036650321e-10,-3.640625021639067291e-09,2.680532349031627072e-09,3.087174764921895776e-09,-4.402611457298696591e-10,-3.722843913899656799e-11,-3.346645022378205447e-12,-3.148899083648434134e-12,6.348723465905049422e-13,4.347357447947004649e-14,3.841896316540190415e-14,-1.127807710194473399e-14,2.381682998064171953e-15,-8.643674523779779568e-16,1.964341524311441879e-16,-4.544210475848417118e-17,1.825231216314268123e-17,2.026022893232179625e-19,5.342301563817317664e-21,-1.518339448547968452e-21,3.250351464985882613e-35,3.630160389080254198e-36,-1.637240253851463509e-36,-3.956342655124602278e-37,-1.774070976936160811e-37,-1.327790269150620301e-38,2.955729966241680125e-39,2.968152509688780113e-40,-2.294109877876991369e-40,-2.888550265007516112e-40,-1.663973024522344665e-41,1.372732900532770026e-40,1.202713947146152229e-40,1.448590622272943708e-40,1.164416165155128088e-40,-6.987414323092616171e-40,1.726940739756972232e-40,-3.368981170989140482e-41,-3.081977536548100343e-41,4.575885341681199175e-43,5.909571224933499104e-43,-1.184828478406047571e-46
1.290277571370018396e-13,2.887809676723391931e+03,2.076191207116724854e+03,1.643153004121122194e+03,1.581404203794494379e+03,1.619649046807350260e+03,1.530583039620323916e+03,1.517304159138051091e+03,1.500898512476084079e+03,1.609011259149988973e+03,1.448830421780501638e+03,1.519354871276661925e+03,1.347458845364636545e+03,1.351473129714906236e+03,1.455623817058327859e+03,1.928455071931404518e+03,1.844576540252012819e+03,1.597884058283027798e+03,1.296860860071318939e+03,1.342524337686838180e+03,1.628039433208633000e+03,1.586978413421073810e+03,1.240953747699698624e+03,1.140616157327015799e+03,1.215450638795226268e+03,1.256255684363614364e+03,1.388036904903963432e+03,1.277730138049470497e+03,1.106895788417719132e+03,1.195391756655053541e+03,1.257234688381268825e+03,1.257078470998812691e+03,1.429492164217789878e+03,1.679136278905504469e+03,1.801757019613236935e+03,1.913469657310331058e+03,-4.631165051807149879e+00,-5.739005129971638475e+00,1.934739377875774835e+02,2.040082520530464535e+03,1.839510270644407683e+03,2.005107276763524169e+03,1.928523224554789749e+03,2.048300804327756396e+03,1.672285885642230369e+03,1.547095245035000517e+03,1.777046520026163080e+03,1.419667374253591561e+03,1.645882344169867338e+03,2.605678158663926297e+03,2.165366784185981032e+03,1.415166345969532586e+03,1.819502420136218916e+03,1.688822974271310841e+03,1.820649453656920286e+03,1.930876768299297282e+03,1.486628370753118134e+03,1.751292915912913486e+03,2.149398563554868360e+03,1.635406660821309742e+03,1.194662718737836940e+03,1.208780477960140843e+03,2.296643817038135182e+01,-3.372546332729998486e+00,-3.840098612465268513e+00,6.711853614201094276e-01,9.903984314689099344e-01,-2.991576211227530147e-01,6.527181283055140393e-02,4.452839264741959360e-03,5.232941196323663557e-03,4.246252247245220664e-03,-1.286456686339089960e-02,3.847477139552382686e-02,-1.277054522637959856e-02,6.029536568335770452e-01,6.687670434238819794e+00,-2.448886052311215167e+01,-2.055655223121613773e+01,1.082700574042279129e+02,1.456147382565696489e+03,1.694943205214485033e+03,1.680158995298808122e+03,1.418079277178937673e+03,1.361450036683499093e+03,1.896279533270168031e+03,1.202843539777883962e+03,9.940230296707053412e+02,1.214222475151403614e+03,1.263877860000817464e+03,1.324807971081522737e+03,1.295314567339689347e+03,1.277969533449125720e+03,1.436535692509623686e+03,1.302265510103685756e+03,1.124502814722357016e+03,1.136528960255738411e+03,9.557779019040245885e+02,1.021584844833811189e+03,1.205538127700527866e+03,1.209079918414412532e+03,1.024916155274552011e+03,1.263469788391692646e+03,1.224543602717274098e+03,1.321748409385648984e+03,1.088493742507595471e+03,1.271738573012131155e+03,1.247994818039590882e+03,1.191954193603255135e+03,1.481822337763436281e+03,1.821646494405063322e+03,1.917865904421953928e+03,1.203040614185183586e+03,1.180295365655807927e+03,9.193389899844557931e+02,1.053851182373682377e+03,1.052176422936571953e+03,1.239076743140105918e+03,1.320667718357504100e+03,1.534597959606856193e+03,1.448272867320215710e+03,1.305988809509669409e+03,2.003303510777881911e+03,1.202951932374672651e+03,1.623395589164586909e+03,1.779502205904676885e+03,1.267436688113868968e+03,1.156409651569976177e+03,1.007407321980448387e+03,1.965768898066375186e+03,1.632830983762532924e+03,1.476046825544368858e+03,1.521479321043681239e+03,1.823029048592173467e+03,2.300533306129932953e+03,1.102907692506093099e+03,1.209947919261708194e+03,1.274009533853980884e+03,1.343472853456062921e+03,1.116210966536291835e+03,8.583380376012732995e+02,8.022954096513261675e+02,7.888517082234808413e+02,8.742987790967027877e+02,9.767230867675639274e+02,1.166174123572268627e+03,6.485808105781471795e+02,7.629728127439402670e+02,1.043514668654181605e+03,9.926056939940667689e+02,2.921184040510974683e+03,7.116521053203522129e+00,6.533509444474278408e-03,1.457856023591859396e+00,-7.457250279887631450e+01,1.304916711297355960e+03,1.245453732341534987e+03,1.107412569487035626e+03,1.110075267560000157e+03,-3.489189266248665877e+00,7.909491794270945286e-02,-1.775546131089393923e-02,-1.441785611909285076e-03,4.372383758554021982e-04,-1.617791332066034976e-03,-1.105588930773308267e-03,6.481669680898177917e-03,5.973225003494619066e-03,-2.020212663253095550e-02,-9.558441291799209694e+01,-1.132435593206349438e+02,1.059877390718931878e+01,-4.900958077681691338e-01,5.702483779755326875e-04,3.219987802209080439e-06,1.308851077114485561e-17,6.135971266577606499e-17,-2.658838336112060525e-18,3.484578015200027572e-18,4.567261064337545355e-19,-2.262919099935534896e-20,5.137645299396491762e-20,2.040684026873529635e-20,-1.132619326519581663e-21,1.355575033559941415e-21,2.962715161720231519e-22,-1.531645247289525368e-23,-4.554520482554081733e-24,1.160932567840776812e-23,3.805004284838914340e-24,1.255769115753706828e-24,1.464594353416481545e-25,4.276101370304235878e-26,2.181393284914261646e-27,-4.280746599357717517e-27,-1.612147619528916388e-27,-1.743607546216398256e-28,-4.103035545446710251e-29,-1.419217700967585969e-29,3.653793910502830286e-30,-3.979329550358148685e-31,2.614745864136410928e-31,-3.163922039222205376e-32,-2.031489624769645449e-27,6.154204082676564058e-27,-5.184524020479501581e-17,-1.155093731377278683e-15,1.535576757225337357e-15,-1.039821352815887434e-14,3.669947864519246230e-14,4.663344902631847785e-13,2.600578482372804627e-13,1.944396169177582022e-11,5.570844500420510452e-10,-4.101721217110984995e-10,-4.723960984385916866e-10,6.736827791547360262e-11,5.696654948093134618e-12,5.120999528092423624e-13,4.818410860293530609e-13,-9.714747054285835146e-14,-6.652278712118912270e-15,-5.878827629588691623e-15,1.725758995371645631e-15,-3.644425216178243941e-16,1.322645600632177065e-16,-3.005813867842748620e-17,6.953501057556362761e-18,-2.792948799440582335e-18,-3.100198022428308368e-20,-8.174731291876522584e-22,2.323346380480850877e-22,-6.540555400481097543e-36,2.826604299131871216e-37,-5.406390392100655115e-37,-1.293756046404630094e-37,2.078858933394878534e-38,-5.016950783676203856e-39,-4.530361809551274247e-39,-1.014375302728925056e-39,2.794852521218995418e-40,4.508596212229188440e-41,4.716448061678265003e-42,-1.889446653134074419e-40,-1.853145824572689166e-40,-2.215616727878051629e-40,-1.767428050696874699e-40,1.057100608165499203e-39,-2.612742359395627426e-40,5.095848329655895863e-41,4.662401807608584523e-41,-6.913025901135629095e-43,-8.940432129451476363e-43,1.664791106962236773e-47
1.180036675615956618e-13,2.270265189499000371e+03,1.681349981212992134e+03,1.724680732502754836e+03,1.539554667572963581e+03,1.515842940856446148e+03,1.609695984134754553e+03,1.518628477473393559e+03,1.574912503920190602e+03,1.628136633732235850e+03,1.140664654047351860e+03,1.197747041737340169e+03,1.355901169640787884e+03,1.436273632146233922e+03,1.472604245512350417e+03,1.556708412002587011e+03,1.566075855753934547e+03,1.833624622035727043e+03,1.619057135858343599e+03,1.119763425539194031e+03,1.237556440630314228e+03,1.368390391022313679e+03,1.291594159335369795e+03,1.222329545825175956e+03,1.239541855288651732e+03,1.188450087816945825e+03,1.166631870531243976e+03,1.564999356247111564e+03,1.141425117438825964e+03,1.184546618908070741e+03,1.229806403891408991e+03,1.266985433367344285e+03,1.366776699971870357e+03,1.652585552779516320e+03,1.528461055630591318e+03,2.307761412669823585e+03,-4.000904650486009073e-01,-4.957977540598520472e-01,2.070656959556703441e+03,1.971447878048547409e+03,1.386789290269273124e+03,1.697310369301606897e+03,1.922079788383726282e+03,1.879759313334962371e+03,1.505308492670953228e+03,1.528991089710036022e+03,1.276393936933120358e+03,1.181340924888862901e+03,1.761645727070823568e+03,2.402892041333973339e+03,2.155612298061481852e+03,2.095559064635802770e+03,2.002675592051149351e+03,1.666922482979757660e+03,1.726078328884117809e+03,1.564258118869228610e+03,1.704123127494769960e+03,1.837526068996233107e+03,1.687776937994145328e+03,1.409406606372962187e+03,1.115591478087025735e+03,2.821175345421866254e+01,1.986435476860376692e+00,-2.628894191416560888e-01,-3.956432301424125386e-01,7.784440979194268140e-02,1.131196682937368886e-01,-4.000849535084715150e-03,-8.103942226394841505e-03,3.591066041896448513e-03,4.203060800069769766e-03,3.409981121519770671e-03,-1.034348400890072218e-02,3.092018408014812411e-02,-1.026353638069886151e-02,4.846073466941667185e-01,5.375025671951693340e+00,-1.968222889473931048e+01,-1.651951636519257249e+01,1.363865758506078691e+03,1.007959826196886183e+03,1.364254277265518567e+03,1.446127704276200802e+03,1.438261429340861469e+03,1.207245339539096449e+03,1.390273922786400135e+03,1.172301581614108272e+03,9.290668145125040382e+02,1.194563515531837538e+03,1.063515516058785124e+03,9.231043832108443894e+02,1.562931738443858421e+03,1.622735069647820183e+03,1.336952458478639301e+03,1.700986819243031050e+03,1.047699661741717364e+03,9.734866139351762513e+02,1.035710991547423646e+03,1.219596326856886208e+03,1.220925473346482704e+03,1.257152578416909591e+03,1.544376793036412892e+03,2.189440174029172340e+03,1.663107506902345449e+03,1.377413866619929649e+03,1.508023027449338542e+03,1.609157643730980681e+03,1.198063350222168083e+03,1.142619049576368980e+03,1.845486207561215451e+03,1.673263184201797458e+03,1.500152890654774637e+03,1.290176023012968244e+03,1.160732914095362958e+03,1.011826306075997991e+03,8.716805739978899510e+02,8.170744276447554739e+02,1.219076649906767898e+03,1.212319875565674693e+03,1.227132103841487378e+03,2.206024569348896421e+03,1.370144519755744795e+03,2.249399727037958655e+03,1.372802774182456460e+03,1.468928667232924454e+03,1.757778017701443105e+03,1.043038993303464622e+03,1.097554855899232052e+03,1.182090399137702434e+03,1.178841865506750764e+03,1.824011984914740424e+03,1.364923597340458400e+03,1.701237586512657344e+03,2.230760478399966814e+03,1.929105100581621173e+03,1.513074221408288395e+03,1.696432898257017769e+03,1.487467365126329241e+03,1.662367557255093061e+03,1.569791288897691857e+03,1.015954858195196721e+03,9.385031422005555442e+02,7.830644256307303976e+02,8.187799211616871844e+02,9.565576649363227943e+02,1.060678076989906458e+03,8.007674455868957466e+02,7.287474636886464623e+02,9.506342934604007269e+02,1.361474135646552668e+03,1.818437293787764702e+03,5.720711866519704536e+00,1.199524312105297325e-03,1.259454776343633120e-01,-6.442384797536284680e+00,1.206083716133793814e+03,9.523938614500651738e+02,1.178993604714253479e+03,2.000462641897598459e+01,-3.014341619354789503e-01,6.833080261363488200e-03,-1.533910083872168633e-03,-1.245571404861582632e-04,3.777341191170402457e-05,-1.397624310853609110e-04,-9.551281038726582712e-05,5.599572047017799736e-04,5.160322171095042387e-04,-1.745279675625325188e-03,-8.257622388309929562e+00,-9.783211741649491699e+00,9.156374981319534978e-01,-4.233981243485106932e-02,4.926426421482246672e-05,2.781776078326623666e-07,-3.194515565086641973e-17,6.465763235782231768e-18,3.940803417078619863e-18,8.543649744774808495e-19,-1.390015055401416639e-19,6.035950084528197565e-20,8.736576486140667268e-21,2.420619499620257270e-21,-2.806380125589051180e-22,-1.433233142606100699e-22,-6.341202971996225859e-23,-5.322161524152620779e-23,1.933021259884718420e-24,3.694127266339017822e-25,6.799944565958191248e-25,1.030096235546629359e-25,4.109947521947401945e-26,1.178612714326149022e-26,2.392978773753393839e-27,5.880681449734820397e-28,-6.415074206583815710e-29,4.048274010157764376e-29,-5.384884816461407426e-30,-6.888420127823426003e-30,1.008187593770249205e-30,1.424196470896908309e-31,1.385225843088920636e-31,9.081017694016491851e-32,-1.755271951500702810e-28,5.320041301963367824e-28,-4.478956381833345935e-18,-9.978957411186790713e-17,1.326598408917493946e-16,-8.983109087273392124e-16,3.170500578999017592e-15,4.028705109631409668e-14,2.246662865107358983e-14,1.679781132528448616e-12,4.812702078102786171e-11,-3.543513415945896526e-11,-4.081071881420221989e-11,5.820005406676346509e-12,4.921390842062314642e-13,4.424077008244071318e-14,4.162667968696158374e-14,-8.392656325782434899e-15,-5.746962705477633499e-16,-5.078771440774151437e-16,1.490898534809744199e-16,-3.148451336250177019e-17,1.142645290184549176e-17,-2.596749316385506385e-18,6.007191366993905048e-19,-2.412853291828144044e-19,-2.678288626427190728e-21,-7.062223020829085168e-23,2.007159588218603526e-23,-5.838300588469115900e-36,-1.191023737804660542e-36,3.844599086308149704e-39,1.484467002241906271e-38,6.939039888720882459e-39,2.157495362698372880e-39,1.687442360423161467e-39,-6.594590474316176734e-41,-8.415193420856433798e-41,-1.020316148128108421e-42,-2.795149441462329825e-42,-1.498844768575445056e-40,-1.485092849844175744e-40,-1.780290766441538550e-40,-1.420511038111663938e-40,8.495880117481782077e-40,-2.099901527736074954e-40,4.095745133110177916e-41,3.747294082871410505e-41,-5.555150727491339612e-43,-7.185386224733483528e-43,7.479503097017618538e-48
1.014151964414052061e-13,2.683059607189955841e+03,1.766745782956277935e+03,1.392147720973558307e+03,1.637184541171757928e+03,1.676083066784265839e+03,1.601004209797611566e+03,1.773801356660829242e+03,1.843542466618907156e+03,1.636613106243387620e+03,1.127697545481094267e+03,1.016645205567375569e+03,1.313091574610610451e+03,1.383175063570560496e+03,1.195365969787053018e+03,1.534055291541473935e+03,1.458731336672723046e+03,1.655536571086043296e+03,1.495385190998780445e+03,1.169445876812739471e+03,1.388279714479848053e+03,1.371695726731968534e+03,1.281158868427940206e+03,1.415397557635432804e+03,1.341146911250530138e+03,1.183581262733952144e+03,1.133411720727990996e+03,1.218030246365150560e+03,1.088817102807234505e+03,1.111711300604609278e+03,1.204826732191701694e+03,1.275806017560698365e+03,1.303540010326357788e+03,1.348625624984183787e+03,1.304178262363694103e+03,3.130608057995461309e+02,7.244180605969284814e-01,8.977090903699489477e-01,3.090991267184470530e+02,1.503324123925679032e+03,2.073091247762491548e+03,1.854863812595909167e+03,1.980566629651146513e+03,1.773002782013922342e+03,1.663431183333273111e+03,1.827677170763329741e+03,1.478966604039344475e+03,1.494575976674724643e+03,2.120050462374855670e+03,2.187443186049261385e+03,2.463279041394476280e+03,2.645182610535797721e+03,1.934926252760126772e+03,1.470882018673874882e+03,1.645992726658246738e+03,1.467859961826540257e+03,1.626657264399257883e+03,1.752109343668945939e+03,1.530463058335813230e+03,1.426042132673826018e+03,1.298664662698265033e+02,-5.103572084811243315e+01,-3.637441498085914215e+00,-1.857649207688664983e-02,1.826394056885837447e+00,-4.859785175104629484e-01,-6.835896253568566339e-01,-3.722465947937118602e-01,2.534281775017043770e-01,-6.220673034522632844e-02,-7.277621053519320315e-02,-5.904291531012473282e-02,1.791180487721441006e-01,-5.354172984773509780e-01,1.777254732629997280e-01,-8.391597393040902020e+00,-9.307545059140352350e+01,1.120409801920254040e+03,9.181874262820155081e+02,1.154017824715314418e+03,1.164153842669811638e+03,1.352678168672591255e+03,1.366119730950738585e+03,1.096241450179236836e+03,1.516879919755665696e+03,1.569349004754317320e+03,6.260364173345269023e+01,1.082099439059169015e+02,1.293720875441825001e+03,1.034854486763466639e+03,8.835114313185478068e+02,1.626720292934466670e+03,2.005583575850081843e+03,1.390807036027990762e+03,1.911908466698364464e+03,1.249252379224700007e+03,1.021834038784945278e+03,8.481192950766585454e+02,1.110659460255963950e+03,1.502902222002297322e+03,1.675958953182706182e+03,1.626242100847019856e+03,2.494534468560056212e+03,2.090389357281474531e+03,1.614184128903073088e+03,1.303516028208824764e+03,1.321181934282527436e+03,1.283487008923982330e+03,1.829411234325245459e+03,1.525253849620310802e+03,1.489064915009507331e+03,1.196887133587982589e+03,2.303134774970376839e+03,1.409386227690547912e+03,9.871347413685743959e+02,9.563085471609911110e+02,7.315716217592322437e+02,9.612192374628783682e+02,1.145296465130218166e+03,1.128238554724652886e+03,1.825913808152106412e+03,1.834301434343567280e+03,1.815838072235493655e+03,1.585105651057678187e+03,1.266285750432114355e+03,1.440261888704796092e+03,1.394978065376275254e+03,1.088917313665729807e+03,1.145462342188057164e+03,1.226583054906407824e+03,1.649927980309672421e+03,1.565430134083791472e+03,1.704231567920819771e+03,1.433967641586010814e+03,1.597033677114313832e+03,1.755643695943047987e+03,1.523342547550830204e+03,1.555267655534931919e+03,1.540242271200576624e+03,1.966694325408756413e+03,1.182708996120795064e+03,9.155651829633077341e+02,8.600666032385883000e+02,8.075193532410584112e+02,7.742941005445454721e+02,9.412323450389651498e+02,1.154050069377002501e+03,7.590415568956042307e+02,9.995743831664748313e+02,1.246991800422834331e+03,1.146839903988569858e+03,-9.906333503461520706e+01,-1.320532701627545602e-02,-2.280413721871127064e-01,1.166481160725230026e+01,1.275515888968177023e+03,1.286515549346930811e+03,7.989738635681253527e+02,-3.618397958478880128e+01,5.457874407488866320e-01,-1.237221874370162192e-02,2.777352286942017315e-03,2.255275994469719300e-04,-6.839388635738632538e-05,2.530588407270105943e-04,1.729388998424987757e-04,-1.013878479203484360e-03,-9.343463305960931055e-04,3.160065605814677166e-03,1.495154550847373010e+01,1.771383198405674975e+01,-1.657885899695011656e+00,7.666197395222558442e-02,-8.919963322672607049e-05,-5.036782954138845214e-07,4.663081193384157494e-18,4.994321646002125173e-18,1.292392935745000609e-18,6.657054795531156131e-20,1.214147233126578443e-19,3.386441873482954458e-20,-3.371319006524930058e-21,-1.976028440650062002e-21,9.360524863334965219e-23,6.284471161489357885e-23,-1.736887373364046467e-23,-4.600778435153307877e-24,2.180699786358087946e-24,-1.358262879007988022e-26,1.047565607079566465e-25,5.075780289118526232e-26,1.300724800085806089e-26,2.175881710469440915e-27,-7.712509745492862873e-28,-2.173368043308958985e-29,-4.880712949621365978e-29,-3.093734104775873086e-29,-6.434813112234595998e-30,-4.634368373389079619e-31,6.033296115074026858e-31,9.815229417068396717e-32,2.557445431285136387e-32,1.412098607122200445e-31,3.178258949243132025e-28,-9.634458684464347435e-28,8.109758114903301105e-18,1.806825607231365319e-16,-2.401986376911489717e-16,1.626513759168055841e-15,-5.740621387418042019e-15,-7.294517108477782069e-14,-4.067887884702523852e-14,-3.041471608441319262e-12,-8.714049971738588563e-11,6.416011729163770919e-11,7.389334252531187223e-11,-1.053790929222842800e-11,-8.910845722886073602e-13,-8.010391564452854381e-14,-7.537075037329844892e-14,1.519604277007855024e-14,1.040565557321899738e-15,9.195804646065157473e-16,-2.699474042707648527e-16,5.700698242365959015e-17,-2.068914301581926900e-17,4.701766895153762636e-18,-1.087683486579267310e-18,4.368798196574214637e-19,4.849404877067736704e-21,1.278711279368285335e-22,-3.634234712465114540e-23,-1.027166550954752753e-36,6.239436785056577199e-39,4.748698575604977233e-38,1.542456221279558924e-38,1.614291507384264537e-39,1.306734537560132555e-39,2.136018558246392403e-40,-9.106252062637680907e-42,-3.440134964096175890e-41,2.231777052277611598e-40,1.830178383451153994e-40,2.597598863945522860e-39,2.561825841874873284e-39,3.079151099417370161e-39,2.459556012921835226e-39,-1.471147055341203901e-38,3.636282074333835820e-39,-7.092145598136684557e-40,-6.488906001990508135e-40,9.620118717724870066e-42,1.244274868717614060e-41,-1.789885555249541278e-49
2.522155689092113928e-13,2.354767016277578932e+03,1.700186932887814919e+03,1.471554621718150656e+03,1.497454296470822328e+03,1.400138930024885894e+03,1.250049809711741773e+03,1.561251182578553880e+03,1.724450737124957413e+03,1.493041393129666176e+03,1.219912059922666003e+03,1.351443633076159358e+03,1.470977120325984743e+03,1.410532412169720601e+03,1.215076526394776238e+03,1.498680501734322888e+03,1.449577619229000447e+03,1.435725668879610794e+03,1.494965353951506131e+03,1.499512890949970142e+03,1.471566948356490911e+03,1.145895287433202384e+03,1.096543296341496898e+03,1.216526731055032315e+03,1.254921679392405622e+03,1.343871227070504574e+03,1.330745225349775183e+03,1.142622470828029236e+03,1.121175605650043281e+03,1.184059687035447496e+03,1.281557107548418344e+03,1.094097459303284040e+03,1.189495400742004222e+03,1.294017830643471825e+03,1.277456056975925094e+03,-2.997407333894732346e+02,-3.761079185196229968e-01,-4.660782437377782861e-01,-1.567642755777251864e+02,1.741273562013687297e+03,2.205114016917906156e+03,1.646967040688723273e+03,1.714868659021085250e+03,1.601994175604161683e+03,1.722533690525358907e+03,1.569945781715419116e+03,1.731671227679484900e+03,1.922823551756719780e+03,2.356631733525759046e+03,2.585706768813284270e+03,2.340247582546475314e+03,3.045104999910030529e+03,2.299343284392504302e+03,1.748790470062636132e+03,1.793077788266335801e+03,1.881126592494101033e+03,1.624865735394395415e+03,1.681956272778651055e+03,2.015016334039466301e+03,1.453785910147355935e+03,-6.543959885588850511e+01,2.645390343048981663e+01,2.102303179470107253e+00,2.605642893234434876e+00,-6.774737449386299737e+00,2.063366868568301538e+00,2.867962745526813517e+00,2.185198229843829942e+00,-1.384792265812250900e+00,3.246884176893841123e-01,3.798383935329523453e-01,3.081600811168356269e-01,-9.348757552467827914e-01,2.794503218590482785e+00,-9.276029895689206217e-01,4.379830556149887855e+01,9.743639019446038674e+02,1.386633715733950112e+03,1.032168687151013728e+03,1.205821592347600927e+03,1.907029212919463134e+03,1.833906496196367243e+03,1.614482316696129374e+03,1.527097013508923055e+03,1.501873741140035918e+03,1.662611376522776027e+03,7.099888227475738631e+02,-5.187873644866896683e+01,1.399387525959714367e+03,1.534352209697355875e+03,1.276554017052169911e+03,2.694501991122413074e+03,1.782618912186125272e+03,1.173670613500679337e+03,1.336093700724227347e+03,1.090851522317202580e+03,1.564918074040499278e+03,9.480077852564716068e+02,1.289249987082348980e+03,1.609627955261118814e+03,1.904228406584760023e+03,1.998100201634518953e+03,2.721582192109892276e+03,2.279515698269476161e+03,1.967311790322880370e+03,1.731537484364729835e+03,1.359317261840069705e+03,1.403975110416328107e+03,1.660794440187627288e+03,1.605450683082259502e+03,1.555783120967551440e+03,1.138048512141753008e+03,2.060058648460917084e+03,1.259564524076960197e+03,1.056942835193041446e+03,1.126798800785614276e+03,9.018265308817371988e+02,1.030829250161200207e+03,1.083955523901357537e+03,1.206930298705356108e+03,1.404198677047687625e+03,1.630756143317579472e+03,1.607017834575505276e+03,1.498171223161316448e+03,1.194348577404802427e+03,1.473065668233065026e+03,1.295246897243849844e+03,1.166002099787094267e+03,1.435974328974895798e+03,1.338251262973028133e+03,1.542894213617405967e+03,1.739671510849964761e+03,1.263479418640276890e+03,1.387525110338753393e+03,1.216037374345627995e+03,1.409563897608366233e+03,1.719273711663570339e+03,1.333689269128174601e+03,1.781623032786231988e+03,1.682742276408392854e+03,1.273528177991724306e+03,1.049525123258528993e+03,7.523840775589660552e+02,8.374694635637424653e+02,8.395185293745688568e+02,9.048207080495492391e+02,1.056276180490981005e+03,8.060224016888536198e+02,9.638884221030143635e+02,1.115943256909539286e+03,1.189619866872613329e+03,1.030709425772672375e+03,6.477007831644035485e-02,1.183959518609695172e-01,-6.056210152893584997e+00,2.900953752848085969e+02,3.230021119862557271e+02,9.450505499791236161e+02,1.878622577987034248e+01,-2.833653513898166665e-01,6.423486232974942242e-03,-1.441963203922759637e-03,-1.170908355417853424e-04,3.550916747727920505e-05,-1.313846783035717996e-04,-8.978750418953053859e-05,5.263917966522842565e-04,4.850997962245697415e-04,-1.640662708504334391e-03,-7.762637302566680830e+00,-9.196778543924221339e+00,8.607516140106092895e-01,-3.980184512381458595e-02,4.631122581050170348e-05,2.615028608546821883e-07,4.083638956632356143e-18,1.930075359897610918e-18,-3.452786857666246361e-19,1.791618311882817627e-20,3.078019522534470860e-20,2.627764768002838537e-21,-1.010867188473826718e-21,-5.211394184004461541e-22,-6.854098093971971010e-23,-2.200280183135093603e-23,-1.904274614339895188e-23,-2.690549538238071503e-24,-6.488731775248784723e-25,-1.899903419914910289e-25,-2.661462297276108455e-26,-7.988366660357507385e-27,-3.950714846384512791e-27,1.987629534507589094e-28,-6.797786886030819757e-28,-1.453078053933823891e-28,-1.977972515956555604e-29,-8.915884542401857469e-30,-3.337659317480960709e-30,-5.730813981625293280e-31,1.541763975618887248e-32,2.443945269946129645e-32,1.692111718932372359e-32,-4.387937634985822621e-32,-1.650237927100165757e-28,5.003490138900567889e-28,-4.210475152675134962e-18,-9.380790668080112837e-17,1.247078373208985277e-16,-8.444636290542790903e-16,2.980451866774001254e-15,3.787213206714214939e-14,2.111991580974353205e-14,1.579090332100010352e-12,4.524215194256077070e-11,-3.331105266294057287e-11,-3.836440967077510789e-11,5.471137931296494848e-12,4.626388848342728479e-13,4.158885402926800866e-14,3.913145955637957842e-14,-7.889576926449307546e-15,-5.402473614821495710e-16,-4.774335611807141487e-16,1.401529887954181971e-16,-2.959724317582187683e-17,1.074151921229244069e-17,-2.441092866794844974e-18,5.647103439253694739e-19,-2.268220086605280000e-19,-2.517744481507984183e-21,-6.638893531650012072e-23,1.886844803386585851e-23,-5.753608659853534299e-38,4.882647425162180371e-38,1.782247895772473311e-38,8.200756924232478973e-39,2.905978027689414354e-39,7.923998524788902788e-40,3.121014821732705851e-40,-2.502112465915132924e-41,8.356818156913279847e-42,-1.166294865144704774e-39,-9.511864234921853500e-40,-1.355294139238289140e-38,-1.337023832137215068e-38,-1.607116439398521304e-38,-1.283719672157193122e-38,7.678365259845458259e-38,-1.897885974226112058e-38,3.701607674089970374e-39,3.386757838396533357e-39,-5.021030641589303098e-41,-6.494248233197143798e-41,1.733064783552001199e-48
3.768138006348283634e-13,2.265491444778494497e+03,1.906356316795024441e+03,1.548303052730404033e+03,1.323412488342808501e+03,1.541577215196108000e+03,1.230450554986458201e+03,1.537078735634001987e+03,1.578568067481800881e+03,1.496196987568476061e+03,1.431141493218266532e+03,1.538659298554770203e+03,1.495780441858965787e+03,1.465904891202844738e+03,1.340011113090518620e+03,1.382958954158837741e+03,1.199512046400930558e+03,1.258701612567824213e+03,1.529661128111785501e+03,1.598179748592549458e+03,1.441056380797740076e+03,1.004293228131902993e+03,9.993434249502432749e+02,1.168204369164041736e+03,1.262660899872029859e+03,1.303380545883943569e+03,1.323573897980661059e+03,1.250731587158773891e+03,1.034544136615586467e+03,1.135424631765688446e+03,1.278820350493190745e+03,1.115152581486419876e+03,1.199451017011709382e+03,1.515270391343584606e+03,1.447355253150714361e+03,9.452284061747487840e+02,1.447217226662601275e-01,1.793412023776025654e-01,6.032097410614976951e+01,7.232120996825539123e+02,1.897921102340539392e+03,1.423929163571257504e+03,1.398474747254359954e+03,1.619721878587644596e+03,1.952205221864849591e+03,1.742809681399725832e+03,1.581146371527704332e+03,2.021168062607623824e+03,2.740477604012010488e+03,2.933977987384400876e+03,2.262361245080654044e+03,2.868615394022124292e+03,1.950504292980735045e+03,1.620765490506462584e+03,1.350921423030474898e+03,1.761319720937490047e+03,1.559986251017949144e+03,1.435467587891453604e+03,1.927377368345841887e+03,4.718682005175167546e+02,2.511277540195036551e+01,-1.000746744418522916e+01,-1.659654969227546628e+00,-1.133246409974876379e+01,2.579129955039871902e+01,-8.000396625409598172e+00,-1.110334831170233727e+01,-8.767020650863928566e+00,5.519574389277009274e+00,-1.288403461053963639e+00,-1.507238405304373918e+00,-1.222811142807396001e+00,3.709688976125480320e+00,-1.108888766603924481e+01,3.680828083993892719e+00,-1.737963791756492924e+02,1.403536538083905725e+03,1.309551417246502751e+03,1.026696014192667462e+03,1.026857528539695295e+03,1.899367436979859349e+03,2.140067726525044691e+03,1.623873165964148484e+03,1.561662683628572495e+03,1.217874180464062874e+03,1.320751055738652894e+03,1.171756912006408129e+03,9.367202952981953601e+00,4.719106062942863105e+02,5.955307086922396138e+02,4.851270223352979656e+02,1.086632959634423742e+03,1.780421187429117481e+03,1.241232637814357076e+03,9.634565722758695756e+02,9.494581591683302122e+02,1.295913748253170525e+03,1.617457421886484781e+03,1.672405935575382273e+03,2.268234274821110830e+03,2.438944886892234535e+03,2.521700213596592675e+03,2.571906604605153461e+03,2.064675013294939617e+03,1.855111443313866403e+03,2.170257474599120542e+03,1.475269697177810031e+03,1.295403359288449792e+03,1.447622113587152853e+03,1.874426893614504934e+03,1.643903480063624329e+03,1.363672905995231076e+03,1.419566279378126865e+03,1.350001314067236308e+03,1.244263852455665756e+03,1.144859032086300203e+03,1.137430587411973420e+03,1.146467713836038683e+03,1.215738377343489674e+03,1.106958537322841039e+03,1.329663599859946771e+03,1.260746180337064743e+03,1.215297793758259331e+03,1.476839519905788848e+03,1.271948185868227938e+03,1.265189573204699172e+03,9.398342451667332398e+02,1.173159848214627573e+03,1.146035946959203329e+03,1.276930707548069904e+03,1.404434905328808327e+03,1.689817941349456078e+03,1.145773870566386677e+03,2.113287746518633412e+03,1.237383810043369749e+03,2.081526213981969704e+03,1.912791399114722481e+03,1.543813790442604613e+03,1.664023444256160019e+03,1.400139160565932571e+03,1.094766085166567791e+03,1.046184138995909052e+03,8.167051173968851572e+02,8.802178035698816529e+02,8.125299791017835105e+02,1.092586915073028194e+03,8.450416652057621150e+02,9.084177443236911813e+02,1.117390658493326555e+03,8.427350739398324322e+02,1.277729090909230536e+03,1.441994657384638913e+03,-2.553709545998811281e-01,-4.555731285143004711e-02,2.330355525630976032e+00,-1.019463360493165709e+02,-1.142104658545377873e+02,3.715686050205052879e+02,-7.228709695774855781e+00,1.090355182057662908e-01,-2.471678864981992872e-03,5.548497880997879574e-04,4.505512006974798244e-05,-1.366349293572150014e-05,5.055521577659658871e-05,3.454913241753404779e-05,-2.025491191697456606e-04,-1.866604629090778554e-04,6.313069249480157382e-04,2.986967802440374964e+00,3.538807795102460574e+00,-3.312066835968457967e-01,1.531526274237277746e-02,-1.781999274161616341e-05,-1.006230994861076182e-07,7.989439241587350350e-19,1.924520334559412647e-19,7.353894762518145183e-20,1.952083180737907439e-20,4.010103035929299304e-21,2.556765724498258667e-22,4.176905255364346480e-22,-1.472765745705709643e-22,-1.896501511205850768e-23,-1.972813869258790291e-24,-4.163002381644868231e-24,-1.778426518091789291e-24,-3.997454792652182025e-26,-9.509364659773760258e-26,-3.206062913793410753e-27,3.456697733531953975e-28,7.414610888700113826e-28,-5.825175570178842193e-29,-6.492011309412658324e-30,4.266901794725107404e-29,1.374721447850079417e-29,4.998400563633670064e-31,-1.808237074277442356e-31,7.294334819374744308e-32,6.832967814186360032e-33,-2.179181439344265683e-33,-2.407454714147107869e-33,1.825484707855407337e-32,6.351546379458249685e-29,-1.924384503355003404e-28,1.620139293363742367e-18,3.609613407768476211e-17,-4.798604910554757945e-17,3.249392663860529121e-16,-1.146841391112424690e-15,-1.457273278205586454e-14,-8.126685049822488574e-15,-6.076146282872251621e-13,-1.740862620502206849e-11,1.281768526486485623e-11,1.476215517738378934e-11,-2.105226897318703874e-12,-1.780177791766703955e-13,-1.600288189231025004e-14,-1.505730658300319972e-14,3.035812615692924615e-15,2.078805708939889799e-16,1.837105895157202611e-16,-5.392915431064643459e-17,1.138865683933819788e-17,-4.133205093300396909e-18,9.393026508493680950e-19,-2.172936270579569422e-19,8.727833213717625602e-20,9.687972538082717389e-22,2.554564956462513471e-23,-7.260347812533243175e-24,-8.105581613318668445e-38,-1.979990807661009454e-38,-8.268816807444636122e-40,5.786399266414325320e-39,-1.067407602102682563e-39,-4.647412333148092679e-40,-9.591030049670747453e-40,-4.191349807422649086e-41,-6.217188219548273565e-41,4.610115804498967801e-39,3.770574650499466002e-39,5.377950715775380850e-38,5.305481770968130091e-38,6.377212913448430389e-38,5.093939076008436611e-38,-3.046857791351814326e-37,7.531015324041300204e-38,-1.468837651148994693e-38,-1.343901879680917007e-38,1.992398664355645414e-40,2.576987378290299358e-40,-6.153639335935963995e-49
2.182396873905933313e-13,2.469490129597014402e+03,1.918882589373577730e+03,1.348471464301804417e+03,1.336780595644561572e+03,1.698463556328189043e+03,1.503053618855106151e+03,1.669638803111549578e+03,1.583369501223548696e+03,1.588654804861041612e+03,1.704004509400956067e+03,1.693152359749897187e+03,1.514232877805829730e+03,1.289182346257374093e+03,1.244703897805158931e+03,1.193495089229590121e+03,1.588388825287291411e+03,1.543039703096841549e+03,1.455110947460253556e+03,1.626580974865307553e+03,1.340322047618737315e+03,1.117733356376509846e+03,1.159344848845767501e+03,1.357512638332376127e+03,1.307322047614024996e+03,1.237892466976485139e+03,1.084949368780695067e+03,1.116894515917451145e+03,1.024132509444249536e+03,9.905030106858872614e+02,1.229358670909233751e+03,1.173099580962788650e+03,1.365407367032346201e+03,1.477016964192311661e+03,1.638548264549405303e+03,8.255775218170271046e+02,-4.677498599060442297e-02,-5.796422316026128563e-02,-1.949612447095543288e+01,-4.134365200014858033e+02,2.263490611437315238e+03,1.791128648968094694e+03,1.713918852469768353e+03,1.742905359922603793e+03,2.047808153692368251e+03,1.941891252433409136e+03,1.810316767860522987e+03,2.048851469893284502e+03,2.559707935999605979e+03,2.663830747043693918e+03,2.622310745327853056e+03,2.532689843074898363e+03,1.647146757949169796e+03,1.595468715223096524e+03,1.567388962824682949e+03,1.573256308356737009e+03,1.366665590685416419e+03,1.184918923558026108e+03,7.062909301638457009e+02,-1.256205279321617354e+02,-7.888860540582518510e+00,2.655945372136018445e+00,3.403327106571912175e+00,3.847440244739885173e+01,-8.646778221165163814e+01,2.687154709487422721e+01,3.728806805253606882e+01,2.954487194275299800e+01,-1.858926805802436633e+01,4.337316551557020006e+00,5.074006213932288567e+00,4.116502870159074234e+00,-1.248839400673245237e+01,3.732991955969450260e+01,-1.239123536787221447e+01,7.579242175397791925e+02,1.197097275899542410e+03,1.282174130164833514e+03,1.401347123733735543e+03,1.026692693374842975e+03,1.332580400246762110e+03,1.935012334340712187e+03,1.501559168803397370e+03,1.285356248822016369e+03,1.169152108135727076e+03,1.098925929130325812e+03,1.068096635624038981e+03,3.267805004294837801e+01,-1.369198674942879848e+02,-1.625051110644121195e+02,-1.311540898491427640e+02,-2.958797143703391725e+02,8.407601973005108675e+02,6.129984637344414296e+02,1.416116594472624683e+03,1.402470826064084804e+03,1.201285002583689675e+03,1.909766487823506623e+03,1.896962765546143146e+03,2.925458310748133044e+03,2.767597561177638909e+03,2.679792254470007265e+03,2.462743998338969050e+03,2.374450936672975331e+03,2.553514007712069997e+03,2.520242411875184644e+03,1.837334197998218997e+03,1.329724356998621715e+03,1.479180029096398130e+03,1.629818332151498453e+03,1.732414582697852893e+03,1.598312633613011940e+03,1.234140314297945224e+03,1.520612638450982104e+03,1.285174700504534485e+03,9.834987614292946319e+02,1.087081246577610045e+03,9.736276204639707430e+02,1.100750220922255949e+03,1.181443723025805411e+03,1.151523957049284263e+03,1.415446377869684738e+03,1.249643414320165220e+03,1.362520384083687986e+03,1.681957095095368913e+03,1.009675218569681306e+03,1.126490571165922347e+03,9.866069787246152600e+02,8.892790094094619917e+02,1.283216314081158544e+03,1.175967304360400703e+03,1.454318825949639177e+03,1.486906298001042387e+03,2.513152206579304220e+03,1.566845379580088320e+03,2.428629133840586746e+03,1.686800445148068093e+03,1.618642547866994846e+03,1.414075109697846756e+03,1.305059968380615601e+03,1.323232551812863903e+03,1.057829737585025669e+03,9.344533680029779816e+02,8.133145963824704268e+02,6.465313096210933281e+02,9.832824772436606509e+02,9.413497580457086542e+02,9.769749137361526437e+02,1.124557063426318564e+03,9.062268442576515781e+02,1.067751883512054292e+03,1.249747772111502400e+03,8.591502901057780361e-01,1.472441476615269501e-02,-7.531858041504876367e-01,3.294970756735059325e+01,3.691355272657811781e+01,-1.009785650650582340e+02,2.336365187757546646e+00,-3.524097656237619447e-02,7.988624109292645839e-04,-1.793309987405483587e-04,-1.456210284979682036e-05,4.416128269314636218e-06,-1.633976894507969916e-05,-1.116650047445088789e-05,6.546517023857545837e-05,6.032985495688917741e-05,-2.040424341705879730e-04,-9.654070898231362774e-01,-1.143765303436508951e+00,1.070481175859899214e-01,-4.949990830805369411e-03,5.759535579636879917e-06,3.252202905182144689e-08,-4.433350866311443565e-19,1.617905521615816386e-21,-6.770041579758737254e-21,1.093035179608754131e-20,1.755723979214949035e-21,-2.394444780944961464e-24,-2.752122758187475797e-22,-6.938836781455062283e-23,-3.274107969144953540e-24,5.512073922750153348e-26,-5.129855342247746584e-25,2.496648865625836783e-25,7.945331870028923212e-26,2.133392918046435856e-26,4.049286400496051931e-27,4.732854027052048744e-28,4.601643106831656365e-28,1.120022079777677963e-29,-3.153155420104691103e-29,7.238778723965212503e-30,1.995989700644437378e-32,2.171603744073860099e-31,5.351538590963776159e-32,5.927030907195847757e-32,-1.547639465866726282e-33,3.437398894874864447e-34,1.040853015660089336e-33,-5.719885963984227164e-33,-2.052095613938419054e-29,6.220615826733174770e-29,-5.236393773768099708e-19,-1.166650130119683245e-17,1.550939785197880177e-17,-1.050224482750451471e-16,3.706664695140102691e-16,4.710000400540235162e-15,2.626596563058942613e-15,1.963849324219312170e-13,5.626579285079062102e-12,-4.142757822736553910e-12,-4.771222929712218549e-12,6.804227922033019456e-13,5.753648432076064068e-14,5.172233736104059107e-15,4.866617750949809627e-15,-9.811940457376255099e-16,-6.718832952051746673e-17,-5.937643701721956996e-17,1.743024744931225003e-17,-3.680886699641394829e-18,1.335878310273466142e-18,-3.035886218387678841e-19,7.023068945160599712e-20,-2.820891492848636769e-20,-3.131214660779266774e-22,-8.256517255954261482e-24,2.346590829360477343e-24,5.534208525707972695e-39,-2.186278485232790836e-38,-1.826339852293126197e-38,-2.966250733383937508e-38,2.410523435272643022e-39,1.934106547431965896e-39,3.330458745182718691e-39,1.434282605035710690e-40,2.138986290575644173e-40,-1.551580163080797758e-38,-1.269277984440666193e-38,-1.810446578464149318e-37,-1.786050950183259066e-37,-2.146841338139141968e-37,-1.714836876840747070e-37,1.025702133598752423e-36,-2.535260592695005807e-37,4.944733281499885177e-38,4.524146250633920258e-38,-6.707262771739494521e-40,-8.675237352562065944e-40,2.359147176892304436e-49
9.329766707816192986e-14,2.003208874530815592e+03,1.182059033086433146e+03,1.374416018261476438e+03,1.526262499773157515e+03,1.421128795553025384e+03,1.514855008466409345e+03,1.705421058951307032e+03,1.644396033163508264e+03,1.539484231709673622e+03,1.633637076192913582e+03,1.650501413819994241e+03,1.649709543786583708e+03,1.313454700436119310e+03,1.284117538746803120e+03,1.164900223437056184e+03,1.746179999817706175e+03,1.979293962681745825e+03,1.356762689304857304e+03,1.512379572930184850e+03,1.174364228737916619e+03,1.232617929940538261e+03,1.518022420648901743e+03,1.646696488842346071e+03,1.404139435581555972e+03,1.128108775331552579e+03,8.510351199707495198e+02,9.596372908132466364e+02,1.219296025798924575e+03,1.039113574057233109e+03,1.084721535517572192e+03,1.062142498959764907e+03,1.416750206488796266e+03,1.207174418619214293e+03,1.460280273689519390e+03,-3.035555176737526040e+02,1.299783851699583617e-02,1.610710503583755171e-02,5.417585322888143651e+00,8.137841125158205386e+02,2.510202807881039007e+03,2.174514278725487657e+03,1.918147091370533644e+03,1.664238805384859916e+03,2.039607086877496613e+03,1.803357894554478435e+03,2.073889953336499730e+03,2.358700708975927228e+03,2.293600479266688126e+03,2.281223591227509132e+03,2.629436532658507986e+03,2.245921928691849644e+03,1.925036557235334385e+03,1.811145817412727183e+03,1.898361799766277045e+03,1.361842405513225913e+03,1.158212558407240294e+03,1.329403416902728850e+03,-1.335009261613328420e+02,3.446112730830530069e+01,1.534951650086212371e+00,9.314114636222269317e-01,-9.218656703374737305e+00,-1.111458752973593818e+02,2.912761359695722945e+02,-7.754749416675164753e+01,-1.076065488121268885e+02,-8.528965782054417843e+01,5.365995843621734451e+01,-1.251962074011603043e+01,-1.464606743768320918e+01,-1.188224373284838720e+01,3.604762294433231773e+01,-1.077524345716383323e+02,3.576717535654255897e+01,1.835782045527302898e+03,1.128236159692630508e+03,1.172200618224712798e+03,1.320863089259904882e+03,1.319917567898697143e+03,1.349435194452364613e+03,1.522111117392415736e+03,1.479323568886600697e+03,1.570166584128877275e+03,1.399843003940575500e+03,1.072936527858034879e+03,1.245937146696111313e+03,-1.121147096697364560e+02,6.842283304986648318e+01,4.770874601339816223e+01,3.575870015246193390e+01,8.217439182693804867e+01,-1.689481122207409385e+02,-1.239238620198435683e+02,1.014256512704419151e+03,9.999859655986048210e+02,2.259211159565573325e+03,2.450819880945316982e+03,2.635199478853146047e+03,2.848395977218035114e+03,3.003971272858801967e+03,2.893196290528818736e+03,2.492427379688831024e+03,2.769025035595753707e+03,3.327501935543074069e+03,2.780965060052247281e+03,2.640052912731378910e+03,1.784538162417874219e+03,1.774187955220881122e+03,1.439484291851976650e+03,1.788385891312135982e+03,1.629172473916466743e+03,1.414789210815653405e+03,1.451049992890695421e+03,1.305062862447656016e+03,8.609788435989523805e+02,9.058363046324349170e+02,8.486059255171199993e+02,1.061084193353032788e+03,1.447509789813404041e+03,1.054915666810413995e+03,1.582930439530446392e+03,1.434457944277732850e+03,1.314540106301585411e+03,1.703588001660933514e+03,9.920551953908423002e+02,1.345375408629789035e+03,9.543245601077074980e+02,1.161715620244387992e+03,1.244017124741806583e+03,1.076418669604932575e+03,1.268149718808393800e+03,1.673820040272466258e+03,1.994911808348267641e+03,1.586878194794473302e+03,2.042967173194424277e+03,1.466415937605860790e+03,1.548303981640590109e+03,1.449428307987691596e+03,1.268542929478294582e+03,1.527936466907867725e+03,1.186477531373571537e+03,9.530990827452432086e+02,6.908561735745834085e+02,7.178856768147832099e+02,7.771970238660068162e+02,1.031752558733720207e+03,9.120451327622008648e+02,8.483904147420229265e+02,1.087539645336962622e+03,8.658310926281037609e+02,1.168604166231452155e+03,-2.479779797094582516e+00,-4.091622074620393686e-03,2.092953583699151965e-01,-9.156068549739549312e+00,-1.025754230103932763e+01,2.805993533933964912e+01,-6.492294285952949773e-01,9.792766643081584135e-03,-2.219879791444153284e-04,4.983251867123128303e-05,4.046518824098393699e-06,-1.227154234244209002e-06,4.540496884297950727e-06,3.102948443345421775e-06,-1.819146907751832633e-05,-1.676446707310137084e-05,5.669933520660647754e-05,2.682674337778940821e-01,3.178296348054776566e-01,-2.974654329585341497e-02,1.375504024574296207e-03,-1.600460413004370732e-06,-9.037225194662985138e-09,4.078072170199325679e-20,6.662925746418538094e-21,-9.185674674133410909e-21,-2.525412050040724576e-21,1.693694606058795453e-22,3.715829855620193855e-23,-8.203646040286499068e-23,-2.809172368210375367e-23,-8.274253025734386372e-25,-7.105908260276564743e-25,6.495932708819497009e-26,1.034825150809014191e-26,-6.201708037316765821e-27,-5.426236196729122482e-27,8.769255525142019969e-28,1.130757765195981401e-27,1.952180832807374497e-28,4.762640983698978395e-30,3.244339959605542769e-30,8.606305807707743959e-31,5.179934910153992049e-31,7.366376479673202669e-32,-3.495202012768531887e-32,-1.244867234468051026e-32,-3.927130025838194264e-33,1.930281979036600669e-34,-6.234918070596068833e-34,1.399099764383913451e-33,5.704339019721593289e-30,-1.728152289892136406e-29,1.455089707489736486e-19,3.241888730910389396e-18,-4.309753268906426012e-18,2.918365007344160938e-17,-1.030008414193968538e-16,-1.308815456055179623e-15,-7.298789567319228481e-16,-5.457146773505502114e-14,-1.563514502501268199e-12,1.151190022928497286e-12,1.325827979542425840e-12,-1.890759641943479456e-13,-1.598824491765445497e-14,-1.437260908803007156e-15,-1.352336303501178751e-15,2.726543149133114491e-16,1.867030077808382490e-17,1.649953118575335102e-17,-4.843519177176666759e-18,1.022845221823346318e-18,-3.712140193648947154e-19,8.436124134925727216e-20,-1.951571210761067050e-20,7.838696542937497085e-21,8.701022920899164433e-23,2.294321970023257906e-24,-6.520709310667647444e-25,3.496685606811378839e-38,3.417056514586863225e-38,4.986899657834507465e-38,8.158847487804131595e-38,-7.792665873747770544e-39,-5.558858499676869768e-39,-9.590887454679685013e-39,-4.020733471236579706e-40,-6.164409029203675140e-40,4.478701582191359200e-38,3.663766051138896363e-38,5.225835405052706638e-37,5.155417999249589486e-37,6.196835772868817189e-37,4.949859280832837137e-37,-2.960678818747570644e-36,7.318004019546021735e-37,-1.427292253101021684e-37,-1.305890232504567783e-37,1.936044605172916880e-39,2.504098474579366169e-39,-9.207825896556328340e-51
1.617152115890708639e-13,2.051375291165707949e+03,2.037695484738826053e+03,1.737267949864991579e+03,1.737697892282472822e+03,1.352789220373056423e+03,1.463994200734387960e+03,1.603869674291398269e+03,1.614185798287475563e+03,1.432734574226637051e+03,1.341673329862788023e+03,1.352651155334285249e+03,1.659658727130107081e+03,1.599222566185034111e+03,1.493564306669344887e+03,1.344822911033886385e+03,1.173989187095169200e+03,1.792602287785999806e+03,1.449312498063471139e+03,1.246864227190667407e+03,1.174677141551083878e+03,1.248273696990424241e+03,1.550939548446280469e+03,1.688084901731690479e+03,1.511505726356289870e+03,9.542215451433122553e+02,8.507709685787086755e+02,1.046895324634551571e+03,1.240273903235453190e+03,1.200463977240591021e+03,1.012753236719451365e+03,9.828835277700295592e+02,1.047609454591850863e+03,9.106483034528378084e+02,1.249658217142692365e+03,3.781056668913388421e+02,-2.979092101991607025e-03,-3.691733001033314053e-03,-1.241705351701290594e+00,1.732187283339464329e+03,1.954276129484841476e+03,1.998037327228109234e+03,1.818750325746731960e+03,1.702723298334888341e+03,2.006680418229002271e+03,1.777898223555294180e+03,1.956150882058792604e+03,2.478920413130803809e+03,2.452451682187499955e+03,2.330015787042080319e+03,2.198899447400935969e+03,1.986169554062321595e+03,2.106181798658806201e+03,1.702838524525225921e+03,1.425549909225948795e+03,1.117264189460340276e+03,1.032392903294021153e+03,1.463760251788579353e+03,2.475811136234750975e+01,-6.854665018722128522e+00,1.185175430283266662e+00,-4.117754772116210660e+00,2.146054954725146757e+01,2.749120019240000943e+02,1.163462179341438514e+03,1.936467970184725971e+02,2.686457747256488915e+02,2.153040577943799576e+02,-1.257109423603443048e+02,2.933000886307133115e+01,3.431168522646346020e+01,2.783681069408118347e+01,-8.444961066815274364e+01,2.678409013873874187e+02,-8.379259949893271653e+01,1.611776822097751847e+03,1.183803004023550102e+03,1.152067839149389783e+03,9.248925615561053064e+02,1.151041925884073180e+03,1.592458992092147582e+03,1.377817850569180337e+03,1.438676447631389010e+03,1.867585509506105154e+03,1.488040314195548035e+03,1.064374891456847536e+03,1.210336773152162777e+03,2.835902670008522932e+02,-8.672065133103464518e+01,-1.690262271132419514e+01,-6.590567856927582291e+00,-1.872975932671828758e+01,3.873244045016740955e+01,2.840004017883560650e+01,-1.402397773664936267e+02,-1.381728696802702814e+02,2.032605144733648331e+03,2.179708091306139977e+03,2.288019044004956868e+03,2.835239523951504452e+03,3.365456291538615460e+03,3.271930603373997656e+03,2.628545459077805845e+03,3.468240996681981414e+03,3.606983576192801138e+03,2.739794633037273343e+03,3.332747537322420158e+03,2.580068416049125972e+03,2.191086354550944179e+03,1.657838709672481173e+03,1.746901103226709211e+03,1.524637453038243848e+03,1.636609009220367852e+03,1.492175469985691734e+03,1.531528968506365118e+03,1.143046360906879727e+03,8.921683925957809151e+02,9.163021491129825336e+02,1.414651147646467280e+03,1.462351912236587623e+03,1.176963788356679288e+03,1.347952105128167204e+03,1.231375286845344363e+03,1.413551850767618362e+03,1.314935895505543840e+03,1.231755988472386434e+03,1.070232194039265778e+03,1.223671676784798592e+03,1.406132143970781044e+03,1.110233917692691875e+03,1.037702716043196460e+03,1.299401111972243370e+03,1.448249555507681180e+03,1.439454049744180338e+03,1.441074258724193896e+03,1.816083122275913865e+03,1.516088219727907472e+03,1.661966884034815166e+03,1.544361357712193012e+03,1.374974775038217786e+03,1.158572615241727135e+03,1.285661006537341791e+03,1.077669361683441821e+03,7.543209683932643657e+02,9.896622109529699856e+02,8.634045762397034878e+02,8.258694317121140784e+02,7.553200945738944938e+02,7.399884532248980804e+02,9.298002326096240040e+02,8.304019895860496945e+02,9.792960625197198397e+02,5.809404712052282704e+00,9.377958404978315463e-04,-4.797029508261779068e-02,2.098562115990151078e+00,2.351018841677404936e+00,-6.431310224511860518e+00,1.488027613636398461e-01,-2.244492707352320222e-03,5.087943157108210600e-05,-1.142156540877384499e-05,-9.274582272816621672e-07,2.812625716441467197e-07,-1.040677524135311439e-06,-7.111928024238038337e-07,4.169467237264608125e-06,3.842399748677482556e-06,-1.299543316217769982e-05,-6.148663811567894183e-02,-7.284624698017724831e-02,6.817879147935647019e-03,-3.152642010795912329e-04,3.668239892074711015e-07,2.071323332861025817e-09,-1.225486448970719755e-20,1.016629090242049627e-20,4.631430448455903704e-21,1.145891263403851014e-21,3.884647809185068660e-22,-6.312349367504008341e-23,-2.102985957755522787e-23,-8.388394158141893468e-24,-1.916571693137054624e-25,1.249097534521057342e-26,-9.364129503447950932e-26,-1.676165101293688563e-26,-8.031304739727295809e-27,9.005443855705961602e-29,1.473507538569453629e-28,1.761638868284098927e-28,2.417626772894419009e-29,1.650978005831134855e-30,-5.147785529424568122e-30,1.043044403926172847e-31,1.156484165823281561e-31,2.426608970773213585e-32,1.605423498720199298e-33,1.112253713119982123e-33,6.833071886170923819e-34,3.009798153892017079e-34,-1.096615252756983997e-34,-5.220681637419090493e-34,-1.306797985974183169e-30,3.963630495625115284e-30,-3.335051631512404490e-20,-7.430377828633769469e-19,9.877913091475298535e-19,-6.688864562092044089e-18,2.360769390744606634e-17,2.999792452381610843e-16,1.672875557380506693e-16,1.250772798179001748e-14,3.583560220116179108e-13,-2.638516473855254062e-13,-3.038784992786718548e-13,4.333602936097020106e-14,3.664490376310729119e-15,3.294188196191898244e-16,3.099541816652807604e-16,-6.249210705773946459e-17,-4.279215003053185136e-18,-3.781676697801170832e-18,1.110129942570584017e-18,-2.344351422643160263e-19,8.508189663846075468e-20,-1.933551547716288882e-20,4.472982467651690606e-21,-1.796621717540495072e-21,-1.994266094991127006e-23,-5.258563915303141334e-25,1.494540310009960732e-25,-9.196063838746423485e-38,-8.877232699634305958e-38,-1.182521915274988773e-37,-1.913432899235443655e-37,1.807764474203750102e-38,1.302238066322182554e-38,2.247613399697371908e-38,9.467960141999281970e-40,1.444627026572286666e-39,-1.049233660406249602e-37,-8.583186057180147633e-38,-1.224268706769320764e-36,-1.207771853796687095e-36,-1.451747231519139909e-36,-1.159615128060571199e-36,6.936051618352600349e-36,-1.714405943019061787e-36,3.343750993620782524e-37,3.059339636283436972e-37,-4.535617045908503417e-39,-5.866410151126274607e-39,2.310081130327180979e-50
3.804919387769592982e-13,2.466193134808028390e+03,3.609317987675378390e+03,1.436711653237493465e+03,1.317509423767308363e+03,1.605172843047557762e+03,1.614975948498992921e+03,1.355175590859625572e+03,1.428102419198910638e+03,1.425480083288023479e+03,1.312071817101196757e+03,1.416154575585971088e+03,1.423347550481159487e+03,1.366612284858418661e+03,1.312176662361385070e+03,1.210750634607342135e+03,1.234420476210048264e+03,1.381221612525237560e+03,1.632376573203859834e+03,1.421287548009899410e+03,1.432450707939561880e+03,1.260777477105574462e+03,1.088107009918794120e+03,1.150558574781668312e+03,1.308804923166089111e+03,1.154426318912960369e+03,1.119632115417152136e+03,1.211466963342698136e+03,1.104582973675193443e+03,1.330417729805112231e+03,1.348619338766213559e+03,1.304694456698831345e+03,1.059357918638554565e+03,9.930950114189523674e+02,1.107228914355531742e+03,1.421408145855251860e+03,4.471637747330022938e-04,5.541316639355921845e-04,1.863808277878513109e-01,-1.237571737821027114e+02,1.611207474925820634e+03,1.636188518587198814e+03,2.108012714732304630e+03,2.072367487054564208e+03,1.692718086845664857e+03,1.754865197847854688e+03,2.139794977611692502e+03,2.372192858207817153e+03,2.460209921301405757e+03,2.464716532187488156e+03,2.249048526495310853e+03,2.072887629882830879e+03,2.156496657871388379e+03,1.782309930926931656e+03,1.567689624180161445e+03,1.494163346273950992e+03,1.258362214455259846e+03,1.367072630397261264e+03,4.907326510181865054e+00,-5.123624668707447150e-01,-2.447390959116614084e+00,6.383089952577933879e+00,-3.178976348008249886e+01,1.356354180649736008e+03,1.362460416152200423e+03,1.169982302541043509e+03,1.616053501424632714e+03,1.565848942211843223e+03,1.887196074625581730e+02,-4.347377899917167809e+01,-5.085776233448659411e+01,-4.126051789825962857e+01,1.268267445381718375e+02,1.476740080923733785e+03,1.259397430555123805e+02,1.550949360125658359e+03,1.516319482890797872e+03,1.305518586015046139e+03,1.191036841110754949e+03,1.223190930196888530e+03,1.268510024317233956e+03,1.448329164629087700e+03,1.397245462559196540e+03,1.547926171360315266e+03,1.411501845948225991e+03,1.148077267137279932e+03,1.324259797106374663e+03,1.638397549548301185e+03,1.194819403167045948e+02,1.134911987962034452e+01,-1.381107911078028661e+00,2.656998435656560353e+00,-5.828082127602308482e+00,-4.258155327569826731e+00,2.104921651779809011e+01,2.073883906240866182e+01,-1.319716861201585232e+02,-1.419016087627595368e+02,-1.481015618416883513e+02,2.432776776010382946e+03,2.315852105881618627e+03,2.356308446791986626e+03,2.276828239790203043e+03,3.767557985282085156e+03,3.382014443705264057e+03,3.341665578727948741e+03,3.304793057673915882e+03,3.298950382509187421e+03,2.291729364394235745e+03,1.728644239391529027e+03,1.677109798549272000e+03,1.460668423536435739e+03,1.664949523582627762e+03,1.580686215826378884e+03,1.562136902131658417e+03,1.578265446647602175e+03,9.264805205790313494e+02,9.481796477371128731e+02,1.333492446010789536e+03,1.252279311909216631e+03,1.099172367924037417e+03,1.126494350705204852e+03,1.330261598895105408e+03,1.171881501067697400e+03,1.304033027735750011e+03,1.536113126648704792e+03,9.235204998281825510e+02,1.249869761101288987e+03,1.495041742922390085e+03,1.065888339682049718e+03,9.724419393641859415e+02,1.397233580671338359e+03,1.299076204362070484e+03,1.711978485452504856e+03,1.578801977130458909e+03,1.396171151878045293e+03,1.605310095282940893e+03,1.617185882348258019e+03,1.601021505076075528e+03,1.578478309240446151e+03,1.201661783714270314e+03,1.417678659803562368e+03,1.165330909114034966e+03,9.518520951884215719e+02,1.123680712470296157e+03,8.768634567699980380e+02,7.641049836796195223e+02,6.415586188892939390e+02,7.973275639488894058e+02,8.452924772065988464e+02,6.526710040585436445e+02,1.007151554617750548e+03,-8.610861173111727496e+00,-1.407637885255960761e-04,7.200374303346587269e-03,-3.149956177656078604e-01,-3.528895460229660719e-01,9.653440904971991587e-01,-2.233539688142760146e-02,3.368998999529918903e-04,-7.637037692270123716e-06,1.714384827764285627e-06,1.392121181577053263e-07,-4.221770555817177933e-08,1.562064125300830138e-07,1.067505290612749056e-07,-6.258399015919049387e-07,-5.767468464782894555e-07,1.950623460634400980e-06,9.229186694071439545e-03,1.093427180190969031e-02,-1.023368351926041454e-03,4.732137353560686779e-05,-5.506053321548995217e-08,-3.109070577390322815e-10,-3.098994636986228927e-21,-4.442826647541085375e-22,4.224523998721825978e-22,2.996044442489525404e-22,1.021434040089126642e-22,-2.026951526202435585e-23,-3.952078472876483625e-24,-8.283972085105684999e-25,2.088537035572103482e-25,7.861235807494954185e-26,-3.943409900287311011e-26,-6.960022675817310188e-28,3.135332909720755234e-28,-1.353730957020399074e-28,9.440384043986181204e-30,-3.018130711428380717e-29,-1.079210289353166621e-29,4.536765442012428287e-31,-8.774175375162720316e-31,-2.784208166843087096e-31,-1.896999133055967868e-32,-1.345532928521211384e-32,-2.233384200756003088e-33,-1.599053338386769514e-33,-1.265021083935918870e-33,2.280561107462009671e-34,1.998807134499708577e-34,2.715761981212577876e-34,1.965078183099838358e-31,-5.948598493801466498e-31,5.005935449535292707e-21,1.115304825398586237e-19,-1.482681552657327319e-19,1.004003173807652383e-18,-3.543531101479175416e-18,-4.502709114524962695e-17,-2.510997723760174623e-17,-1.877418577438288501e-15,-5.378948551175761674e-14,3.960431384584626328e-14,4.561237186005721424e-14,-6.504767829389041216e-15,-5.500425272556181871e-16,-4.944599151910535498e-17,-4.652433596735500590e-17,9.380108274202521519e-18,6.423131167611969768e-19,5.676322747547749275e-19,-1.666312683316180868e-19,3.518887618376480894e-20,-1.277085123575509569e-20,2.902274179133223063e-21,-6.713977465412772372e-22,2.696741561737188373e-22,2.993407132407839009e-24,7.893140624350557961e-26,-2.243315290296024743e-26,1.414440311306074205e-37,1.308422055369003632e-37,1.753950406483394454e-37,2.835506910766001288e-37,-2.680333185110177455e-38,-1.930139769192613428e-38,-3.331329958857098733e-38,-1.402874765575970532e-39,-2.141304995387150923e-39,1.555203668746057369e-37,1.272224420441358080e-37,1.814646132908666274e-36,1.790194026637016041e-36,2.151821316650547481e-36,1.718814747737427013e-36,-1.028081431851479334e-35,2.541141579764918365e-36,-4.956203469086839885e-37,-4.534640811309556075e-37,6.722821460213028614e-39,8.695361107259638549e-39,-8.102083511733114060e-52
4.713617252707469989e-15,5.473952963249477222e+01,8.425450500328112469e+01,2.897942901684379180e+01,2.596895602070651066e+01,1.335204544435761363e+03,1.394321989282287632e+03,1.535766853392718531e+03,1.505366295025508862e+03,1.435476567224927521e+03,1.274925745426660569e+03,1.305768012399680629e+03,1.107218435566273001e+03,9.790291475874853404e+02,1.026070523454339082e+03,8.235803914317201588e+02,9.770663527016006356e+02,1.503827127029858275e+03,1.384095365991832296e+03,1.726265801281761924e+03,1.634920917836216859e+03,1.294675402602892291e+03,1.110233615115680777e+03,9.490748914070985620e+02,1.110815851048084141e+03,1.406219424971081480e+03,1.300148013087247818e+03,1.334379090242947314e+03,1.422311568247675268e+03,1.317211749038864582e+03,1.307418559646246649e+03,1.720386871203690362e+03,1.952000039534840653e+03,1.754725566012265062e+03,2.313806751697308073e+01,3.493798292559062446e+01,4.485308304027188270e-05,5.558257379934674556e-05,1.869506256088183591e-02,-1.241355204638159471e+01,1.680362751484504088e+03,1.368004747559076804e+03,1.609190953087021171e+03,1.997871838715994954e+03,1.945139247996040922e+03,1.997695395774222789e+03,2.087448623295133984e+03,3.028766476554103974e+03,3.033752406159893781e+03,2.292565393657017921e+03,2.332038035851379391e+03,2.065807180796345165e+03,2.029044684251332910e+03,2.063533446570615979e+03,1.772269218842193823e+03,1.715796185244374556e+03,1.944190536453262439e+03,2.056738204339634194e+03,8.473847425661560351e+00,-1.477917047474091472e+00,-2.346045196839890767e+00,5.976134721100118341e+00,-2.963062257700607915e+01,8.559216179224434882e+02,1.286211923311229839e+03,1.464758870231289166e+03,2.068507786096992731e+03,2.519636986168974545e+03,2.608926883549340801e+03,-4.052358928094706414e+01,-4.740648547132147428e+01,-3.846052308426841648e+01,1.803075787729895183e+03,1.552360397108777534e+03,1.890755713954346447e+03,1.733078720927393078e+03,1.698599504630581578e+03,1.681494820403861695e+03,1.553875997711167656e+03,1.891853495104868443e+03,1.253154324373141662e+03,1.253882117668791579e+03,1.444960567485916727e+03,1.398075243275824050e+03,1.631602670224186340e+03,1.337106199250942382e+03,2.413812477386042701e+03,1.893537288777778258e+03,1.711404791422853805e+03,9.294453875167819845e+00,-2.332444330557139178e+00,1.236504583029869042e-01,-5.978404470815293914e-01,-4.227576988228846644e-01,2.110550985540224467e+00,2.079295077419754723e+00,-1.323728614792674740e+01,-1.423326700089168284e+01,-1.485540643973707020e+01,5.007053160574124462e+01,4.411151871685260062e+01,4.562359243440177892e+01,4.687995241446183314e+01,8.157695411757053705e+01,7.109749639555353440e+01,3.938851487062752312e+03,2.804340901585193478e+03,3.194469923204501811e+03,2.661450315951735320e+03,1.964722457469170195e+03,1.682302273379954386e+03,1.536233892669910347e+03,1.816674908664985423e+03,1.361108631531672472e+03,1.232863979553754461e+03,1.404415399466041663e+03,9.527335626863082325e+02,1.074440533710697537e+03,8.654639397714338429e+02,9.775464602233142841e+02,1.002798794902915461e+03,9.882967132624795568e+02,1.223481686834918492e+03,1.092089230032964906e+03,8.497262140080508743e+02,1.094129327650171945e+03,9.885814960004033765e+02,9.435381754884830343e+02,1.374454580350475680e+03,1.098000190402782209e+03,1.138883317722555603e+03,1.367243026419281250e+03,1.504451757287795090e+03,1.622826410803346334e+03,1.573400595510406674e+03,1.550745634745705956e+03,1.793456238320476814e+03,2.029132131673992944e+03,1.553499547521659906e+03,1.804910409664454619e+03,1.619462003029752623e+03,1.356983897805678225e+03,9.026664870546815109e+02,9.333992958525431050e+02,1.106052565671022876e+03,9.275271590604947960e+02,1.079092628969676298e+03,6.664917982794436284e+02,7.099353290196723947e+02,7.305090109645117309e+02,6.862324700851785337e+02,1.022482161077804221e+03,-8.026515978918780547e+00,-1.411940116179494143e-05,7.222387069549201068e-04,-3.159586128235319924e-02,-3.539683892501413465e-02,9.682953111997262552e-02,-2.240367997998760075e-03,3.379298601184296553e-05,-7.660385412486558363e-07,1.719625993131859230e-07,1.396377132308579535e-08,-4.234677224835812554e-09,1.566839620412008966e-08,1.070768835441260300e-08,-6.277532003751511643e-08,-5.785100594606479487e-08,1.956586847574781758e-07,9.257401883978490622e-04,1.096769972634256598e-03,-1.026496962642414518e-04,4.746604300489396513e-06,-5.522886260981215734e-09,-3.118575533945073132e-11,1.838428416987022497e-21,-1.465199252800963126e-21,2.206464989231149530e-22,9.416310539594045964e-23,2.794622500664296687e-23,2.604906517419764030e-24,1.106173778942765637e-24,3.245510002884354592e-25,-3.592704180990868466e-26,-4.440912866898958991e-27,4.920156673120686046e-27,-4.343723563958349109e-28,7.395491732215242942e-28,1.464698276828625832e-28,-1.421631816747870398e-31,4.179612262134068614e-30,-5.525487295596844199e-31,-7.430227861829078962e-32,-1.509553550707602146e-31,3.081864459278168880e-32,2.354797930941318879e-33,2.830772064812603602e-33,9.170516696177926870e-34,-8.385502661081590153e-34,-9.392465389390303361e-34,1.958021260585559509e-34,1.863187691819872688e-34,2.530369785528132463e-34,2.003434671618761670e-32,-5.966654524059510859e-32,5.021239443707686287e-22,1.118714501515768806e-20,-1.487214361773551603e-20,1.007072581888324572e-19,-3.554364277390555697e-19,-4.516474660393322328e-18,-2.518674269916354119e-18,-1.883158164625516291e-16,-5.395392909698626503e-15,3.972539095408359196e-15,4.575181662120493634e-15,-6.524654008495805840e-16,-5.517241006030698847e-17,-4.959715630611059922e-18,-4.666656875753859867e-18,9.408784856991158557e-19,6.442767769590252508e-20,5.693676229453243762e-20,-1.671406883960575482e-20,3.529645454977374485e-21,-1.280989389518294110e-21,2.911146923811685102e-22,-6.734503233879465090e-23,2.704985958325628275e-23,3.002558485982176274e-25,7.917271293978308816e-27,-2.250173486552982133e-27,1.314862422663751647e-37,1.220880903671675409e-37,1.634641892653846547e-37,2.643090451420465515e-37,-2.498612295015471727e-38,-1.799020425846147035e-38,-3.105191749086434184e-38,-1.307670696272429781e-39,-1.995993331488312594e-39,1.449665531753406008e-37,1.185889566916063453e-37,1.691501780838716896e-36,1.668709027307414398e-36,2.005795798048479482e-36,1.602173643268315144e-36,-9.583144288217331303e-36,2.368696258992978303e-36,-4.619868766668490995e-37,-4.226913923710156212e-37,6.266601660250451001e-39,8.105282086352350851e-39,-2.501388132684307191e-52
1.522498520944324543e-15,-8.965019615955687016e+01,-1.379986904866069040e+02,-4.745427667018594065e+01,-4.252295992575805883e+01,1.470007715363032617e+02,1.447333729988006326e+03,1.659416803384070363e+03,1.712612552215766755e+03,1.423427136805907139e+03,1.278618488551211840e+03,1.120306256246987004e+03,1.132032384433013931e+03,1.097667963346686520e+03,1.201041015611697730e+03,9.445044539230835881e+02,9.744797788448602205e+02,1.472956755493601349e+03,1.475423896657396881e+03,1.545892220508521632e+03,1.398392931888183739e+03,1.312560326570241614e+03,1.235732458681296748e+03,1.307454042102073117e+03,1.232739296405621644e+03,1.280755312541818057e+03,1.386832773805405623e+03,1.362042501822663098e+03,1.451107805874444239e+03,1.560724203817253226e+02,1.517011763657554866e+02,2.187502018196155120e+02,2.670934369598715534e+02,2.379888374716105659e+02,-3.789110357762971404e+01,-5.722824756814638647e+01,-7.354337301482014662e-05,-9.113598646356034711e-05,-3.065336577208015514e-02,2.035388489217682917e+01,2.323922046321392827e+03,1.383888530471939930e+03,1.460303991591630165e+03,1.810245729653272292e+03,2.699164748019547460e+03,2.543281790664505024e+03,1.997693971727280768e+03,2.768094266814826369e+03,2.726110869585393175e+03,1.996987538137416777e+03,1.988443215066233961e+03,1.950669318182641973e+03,2.088759182784566747e+03,1.668841782247657648e+03,1.846329957535588392e+03,2.633299930790602502e+03,2.387122010151247650e+03,2.488117690230195876e+03,-1.397238198028342140e+02,2.491233483857986997e+01,3.696186266331844905e+01,-9.391850892523095240e+01,1.446200708426452138e+03,1.190600736139514993e+03,1.436334235079423934e+03,2.016361415931456804e+03,2.911738330169018809e+03,2.773613675865753521e+03,2.656103658033784541e+03,2.059067843886732589e+03,2.361753476245574802e+03,2.038299798933109969e+03,2.154020349796870505e+03,2.312203023794450019e+03,2.571505338269293134e+03,2.212083142188666898e+03,1.663415775202158102e+03,1.796094632826452425e+03,1.538126988150511806e+03,1.356791020784027978e+03,1.661527866397579146e+03,1.335863765314257080e+03,1.455771941471897435e+03,1.480929396521298031e+03,1.596847896177361235e+03,2.018081030547581122e+03,2.310316871771558453e+03,2.580174619067792719e+03,2.051335865734104118e+03,-1.438196433410907957e+02,3.841127304026467471e+01,2.049462195067203840e+00,1.189142484406900513e+00,6.244455920378096936e-01,-3.447862752253612051e+00,-3.394670569928802450e+00,2.170091932547039448e+01,2.333323624463935886e+01,2.435724813187701088e+01,-8.199435342977416497e+01,-7.222626474138162678e+01,-7.470417176966581962e+01,-7.676923305383621710e+01,-1.335984673362857791e+02,-1.164309689085493744e+02,4.885295128190856531e+02,2.854158320562918107e+03,3.003611388305129822e+03,2.369510937897073745e+03,2.027252212926477114e+03,2.277027162145240254e+03,1.303177263961548533e+03,1.669825485041102866e+03,1.309390522019736181e+03,1.568095407344226032e+03,1.446335113289335141e+03,9.639594348281468683e+02,9.890060764336459442e+02,8.528466475752973111e+02,8.067632393858531259e+02,9.454222356319459095e+02,1.098732723076359207e+03,1.148610464826143016e+03,1.398650141177606201e+03,9.866495418190419286e+02,1.002862723311525656e+03,9.636566102130362879e+02,1.133629908204842877e+03,1.295917021523006269e+03,1.316208865754566887e+03,1.110343052925471056e+03,1.171567039948443380e+03,1.208925816236294395e+03,1.694024829564890297e+03,1.706601565042957645e+03,1.506112085297324484e+03,2.140619400455955201e+03,2.148058547701605221e+03,1.686590155723635689e+03,1.833157741400039640e+03,1.351620003798542029e+03,9.826402401389949546e+02,7.199282780832563731e+02,9.206821433157527963e+02,8.033894808271046486e+02,7.085448080374059145e+02,9.877989858729231401e+02,7.296851476659011269e+02,7.945365275255181814e+02,9.076924416003281522e+02,6.950926345001352047e+02,7.720342480665808580e+02,3.456202746084944124e+02,2.315069885482557208e-05,-1.184218944820096412e-03,5.180616484366298152e-02,5.803843914576094221e-02,-1.587665740809317827e-01,3.673420160241263992e-03,-5.540868116387019063e-05,1.256035358231705716e-06,-2.819585352414271518e-07,-2.289570246284691955e-08,6.943389971643045000e-09,-2.569069123741665381e-08,-1.755686490156936802e-08,1.029295751401145649e-07,9.485542184262243667e-08,-3.208118299118119519e-07,-1.517890219037185563e-03,-1.798319263719547765e-03,1.683096098661180870e-04,-7.782771377595307547e-06,9.055602361595262276e-09,5.113373447230195678e-11,-8.841792986537054796e-22,4.799064366503856965e-22,1.259151320766136901e-22,4.668648797795557674e-23,1.296373402189180502e-23,-4.429732955621740478e-25,1.629490173702670454e-26,1.112218115217829203e-25,-1.931906670452349967e-26,-1.069623610501526746e-26,-4.116128703288044036e-27,-9.700289620138373721e-28,1.151296777328749707e-28,9.821789662273247059e-29,-2.829987813956518866e-29,-3.334748207572074709e-30,8.014524290665403917e-31,3.092055341005587245e-31,3.075197378643232415e-32,-1.110884690601888949e-32,1.991861203259690167e-32,1.038548943335551888e-32,1.268622846012054243e-32,9.964435459374906761e-33,1.206134028289485200e-32,-3.114517427235795901e-33,-2.848810476571999762e-33,-3.745714954520359522e-33,-3.729939091710410359e-32,9.894733423080810573e-32,-8.233076984834282280e-22,-1.834300618065107731e-20,2.438511540969721440e-20,-1.651246906061593153e-19,5.827914612719994687e-19,7.405439233878977591e-18,4.129745134930158148e-18,3.087720933809783172e-16,8.846557844342513148e-15,-6.513575097240696809e-15,-7.501698189499406155e-15,1.069815119427569581e-15,9.046346117498268077e-17,8.132199443495651353e-18,7.651685555067517898e-18,-1.542711733425844918e-18,-1.056388639442465150e-19,-9.335638192405044403e-20,2.740522873470489084e-20,-5.787384387029240331e-21,2.100374694119443793e-21,-4.773263057188288312e-22,1.104223054901734980e-22,-4.435231159059234446e-23,-4.923146056495182696e-25,-1.298155659506130364e-26,3.689497744393903330e-27,-2.063875383160510531e-36,-1.917722874475150059e-36,-2.568281988268948250e-36,-4.151756347926468737e-36,3.925026453779260542e-37,2.826071163612313121e-37,4.877706976587035519e-37,2.054084500828392569e-38,3.135323234696258720e-38,-2.277156982190266861e-36,-1.862813615395535518e-36,-2.657037073284633634e-35,-2.621233864384467631e-35,-3.150734960302025273e-35,-2.516719057441424162e-35,1.505335077858522255e-34,-3.720784598681324651e-35,7.256961077086767411e-36,6.639701552101816207e-36,-9.843674491829391381e-38,-1.273190204964732639e-37,2.752351762798234481e-52
9.375797006073991888e-15,4.601945839268872618e+01,7.083782598524682328e+01,2.435934559353394846e+01,2.182798999741853052e+01,-7.299498113233039476e+01,1.724595265942532478e+03,1.426822563457559454e+03,1.418799499448452934e+03,1.285920731833824448e+03,1.271248758558796652e+02,1.663285535647886263e+03,1.000327804833732785e+03,1.094181187783525729e+03,1.296738487828523375e+03,1.052989620592845768e+03,1.103680009498656091e+03,1.427869182312103476e+03,1.672647197577259931e+03,1.278083147920184501e+03,1.329426544776119044e+03,1.372961760438406600e+03,1.236715606365710300e+03,1.261594303781641429e+03,1.493237567585553052e+03,1.546324454138381725e+03,1.438785173828117877e+03,1.374571466742234406e+03,3.156708398113158296e+02,-7.767319652273992858e+01,-7.545088352549969102e+01,-1.090838291611444362e+02,-1.334479939635891412e+02,-1.188797708951078533e+02,1.945035414579961142e+01,2.937654428732731660e+01,3.775146447888855645e-05,4.678214784006615797e-05,1.573506083861785781e-02,-1.044810607283008608e+01,5.778858286413685619e+02,1.958634861775469744e+03,1.797890983531330221e+03,2.113489256348477738e+03,2.767267236629289528e+03,2.851119082258199796e+03,2.635109901305003405e+03,2.258676137764337909e+03,2.407126830457240430e+03,1.997161908323062335e+03,1.987691129107004826e+03,1.984835100885311931e+03,1.713660661951806333e+03,1.428183169370461428e+03,1.681328134864790627e+03,2.518572714747582268e+03,2.484284151873204337e+03,1.975348236268028813e+03,1.401235752951127324e+03,-1.295924461088149542e+02,-1.909678983008707860e+02,9.933254723862122546e+02,1.541214550818611770e+03,1.720233146580441598e+03,1.609664729466220706e+03,2.421297311432810147e+03,2.764711620584260800e+03,2.705832472897428033e+03,2.301245010174531672e+03,2.507990263167767353e+03,2.674115815573385134e+03,2.911004177035794328e+03,2.568532115442840222e+03,2.294877137824596048e+03,2.862660375445888803e+03,2.491036436569587295e+03,1.958653243124295386e+03,1.719893911369220632e+03,1.618469429861825574e+03,1.559753313542900742e+03,1.530660628821381351e+03,1.596595947573221338e+03,1.532193412200170997e+03,1.298827495541152075e+03,1.405626944451395048e+03,1.562220688918907626e+03,1.841402945645803584e+03,2.129155734231528186e+03,2.053269983908682207e+03,1.444187916314273480e+03,-1.993557295696011238e+02,-1.274960766112570099e+01,-1.695369165166199732e+00,3.642588788129790672e-02,1.703888665789712320e+00,1.666490122720312606e+00,-1.112086366630313172e+01,-1.195490734007379707e+01,-1.250091929668637114e+01,4.209156359041496387e+01,3.707483590971218490e+01,3.834681490988034369e+01,3.940743948812555431e+01,6.857904087256380876e+01,5.976658618071777340e+01,-2.434470112038299874e+02,6.573131281499094030e+02,2.429365171196102438e+03,2.203318118494292776e+03,2.278339969809943796e+03,2.497032775776448034e+03,1.816780057967583389e+03,1.751216062642123688e+03,1.288038040684582256e+03,1.341415664643859145e+03,1.376552267117023121e+03,1.050906297900620302e+03,9.649740981228623014e+02,9.398057221749265864e+02,7.711621219009902006e+02,8.257065221797579397e+02,1.019258218592653748e+03,9.161875576286298610e+02,1.201779380191686187e+03,9.288384443347034676e+02,9.474997392749734217e+02,8.534483705325953906e+02,9.901962541950855439e+02,1.307680385669591715e+03,1.060783812543896374e+03,1.176637701609565283e+03,1.192510390273897656e+03,1.408561038421447620e+03,1.702043724372332235e+03,1.864451263999977073e+03,1.396656909288531097e+03,1.907289768286246499e+03,1.622162904621034613e+03,1.396616512525125245e+03,1.898646289764016728e+03,1.166620562068734898e+03,1.048685928273643867e+03,7.059156778265105459e+02,8.818056662372982828e+02,7.150174829153986593e+02,8.725877194228246481e+02,8.057212984815813570e+02,9.362203882875209047e+02,1.125084661739170770e+03,9.195583123757355679e+02,8.139220159444488445e+02,8.197740692332829440e+02,1.116794218891422616e+02,-1.188282729883342504e-05,6.078861708555537450e-04,-2.659326749563692069e-02,-2.979243381343340061e-02,8.149844688642443602e-02,-1.885649038873468122e-03,2.844252000158717936e-05,-6.447511481735435861e-07,1.447356462883185467e-07,1.175287809743397021e-08,-3.564197955945106630e-09,1.318760858454718057e-08,9.012332916773532204e-09,-5.283606175391169387e-08,-4.869141759640628718e-08,1.646799147236308301e-07,7.791671270337142659e-04,9.231176514797864502e-04,-8.639710140219018569e-05,3.995071276292919738e-06,-4.648443996249858986e-09,-2.624809390029682669e-11,-4.839999401853504180e-23,1.832305895414247543e-22,-3.164421629554460682e-23,-2.538017722378721819e-24,2.621530362430949422e-24,-6.609979599223580673e-25,-8.234678285476963779e-27,5.810216168164690549e-26,1.671259757717749235e-26,1.542871883642804198e-27,-2.682318199675222346e-28,2.356914759474797999e-28,5.047839188228915242e-29,8.840925071879946391e-30,1.233411267527479686e-29,-8.971377389917185786e-31,-1.707443330539207843e-30,4.220873647392062136e-33,2.664550126968027712e-31,2.160228700542784065e-31,-5.028335931050152472e-32,-3.801450999803284634e-32,-6.452957853178194843e-32,-5.141402371805299970e-32,-6.234070762441254106e-32,1.613800596617281704e-32,1.474074934042252806e-32,1.931352449709649034e-32,4.261316487724953495e-32,-5.610200869562933894e-32,4.226223254085532396e-22,9.415876884692544243e-21,-1.251742720116408074e-20,8.476221084258471346e-20,-2.991599411103050126e-19,-3.801378215576276264e-18,-2.119890893167356684e-18,-1.584996476625611596e-16,-4.541136752357627628e-15,3.343564331322076299e-15,3.850790098571075879e-15,-5.491601188328033882e-16,-4.643692558342424597e-17,-4.174440547401971727e-18,-3.927781980629043163e-18,7.919085676282191720e-19,5.422680052234384330e-20,4.792192675183369655e-20,-1.406771917435930615e-20,2.970794336326679134e-21,-1.078169485240804500e-21,2.450223090049678896e-22,-5.668224845917044434e-23,2.276703727709343208e-23,2.527161397948556998e-25,6.663724385134642873e-27,-1.893902083307310103e-27,1.065973858215124048e-35,9.905132408070455111e-36,1.326519123419881526e-35,2.144386269096280354e-35,-2.027284022682946249e-36,-1.459667902383997491e-36,-2.519339675677783903e-36,-1.060936712561263677e-37,-1.619397518878954135e-37,1.176153662555036830e-35,9.621449350292770600e-36,1.372362077050912377e-34,1.353869686927502528e-34,1.627357486966809951e-34,1.299887693608881838e-34,-7.775069436854169486e-34,1.921788646251403731e-34,-3.748227029636814769e-35,-3.429411920767834102e-35,5.084266872771091185e-37,6.576039046406764497e-37,-1.315654979307180875e-52
-2.644435362616470264e-15,-1.761337192179447086e+01,-2.711229159984493364e+01,-9.323234751033142587e+00,-8.354390067980871137e+00,2.793791574288428237e+01,6.102287011612787637e+02,1.701731969935841107e+03,1.231044775211213846e+03,1.291666452469718706e+03,8.478776440652287647e+02,4.705088887567881670e+02,1.008664863779368716e+03,8.103805507793659899e+02,1.134639563808251069e+03,1.103945502107810626e+03,9.501825456035470552e+02,1.186029349195318446e+03,1.542542236876708557e+03,1.350195893736660537e+03,1.344869954513727862e+03,1.459797991741108035e+03,1.086006907318130288e+03,1.109981744282247064e+03,1.352085558842559294e+03,1.514171785853941628e+03,1.520484615051394030e+03,1.217694899091324487e+03,-1.096895033978402978e+02,2.972844415150684227e+01,2.887788165655017281e+01,4.175047079593569066e+01,5.107555003888325729e+01,4.549974493150296695e+01,-7.444379693851713498e+00,-1.124350477779562318e+01,-1.444890071821197689e-05,-1.790528167627099076e-05,-6.022397665047113380e-03,3.998881876635742127e+00,-2.025813889414258711e+02,7.504213207752318340e+02,1.662261037469156918e+03,2.329081761908526005e+03,2.330943978513639649e+03,2.439292534554479062e+03,2.664122829734877087e+03,2.304070471618488682e+03,2.211980127085818367e+03,2.010804878151712501e+03,2.201986331797307230e+03,2.466782774163589238e+03,2.380296532758804005e+03,1.677338577589360739e+03,1.822516290970170303e+03,2.480443467338032406e+03,2.102072812248107311e+03,1.550513693484542046e+03,1.733747574885749145e+03,7.743403528732900440e+02,1.129815478786124004e+03,1.685795057911963568e+03,1.603270347879958081e+03,1.685133143538487047e+03,1.583940031411038944e+03,1.924460058534844620e+03,2.343086901344140188e+03,2.464739530833684512e+03,2.875501705568771285e+03,1.878517439860281229e+03,2.125516843758886353e+03,2.371803033170383515e+03,2.448081176012962715e+03,2.956754077465718183e+03,3.065579910690431007e+03,2.619101880764153975e+03,2.501635268339175582e+03,1.632583842553619888e+03,1.890838754929755623e+03,1.556437109769575272e+03,1.385654281259173786e+03,1.339679207870077789e+03,1.425071519417697800e+03,1.220871507463278704e+03,1.551979844049547637e+03,1.902735039052844286e+03,2.132722822040243045e+03,2.108634227076196112e+03,2.769133357499697468e+03,1.948173361773890974e+03,1.208611532572478154e+03,5.119539392030853264e+01,4.944679865157282528e+00,-1.427328269373884240e+00,-3.909124228129217671e-01,-3.366329654998601595e-01,4.182308742214910779e+00,4.486240210486541535e+00,4.775847824334072733e+00,-1.611802191670902928e+01,-1.418784174391198860e+01,-1.467473000396913285e+01,-1.508297620152440111e+01,-2.624756483292032172e+01,-2.287473843591373068e+01,9.317642675979082867e+01,-2.293037599937860307e+02,6.983850218714096627e+02,7.296032441481115711e+02,2.745812562200238972e+03,2.958353136329886638e+03,2.496198768198902144e+03,2.126488825229913346e+03,1.752620575054366554e+03,1.446495255188494866e+03,9.450780728168385849e+02,9.861240244480860611e+02,1.024603119622672466e+03,9.599010552901409028e+02,9.333917849267089650e+02,6.787617241997907058e+02,1.007070655024915254e+03,9.566452386638126200e+02,1.002464748394342678e+03,8.389575117171499414e+02,8.975034841324702484e+02,9.199260849990839688e+02,1.043972002969663890e+03,1.239554377382102984e+03,1.044143858298844634e+03,1.265655324443486961e+03,1.386106823170747248e+03,1.440107413300437202e+03,1.642605820521569285e+03,2.084950891676036463e+03,1.633419176472985100e+03,1.651083267409937434e+03,1.526500107963818209e+03,2.052472224874894437e+03,1.858434066472959557e+03,1.423186213743132384e+03,1.232790863844638125e+03,1.354393004316873885e+03,7.076093528982437419e+02,9.947888857789922668e+02,9.100815584828459350e+02,8.032087101325957974e+02,1.067763990742323131e+03,1.099942075306353217e+03,8.586068825253624937e+02,8.580107062210898903e+02,9.045337248311714120e+02,-3.970604656114615238e+01,4.544257271994052835e-06,-2.326608262496245309e-04,1.017824040908069105e-02,1.140268129046093093e-02,-3.119251086812577928e-02,7.217085771033290419e-04,-1.088601866858785865e-05,2.467704350818652796e-07,-5.539575773921420992e-08,-4.498267044106586195e-09,1.364152173752355375e-09,-5.047392187376023363e-09,-3.449357665003716944e-09,2.022234157154789238e-08,1.863603087647728675e-08,-6.302917694784452361e-08,-2.982164692286171895e-04,-3.533117314059933123e-04,3.306740959392809055e-05,-1.529063546184710153e-06,1.779133779993549359e-09,1.004612953236179220e-11,1.193847376183700662e-22,1.117297997443940951e-22,1.247692294682123420e-23,1.934243426414403019e-24,1.420026760693917686e-24,2.363932595694355872e-25,1.474065087842976455e-26,-9.106639571037423334e-27,-4.797730904359880259e-27,2.991594123981741614e-29,2.817453146039117135e-28,5.469454315085721422e-29,4.339610694254704705e-29,6.872453056769557458e-30,5.097409740295458979e-30,5.624317340427289056e-30,4.173439034165621531e-30,-6.454875164029908515e-31,-1.024149127389173633e-30,-8.450319718602251764e-31,2.073183157276373960e-31,1.525021800294189391e-31,2.547421733263728116e-31,2.030221050469802854e-31,2.461586837226513850e-31,-6.371699488866384106e-32,-5.820792781388236435e-32,-7.624227446948456677e-32,-1.091763339735803857e-31,4.252264905185856274e-32,-1.617534073402087770e-22,-3.603809069720161181e-21,4.790888647943150983e-21,-3.244167568737052804e-20,1.144997244842599067e-19,1.454929950609534518e-18,8.113617160891928028e-19,6.066375705537684007e-17,1.738063274984396220e-15,-1.279707414404904153e-15,-1.473841730603060878e-15,2.101841646001583413e-16,1.777315226585743629e-17,1.597714890501444618e-18,1.503309410167524284e-18,-3.030930962000926755e-19,-2.075462943476838969e-20,-1.834151788329478231e-20,5.384243504019932871e-21,-1.137034362777188146e-21,4.126558808283049941e-22,-9.377922314544095515e-23,2.169442141093659223e-23,-8.713798665296993810e-24,-9.672394037485002787e-26,-2.550456899539489754e-27,7.248675623305839852e-28,-4.209154205810351580e-35,-3.911192735499284569e-35,-5.237966488186220582e-35,-8.467441165548907419e-35,8.005045013223910240e-36,5.763725195977762970e-36,9.948003225559391556e-36,4.189273038883883075e-37,6.394442081740313114e-37,-4.644224994545938620e-35,-3.799178370903890456e-35,-5.418984323870844404e-34,-5.345964255868712261e-34,-6.425873214273653291e-34,-5.132807990144808581e-34,3.070106650415243941e-33,-7.588480272063206887e-34,1.480045525562549706e-34,1.354156439434010617e-34,-2.007601561034551224e-36,-2.596650920449185842e-36,7.551652934151215046e-53
6.099754647859968589e-16,5.670540910084705288e+00,8.728672701950353385e+00,3.001570869268885833e+00,2.689655953989803727e+00,-8.994478448869763554e+00,-1.628711361286417798e+02,8.890385404185764173e+02,1.285525380618489407e+03,1.222684251615929043e+03,2.119690833618045872e+03,5.590217198322463901e+02,1.109485793663286358e+03,8.471451808246976043e+02,1.151818605108818929e+03,1.068293370290730309e+03,8.664072444051572575e+02,1.155435057646497626e+03,1.462284998600809786e+03,1.645096456424947746e+03,1.509041233071248598e+03,1.489629535144425063e+03,1.078948175700653110e+03,1.073188326245415055e+03,1.211496730164949440e+03,1.428150190937955813e+03,1.406582851077146870e+03,1.440032834215093317e+03,3.531492543489979852e+01,-9.570930512497691112e+00,-9.297095982365588540e+00,-1.344136453342616022e+01,-1.644352922805127193e+01,-1.464842542234927336e+01,2.396682463279810715e+00,3.619792626778706168e+00,4.651754590985385510e-06,5.764519584336035259e-06,1.938882145746654391e-03,-1.287420908201653669e+00,6.522010996612368672e+01,-2.018605727193887844e+02,1.466488602835689335e+03,1.773242969495291391e+03,1.984018216533972009e+03,2.285630814151776121e+03,2.330074154755745894e+03,2.110160485646862981e+03,1.971968205973398426e+03,1.753356366840184137e+03,2.110393286112944679e+03,2.186446897838177847e+03,2.816792794463644896e+03,2.843763381798206410e+03,2.626868705257661532e+03,2.314939677493186082e+03,2.305047048768477907e+03,1.539274679560873437e+03,1.439698469705667094e+03,1.329622093582962862e+03,1.810325878786918565e+03,1.964681133319909122e+03,1.623447687202322868e+03,1.850152882959782573e+03,1.297020793594738734e+03,1.432513289518725060e+03,1.950007876014884914e+03,2.143581171272096526e+03,2.582513242004639778e+03,2.357899718255017888e+03,2.288304266472062409e+03,2.192731783919384725e+03,1.980621392372432183e+03,3.034464785904600376e+03,3.293300663675041505e+03,2.636616984551093992e+03,2.386011449068015281e+03,2.053183525249127342e+03,1.831859320692163465e+03,1.466032604841191869e+03,1.490792425337501300e+03,1.415180737111077406e+03,1.465377794823883050e+03,1.524955863400483850e+03,1.692101966402119615e+03,2.109217323076500179e+03,2.604010403629277334e+03,2.530148462152460979e+03,3.155052586691789656e+03,2.553793947956050943e+03,2.271011316864455694e+03,-1.719646938573795580e+02,-1.601300207628827721e+01,5.204290453293142882e+00,-7.511010291714631526e-01,-9.027415112726684399e-01,-1.097844315956197914e+00,-1.144370412494911449e+00,-1.508279330257424666e+00,5.215984972780755236e+00,4.560698937573395284e+00,4.717632277600974255e+00,4.856804500848425299e+00,8.449589775198122155e+00,7.363826416816228182e+00,-2.999813879391520999e+01,7.382338863802746687e+01,-1.820178228696046858e+02,-1.934048650671119844e+02,1.303346703142344950e+03,1.456976196404943721e+03,2.272817458180632912e+03,2.858247252159068466e+03,2.262091924814056256e+03,2.027051635335308447e+03,9.538884340636273009e+02,1.046643398957427507e+03,1.016194524864438222e+03,8.836618410737097520e+02,1.013707099029922119e+03,7.642552070912136060e+02,8.201414452547413703e+02,9.713891621461297063e+02,1.106602446767582478e+03,9.388532616279221656e+02,8.463534482322523900e+02,9.459158975929277631e+02,1.039330815343045970e+03,1.005496631312853765e+03,1.115305995930831841e+03,1.105911896919722494e+03,1.566110709245030193e+03,1.370945134056996721e+03,1.516023757824749964e+03,1.955589429419178032e+03,2.043710877528933452e+03,1.517683931548149076e+03,1.846316326266909300e+03,2.006156432666463843e+03,1.975954393165965712e+03,1.703172015004406148e+03,1.310690563382468326e+03,1.578759685554347470e+03,7.538922679277303587e+02,1.166247537946316697e+03,7.383301314728578291e+02,8.405644120518639966e+02,9.173648204814367091e+02,7.793593246918719615e+02,7.328142748673503775e+02,7.564826975265101510e+02,8.343549786601170126e+02,1.279574808498640692e+01,-1.450425802213440567e-06,7.490404104821232788e-05,-3.276835854522268995e-03,-3.671038744273883575e-03,1.004227979465440249e-02,-2.323506271141213028e-04,3.504701682461136221e-06,-7.944656217700656210e-08,1.783439944959935196e-08,1.448195576246863165e-09,-4.391822725994292477e-10,1.624983791566801299e-09,1.110504214624520697e-09,-6.510486219693522178e-09,-5.999781072921211645e-09,2.029194228104557031e-08,9.600936699289345361e-05,1.137470233323971787e-04,-1.064589447866453852e-05,4.922747007931302615e-07,-5.727836174014883687e-10,-3.234303389121400418e-12,4.879523809749842401e-23,-8.821727163939684533e-26,2.447010119543186997e-24,-6.526933356463962183e-26,-2.480360181804163043e-25,-1.162601593887582356e-25,-9.702949177008827534e-27,1.073310142727655446e-28,3.011211839339770807e-28,-2.582920110860124667e-28,-6.007089870575385922e-28,1.600567852645928727e-28,-1.669973601973292828e-29,-1.658579972762754259e-29,-1.539673713123281567e-29,-1.597193151406343919e-29,-1.425065975173711189e-29,2.074804417041402594e-30,3.415981642859163934e-30,2.833642658694675238e-30,-6.936441066912316219e-31,-5.105571904245081320e-31,-8.541088637050981535e-31,-6.807603781854788660e-31,-8.254968566245140492e-31,2.136834301680961370e-31,1.952059667982390361e-31,2.556802150331521351e-31,3.469104543084957915e-31,-8.434310334436361427e-32,5.207573635388022246e-23,1.160229106145288498e-21,-1.542403702956883143e-21,1.044444243803702565e-20,-3.686263906560990651e-20,-4.684077440067124908e-19,-2.612140267285702873e-19,-1.953040665179491687e-17,-5.595611646012815482e-16,4.119956859221544633e-16,4.744963011899672853e-16,-6.766778725329651131e-17,-5.721981428212588195e-18,-5.143766729884019940e-19,-4.839832797899488609e-19,9.757937373934505546e-20,6.681853753276827373e-21,5.904964022339160868e-21,-1.733431463036558773e-21,3.660627788323486705e-22,-1.328525886136083266e-22,3.019177268963571639e-23,-6.984415288363010019e-24,2.805365834242952878e-24,3.113980951167212993e-26,8.211066208340658978e-28,-2.333684386580994694e-28,1.411572139750142928e-34,1.311647964969918161e-34,1.756591333938553597e-34,2.839619899426547983e-34,-2.684551891883878652e-35,-1.932908477458985952e-35,-3.336137490564892983e-35,-1.404904136815980205e-36,-2.144424110320161124e-36,1.557475683402996422e-34,1.274082960350946296e-34,1.817297035150018862e-33,1.792809207698253985e-33,2.154964776168205802e-33,1.721325655325283989e-33,-1.029583290879236753e-32,2.544853772498838440e-33,-4.963443672726080056e-34,-4.541265180768902621e-34,6.732642404148003304e-36,8.708063609383325756e-36,-1.863231617114660488e-51
-3.764947996269404339e-16,-1.569309953303121397e+00,-2.415641323728852541e+00,-8.306782572207594972e-01,-7.443564778893198008e-01,2.489202490271461343e+00,4.507423525998171243e+01,-1.793390887761372028e+02,1.275901351539134566e+03,1.320923146174732892e+03,1.028409073562408139e+03,1.704979257262702731e+03,1.069490912443606248e+03,9.467048467552735929e+02,1.125320634856111610e+03,1.017869168280098847e+03,1.085181074771371641e+03,1.360521797526704631e+03,1.501282029465712640e+03,1.549613847187730016e+03,1.568985934916697033e+03,1.608182589207100364e+03,1.300980225290381895e+03,1.315011097232174507e+03,1.379051330692577494e+03,1.448187887002399975e+03,1.225785513766495569e+03,9.785254754916871889e+02,-9.775955568821641961e+00,2.648734354232374244e+00,2.572951239266978440e+00,3.719868612669695374e+00,4.550711209775152533e+00,4.053920107450196042e+00,-6.632766969096265397e-01,-1.001769793776525530e+00,-1.287363211886249735e-06,-1.595317574199723389e-06,-5.365814489249747269e-04,3.562909566049654031e-01,-1.804952461288174703e+01,5.586447765202075288e+01,1.659246736716371288e+03,1.601653195252751175e+03,2.126619440648764794e+03,2.593972249614210796e+03,2.394858406830967851e+03,2.215468420386636808e+03,2.006520542285220245e+03,1.744542102758259261e+03,1.932799591477333252e+03,1.563726559586791154e+03,2.215682021277164495e+03,3.361423019978031334e+03,2.966569035091325986e+03,2.082784025134868898e+03,2.456339741500089076e+03,1.697999099617336242e+03,1.704270852689614685e+03,1.258887154342641452e+03,1.454227300070794172e+03,1.794988309377609994e+03,1.399110255725610159e+03,1.835250583038272907e+03,1.165698694684461543e+03,1.590197852840622772e+03,1.694397877855245270e+03,1.764435255956283754e+03,1.876069417024389622e+03,2.659513953585852050e+03,2.626064650155821710e+03,2.510402044269361340e+03,1.958606277213834119e+03,2.605415183151420933e+03,3.100168104332169150e+03,2.519326866473555128e+03,1.846532036603846564e+03,2.155904258548216148e+03,1.945292605972588035e+03,1.581773708803476666e+03,1.898263291353843215e+03,1.751948030601920891e+03,1.769605100079075100e+03,1.801332550724270732e+03,1.618851712381643210e+03,1.580481918884237757e+03,2.250660626225564101e+03,2.502228504312661244e+03,2.593422524390248327e+03,3.005334459447105928e+03,2.086163784075471995e+03,5.696827388766220110e+02,4.586516091561379227e+01,-1.507259513324925670e+01,2.727463243974423079e+00,3.154903720417648216e+00,-4.105192581189373024e-01,-5.451012444112418587e-01,3.332820248397073692e-01,-1.520698678222849765e+00,-1.242026120915487253e+00,-1.285979969016516122e+00,-1.346731597192514007e+00,-2.336428219916171223e+00,-2.036238557006757599e+00,8.303165697088790154e+00,-2.043086285064253005e+01,5.037264640421394546e+01,5.352446974573307159e+01,-2.594209450881147063e+02,-2.915630217112433229e+02,2.280504587433020788e+03,3.323523193500533125e+03,2.341665533618368045e+03,2.101702722890073346e+03,1.058892805774049748e+03,1.181749399767921886e+03,8.484414255042535160e+02,9.109338674444992421e+02,1.071795654217169613e+03,9.413274354470229355e+02,7.979361963701603599e+02,9.163033709384893655e+02,1.169483714658111694e+03,9.431024771981727781e+02,7.720870326428261023e+02,9.535927222772816094e+02,9.285246274425866204e+02,8.221923657700608601e+02,9.670762478749385309e+02,9.795225822542590777e+02,1.487659792691774328e+03,1.205144173898430154e+03,1.701792534712297766e+03,1.361059767822958747e+03,2.265038614408934791e+03,1.534505337625088259e+03,1.792357392137273337e+03,1.881492025074024923e+03,1.793657077502316497e+03,1.610071027025646345e+03,1.350506048040138921e+03,1.532226301093734492e+03,9.049464760935247796e+02,9.040367865066413060e+02,6.401912081758097202e+02,7.301680429893212931e+02,8.266921889110459460e+02,7.418854767249525821e+02,6.365037367475105157e+02,8.674133771129709203e+02,7.855731008709007028e+02,-3.577328555320319126e+00,3.652694616957254316e-07,-2.072953163182367811e-05,9.068572475508192071e-04,1.015952046145335687e-03,-2.779179250356625299e-03,6.430253437339214300e-05,-9.699186234380906550e-07,2.198666454532389015e-08,-4.935631540318091974e-09,-4.007849987602062679e-10,1.215427456796259918e-10,-4.497107557304914644e-10,-3.073296436503866742e-10,1.801763004167530846e-09,1.660426457488572512e-09,-5.615751212881335994e-09,-2.657038501641445621e-05,-3.147924311006631334e-05,2.946228310860280380e-06,-1.362359605483287540e-07,1.585166293880532228e-10,8.950864796104230775e-13,-1.136072728433390748e-23,-2.690315791388258208e-25,1.237300666157878905e-24,4.012795909320783559e-25,2.041399314603535496e-26,1.966980730543303099e-26,-1.022034630691291250e-27,-1.720100778963704418e-27,1.750185502437302681e-27,1.303518521907626834e-27,1.643519436767701082e-27,-4.620965298389040357e-28,3.542317348773148807e-29,4.380225875756932218e-29,4.505768146155410042e-29,4.674988871920520304e-29,4.107955821552747830e-29,-6.027205828513705868e-30,-9.832435994070365367e-30,-8.143432541580784936e-30,1.993299771124786538e-30,1.467498119939011400e-30,2.454741282254781279e-30,1.956536571385219430e-30,2.372521234901419404e-30,-6.141366786940377083e-31,-5.610324095028771305e-31,-7.348364592988906130e-31,-9.917361566652922714e-31,2.263396878724438136e-31,-1.441184740627854455e-23,-3.210908998585331808e-22,4.268568944942249152e-22,-2.890476893580804628e-21,1.020165576934809175e-20,1.296308317900877182e-19,7.229041789620316230e-20,5.404997871757087777e-18,1.548573441254936749e-16,-1.140189165174236494e-16,-1.313158268444285278e-16,1.872691401727493929e-17,1.583546005627085978e-18,1.423526336318377693e-19,1.339413276881392299e-19,-2.700488099361071030e-20,-1.849188599077789147e-21,-1.634186043464568082e-21,4.797234146524740680e-22,-1.013070836564112818e-22,3.676666704992529099e-23,-8.355507902992915861e-24,1.932921850452356150e-24,-7.763789376436835008e-25,-8.617872701510774928e-27,-2.272372189771924801e-28,6.458648516274539726e-29,-4.056931528454798965e-34,-3.769744446737253252e-34,-5.048534850913831091e-34,-8.161215279060900257e-34,7.715541761122104565e-35,5.555279495731905005e-35,9.588232663217982308e-35,4.037767558732701060e-36,6.163186426612548203e-36,-4.476266119779197673e-34,-3.661780694223818175e-34,-5.223006198238077654e-33,-5.152626908508268554e-33,-6.193480848320505243e-33,-4.947179461065924129e-33,2.959075927519297565e-32,-7.314042102244311153e-33,1.426519526848502788e-33,1.305183232472545503e-33,-1.934996444017346114e-35,-2.502742772741387088e-35,4.312869969929143041e-51
7.418569834208407020e-17,3.573784101272163283e-01,5.501131589043598558e-01,1.891700707484950950e-01,1.695120419497807562e-01,-5.668652177841161377e-01,-1.026473992663720480e+01,4.084082834317363364e+01,1.737830836905880233e+03,1.913201541095908851e+03,1.472763872563324981e+02,1.317923755258352458e+03,1.145952292395488030e+03,8.944088548680850863e+02,9.432743198787427445e+02,1.277512813863550946e+03,1.335248926542404661e+03,1.255543909783573781e+03,1.335221089671093750e+03,1.134594549297989033e+03,1.240350866119179273e+03,1.591377792802527892e+03,1.352724644248055711e+03,1.573260086718503089e+03,1.533972493307382365e+03,1.610774886232967674e+03,1.675076229082917507e+03,-1.325699237824896670e+02,2.232373354774344953e+00,-6.031953537053219572e-01,-5.859372912744734707e-01,-8.471243860279861204e-01,-1.036331881840187874e+00,-9.231978168072960678e-01,1.510477716125901981e-01,2.281326868918824302e-01,2.931711814993255187e-07,3.632993031902098148e-07,1.221955102139821116e-04,-8.113801568661639652e-02,4.110411965366111531e+00,-1.272199807485151268e+01,1.870703312091883618e+03,2.034835163233876983e+03,2.101026987819932401e+03,2.715496786722354045e+03,2.690454286906443485e+03,2.753459971138059245e+03,2.051114700110707872e+03,1.857342227980941743e+03,2.007054451594126931e+03,1.820399284248070217e+03,2.076024073589810541e+03,2.630448106748535793e+03,2.602680007070232477e+03,2.243060777241682899e+03,1.739248502821210877e+03,1.822679614391243604e+03,1.639052762676845077e+03,1.561416233215191141e+03,1.855567841160295302e+03,1.580343335124385476e+03,1.467842605475720575e+03,1.663743644907590806e+03,1.484695598194676677e+03,1.752938241587030461e+03,1.759864285985456945e+03,1.649497532772408022e+03,1.864713929874512587e+03,2.136030900481739081e+03,2.853235144287737967e+03,2.638889915514089807e+03,2.532082031337645731e+03,2.898856001676300366e+03,2.422844839535827305e+03,2.455178467659211492e+03,1.995573325839281551e+03,1.971530684685675624e+03,2.534761733282799469e+03,1.614599131848152183e+03,2.295505681906201971e+03,1.798353060917464973e+03,1.922686364568723320e+03,1.813444480548761931e+03,1.489564297824132836e+03,1.527295312070388718e+03,2.109082055900063551e+03,2.310120825234956101e+03,2.446433673594477568e+03,2.222860910949259960e+03,1.895588736208463388e+03,2.067350012904432333e+03,-1.066590880835340158e+02,3.508850425052493449e+01,-6.471959503755444487e+00,-7.464422109348293866e+00,1.752290615194429524e+00,2.125355644027520086e+00,1.194650381215079105e-01,5.255443971975757300e-01,2.360843547021003186e-01,2.473081568109769257e-01,3.127780406910780076e-01,5.274819578099922968e-01,4.598002596412201770e-01,-1.893769382686404823e+00,4.653640848902198535e+00,-1.147043249303406043e+01,-1.218932003757485738e+01,5.907764466781597434e+01,6.639732139665838417e+01,1.906303832085312706e+03,2.046474668865379499e+03,2.406322075208445312e+03,2.308227448170968728e+03,1.319012072563702532e+03,1.207638367914223636e+03,9.799134128896598668e+02,9.555800210923820259e+02,1.043636639799757177e+03,8.879436824036885127e+02,1.011799079203407473e+03,9.756675101672957453e+02,9.996676795735519363e+02,8.652173379931978161e+02,9.168904885517240473e+02,1.101765568059488032e+03,1.020824502185827328e+03,9.509159314299515700e+02,8.616524610491762814e+02,1.039050462311979800e+03,1.189212802559821966e+03,8.920463932074426339e+02,1.794822084974548034e+03,1.259870276210834845e+03,2.175358680821011603e+03,1.628924826901961296e+03,1.508202894368491343e+03,2.410040758438756257e+03,1.432584047995010906e+03,1.648945773697100549e+03,1.433612348734103307e+03,1.682891850959341355e+03,1.028647575443549613e+03,7.495485761159509366e+02,6.919143210072508055e+02,7.599538807151166111e+02,9.504273833072129491e+02,9.112574345697779563e+02,7.252136838987825058e+02,1.031849239952138305e+03,8.739674610927238518e+02,8.985691090478481469e-01,7.222652767788227203e-10,4.720729034240741630e-06,-2.065182857344647792e-04,-2.313624062936817615e-04,6.329015245588934507e-04,-1.464359379938931998e-05,2.208792309419571926e-07,-5.007015473542261415e-09,1.123989654960128423e-09,9.127062848359783196e-11,-2.767888723364959969e-11,1.024124740666767334e-10,6.998807291051685623e-11,-4.103148625926589646e-10,-3.781283399505454193e-10,1.278873071508878949e-09,6.050864543137241971e-06,7.168757090340475762e-06,-6.709435490362073839e-07,3.102496793602602143e-08,-3.609893690563159454e-11,-2.038377328295211159e-13,1.327548020350118116e-24,-1.998843671487854459e-24,1.797170883098741523e-25,1.784257274158415224e-25,3.057356917303611823e-26,6.393998701548084668e-27,5.422927869824702572e-27,7.975679431771700920e-27,-2.744348553994058739e-27,-2.381608388863714216e-27,-3.802215597301948798e-27,1.060559529079637824e-27,-8.866854702610394208e-29,-1.003144422636900255e-28,-1.042197653320882349e-28,-1.086616571764874442e-28,-9.556770952560431616e-29,1.401144229438106519e-29,2.287165110074918090e-29,1.894288128813987375e-29,-4.637179573403541549e-30,-3.413718597854193359e-30,-5.710352153530411505e-30,-4.551409479889076258e-30,-5.519097302133158906e-30,1.428640360274585031e-30,1.305106306962200053e-30,1.709418850635987136e-30,2.305849038668535179e-30,-5.229324237352999085e-31,3.282004558177972526e-24,7.312191864286174794e-23,-9.720797216205396750e-23,6.582472981562203686e-22,-2.323219521959700466e-21,-2.952078426005200399e-20,-1.646267173721902212e-20,-1.230878286398293463e-18,-3.526560914471072599e-17,2.596548822216895433e-17,2.990450759802068064e-17,-4.264673619125450766e-18,-3.606203813740804719e-19,-3.241791577099716994e-20,-3.050241199245743893e-20,6.149812160980388334e-21,4.211150768353246027e-22,3.721526195875025106e-22,-1.092472464529086080e-22,2.307062694359651676e-23,-8.372860306363638881e-24,1.902796909613927842e-24,-4.401836206353127928e-25,1.768045061107761067e-25,1.962539708520542822e-27,5.174339222557108958e-29,-1.471353750839839005e-29,9.437469912867816490e-34,8.769398587891973683e-34,1.174419514157768888e-33,1.898509323443439786e-33,-1.794834159946495206e-34,-1.292301398289308080e-34,-2.230470399791145742e-34,-9.392889531385785571e-36,-1.433716241127618112e-35,1.041295036584350356e-33,8.518247038770237585e-34,1.215006052978572854e-32,1.198634013624130827e-32,1.440763505556396412e-32,1.150841634534929053e-32,-6.883574375944586062e-32,1.701434976080392445e-32,-3.318452619102285921e-33,-3.036193080213531331e-33,4.501301171662748577e-35,5.822025673557420827e-35,2.005548964881948241e-51
4.700061469874336309e-17,-5.257261303883965786e-02,-8.092510742407202362e-02,-2.782810781549526630e-02,-2.493628807583639362e-02,8.338944069525243419e-02,1.510007837139611286e+00,-6.007942851884844337e+00,1.978688462131483448e+03,2.164880016135402911e+03,1.655962941290862091e+03,1.400381262227044090e+03,1.340393514365719739e+03,1.126950836554500029e+03,1.109169458013510621e+03,1.660230065467320628e+03,1.440891641128470610e+03,1.019976566130792776e+03,1.126237020783451953e+03,1.089771886596729018e+03,1.081124931433373831e+03,1.173970492602584727e+03,1.111437263595926424e+03,1.372043791214169005e+03,1.560585998397126104e+03,1.495720305210460765e+03,1.854932899126667053e+03,1.953208857108425534e+01,-3.372100145931209991e-01,8.873383230663738075e-02,8.619506271546936715e-02,1.246173279663103373e-01,1.524509412425771315e-01,1.358082083471837120e-01,-2.222007771680445387e-02,-3.355975383396202910e-02,-4.312790769914359624e-08,-5.344100444587336880e-08,-1.797573334786361579e-05,1.193591268680275173e-02,-6.046674658287994886e-01,1.871485972726826486e+00,1.831287622106676054e+03,1.669402313588472225e+03,1.590510370640237397e+03,2.597638909511568727e+03,2.826422097307876811e+03,2.301619445613541757e+03,1.574903968327155553e+03,1.482269377334888759e+03,2.012640261367958828e+03,2.138911203839158588e+03,2.313462987626835456e+03,2.547689806980374669e+03,2.517717959966835679e+03,1.914606332406141519e+03,1.377347978131280115e+03,1.581414353683739819e+03,1.428137571766937299e+03,1.613063746617045808e+03,1.537491659097096999e+03,1.769705117558013399e+03,1.581250500330122804e+03,2.203232652182665333e+03,1.755840935622291909e+03,1.655884738037997749e+03,1.759967994685051735e+03,1.856368778909988805e+03,1.590283242347465375e+03,2.432954941973304358e+03,2.920046460661323181e+03,2.716325419084660552e+03,3.194606407387325362e+03,2.866321385841575648e+03,2.182830124685102874e+03,2.217446676072356240e+03,2.346900201091309100e+03,2.677114101349689008e+03,2.611544196590814408e+03,1.947743107620224691e+03,2.095791281914073807e+03,2.135320314177958153e+03,1.855882129680932849e+03,1.853105196698832515e+03,1.560784128673626356e+03,1.579296166206075213e+03,2.807898873733252913e+03,2.224857193512928916e+03,2.827429220809323397e+03,2.466043372300463943e+03,1.748504276887950027e+03,2.166776525471950208e+03,1.565086341908849192e+02,-5.091337086375246912e+01,9.408125613014300725e+00,1.084781921339688893e+01,-2.655198004353130692e+00,-3.204964175660967030e+00,-2.999274530385358517e-01,-3.363563177864655751e-01,3.285414805222491158e-02,2.944819360189183596e-02,-5.480946614194555366e-02,-7.095917625944268836e-02,-6.198612162844392703e-02,2.827656239926761850e-01,-6.859204233247322424e-01,1.686053610296365246e+00,1.793430850661354103e+00,-8.690408611730031652e+00,-9.767139798190918043e+00,-1.191844809549261157e+02,-1.184947387150864131e+02,1.934315869685153530e+03,2.424568038779362269e+03,1.738632817195678399e+03,1.607967815621648242e+03,1.367553161271687259e+03,7.792160999352627186e+02,8.080966799160387382e+02,9.535303396661355464e+02,7.814788994321870632e+02,9.101065023445681845e+02,9.303251466874428388e+02,9.767263223571247863e+02,1.158916204899529703e+03,1.137681872124848724e+03,9.599099396417841490e+02,1.195982328826107050e+03,9.619510472341820559e+02,1.010989881134380425e+03,1.016368825640336695e+03,1.129299623111927303e+03,1.341712285099532892e+03,1.873616133267425312e+03,1.935851154888455540e+03,1.474344800995545484e+03,1.647451779303931062e+03,1.704666890165691257e+03,1.678899686292601018e+03,2.090492971361481523e+03,1.680694110792937181e+03,1.334917804340060002e+03,1.202436794026590405e+03,9.740015093685857437e+02,8.528409271050486495e+02,1.020299033394606795e+03,9.223915967465503627e+02,8.597716690271099651e+02,8.105998916792202635e+02,8.371661409947511174e+02,1.063111577841976441e+03,-2.534513429705178567e-01,-1.213718920688726346e-07,-6.944489481519563047e-07,3.038013940828541591e-05,3.403486588208958023e-05,-9.310379698224012437e-05,2.154164797038030242e-06,-3.249272481799771319e-08,7.365634845908672692e-10,-1.653459509972619272e-10,-1.342648369600206331e-11,4.071738495941240130e-12,-1.506551939197062672e-11,-1.029568594571979937e-11,6.035989831518586792e-11,5.562505829089058293e-11,-1.881302765049770960e-10,-8.901202511465350486e-07,-1.054569279508930089e-06,9.870001817353775723e-08,-4.563968017157135515e-09,5.310380781976380580e-12,2.998581321879082753e-14,-5.235514911383727506e-25,-9.096922595984395522e-25,1.735966724563164559e-26,3.089743812777373971e-26,-9.520515267646799301e-29,-1.028137233317672248e-26,-9.971396267880165858e-27,-1.156873851821512568e-26,4.181780196674684174e-27,3.538528290621530960e-27,5.528651381539103384e-27,-1.538713955291195681e-27,1.299417404560947311e-28,1.454066075758739266e-28,1.511464628441176762e-28,1.576668011931007780e-28,1.386599386981257337e-28,-2.032920556221605048e-29,-3.318473090175605996e-29,-2.748424997017122530e-29,6.728082896235008519e-30,4.952951542112307664e-30,8.285121871325694426e-30,6.603616511386854408e-30,8.007629309489798751e-30,-2.072806764983239211e-30,-1.893571889348557597e-30,-2.480186792842014017e-30,-3.345376525826837621e-30,7.582114628902153452e-31,-4.828028851560629439e-25,-1.075669385153395046e-23,1.429990436712539504e-23,-9.683231976878950060e-23,3.417602112292597031e-22,4.342693132904297000e-21,2.421762608768139952e-21,1.810699415941044973e-19,5.187793024441130858e-18,-3.819686712979392985e-18,-4.399141250609209624e-18,6.273603260908162937e-19,5.304952741031399650e-20,4.768879409216964961e-21,4.487096749520873233e-21,-9.046760683881912930e-22,-6.194867779327199065e-23,-5.474599222248068547e-23,1.607095742395701211e-23,-3.393834401925974650e-24,1.231700440142144522e-24,-2.799133985735924928e-25,6.475377996300891442e-26,-2.600905621439491418e-26,-2.886940700691194564e-28,-7.604175515492196121e-30,2.172084561511110814e-30,-1.369277553049273329e-33,-1.272347435622948105e-33,-1.703959105413928770e-33,-2.754537206892269187e-33,2.604115456627385800e-34,1.874993311927760727e-34,3.236177789180938034e-34,1.362809409198509986e-35,2.080171364730157205e-35,-1.510809499957126957e-33,-1.235907989283231600e-33,-1.762845901356354312e-32,-1.739091795438877808e-32,-2.090396203679399502e-32,-1.669750083612070853e-32,9.987341911233683426e-32,-2.468603071280798326e-32,4.814725477365871256e-33,4.405196594749245971e-33,-6.530914230248839124e-35,-8.447146473930484011e-35,6.186454677333375696e-50
-1.966256674267736101e-17,-6.053485683778992571e-03,-9.318140205018740629e-03,-3.204273908483799144e-03,-2.871294656581107989e-03,9.601896421651035657e-03,1.738702015664233824e-01,-6.917859684043660140e-01,4.804044651628608875e+01,1.637365015779410896e+03,1.358084267896331539e+03,1.394038289738236017e+03,1.168268110696593567e+03,1.086891286598734041e+03,1.161326197515541480e+03,1.508944912193433311e+03,1.298666347986736582e+03,1.076515741818127253e+03,1.046713311329573571e+03,1.116422606380163643e+03,1.233641508616513192e+03,1.093149740599866163e+03,1.084989045537345874e+03,1.512037428716701925e+03,1.563406983386468028e+03,8.159890456755867660e+00,4.517343629094015256e+01,2.281101907950111141e+00,-4.818345861715398609e-02,1.021727762855671393e-02,9.924950410478835042e-03,1.434909104315947731e-02,1.755399887749625742e-02,1.563766755072367939e-02,-2.558535986153530166e-03,-3.864245614525534719e-03,-4.966591300382055194e-09,-6.150704308122984746e-09,-2.069825124139007153e-06,1.374363420131394274e-03,-6.962457488657640414e-02,2.154926839658607152e-01,1.207413810790821117e+03,1.335885763179597461e+03,2.143270191943011469e+03,2.054854484844368926e+03,2.329925526427224668e+03,1.999645359576970122e+03,1.405644651135050481e+03,1.562474022223563907e+03,1.775938055281355446e+03,1.949853265919819705e+03,1.648899763612594597e+03,2.237848991018445759e+03,1.874004460475505311e+03,1.501208416121577102e+03,1.250553007799056331e+03,1.221615339921949953e+03,1.216384802964520304e+03,1.373199412483175593e+03,3.445934597643163499e+01,4.335196823012115175e+01,1.856903278269292059e+03,1.919064864152241853e+03,1.757559281621869786e+03,1.791481749986844306e+03,1.798598930148443515e+03,1.595880014723662271e+03,1.755790254097901652e+03,2.323850026038095166e+03,2.634573664261076374e+03,2.693071445084886363e+03,2.890428538430446679e+03,3.131173451548212142e+03,2.303476821397650383e+03,1.535685062456897413e+03,1.761719564158624735e+03,2.631988883129042733e+03,2.239764836318003745e+03,2.139955030142411943e+03,2.058072902713855910e+03,2.151514825048837793e+03,1.880083917932678560e+03,1.938873301006991142e+03,2.152290681313229925e+03,1.399685553754328566e+03,1.946148862168194000e+03,2.418926784172287171e+03,1.934871749730016973e+03,2.594025021654712873e+03,2.533345957918616023e+03,2.389873236641797575e+03,2.136171866808981576e+03,-5.442485924127311847e+01,1.005886675440561895e+01,1.159781620086366871e+01,-2.850446572536234680e+00,-3.439039287261952627e+00,-3.342352675989397337e-01,-3.136899656725650187e-01,7.551870803531962606e-02,7.326385439204141647e-02,-1.564940118113231429e-02,-1.126137117122313945e-03,-1.136694757972151349e-03,3.699616042015225342e-02,-8.040339501394193344e-02,1.927407965205906459e-01,2.068289265122568166e-01,-1.000356936759851934e+00,-1.124295660840269218e+00,-1.372322644555153026e+01,-1.364381883080010205e+01,4.339146718309470430e+01,5.820327080681300203e+01,4.358187940154889617e+01,1.873867707299007861e+03,9.490354368916978274e+02,9.373681088663764740e+02,1.009734732491535510e+03,1.387507924343386776e+03,8.348658634718379972e+02,1.044185964374574951e+03,1.231602295396202635e+03,1.045759106781677701e+03,9.364738471155812931e+02,1.029910616592932683e+03,1.040459766580058158e+03,1.150754717480253930e+03,1.321585139684445721e+03,1.029654076227387350e+03,9.388757083829099201e+02,1.425772702090013127e+03,1.724554575052093924e+03,1.661771519686601323e+03,1.829792107185638542e+03,1.586227768551694680e+03,2.029357452630814123e+03,1.922091484640460294e+03,1.541961911221754008e+03,1.889159751251593434e+03,1.857739288848116303e+03,1.539649013945502702e+03,9.892681739687986919e+02,8.619780340590755259e+02,8.510510473369643023e+02,7.813549857211619383e+02,8.399362529719394388e+02,8.847879957070042565e+02,8.584920936451835587e+02,8.556517146606112192e+02,1.200708403468486495e+03,-1.578999921695078135e-01,-1.426911100523796099e-07,-7.996248321654074702e-08,3.498128176064655453e-06,3.918952501466772378e-06,-1.072045823020900325e-05,2.480418036207618252e-07,-3.741382315250809674e-09,8.481177280230425842e-11,-1.903879789972069449e-11,-1.545995572719827716e-12,4.688412667482126939e-13,-1.734722703691267480e-12,-1.185499138937502432e-12,6.950154447335973930e-12,6.404960197935156775e-12,-2.166230418615263940e-11,-1.024931021248004475e-07,-1.214286235181857236e-07,1.136483641322600123e-08,-5.255191525799944239e-10,6.114650229609229229e-13,3.452723395246759246e-15,-3.669090191953848275e-25,-7.430025705141983319e-26,3.433398777054251403e-26,-1.595647520716019245e-26,-1.170555885616379444e-26,-1.249755238799440291e-26,-1.061516646894257220e-26,-1.256196433591217515e-26,4.378660150310331239e-27,3.775478005262399214e-27,5.907024029600980169e-27,-1.645589238776689792e-27,1.385238647105682263e-28,1.554462787190345623e-28,1.615729457758412731e-28,1.685393172952533789e-28,1.482221514900167192e-28,-2.173141624682870811e-29,-3.547315400530662229e-29,-2.937962808105475868e-29,7.192060252590281295e-30,5.294516776824540534e-30,8.856481599085854611e-30,7.059016072849928177e-30,8.559852746089182237e-30,-2.215752011909450664e-30,-2.024156706252597025e-30,-2.651225834281551198e-30,-3.576062879303240152e-30,8.104446388022516761e-31,-5.559177229024230669e-26,-1.238581446450641284e-24,1.646565743961227148e-24,-1.114977984283977820e-23,3.935205854578368504e-23,5.000404048741894720e-22,2.788544155300157371e-22,2.084934029040991562e-20,5.973496272795592180e-19,-4.398187097236303284e-19,-5.065401364358866055e-19,7.223754980099753958e-20,6.108400099350877578e-21,5.491137221968718191e-22,5.166677926946545002e-22,-1.041691350663948093e-22,-7.133094827665870319e-24,-6.303739933409805114e-24,1.850494108584011738e-24,-3.907838466860998380e-25,1.418244323689167368e-25,-3.223069221075663181e-26,7.456088309941798878e-27,-2.994819609739884685e-27,-3.323339097569904304e-29,-8.675143530757653315e-31,2.582045774773341180e-31,-1.463705894682689259e-33,-1.360091266833553557e-33,-1.821467810934652402e-33,-2.944496050664919758e-33,2.783700891148841219e-34,2.004296906276787020e-34,3.459351609285658865e-34,1.456791693775514804e-35,2.223624481394348306e-35,-1.614998190913136751e-33,-1.321138877458835368e-33,-1.884415567700582048e-32,-1.859023327259567726e-32,-2.234554447354028802e-32,-1.784899661000989692e-32,1.067609061177535011e-31,-2.638843278596155728e-32,5.146759360402376551e-33,4.708988480240967373e-33,-6.981300201752806147e-35,-9.029679965715775905e-35,-1.310697733400189070e-49
-1.996732128555567978e-17,9.096914677716731040e-03,1.400289532538613428e-02,4.815243293095704258e-03,4.314856582611685185e-03,-1.442931169990445753e-02,-2.612845678734548316e-01,1.039585822921485825e+00,-7.208841581145246380e+01,1.669837977250306039e+03,1.171104629783794280e+03,1.288263954477113202e+03,1.198447755509447916e+03,1.135218472066548202e+03,1.027025794415293603e+03,1.203088387898464134e+03,9.824233391222235241e+02,9.383222818647259373e+02,9.932796018683837929e+02,1.065340364573893112e+03,7.781226501654733738e+02,1.035893256580450270e+03,1.206247450973238301e+03,1.747063082920683883e+03,1.558621210463760690e+03,1.223431079974048544e+03,-7.340936523924253265e+01,-3.892320576251517394e+00,2.078537462727733931e-01,-1.535407976763799448e-02,-1.491478305990303482e-02,-2.156318918855112607e-02,-2.637938509316858915e-02,-2.349960583151255653e-02,3.844856463394667485e-03,5.807020033762786380e-03,7.472539927811965236e-09,9.202835562222251433e-09,3.110517786611863618e-06,-2.065333413955891192e-03,1.046287752897010620e-01,-3.238330059716629794e-01,1.234792186449481903e+02,8.987381108131153269e+02,1.927519384502224057e+03,1.699748426745850338e+03,1.922699762676832506e+03,1.859273615522164164e+03,1.688786263756081325e+03,1.699205006191648636e+03,1.725032603415626454e+03,1.485279169672975740e+03,1.326758779812812918e+03,1.509654258546468327e+03,1.590888639793640777e+03,1.376782531804488144e+03,1.243263587857576340e+03,1.305090599166924449e+03,8.550708591794793847e+02,1.582761692117852590e+02,-5.173455509237123096e+01,-6.492729059194532226e+01,2.390031275638111481e+02,1.966649310972112062e+03,2.252817965043414915e+03,1.972771534722809065e+03,1.500023543667223976e+03,1.771139048578559823e+03,1.793352187479860049e+03,2.278390396643989789e+03,2.544407618075824303e+03,2.283478815162698083e+03,2.941389853703057724e+03,2.904245171553678119e+03,2.607195880675398257e+03,2.046645031242948562e+03,1.955138646870193270e+03,2.174288285045991415e+03,1.918407636324173609e+03,2.175227687129385231e+03,2.510387945793163453e+03,1.631838254429983181e+03,2.003951518656202779e+03,1.949192790829826208e+03,1.848865851432807403e+03,1.088975374921006733e+03,1.550766452152286092e+03,2.808750707593590050e+03,2.440339808226888636e+03,2.790885146865517527e+03,2.520241739437785327e+03,2.581433765677333668e+03,2.096127337793526749e+03,2.443676362094043270e+03,-1.450635265085477101e+02,-1.672569150958204602e+02,4.112567343861588398e+01,4.961528654961617235e+01,4.841306700005453933e+00,4.452249720919166265e+00,-1.152069880006040048e+00,-1.121713741098834038e+00,1.587171321329957918e-01,-1.002969953547856036e-01,-8.516962879512141038e-02,-1.198354211999469870e-01,1.414277728178136573e-01,-2.693699711914380734e-01,-3.155031410447504125e-01,1.498918019013318226e+00,1.684563466752621474e+00,2.061835021100467102e+01,2.049920688678640346e+01,-6.508703525394886924e+01,-8.739737916356844494e+01,-6.644316280896237004e+01,2.396870147482944162e+02,1.349069312227912178e+03,1.207565169959403420e+03,7.616918762763550603e+02,1.003617944812959877e+03,9.004740429955957097e+02,1.158817825146267523e+03,1.032907512475863768e+03,9.279610689750339816e+02,8.326953600325531397e+02,8.377871920945517559e+02,1.336175459176816048e+03,1.134967446961549285e+03,1.177118706498555866e+03,8.179083534218430032e+02,9.620956909904596159e+02,1.160632579682752521e+03,1.505414730486347253e+03,1.187831381173413092e+03,1.736606911416164166e+03,1.766913249423729440e+03,2.193921008368542516e+03,1.563569346468122149e+03,1.980022394250352818e+03,1.983270477629213019e+03,1.633802807769440278e+03,1.596336406952994821e+03,1.510856564771051808e+03,1.248222678001444365e+03,9.040730625213310532e+02,6.457845801722548913e+02,8.333328837011879386e+02,1.012787215319590587e+03,1.045728680856211440e+03,8.080935719375505641e+02,1.040725269388403831e+03,2.100828840840265332e+00,2.077965423480240879e-06,1.201641420806964340e-07,-5.256834692082922265e-06,-5.889231162206468987e-06,1.611023779042438173e-05,-3.727464211318665524e-07,5.622386413613969046e-09,-1.274514388436865619e-10,2.861067635084595670e-11,2.323254833539375001e-12,-7.045542348990439421e-13,2.606865761443916697e-12,1.781516480535773419e-12,-1.044438944878072182e-11,-9.625095272461326106e-12,3.255316741433566003e-11,1.540221706614739778e-07,1.824776476365471040e-07,-1.707858126341230015e-08,7.897272979989393481e-10,-9.188830093802541305e-13,-5.188602363697479722e-15,1.388353543681419443e-24,-8.010639981586142012e-25,-1.015060593508261516e-24,8.267099828865048419e-26,1.441551861274479279e-25,1.826744897011427541e-25,1.512337158842158897e-25,1.803780498201210060e-25,-6.318012289099815384e-26,-5.440941122813137750e-26,-8.515606993583370328e-26,2.373401579379962700e-26,-1.997309467427504993e-27,-2.242145785047444474e-27,-2.330155983026278659e-27,-2.430543645929613535e-27,-2.137541610422393157e-27,3.133906252875548720e-28,5.115632459093684993e-28,4.236882487702436826e-28,-1.037178477235106747e-28,-7.635306102477458560e-29,-1.277207190054590135e-28,-1.017991860421529038e-28,-1.234429887281943731e-28,3.195370974900108570e-29,2.919068362200547630e-29,3.823374661500338148e-29,5.157093953165706970e-29,-1.168746504171425107e-29,8.353108504674925694e-26,1.861278238787322743e-24,-2.474386563847220825e-24,1.675540353137790107e-23,-5.913656000803269157e-23,-7.514389454977628907e-22,-4.190502725742459833e-22,-3.133148067353490813e-20,-8.976710074146176147e-19,6.609404044252560551e-19,7.612064590065322599e-19,-1.085554441514369255e-19,-9.179437670113285320e-21,-8.251841897621328171e-22,-7.764258598115973652e-22,1.565408399782308066e-22,1.071930428423318557e-23,9.472985881128988442e-24,-2.780841966858237585e-24,5.872529443751331710e-25,-2.131275868722322126e-25,4.843486932259253920e-26,-1.120467533199236134e-26,4.500496343383948855e-27,4.982073740953698326e-29,1.186823181074130052e-30,-5.052810139448148959e-31,2.110833394665438524e-32,1.961409102927071716e-32,2.626767506064809811e-32,4.246304272405326854e-32,-4.014419032591102754e-33,-2.890428232828074734e-33,-4.988785607283602573e-33,-2.100862316281502242e-34,-3.206723993886431872e-34,2.329014405182163157e-32,1.905235246801168583e-32,2.717545460557264772e-31,2.680926909465557596e-31,3.222486270469970202e-31,2.574031999333466816e-31,-1.539615893426861780e-30,3.805517581040540762e-31,-7.422222983176239546e-32,-6.790906680902911614e-32,1.006784331293280910e-33,1.302184413125951311e-33,-6.643007867506638412e-49
-1.821675453525522141e-17,-4.618341302309468023e-03,-7.109020145598751554e-03,-2.444613111711445644e-03,-2.190575752593741828e-03,7.325503560367722412e-03,1.326495160721789524e-01,-5.277791485365793678e-01,3.659800260305670605e+01,1.542765056479722944e+03,1.258088011072465179e+03,1.118036548874137679e+03,1.100015287753755274e+03,1.188049052020330009e+03,1.211184715604001440e+03,1.118935633873092002e+03,1.025430190891819166e+03,1.124333678693084266e+03,1.125620317016422177e+03,1.066654567917994655e+03,6.947035338433855713e+02,8.143960606544660550e+02,1.351263754578703811e+03,1.440632663381905786e+03,1.397251734772817144e+03,1.679068654636845849e+03,6.617517271518467226e+01,4.363346274071573383e+00,-8.018231255387961998e-01,7.794991747842565030e-03,7.571968161539282052e-03,1.094724659393058082e-02,1.339234320284034621e-02,1.193033067881204418e-02,-1.951965030924135164e-03,-2.948120472020560479e-03,-3.839745996468582401e-09,-4.465602467925842554e-09,-1.579538455701057752e-06,1.048532492793373839e-03,-5.311814245792112477e-02,1.644041603528073603e-01,-6.036454309153326392e+01,1.715051275736090474e+03,1.305530543064296353e+03,1.556090564461268514e+03,1.360995498126734446e+03,1.424948334596096174e+03,1.634611352657386306e+03,1.499763062378986433e+03,1.969716312149027772e+03,1.295255522218661099e+03,1.445971709813929010e+03,1.309487506679885882e+03,1.610351233009629823e+03,1.403067173513812122e+03,9.515615241720747690e+02,1.092922371478396599e+03,1.062236563860113392e+03,-7.768006088091067340e+01,2.643722407275374309e+01,3.231073201101152392e+01,-1.273622134588474069e+02,1.925920730176626876e+03,2.236777183466706447e+03,2.203007146076332901e+03,1.792070249401343744e+03,2.257057244185229592e+03,2.432748778882495571e+03,1.991948392522895801e+03,2.155541788631061991e+03,2.298845125612927859e+03,2.984296776574104115e+03,2.808958765215664243e+03,2.285932290913232009e+03,2.397570385476148203e+03,1.877987235499361759e+03,1.984154219107387007e+03,1.629158338748875849e+03,2.137613790748200699e+03,2.345288194873241082e+03,1.861560388145070874e+03,1.399918890000054716e+03,1.772833840822782349e+03,1.591787035545416074e+03,1.693517251054644248e+03,1.849183739782138446e+03,2.610003378258297289e+03,2.428014816451898696e+03,2.682455604756771208e+03,2.467020875424248061e+03,2.707003227655840874e+03,3.250309711334114581e+03,2.761703550338540481e+03,1.481521901459676656e+03,1.696666902866294777e+03,-2.102768803806971221e+02,-2.536832125127844222e+02,-2.476394366266485392e+01,-2.272508229328032314e+01,5.924036263318422257e+00,5.769989731483335937e+00,-7.756134806351042688e-01,5.752256240089480555e-01,4.898605242622521283e-01,3.910792025867940169e-01,-1.777062475769708438e-01,3.253743552279196594e-02,1.842838024843992117e-01,-7.384838458428910624e-01,-8.296262981290618566e-01,-1.044537630582314769e+01,-1.038585059904419339e+01,3.296453578716776889e+01,4.468208230109191703e+01,3.908580559307355884e+01,-1.357316552082762087e+02,1.800944470410446911e+03,1.487793941173707708e+03,1.015878009903017642e+03,7.276864260146292054e+02,1.075293714479901837e+03,9.570725439667685350e+02,1.026525811672590180e+03,1.021938125553497571e+03,7.814180939708319329e+02,7.993189465925769355e+02,1.002774023939230119e+03,1.108542672903327002e+03,1.035731693537896035e+03,1.110496047233951913e+03,1.115018334754344778e+03,9.115655135314160589e+02,1.205275661017074071e+03,9.394700716584128486e+02,1.868653112551506183e+03,1.402700028341853340e+03,1.794234026831915116e+03,1.771352884519435747e+03,1.746224451607790115e+03,2.214855239918434563e+03,1.392863955624079836e+03,1.341604316718681957e+03,1.671186693553076339e+03,1.010156430672544161e+03,1.057842535376029673e+03,8.460110782533115525e+02,9.423807237297950223e+02,1.065842692136420510e+03,9.057786107855940827e+02,6.491836977886293880e+02,6.789863092268898299e+02,-1.064665846640084723e+01,-1.063500911119338985e-05,-6.100520420856377928e-08,2.668801197096066424e-06,2.989857603419629439e-06,-8.178880336178416036e-06,1.892367086033202489e-07,-2.854385287952669266e-09,6.470482184444356610e-11,-1.452512975134849361e-11,-1.179475012380646771e-12,3.576896122151220485e-13,-1.323459240045014279e-12,-9.044441372419851778e-13,5.302430206287618111e-12,4.886489167917285029e-12,-1.652666238136537124e-11,-7.819430844830085371e-08,-9.264064649221039749e-08,8.670491043174773361e-09,-4.009304612742573736e-10,4.665005119316420750e-13,2.634160852503135363e-15,-7.805956352941722964e-24,4.069926715860699181e-24,5.211610421664777822e-24,-4.308185243343862408e-25,-7.343049694953492783e-25,-9.322457209422721620e-25,-7.727378495632847043e-25,-9.222400211698490334e-25,3.229964151496618480e-25,2.781757571435300993e-25,4.353866209203459960e-25,-1.213473333795322981e-25,1.021177010806576180e-26,1.146357245679251813e-26,1.191357793015662274e-26,1.242684612849318166e-26,1.092879096780661341e-26,-1.602298833974764253e-27,-2.615513025086674068e-27,-2.166227030751561606e-27,5.302870859970813698e-28,3.903768060912380921e-28,6.530086126675451071e-28,5.204773804223999393e-28,6.311374962495534379e-28,-1.633724570008411068e-28,-1.492456976739258325e-28,-1.954809370665628100e-28,-2.636711256788653076e-28,5.975545358533439415e-29,-4.235681295709257899e-26,-9.448965133835700858e-25,1.256198144263510150e-24,-8.506419047017307130e-24,3.002257693163146788e-23,3.814921479494221909e-22,2.127443481580580608e-22,1.590643381694165087e-20,4.557315569402222673e-19,-3.355476528322987489e-19,-3.864509401001603152e-19,5.511166247863642184e-20,4.660236753441190652e-21,4.189312927228027414e-22,3.941775584057404051e-22,-7.947299191674630867e-23,-5.441999554726875832e-24,-4.809266019404228962e-24,1.411783874359306325e-24,-2.981378275665378339e-25,1.082011040043044290e-25,-2.458946052593192160e-26,5.688364979744082806e-27,-2.284882615760155748e-27,-2.467129234727412780e-29,-1.879872407504904994e-33,8.593448095974116947e-31,-1.079223791859482685e-31,-1.002826359862401434e-31,-1.343009825120576509e-31,-2.171044199810164167e-31,2.052486255625189908e-32,1.477813893514106731e-32,2.550658964119471804e-32,1.074125793576039895e-33,1.639529124787713480e-33,-1.190775057855391741e-31,-9.741058733642080237e-32,-1.389422644110539122e-30,-1.370700365193848590e-30,-1.647588038364644940e-30,-1.316047292841115107e-30,7.871725483926562632e-30,-1.945679428882210014e-30,3.794823244777645196e-31,3.472044774755373231e-31,-5.147472113852774601e-33,-6.657789305331345373e-33,4.837937348577020861e-49
-2.094730101161837166e-17,1.758312211552701511e-03,2.706572741808894664e-03,9.307222307043911758e-04,8.340043619067549503e-04,-2.788990866129104941e-03,-5.050282888843463103e-02,2.009379429333277567e-01,-1.393372825270021131e+01,1.566767043341320232e+03,1.370322815990969957e+03,1.361028996630059055e+03,1.070442163569292916e+03,1.053832417110685128e+03,1.181584711490583459e+03,1.154987726224539756e+03,1.119830172368491048e+03,1.219234324960084905e+03,1.171890148381962945e+03,1.117687744710670131e+03,9.934340905677572664e+02,1.257791260962085062e+03,1.683313821597482047e+03,1.579399953436968872e+03,1.232297315292351868e+03,1.364685550070865929e+03,-1.390871664555051268e+02,-1.106720578811602351e+01,3.048714987664280507e+00,-2.967735918147119088e-03,-2.882823633906442598e-03,-4.167877182109095552e-03,-5.098782992557802062e-03,-4.542160241557680923e-03,7.431594144794448700e-04,1.122419445514290324e-03,1.643401416014208349e-09,8.864991156897559032e-10,6.028810065979931962e-07,-3.991994948492638717e-04,2.022325836646026234e-02,-6.259225322845593520e-02,2.298221546547642902e+01,7.637828011449439600e+02,2.177635509177244785e+03,1.808644919663662449e+03,1.875027129050847861e+03,2.020343817774613626e+03,1.653804510817978780e+03,1.280586881110701142e+03,1.607128028267527270e+03,1.549330543949342200e+03,1.321155138881811581e+03,1.353523219012181244e+03,1.591245813927480185e+03,1.536636243009584177e+03,1.546330967673877922e+03,2.098761820046754110e+03,4.214613047495984688e+02,2.953605803262199103e+01,-1.074498704390803816e+01,-9.733763464110115393e+00,8.653036417364388910e+01,1.750183153570221521e+03,1.891016291563030336e+03,1.818208264195990068e+03,1.990862958885803437e+03,2.588877414056323232e+03,2.724448557443761274e+03,2.353373809455674291e+03,2.767526586128892632e+03,2.986815932251393860e+03,3.047082264022225900e+03,2.591695397454028353e+03,2.412745508029370285e+03,2.393717648544158237e+03,1.680166126041665621e+03,2.074452858842178102e+03,1.886332145083901651e+03,2.082651974379421972e+03,1.933051472023953465e+03,1.999878478767577008e+03,1.895978198795807202e+03,1.889711806540504313e+03,1.684831355296016227e+03,1.745595193573270990e+03,1.664382418562115845e+03,2.228028381772657667e+03,2.874350488999898971e+03,2.759794323804688247e+03,2.479042906728334401e+03,2.257419371845965998e+03,3.016782088706459945e+03,2.135377453574034007e+03,2.307496625883852630e+03,2.553346997447263675e+03,1.267590243757686039e+03,1.479644659586099351e+03,9.731495173503465423e+01,8.928375518348826745e+01,-2.329184394978518569e+01,-2.268696748454213008e+01,3.033756695595935415e+00,-2.284786667028779306e+00,-1.946203992276011041e+00,-1.450052663210938952e+00,4.849295279739573861e-01,3.982300648570957224e-01,-1.651494134170580497e-01,1.925466628788052581e-01,2.150073277727603538e-01,3.889364513711285554e+00,3.870488953864951398e+00,-1.223915489348683217e+01,-1.824078806707298028e+01,-3.597502346125619965e+01,1.214409773870582683e+02,2.055398609731001216e+03,1.296767435822952166e+03,1.068379162348571299e+03,8.171801023677620606e+02,9.859320518398528748e+02,7.811568267801810634e+02,1.250582728796661968e+03,1.272937975369475907e+03,8.992550500542703276e+02,1.053029987960487460e+03,9.229364511642754678e+02,1.055376682234006466e+03,9.950188613780765081e+02,9.308761107306692111e+02,9.863817100826108799e+02,1.073477652227096769e+03,1.007031713219094627e+03,1.273682750087603836e+03,1.735256314029664964e+03,1.634257869522210967e+03,1.757545719970544269e+03,1.815863158695301763e+03,1.623876118339671393e+03,1.803248850974367770e+03,1.718450204840319657e+03,1.455996509704055825e+03,1.234098109782202528e+03,9.757408207265788178e+02,8.692388922689171977e+02,9.171271039191185537e+02,1.005863216811655548e+03,7.792212729014793240e+02,8.045673065917851545e+02,8.142149402021415199e+02,1.227079325997883871e+03,4.179935135689783721e+01,4.179475067507344618e-05,2.322618312537215671e-08,-1.016075994719080419e-06,-1.138309793462500130e-06,3.113893978491308673e-06,-7.204690901782839975e-08,1.086732268380674847e-09,-2.463466178949993671e-11,5.530061694108130768e-12,4.490541188250125636e-13,-1.361809429076716888e-13,5.038723675870570701e-13,3.443433628970413396e-13,-2.018761102881376229e-12,-1.860402471911061462e-12,6.292092848791273172e-12,2.977043020830923047e-08,3.527049417762232215e-08,-3.301061849575374219e-09,1.526437480246096517e-10,-1.776078234608417436e-13,-1.002887562746060564e-15,3.057994561948418999e-23,-1.598962983967368989e-23,-2.046526066414257061e-23,1.691036924696462754e-24,2.885575251311874142e-24,3.663396023121394852e-24,3.036590063209104224e-24,3.624012123115160466e-24,-1.269220490272630949e-24,-1.093100312743308053e-24,-1.710861898484369587e-24,4.768372541250862434e-25,-4.012738681480476794e-26,-4.504637203093010688e-26,-4.681468171312906808e-26,-4.883158339332610565e-26,-4.294494102301974584e-26,6.296271003204995450e-27,1.027771993159659848e-26,8.512240035715876639e-27,-2.083775570552478740e-27,-1.533994835655700712e-27,-2.566012693296365705e-27,-2.045228100896338246e-27,-2.480069627257793920e-27,6.419759100747637144e-28,5.864644772320268173e-28,7.681469372460534338e-28,1.036101880402287011e-27,-2.348104416139572784e-28,1.592755348619020653e-26,3.595820350797812077e-25,-4.782495975982371371e-25,3.238594062756188077e-24,-1.143030940502316514e-23,-1.452431213633133343e-22,-8.099682643457815595e-23,-6.055957105926324657e-21,-1.735078265774839574e-19,1.277509601207208908e-19,1.471310504496693926e-19,-2.098231871407310301e-20,-1.774262804810804832e-21,-1.594970921042277021e-22,-1.500727575927326461e-22,3.025725531925710713e-23,2.071898433054959320e-24,1.831002084317467259e-24,-5.374997080722928969e-25,1.135080869739616965e-25,-4.119484858199484980e-26,9.361560690061591513e-27,-2.165503337781976025e-27,8.701490471644126436e-28,6.943006633194608706e-30,-2.365860578630396095e-30,-2.702313192360576471e-30,4.240835258730767277e-31,3.940629753872937328e-31,5.277388677078709592e-31,8.531169216492449437e-31,-8.065292987952357534e-32,-5.807104432583545164e-32,-1.002287435620577251e-31,-4.220802554640640555e-33,-6.442568235209030676e-33,4.679178580625498672e-31,3.827771927064347434e-31,5.459768940296027586e-30,5.386199305200334757e-30,6.474235925545269108e-30,5.171438772695668650e-30,-3.093213032467306099e-29,7.645593051626451703e-30,-1.491184714282089669e-30,-1.364348155752265311e-30,2.022711266969782901e-32,2.616193957566682756e-32,-2.901936891188299114e-48
-2.160166236157463440e-17,-5.638787100529291845e-04,-8.679791985769311083e-04,-2.984761373801639870e-04,-2.674600024398383338e-04,8.944025943138265381e-04,1.619593857309502977e-02,-6.443904797630574388e-02,4.468449827632843707e+00,1.894002911984270668e+03,1.320380879712362912e+03,1.438007028589898027e+03,1.322841101664041162e+03,1.162598246048642523e+03,1.193954081991834528e+03,1.258888225776088575e+03,1.310936087102254305e+03,1.153647369346755340e+03,1.179484569392248432e+03,1.233622163860010460e+03,1.404857201687759925e+03,1.575168415785580009e+03,1.574037918376878906e+03,1.567407259259882494e+03,1.171727787316012154e+03,1.141797928586607895e+03,5.502274289382029338e+02,3.500369858273433010e+01,-1.015204494366360954e+01,9.517240731786282340e-04,9.244869016851983744e-04,1.336611151487401101e-03,1.635144492531685626e-03,1.456639839061238048e-03,-2.383260497178765931e-04,-3.599521418373652294e-04,-1.134045426112719449e-09,2.436673521887196012e-09,-1.984001340279508559e-07,1.280147779210359085e-04,-6.485193450002546718e-03,2.007185467699991802e-02,-7.370240628420006601e+00,-2.066383874357705679e+02,1.349281105774427033e+03,8.935097213116631565e+02,1.102443249865310463e+03,8.982536810763167523e+02,1.681880378494063280e+03,1.331832537955586304e+03,9.556987949166020826e+02,1.370754349083891611e+03,1.185402034549474592e+03,1.096248324590653056e+03,1.270480335541253680e+03,1.401868509592771943e+03,1.920247609735564311e+03,1.333932256839212869e+03,-1.128903407474765856e+02,-9.342976823306624823e+00,5.718855161713822355e+00,-5.465091556558817842e+00,-1.549610670959133927e+02,1.740303877896729773e+03,1.854078577707135310e+03,1.527041897269295760e+03,2.561613440051014550e+03,2.718458576785319565e+03,2.699431542660728155e+03,2.486535996493037601e+03,3.135189124652965347e+03,3.366268068131454129e+03,3.157798666993259303e+03,2.495322241713732637e+03,2.606175655094665217e+03,2.149522227407890568e+03,1.918758101643932150e+03,1.925389701769631529e+03,2.254352405589208502e+03,2.088119019796349221e+03,1.848168205064178892e+03,1.736676895742692295e+03,2.134976140113626116e+03,1.651454089851998560e+03,1.902563727522166573e+03,1.403237236501798861e+03,1.449300216094894267e+03,2.312090196563554400e+03,3.281600301916715580e+03,2.815385409485535092e+03,2.467983323594859030e+03,2.299240236017604275e+03,2.683045495414797642e+03,2.073097759511204004e+03,2.129065829375239446e+03,2.263740404622260940e+03,2.470596904454396281e+03,2.325852570937358905e+03,-3.251102189845158250e+02,-2.982733817212860572e+02,7.781742764091990239e+01,7.579680942629666163e+01,-1.013059544993314631e+01,7.640904949068326069e+00,6.508754592347059997e+00,4.816229012540086174e+00,-1.550914514696683844e+00,-1.500856609707319489e+00,3.706122671450592376e-01,2.345778673159660821e-01,2.683047623790421055e-01,-9.548902167810690012e-01,-9.615020298823171441e-01,2.884240143325710104e+00,9.960457962026499246e+00,8.207781255599925885e+01,-2.722454394206455390e+02,2.733211797607249537e+03,1.263160121814670902e+03,1.108639335351070486e+03,8.325125730588658826e+02,9.463045117942215256e+02,1.178706502238805797e+03,1.271503037318432916e+03,1.294623506460305634e+03,8.448477333937123603e+02,1.212349373102959817e+03,8.950552466027720584e+02,1.126936212072391982e+03,8.667015303287153074e+02,7.666438775809155004e+02,1.107887047187542976e+03,1.003982529031695208e+03,8.536578050877297983e+02,1.584988066220081919e+03,1.614337089909291080e+03,1.825235824617019489e+03,1.974913768709057422e+03,1.738893253730328979e+03,2.051164155543449851e+03,1.447814042520988778e+03,1.753824927939026111e+03,1.496429809559996102e+03,7.600962844284397306e+02,8.402093149552370051e+02,5.721134679214036396e+02,8.070645932746658673e+02,8.038120539663311774e+02,7.180268739286872233e+02,9.037018928665626163e+02,8.224580701447860065e+02,1.355247556213575535e+03,-1.396308674698068728e+02,-1.396288386162562029e-04,-7.448635299035812414e-09,3.258486295732160732e-07,3.650481718382261198e-07,-9.986045187478410872e-07,2.310495134756055931e-08,-3.485076092472969950e-10,7.900168313357907147e-12,-1.773452792373090297e-12,-1.440085346785484978e-13,4.367229609454857829e-14,-1.615884084986497370e-13,-1.104285569806890799e-13,6.474028907587606188e-13,5.966183588046782521e-13,-2.017831176871030006e-12,-9.547173518608481816e-09,-1.131100644648553034e-08,1.058627975915921034e-09,-4.895180683357714057e-11,5.695761513567022773e-14,3.216190857258114488e-16,-1.021531393787464167e-22,5.338634994438999790e-23,6.836807731488563803e-23,-5.648810506909487873e-24,-9.639694978906125914e-24,-1.223853641211376813e-23,-1.014456871326221317e-23,-1.210705798200609263e-23,4.240198360991186322e-24,3.651818059775484479e-24,5.715629633834790979e-24,-1.593012898745421137e-24,1.340571530734762839e-25,1.504904500313496215e-25,1.563980008294127306e-25,1.631360444885675878e-25,1.434700112683133144e-25,-2.103451651533204190e-26,-3.433569959682032304e-26,-2.843760276706236361e-26,6.961455701455497277e-27,5.124753954340442528e-27,8.572508453780622431e-27,6.832676716915760871e-27,8.285390754731019188e-27,-2.144706427445565272e-27,-1.959254411340336873e-27,-2.566217279620627758e-27,-3.461398358236879844e-27,7.844522695296118630e-28,-4.443414698457991741e-27,-1.147720608510774602e-25,1.533216558927620150e-25,-1.038589360645419612e-24,3.665626733510086880e-24,4.657847927584549258e-23,2.597513129815986261e-23,1.942104061277998960e-21,5.564277424131572198e-20,-4.096885987063281164e-20,-4.718392239497419129e-20,6.728886219991829467e-21,5.689939565280668701e-22,5.114962763848080366e-23,4.812730797318317971e-23,-9.703294830696193255e-24,-6.644435489507491044e-25,-5.871908548049540464e-25,1.723726825628502660e-25,-3.640105293475973497e-26,1.321130334546836863e-26,-3.001416417539322580e-27,6.938190544580779149e-28,-2.798533473726374862e-28,5.966269464119483136e-30,8.672782131151721462e-30,8.809318802077915952e-30,-1.416773821945885320e-30,-1.316481479862806211e-30,-1.763064507286825369e-30,-2.850084117659063242e-30,2.694444672928527520e-31,1.940031394629708862e-31,3.348431415554448752e-31,1.410081317048577468e-32,2.152326479306842191e-32,-1.563215101928811599e-30,-1.278778054742734519e-30,-1.823993915481576181e-29,-1.799415848488970057e-29,-2.162905988279152282e-29,-1.727668873688814126e-29,1.033377385051531409e-28,-2.554231755759746609e-29,4.981734347098930473e-30,4.558000094699451646e-30,-6.757452712877760244e-32,-8.740153498258769930e-32,3.225098450734298690e-47
-9.271792960965346438e-18,1.554125020132321542e-04,2.392261333392290518e-04,8.226366145636721308e-05,7.371698723807776994e-05,-2.464872240135627859e-04,-4.463892688933510620e-03,1.775918329625596551e-02,-1.231559860900584225e+00,1.138131606075086665e+03,1.422770488504357672e+03,1.283650710644129958e+03,1.362564032680674472e+03,1.189986283266182454e+03,1.269076076270721160e+03,1.323386088138889363e+03,1.334017827948074228e+03,1.158801729791573052e+03,1.356952130074815159e+03,1.583523657615296997e+03,1.632112511760524512e+03,1.476972853793693730e+03,1.203235828309561839e+03,1.250718859946066459e+03,1.346297876666692900e+03,1.237189885021987038e+03,1.427658700804041928e+03,-9.962479297191349303e+01,2.904172763397861701e+01,-2.622833925491167839e-04,-2.547582077100073996e-04,-3.683919494818833928e-04,-4.506666024627906586e-04,-4.014696489461742511e-04,6.568556764367602008e-05,9.920731984600069189e-05,2.048964627781740727e-09,-8.455051474473221330e-09,6.915702615907637761e-08,-3.526607116847165993e-05,1.786641276058536544e-03,-5.529058488223304556e-03,2.031340129908551617e+00,5.695228104496737132e+01,-2.750635892651494032e+02,-1.772707261947163033e+02,-2.320720544380224908e+02,4.824930162735964814e+02,1.561105153478154762e+03,1.471473420593523088e+03,9.120301036070288774e+02,9.347458784388355753e+02,1.212822689828061357e+03,8.049231586276060852e+02,8.931054088860277034e+02,1.150174528075084254e+03,8.911488714470713148e+02,-2.726139016285715115e+02,3.108452991465614446e+01,2.205937390873318638e+00,-8.078260610039906808e+00,2.606879433334054852e+01,4.644206039181237315e+02,1.892618379872095602e+03,1.744129922487618842e+03,1.624668617951939723e+03,2.567457610341558393e+03,2.820235729188030746e+03,2.698185429486570683e+03,2.445751034559334585e+03,2.652397465699009899e+03,2.754544667176729490e+03,3.019699337939689030e+03,2.526774858406555268e+03,2.538925245470190021e+03,1.862510014485492093e+03,2.018169411784847853e+03,2.075564408847019422e+03,2.029511793253274845e+03,1.788494716002385530e+03,2.160237488422635124e+03,1.697913241025124762e+03,1.745218281606974870e+03,1.357065857127882282e+03,1.693478703090547924e+03,1.562714996283552182e+03,1.555088898353543982e+03,2.313778709268421608e+03,2.568883531033085546e+03,2.479313056772766686e+03,2.571845941241181208e+03,2.882646850015469681e+03,3.410248059110280337e+03,2.200932146597299379e+03,2.394342710233628168e+03,2.565989867962449807e+03,2.353270100768242628e+03,2.090843207910706951e+03,1.059158530178591263e+03,9.742213448627855996e+02,-2.226813542946564439e+02,-2.168992498981199333e+02,2.898818059934992775e+01,-2.186717338032677915e+01,-1.862716428028723925e+01,-1.377427271882686988e+01,4.419070216772529314e+00,4.341614914937948377e+00,-1.010800096924540314e+00,-9.123096026491659405e-01,-1.038687242318413251e+00,-5.732518994772333176e-01,-5.352004816090761841e-01,2.182251140727119232e+00,-1.450428496588187777e+01,-2.244075910014175577e+02,8.424209461750862147e+02,2.505733168682444102e+03,1.673450722124928234e+03,1.379075722131498878e+03,9.167085382505582629e+02,9.016379214215689899e+02,1.290252600305191663e+03,9.034366845922127141e+02,1.095946102439545029e+03,7.488527385951970246e+02,1.095274431016916196e+03,8.937956860919208566e+02,1.233113001161892726e+03,7.970438490290011941e+02,8.719343607383696053e+02,1.210422519739426662e+03,8.764282296412972073e+02,1.069292703146997837e+03,1.669553860170254438e+03,1.471216806715565326e+03,1.563186225915685554e+03,1.979123238768181864e+03,1.843558130514556296e+03,1.969444179367461857e+03,1.665352893703830659e+03,1.451569605001646096e+03,1.038930638415602516e+03,8.590789262983644221e+02,7.685919684116568078e+02,5.366937477663823302e+02,8.314678801122324785e+02,6.145122947660411228e+02,9.094681616180321271e+02,9.266498375999121890e+02,8.410469966904930743e+02,1.108246316529398428e+03,4.574956020830608168e+02,3.995583650127427946e-04,2.053429453078031540e-09,-8.980823392576875331e-08,-1.006121510614712255e-07,2.752287398163582201e-07,-6.368033151003067493e-09,9.605334298551883786e-11,-2.177390044424458857e-12,4.887891911128258461e-13,3.969069774726969072e-14,-1.203663410072694968e-14,4.453592875571075471e-14,3.043559327417316314e-14,-1.784328796466670948e-13,-1.644359861117236384e-13,5.561412167724152120e-13,2.631328505980031296e-09,3.117464413520135449e-09,-2.917720061166508701e-10,1.349177161997847499e-11,-1.569827903970829436e-14,-8.864222273565778974e-17,2.923224748978101473e-22,-1.527750990898926540e-22,-1.956404615552905787e-22,1.616407313695771506e-23,2.758457512378138270e-23,3.502143611339039660e-23,2.902941764996937489e-23,3.464522100951296841e-23,-1.213363280206697767e-23,-1.044994035878371371e-23,-1.635568619413604432e-23,4.558521271217901356e-24,-3.836142128491164526e-25,-4.306392742692768487e-25,-4.475441552277042387e-25,-4.668255528402587505e-25,-4.105497808562501021e-25,6.019178551983777119e-26,9.825407986576305868e-26,8.137625055798579625e-26,-1.992070738364755929e-26,-1.466485291505678597e-26,-2.453085098488289265e-26,-1.955219703477347160e-26,-2.370924298899424639e-26,6.137232067097127982e-27,5.606547752645623498e-27,7.343415759882984591e-27,9.905040954880041854e-27,-2.244766723614882622e-27,-6.760091796255136014e-28,3.007817268480498360e-26,-4.211526406750524527e-26,2.862330114606619565e-25,-1.010308894706739642e-24,-1.283765896960497675e-23,-7.159100436157736556e-24,-5.352698221782970688e-22,-1.533589158147428822e-20,1.129156484608322406e-20,1.300451906272886358e-20,-1.854570894210682320e-21,-1.568223328824694540e-22,-1.409752093611186050e-23,-1.326452929977972108e-23,2.674357126379840183e-24,1.831291731718334152e-25,1.618404989864332080e-25,-4.750878348002877191e-26,1.003200166315891216e-26,-3.642347047498051700e-27,8.250217546758546828e-28,-1.893862690219800279e-28,7.942689697444102874e-29,-2.508044373949686157e-29,-2.502893732170173752e-29,-2.514849091578673111e-29,4.054200435360390229e-30,3.767206667803283601e-30,5.045136197670169538e-30,8.155721182621093385e-30,-7.710347690528255282e-31,-5.551539704423627431e-31,-9.581777904443652245e-31,-4.035049350093310361e-32,-6.159037394874280085e-32,4.473252715876194981e-30,3.659315598552417905e-30,5.219490091991944868e-29,5.149158181309914427e-29,6.189311422539727774e-29,4.943849040242444561e-29,-2.957083889800668663e-28,7.309118319245763335e-29,-1.425559199782401608e-29,-1.304304588499733575e-29,1.933693812386285678e-31,2.501057936621784838e-31,-9.572724364400046505e-48
1.124156124962401340e-17,-3.516092547530442629e-05,-5.412192968054667700e-05,-1.861074171244807204e-05,-1.668123924004679486e-05,5.571501599143626799e-05,1.010097240457610802e-03,-4.015396410692540809e-03,2.786207238632176786e-01,-1.486689656835867765e+02,1.856875113167641757e+03,1.573365674520029188e+03,1.440220437969771638e+03,1.208323683223779426e+03,1.508435344713988798e+03,1.318761539485972435e+03,1.137765987437934882e+03,1.302351472931210992e+03,1.433992296446318505e+03,1.770824830580387925e+03,1.652972405955936892e+03,1.522299914077849962e+03,1.229043374461910616e+03,1.196526050605015598e+03,1.496688460013904887e+03,1.493953702307309868e+03,1.429542961336413555e+03,2.441839289042533210e+02,-6.707289115958178627e+01,5.928325709498358904e-05,5.753865075616219058e-05,8.335532419619647666e-05,1.019575453319190530e-04,9.083012562874968161e-05,-1.486024052455791908e-05,-2.244423551664188142e-05,-4.466689045819868951e-09,1.985697247533269648e-08,-4.901773995187865447e-08,7.940622299662902745e-06,-4.024515340377026905e-04,1.243962997359268890e-03,-4.595834645932194706e-01,-1.288499000050529197e+01,6.224084989837955106e+01,4.022270683170438588e+01,7.191438197722922610e+01,2.259362953846211440e+03,1.524171472540594777e+03,1.361591037814191850e+03,1.125061983475816078e+03,9.675511284584400755e+02,1.157917757842556512e+03,1.085499633125219134e+03,9.698640913997045345e+02,7.301289493518976315e+02,-1.097629430477542485e+02,6.167687504270526233e+01,-6.964506924894421580e+00,3.518763709867518963e-01,1.681756714241268469e+01,-6.252455837822054008e+01,1.588923263264073739e+03,2.001554713133441510e+03,1.419100964248517357e+03,1.693654609429097945e+03,1.736454377219723938e+03,2.877243195712334455e+03,2.500502760952404060e+03,2.682932143962335886e+03,2.761790120151201791e+03,2.333189007034535734e+03,2.563062018930178965e+03,2.362655420717237575e+03,2.831478286842445414e+03,2.030925028853233471e+03,1.698810015854159701e+03,2.350740448434718928e+03,1.903305554882476372e+03,1.452561497507778313e+03,2.300443204540552415e+03,1.879395825596870054e+03,1.911543201469638461e+03,1.780739839171978019e+03,1.527057288417877999e+03,1.812900469655024835e+03,1.865965408717993796e+03,2.071195770598544186e+03,2.255348687760556913e+03,2.206297029058018325e+03,2.529618151110964391e+03,2.635878008823870459e+03,3.130209328411403931e+03,2.159650861389026886e+03,2.652119979953711663e+03,2.809609474621482605e+03,2.565761968427023930e+03,3.093354593306715287e+03,3.460198615096277990e+03,3.286887614516183930e+03,5.439062035084938316e+02,5.293733510188008040e+02,-6.695095780139521935e+01,5.050500658370980744e+01,4.302180468210987385e+01,3.181141071220570993e+01,-1.020208965976997106e+01,-1.003780673882062047e+01,2.323505382684785125e+00,2.160598275727683593e+00,2.459112218407311978e+00,2.058012124622863759e+00,1.965880375863201301e+00,-7.357347822332952703e+00,3.039089707666527573e+01,5.439008243203404618e+02,2.647096877112099264e+03,1.506141179639536631e+03,1.855651060277994702e+03,1.468239922288541493e+03,1.144201536464290939e+03,6.916571523467054021e+02,7.586628007683734722e+02,7.533043387226642835e+02,1.004309993607937258e+03,8.456865714011360069e+02,9.515006617807854354e+02,1.203675561688156904e+03,1.189361711173547974e+03,8.563911451022644314e+02,9.028295661986080631e+02,9.819345099985932848e+02,1.217190206884315330e+03,1.460559490007527529e+03,1.555977329479495438e+03,1.462141532595192302e+03,1.705385115913752770e+03,2.291747719202768167e+03,1.773920645535319636e+03,1.499560344632023998e+03,1.626342859212438270e+03,1.181754653717086967e+03,7.044781964052370995e+02,1.140725648915282136e+03,9.880859004119148494e+02,7.529011623999066387e+02,8.662623501888385817e+02,8.468727828981581069e+02,9.434250210879832821e+02,8.247606929799468389e+02,1.128344255302328975e+03,1.327891335104508471e+03,1.602654873112930773e+03,-9.228219186157844527e-04,-4.656970017965721114e-10,2.031844179925583745e-08,2.276275170655931264e-08,-6.226846019133971338e-08,1.440720190753985244e-09,-2.173136901923401149e-11,4.926139323297213231e-13,-1.105843499664481743e-13,-8.979546364388893523e-15,2.723236297603802585e-15,-1.007594162219689075e-14,-6.885821664165008120e-15,4.036911879700279886e-14,3.720242184080807245e-14,-1.258228244975406410e-13,-5.953185509482211459e-10,-7.053031930727241797e-10,6.601125154154341630e-11,-3.052413222163980331e-12,3.551618576834754559e-15,2.005397218624679599e-17,-6.751661064813353605e-22,3.528431536982623666e-22,4.518515715163160586e-22,-3.733264065461739877e-23,-6.370931399065261661e-23,-8.088569108400974248e-23,-6.704646701295712070e-23,-8.001676082449015073e-23,2.802389427755628649e-23,2.413523064644738533e-23,3.777516802748455322e-23,-1.052838165353037241e-23,8.859971449339359851e-25,9.946064450931720297e-25,1.033650036553096902e-24,1.078182440913431934e-24,9.482076596117626028e-25,-1.390192243025983451e-25,-2.269280741567919341e-25,-1.879469620664947116e-25,4.600895727328779314e-26,3.387001165134176643e-26,5.665656610997644003e-26,4.515784407880509119e-26,5.475897650884800625e-26,-1.417457937174628904e-26,-1.294890844154609050e-26,-1.696038676885611015e-26,-2.287672808518022397e-26,5.184523535186282246e-27,4.534770654561323944e-27,-3.221114422725136512e-27,9.200364079172870065e-27,-6.472101327492511197e-26,2.286053676674018393e-25,2.904443798511082678e-24,1.619710420683280423e-24,1.211008483543019293e-22,3.469631678067558322e-21,-2.554632778364705735e-21,-2.942175948049266670e-21,4.195829058641148727e-22,3.547989071622874504e-23,3.189460789086920042e-24,3.001002659651752926e-24,-6.050523091632046063e-25,-4.143082985789529861e-26,-3.662180231508516786e-26,1.074982490261727433e-26,-2.268249056595972437e-27,8.266716329753879331e-28,-1.815631226964538679e-28,3.860637744613569315e-29,-2.326198948565062992e-29,5.970395069157928200e-29,5.785383277008401643e-29,5.806974514730929663e-29,-9.363599947291137812e-30,-8.700757823519389543e-30,-1.165226973549511758e-29,-1.883649110429924519e-29,1.780785444126886996e-30,1.282186160070915015e-30,2.213011825919465515e-30,9.319368512793434089e-32,1.422494105693650803e-31,-1.033144501916441446e-29,-8.451572114411553139e-30,-1.205495829066425667e-28,-1.189251938670400542e-28,-1.429486209028777610e-28,-1.141833645146714601e-28,6.829694534382746775e-28,-1.688117324242518610e-28,3.292478075706268488e-29,3.012427868540259220e-29,-4.466068110943784478e-31,-5.776454898299088185e-31,2.097614359145144509e-46
4.274042367108313755e-18,5.064305209634667912e-06,7.793593033695455388e-06,2.679413492401499491e-06,2.407324314475047964e-06,-7.952837542784357941e-06,-1.457333264149733337e-04,5.748316011826097019e-04,-4.011543460382477333e-02,2.141307527999835614e+01,1.532202031219976561e+03,1.465803053133770391e+03,1.524662668360952239e+03,1.344029016643225077e+03,1.633580631531988956e+03,1.488118131559996300e+03,1.237196449513043717e+03,1.522581801160848272e+03,1.450659767591803757e+03,1.497456841873362009e+03,1.704932946083707066e+03,1.506826097495732711e+03,1.315768667920708367e+03,1.189013000453581753e+03,1.327351565324972398e+03,1.333228068363506736e+03,1.531897823115816664e+03,1.507222402639881921e+03,9.612779281934780329e+01,-8.458971289571672872e-06,-8.148210468999442590e-06,-1.201910473388555850e-05,-1.468173516561703465e-05,-1.308330492727498198e-05,2.139460170590872558e-06,3.231725090979896495e-06,6.300662082759302260e-09,-2.821905347972117919e-08,5.422151424267608884e-08,-1.089911368327714807e-06,5.547474745180989606e-05,-1.693552228756489198e-04,6.620588274396017880e-02,1.855795397620938481e+00,-8.978470281898490057e+00,-5.958034024741123424e+00,-3.778838997553492618e+01,1.414460395054209584e+03,1.410736393193392814e+03,1.144880171168134666e+03,1.125242277703584705e+03,1.181433691407091601e+03,1.297438624581132672e+03,1.227721764923569935e+03,9.706886912543402559e+02,-4.161412869181819474e+01,1.580939381332972005e+01,-8.883459108214440292e+00,9.068198709193989737e-01,-1.253269488085236638e+00,-2.360639161986400225e+01,9.007764901162052240e+01,1.468344884525337193e+03,1.833536510106790047e+03,1.584887314165710677e+03,2.044103206797444955e+03,2.265496597333165937e+03,2.741979946230983842e+03,2.417213880827318917e+03,2.566388095823398089e+03,3.185353455414342079e+03,3.356498821984278038e+03,2.486484615332024987e+03,2.231528997859304127e+03,2.705220409398078118e+03,2.351733005193575536e+03,1.903842675036472428e+03,2.029818713002614913e+03,2.327134196825547860e+03,1.795608110114841793e+03,1.947190406415126972e+03,2.058127689443879262e+03,1.900702588189831886e+03,2.182050964975876468e+03,2.020476902054507718e+03,1.725964378224240136e+03,2.239073905070147248e+03,2.227090833261011539e+03,3.033415844331762855e+03,2.416094994126465735e+03,2.191836285025273810e+03,1.938003711763929232e+03,2.393723291074531971e+03,1.910591741435414860e+03,2.226899288375069318e+03,2.396825628778778992e+03,2.846847757959451883e+03,3.101782425341440103e+03,2.599330993620111258e+03,2.853637186392836611e+03,3.089138994277344409e+03,2.956046801725982732e+03,9.636072827090765713e+01,-7.165762645263150432e+01,-6.104029449962338560e+01,-4.513445774017973378e+01,1.447435465148893385e+01,1.424328890231704925e+01,-3.295109266102673740e+00,-3.072911626285464770e+00,-3.497367496428387845e+00,-3.021566107736176843e+00,-2.890259578516918282e+00,1.075954342636455330e+01,-4.268894568823621682e+01,2.871342997269935950e+03,1.959113011679054580e+03,1.852387965203082786e+03,1.628491004827901406e+03,1.503473961906718614e+03,1.168435888676988952e+03,1.032727330715542394e+03,8.789128604025335108e+02,1.047013086592628952e+03,1.023687651980112264e+03,9.154423831633254167e+02,9.753112912944275195e+02,1.114551729993954041e+03,1.114086480196648381e+03,9.523733300048614865e+02,1.256907374378646182e+03,1.222279035890358045e+03,1.463253268525915018e+03,1.660760380048488059e+03,1.182160551589782699e+03,2.045651012376570179e+03,1.863957925880130915e+03,2.470079257415483426e+03,1.516738305944686317e+03,1.435280000138880496e+03,9.392179745007121028e+02,7.547942899477857281e+02,1.007641698369971664e+03,6.761945878386267168e+02,8.958102862770415413e+02,9.906167172809725798e+02,7.162430339833883863e+02,1.163842657038753487e+03,8.786680412832242837e+02,8.526892319673817155e+02,9.898092185838662544e+02,1.100447143864468671e+03,1.518752635568853975e+03,1.309319050663619545e-03,6.864134516965858477e-11,-2.926516716802636131e-09,-3.278570420687469798e-09,8.968662620692446552e-09,-2.075101884385196894e-10,3.130010481110274719e-12,-7.095998601325938619e-14,1.592708971606548196e-14,1.293158128709494591e-15,-3.921325514307345494e-16,1.451269722208213825e-15,9.917871791718713782e-16,-5.814450436299234550e-15,-5.358344469120860471e-15,1.812253793431926433e-14,8.574503650196632659e-11,1.015863657182607622e-10,-9.507745334882733381e-12,4.396457669463268993e-13,-5.115465926047731744e-16,-2.887466625396177815e-18,9.578976204255485554e-22,-5.006306765516357376e-22,-6.410966196343373261e-22,5.296836581903356864e-23,9.039229581598714399e-23,1.147622688628114348e-22,9.512694252194228519e-23,1.135294537893715693e-22,-3.976088708929847319e-23,-3.424356978290964234e-23,-5.359619842555820061e-23,1.493788809315382888e-23,-1.257071280527215944e-24,-1.411168425602949753e-24,-1.466564290535550880e-24,-1.529747797512119799e-24,-1.345336859283540687e-24,1.972433830439293007e-25,3.219702978331882797e-25,2.666630807046961304e-25,-6.527847085993090287e-26,-4.805548092472409306e-26,-8.038552097306571801e-26,-6.407089365863109115e-26,-7.769318115876842584e-26,2.011118967500215323e-26,1.837218212423665391e-26,2.406375147538795751e-26,3.245798027568567158e-26,-7.355910426363920276e-27,-6.845659746731543214e-27,-4.600838400660896187e-27,-8.617496220724272009e-28,9.269504553054450372e-27,-3.296960242144962810e-26,-4.183598480648963436e-25,-2.333145607995488499e-25,-1.744245271657078285e-23,-4.997386523973574033e-22,3.679493777669349854e-22,4.237680530237137601e-22,-6.043344798290576501e-23,-5.110248546345515905e-24,-4.593868355137569958e-25,-4.322428653435358879e-25,8.714538881436116644e-26,5.966261336672107188e-27,5.284031961310718993e-27,-1.550179442437305180e-27,3.246985087219188745e-28,-1.227666385844141414e-28,1.895489831094718648e-29,4.327263724500488045e-31,1.082960245260424435e-29,-8.495535836891647628e-29,-8.209071838983370394e-29,-8.238872429570367383e-29,1.328527144559727293e-29,1.234481717699820413e-29,1.653248400879775082e-29,2.672560754537460991e-29,-2.526615633385577567e-30,-1.819192540926321954e-30,-3.139867463919407087e-30,-1.322251496122792069e-31,-2.018264388726820717e-31,1.465847027612182123e-29,1.199126728117856811e-29,1.710382695313244140e-28,1.687335523877201726e-28,2.028184931179074142e-28,1.620057457268703735e-28,-9.690113448945032943e-28,2.395136166733104401e-28,-4.671436756232780556e-29,-4.274095665035029065e-29,6.336550843949581121e-31,8.195755024685198971e-31,2.186583779677211649e-46
-2.396629358090768932e-19,6.634575184856210710e-07,1.018952409956301421e-06,3.496545042245026323e-07,3.210329383587986303e-07,-9.550983057643308357e-07,-1.938982411989621695e-05,7.106588165266859442e-05,-5.237386075591653721e-03,2.805204101491931112e+00,3.777579061899668034e+01,3.748615711456187682e+01,4.049421173133629281e+01,3.611275457928476840e+01,4.343398412333235115e+01,1.887625551840397293e+03,1.342413528466697016e+03,1.517013178918706217e+03,1.968241990053525569e+03,1.739769548810141941e+03,1.572520313562623869e+03,1.674874149263100662e+03,1.401129094338129789e+03,1.701593289227705782e+03,1.533243202422188915e+03,1.317457785656955821e+03,1.705462536007384415e+03,1.574389324449122341e+03,1.300883606017585180e+03,-1.011984350196542762e-06,-8.995029731905118042e-07,-1.590575157049925234e-06,-1.919261462340699685e-06,-1.715016411324884164e-06,2.792061297876734709e-07,4.222101628537493085e-07,7.651491833273728675e-09,-3.429482707644290186e-08,6.400785885468953041e-08,-7.787841913057019715e-08,4.261664924910626091e-06,-1.034337031473087131e-05,8.686764084766760916e-03,2.430515390144731280e-01,-1.192870909576357885e+00,-9.792304011608634617e-01,-3.804779768486146452e+01,1.191104048788644377e+03,1.057924358131273266e+03,1.202383566225411869e+03,1.527549476344015375e+03,1.417431030249954347e+03,1.454698507805571580e+03,3.277513059552317287e+01,2.535552202491214047e+01,-5.451726663783831306e+00,2.071130934715682770e+00,-1.163796227496682878e+00,2.612770982024440868e-03,-1.615217975578572052e+00,-2.865315507880988122e+01,1.394618830442093213e+03,1.602517955992748739e+03,1.410657810809904277e+03,1.904030968130655765e+03,2.390202954330506600e+03,2.887490996654159972e+03,2.472059456558191414e+03,2.751475999799951751e+03,3.033771011160022681e+03,2.756359775014298975e+03,4.132767672285702247e+03,3.064328589384043880e+03,2.092077091920985822e+03,1.560777961860071173e+03,1.885335619228892028e+03,2.567049973451751612e+03,2.541183587758342583e+03,2.021338901730250200e+03,2.074885873584953515e+03,1.993782787802385201e+03,2.435146285022231496e+03,2.057061999059983464e+03,2.249438949492235679e+03,1.669418444354572785e+03,1.561728958807728304e+03,1.678258237027152745e+03,2.113132491765500617e+03,2.652509614413540930e+03,2.720870456310761256e+03,2.242072778901372658e+03,2.101269588927895256e+03,2.487691893210318085e+03,2.153953685449704153e+03,1.916957301050485739e+03,2.416492756082349842e+03,2.754177012774543073e+03,2.182283990323181570e+03,2.434255675775861619e+03,2.862004560196157399e+03,2.759602843517842302e+03,2.640656904278090678e+03,1.799662412432521933e+03,-8.707188578433617465e+01,-7.417066159673898085e+01,-5.484328875176002782e+01,1.758785738792472131e+01,1.730733485872928412e+01,-4.003732005424424756e+00,-3.734832335158312588e+00,-4.250705232930299893e+00,-3.683980941685288446e+00,-3.524357071092713678e+00,1.311331777983402702e+01,-5.181904661424587033e+01,1.949235712495861890e+03,1.992589215010916178e+03,1.633041362619305119e+03,1.401900095693472622e+03,1.557345555666554901e+03,1.352869174328468489e+03,1.627742557351577261e+03,1.263263800858238028e+03,7.149328074044375398e+02,9.653813090715343606e+02,1.224542438927068815e+03,1.184077584599172724e+03,9.614475468695837890e+02,1.137057312322890539e+03,1.213792985172078716e+03,1.415216074398437740e+03,1.452401022685781300e+03,1.411458355734234829e+03,2.058575425196768265e+03,1.540925160608945589e+03,1.999979999477226329e+03,1.383055982750619933e+03,1.034483801982518798e+03,1.073455294082009004e+03,7.425476292337569930e+02,6.874750585716253681e+02,8.630067517017489536e+02,1.251704884833735377e+03,2.111185791137918599e+01,1.513668088608624657e+03,9.141635934118464775e+02,7.846176790768510045e+02,9.603817402442496132e+02,5.868007934802225236e+02,9.377265346092373193e+02,7.800386253699480221e+02,1.102210359041968786e+03,1.333558751808214765e+03,1.590966291598688636e-03,1.087746908881979936e-11,-3.833947464457577512e-10,-4.295143410258850568e-10,1.174953940698389145e-09,-2.718530202091182789e-11,4.100383945872786071e-13,-9.298028662408208132e-15,2.086484476706915057e-15,1.686886173898838314e-16,-5.139293020212682012e-17,1.901124223681104976e-16,1.299318631443516040e-16,-7.617315220442592546e-16,-7.019773834938368442e-16,2.374173218748580537e-15,1.123316756646541065e-11,1.330848659261153636e-11,-1.245577602281769700e-12,5.759650215763951422e-14,-6.701500148183103703e-17,-3.771297574341543139e-19,1.163974135982927049e-21,-6.083133515216652653e-22,-7.790020966486834821e-22,6.436225151599828415e-23,1.098364543869597065e-22,1.394487541595432501e-22,1.155896643541627665e-22,1.379507405776628253e-22,-4.831384029914807325e-23,-4.160969411191097172e-23,-6.512526107943267953e-23,1.815117284284287236e-23,-1.527479517997846154e-24,-1.714724454764851583e-24,-1.782036507896139883e-24,-1.858811400599238545e-24,-1.634731879155784618e-24,2.396723497051067404e-25,3.912292347995572804e-25,3.240248983075566533e-25,-7.932050370888572031e-26,-5.839268142631985548e-26,-9.767722697069708258e-26,-7.785316492763114691e-26,-9.440573872331293574e-26,2.443730182695650071e-26,2.232421686857462107e-26,2.924009804471522052e-26,3.944000695673456264e-26,-8.938238175160133767e-27,-8.368647451357552343e-27,-6.713859520930808976e-27,4.462379794940300811e-28,1.151135178917433817e-27,-4.371204039984058024e-27,-5.483981016902077532e-26,-3.059485138085111912e-26,-2.285115342777159623e-24,-6.546906353018480314e-23,4.820382435225171812e-23,5.551641943021137332e-23,-7.917184098392670285e-24,-6.694789016984854137e-25,-6.018489309909779271e-26,-5.662893474028530877e-26,1.141466562384567192e-26,7.802780729316295916e-28,7.034807073735182747e-28,-2.053263243520509687e-28,4.012160483687689762e-29,-2.054679574256481230e-29,-6.199452987576336474e-30,7.288134694018272267e-30,1.044299433947490101e-29,-1.032602303833801793e-28,-9.975002390490535611e-29,-1.001111128295363064e-28,1.614306231583355025e-29,1.500030720350070877e-29,2.008878182748688163e-29,3.247454519843262212e-29,-3.070115186198871673e-30,-2.210518518415777624e-30,-3.815283439338903451e-30,-1.606680630239378193e-31,-2.452412653400621197e-31,1.781164954673546461e-29,1.457070529259192848e-29,2.078302618612682942e-28,2.050297776843408359e-28,2.464467200849612464e-28,1.968547544927014511e-28,-1.177455092990638773e-27,2.910353209778981092e-28,-5.676308155926473742e-29,-5.193495138359402293e-29,7.699604449950844207e-31,9.958741500358639595e-31,-6.401170732099350949e-46
-1.126825515005735075e-19,-9.226423419183887269e-07,-1.389361331859967993e-06,-4.679065659016048904e-07,-5.223956225305456179e-07,1.632984857208742685e-07,3.096230442403208387e-05,-4.189727402312874119e-05,7.041752246602363610e-03,-3.900400116898074199e+00,-5.243438947064575473e+01,-5.203645663402677712e+01,-5.685788361224363996e+01,-5.056581577181575682e+01,-6.078001828771904513e+01,2.059786999657318574e+03,1.842742309339970689e+03,1.611101848882075274e+03,1.767555529493907443e+03,1.970707152403195096e+03,1.841240977603264810e+03,1.805389415181359709e+03,1.629760179332223743e+03,1.975267388129399251e+03,1.940491237193392635e+03,1.480586734229761532e+03,1.392153059298021617e+03,1.216617834824488227e+03,9.222308056600448936e+02,1.159381621632834356e-07,-1.003948838553747531e-06,2.426640021990159916e-06,2.613417661651481677e-06,2.398651171118205156e-06,-3.738177975252601629e-07,-5.714805505161588123e-07,-1.022763821028212548e-07,4.584512771746296651e-07,-8.529213000901069359e-07,-7.630375403682061275e-07,3.442579771720945096e-05,-1.446048606761634497e-04,-1.225959899619905903e-02,-3.370625079470611629e-01,1.882147672165013219e+00,4.029047250736875974e+00,1.331560928776606488e+03,1.025144663217878815e+03,9.796779696902298156e+02,1.018721422067221624e+03,1.296463067176891855e+03,1.179907609353779662e+03,1.865218214518655770e+02,-4.549912148091255659e+01,-3.519735917890737653e+01,7.581489104834583159e+00,-2.880175959798354945e+00,1.618499404034471789e+00,1.556101918975874465e+00,2.172543470163080670e+01,1.180552995727888856e+03,1.682020528354939870e+03,1.612137199708284697e+03,1.469473864795221743e+03,1.802781033130250307e+03,2.105960845250071998e+03,2.414424199267610675e+03,2.220317221522467207e+03,2.889954799502461356e+03,2.565225815914463965e+03,2.599707469999319073e+03,2.991147989722886905e+03,2.244170772962908359e+03,1.913675420311278458e+03,2.022945732024552399e+03,1.276419381198606516e+03,2.125242282484910447e+03,2.105247861811004441e+03,1.997477258833566111e+03,2.346119178357690544e+03,1.802036478861641399e+03,2.214494216131243775e+03,2.121070316676888524e+03,2.300562856420932803e+03,1.615750951222886442e+03,1.515355367680312611e+03,1.706525501404611987e+03,1.934083716612748731e+03,2.338445893791315939e+03,2.596100333186283024e+03,2.551326195844220820e+03,2.200205932515542372e+03,2.398283918465856459e+03,2.509146602194274237e+03,2.566293486028555890e+03,2.720223540356502781e+03,2.753416459464292075e+03,2.691070673568196071e+03,2.847050546607616980e+03,2.267746101943538179e+03,2.713516226741925493e+03,3.086406024213841192e+03,3.167684172339616907e+03,3.556190300242788453e+03,2.953648596047724368e+03,2.413885067407059978e+03,-2.351092204576404185e+02,-2.313596360033721737e+02,5.352044523855062863e+01,4.992745785184941099e+01,5.682365833918000675e+01,4.926439231988084089e+01,4.713048293588521176e+01,-1.753518588558180795e+02,2.040565313557901391e+03,1.828503488612169576e+03,1.180570780310820510e+03,1.298814306909686366e+03,1.429236834999888060e+03,1.530219245423203574e+03,1.531456239738418390e+03,1.061085358364951389e+03,9.137918036844927201e+02,8.640338434753039110e+02,1.048599872977029236e+03,1.081075264057854838e+03,1.271171846256704839e+03,1.682407739084705327e+03,1.128091789403523080e+03,1.182058498177602587e+03,1.490805897456577668e+03,1.414929344024192005e+03,1.480949759219962743e+03,1.597303986588496400e+03,2.069410382112922434e+03,1.883881275107334432e+03,1.618518168244580693e+03,7.287972969453794576e+02,9.488035639914613739e+02,7.821211945229488265e+02,1.245313511667533703e+03,1.095443197505355641e+02,1.823719616815562290e+02,-1.096552721871664460e+02,1.247518143024030451e+03,9.483771449642144944e+02,7.718483674584498431e+02,6.537674334374147520e+02,6.834915124916625473e+02,5.840453469852851640e+02,7.996545128783860719e+02,9.190873172270730720e+02,1.933315530881895086e+02,-2.126757119765181059e-02,-4.069432936205230947e-11,5.331682446706839601e-10,5.973075124959449655e-10,-1.633959242156649836e-09,3.780529358683235782e-11,-5.702509197740392423e-13,1.292337394472487774e-14,-2.902702602996371731e-15,-2.360710541397947763e-16,7.141538420065445792e-17,-2.644072495698150119e-16,-1.806853379594018600e-16,1.059311718932540379e-15,9.761926058535996795e-16,-3.301672783648732306e-15,-1.562149126985054769e-11,-1.850754972253870397e-11,1.732172186723692742e-12,-8.009695967444261915e-14,9.318164717525285235e-17,5.090538869289833306e-19,-1.555963002500417200e-20,8.131784551837866784e-21,1.041348092754691156e-20,-8.603768269803964833e-22,-1.468262385043893503e-21,-1.864110302678594077e-21,-1.545168787243374672e-21,-1.844085098417516278e-21,6.458452588523119052e-22,5.562261993208210697e-22,8.705754071667250315e-22,-2.426395599451787299e-22,2.041889859217824971e-23,2.292193405882029828e-23,2.382174185951338029e-23,2.484804612785443480e-23,2.185261674579218046e-23,-3.203869741265710705e-24,-5.229837771466554598e-24,-4.331469893694023426e-24,1.060333250816940512e-24,7.805762548845472739e-25,1.305720548430539593e-24,1.040718295952982887e-24,1.261988252162075313e-24,-3.266706901213253355e-25,-2.984235895810275504e-25,-3.908730626286119662e-25,-5.272224561524264714e-25,1.194837488125331202e-25,1.119426018836979613e-25,9.137476329921159812e-26,-8.126585412231501239e-27,-7.519930635323788734e-28,6.776485055492478625e-27,7.669164108398985961e-26,4.293760240022997901e-26,3.178330641221257298e-24,9.104493698166853474e-23,-6.703528101985407995e-23,-7.720431595891201688e-23,1.101012325163080449e-23,9.310496112169537582e-25,8.372579391451858497e-26,7.878176669833304946e-26,-1.584761645837305243e-26,-1.067088629540206546e-27,-1.129157940722197864e-27,3.156435508618010365e-28,-2.336141003137859672e-29,8.849406405685996447e-29,1.251809175016467586e-28,-1.072130756545072275e-28,-1.356676626639362896e-28,1.380396139054824865e-27,1.333430241106343816e-27,1.338255694382411667e-27,-2.157957267429493453e-28,-2.005197112552790623e-28,-2.685409489865569540e-28,-4.341102044107821782e-28,4.104040019349608727e-29,2.954956382051542700e-29,5.100159104973157164e-29,2.147763587000944033e-30,3.278313373634910233e-30,-2.381009119105291589e-28,-1.947769187936639533e-28,-2.778214041430089404e-27,-2.740777989560345084e-27,-3.294427539438282250e-27,-2.631496675007667650e-27,1.573987466119633130e-26,-3.890474890671344103e-27,7.587922413727255069e-28,6.942512119395067867e-28,-1.029260561226169099e-29,-1.331255382324333308e-29,7.297247798547727819e-45
8.953228603982539470e-20,4.633990541181000997e-07,5.570641909904325999e-07,1.416448898393524394e-07,6.489339101901098982e-07,5.847113501646504726e-06,-3.589814245973642505e-05,-2.687216654304709564e-04,-2.306749952078609826e-03,1.955529658775162494e+00,2.634962984274954678e+01,2.614775124621043290e+01,3.183294710208120648e+01,2.759882661562234674e+01,3.299345272838962728e+01,4.798273957983745390e+02,4.729583046781532403e+02,1.742831429368602357e+03,1.784795718989177658e+03,1.715215636289348367e+03,1.646116134967604467e+03,1.465354174279733570e+03,1.396524560066389995e+03,1.759487150385564064e+03,1.888583802046980736e+03,1.335712865298546603e+03,1.190446032571466503e+03,1.407935854157779886e+03,9.219431794744380113e+02,6.514597133861628951e-06,1.198085107653833763e-05,-2.311525093567452029e-06,-1.029512047319306671e-06,-1.274204180467939259e-06,1.141409505522934404e-07,2.072745943406001184e-07,5.177715103171677103e-07,-2.320917352859070910e-06,4.316481934143694048e-06,4.818136824233676316e-06,-2.226735339187707683e-04,8.818417385909642836e-04,7.069915468908377805e-03,1.645110836113580777e-01,-2.081713291048361114e+00,-1.559934367868331506e+01,4.870409654182150234e+02,1.368229562304086812e+03,9.634971305493256750e+02,1.165879492634690678e+03,1.320060805054621142e+03,1.315912822396358706e+03,-9.070042158003415977e+01,2.285202619871460783e+01,1.767794927598261268e+01,-3.807834870707299313e+00,1.446277529065785439e+00,-8.131856411893706449e-01,-8.720215137017751417e+00,-1.100559577200237413e+02,1.415042140103693100e+03,1.700260278363757152e+03,1.405359940612189348e+03,1.433642103692628552e+03,1.759649733285853017e+03,2.236104954158551209e+03,2.632784727318855857e+03,2.066983752401025868e+03,2.175849874330599505e+03,2.618149472722201153e+03,2.963613974963217515e+03,2.340991252848758904e+03,2.410340064813703066e+03,1.558146051496119981e+03,1.802131302641181946e+03,1.510891667609675778e+03,1.983245962137472816e+03,1.954608590979421933e+03,1.642421112435627037e+03,2.041230197333355136e+03,1.515082271866712517e+03,1.838000746449045664e+03,2.179909484324145069e+03,2.177381573728849617e+03,1.694821760814483696e+03,1.798416483537248041e+03,1.639047144809693918e+03,1.566099710567143120e+03,1.850524863550509735e+03,2.097261523140928603e+03,2.140521999392747148e+03,2.271896489160099463e+03,3.060947592579437696e+03,2.580174205771453671e+03,2.813790235961352209e+03,3.618796157187418430e+03,2.541461897660802606e+03,3.061399504396045359e+03,3.674238854368722514e+03,2.614395655491410707e+03,2.826416373621747425e+03,3.009428081614766143e+03,2.817073186944694044e+03,4.037269499043013184e+03,3.013466212381891182e+03,3.626758795680731509e+03,2.407458670055290440e+03,2.249088606024751243e+03,-2.709475173453658385e+02,-2.527588304280093894e+02,-2.876709839921326193e+02,-2.494108991796927910e+02,-2.386079115000921433e+02,1.781654945594012361e+03,1.948244481275644830e+03,1.760822980495533784e+03,1.456022042823781476e+03,1.981437313907169937e+03,1.378731579078469167e+03,1.139200932229344744e+03,1.252134529915110306e+03,8.772375523772947190e+02,1.139131154876153460e+03,9.901900424133004890e+02,8.311254583791529740e+02,1.026770298693353880e+03,1.320660876438572814e+03,1.967400255647923359e+03,1.169990510700668210e+03,1.544183614561660306e+03,1.702758946491933557e+03,1.405554588144827449e+03,1.757142650528987360e+03,1.731406224637820969e+03,2.312134476807595547e+03,2.200084317593043579e+03,1.560931270508943498e+03,1.070191976995795812e+03,1.736264759306153792e+03,1.292895565996186861e+03,3.759365255534106609e+02,-2.480405474957855461e+01,-1.774686367442602091e+02,8.617862104649162802e+02,7.330880928040204481e+02,9.299590753856591618e+02,6.714184885424368758e+02,6.637198369317459310e+02,9.701825939203417875e+02,8.461527859008317591e+02,1.009205245647195056e+03,9.330576229543388536e+02,-2.389558110250653158e+02,1.076672408522331287e-01,1.504288666116077248e-10,-2.677837626889616971e-10,-2.999992206698762313e-10,8.206592680510944331e-10,-1.898778399137923754e-11,2.863967638925320763e-13,-6.494610210121512977e-15,1.457132079617189167e-15,1.182751914772987072e-16,-3.578521371878083305e-17,1.328697757110363933e-16,9.073142539558016752e-17,-5.320547872433862725e-16,-4.902039862194968492e-16,1.658324580793835915e-15,7.845925284299343747e-12,9.295453994565777821e-12,-8.699873075705235413e-13,4.022854760708564857e-14,-4.673306458271087279e-17,-1.772683321874573852e-19,7.877076053891840258e-20,-4.116721800320454216e-20,-5.271832706236855047e-20,4.355663780739688199e-21,7.433089559343126850e-21,9.437072657771906073e-21,7.822428727344358653e-21,9.335694828553701161e-21,-3.269596532719452530e-21,-2.815899362213792295e-21,-4.407294616342540618e-21,1.228364616600906088e-21,-1.033708293377419130e-22,-1.160424654110782050e-22,-1.205977492423141495e-22,-1.257934224018502295e-22,-1.106290383857820460e-22,1.621961491901118896e-23,2.647609347207589699e-23,2.192809926200858424e-23,-5.367945142264902433e-24,-3.951673223815852636e-24,-6.610220201717830022e-24,-5.268644284165316043e-24,-6.388825119432594139e-24,1.653772851889803874e-24,1.510771690687381015e-24,1.978797850735072907e-24,2.669067691893998339e-24,-6.048873866057517314e-25,-5.667489126325370684e-25,-4.634463122056099186e-25,4.228534859128175971e-26,-3.942701548801738985e-27,-6.954296469036334907e-27,-4.069814031782317201e-26,-2.355373522806461344e-26,-1.598956029898146274e-24,-4.572688070008730558e-23,3.366992871434945761e-23,3.877591204723003231e-23,-5.530009216552165707e-24,-4.677925673012307060e-25,-4.220010553627446183e-26,-3.972252487835399935e-26,7.825756418439329704e-27,4.442754371868577758e-28,1.334946230968681490e-27,-3.117590137672202757e-28,-1.533476160760370886e-28,-3.494265758666247765e-28,-6.561313406991234628e-28,5.479493769726148942e-28,6.847370200216095349e-28,-6.988289052320247586e-27,-6.750501340774789465e-27,-6.774929452255048614e-27,1.092467506983179669e-27,1.015132562457933661e-27,1.359490595528335260e-27,2.197686209669592084e-27,-2.077673379435697296e-28,-1.495948914590527348e-28,-2.581959423721377769e-28,-1.087306948517620105e-29,-1.659648637375820150e-29,1.205387676444417506e-27,9.860596319678168066e-28,1.406472970302212234e-26,1.387520940586559877e-26,1.667806446062757445e-26,1.332197192025296039e-26,-7.968323511719739866e-26,1.969555870703194574e-26,-3.841391489823504721e-27,-3.514652037716435609e-27,5.210639415016154616e-29,6.739490492405343538e-29,-1.862343859863434692e-44
-2.552723149387185064e-20,-1.755104664868312973e-07,3.408706124821687978e-07,3.124212778905474264e-07,-1.761463206465327007e-06,-2.546241377444859430e-05,9.337692864983184609e-05,1.237930911119443063e-03,-3.949041406389157058e-03,-7.271038310675397298e-01,-1.003606909723196949e+01,-9.951703801000922667e+00,-2.490146551499157823e+01,-1.908703471311775601e+01,-2.216740317510974734e+01,-1.760124188353012755e+02,-1.736217364994856496e+02,1.556799448290154714e+03,1.640546678746047746e+03,1.418078659148440693e+03,1.428867616786167446e+03,1.497398694082802876e+03,1.268089521971147860e+03,1.350058274698599007e+03,1.459318121351328728e+03,1.400026311853382367e+03,2.089058574500129453e+03,5.363818351465416754e+02,3.792138929166118828e+02,-2.823912574328003107e-05,-4.953697170193003451e-05,5.160063207827583367e-06,-7.200297029913793792e-07,7.550140108976488537e-07,2.453902687807094420e-07,2.342022695776283924e-07,-2.024848121503052486e-06,9.076415032695704939e-06,-1.687990976565475023e-05,-1.921388358767084484e-05,8.896342377611187770e-04,-3.506882800010640861e-03,-6.255595005437651276e-03,-4.356859903467975165e-02,5.244214213992722584e+00,5.913805359000201634e+01,-3.188898484917036171e+02,1.311867549276601267e+03,1.044583348330023227e+03,1.002405684332207102e+03,1.418618975905836351e+03,4.957688572285749729e+02,3.435235217819358411e+01,-8.655097707928746331e+00,-6.695456511862993842e+00,1.442264544359662004e+00,-5.466074893183580086e-01,3.091313514110891059e-01,3.442985911313904523e+01,6.809345432754231524e+02,1.372999632147170360e+03,1.421054768882885355e+03,1.368040711489433306e+03,1.582624710605488417e+03,2.056921814208274554e+03,2.309492643175544799e+03,2.912785933930117608e+03,2.177916831237686893e+03,2.586710078442566555e+03,2.885080560106142457e+03,2.998782283636307966e+03,2.648095682310318352e+03,2.363624484391986698e+03,2.258007433326456976e+03,1.764106653879454598e+03,2.022817817953726717e+03,1.923321396331332835e+03,1.582051592985143770e+03,2.129145019124979626e+03,2.013774479921380362e+03,1.656908864689523625e+03,1.656405217643947935e+03,1.746595748229394076e+03,1.876873950786593923e+03,1.733027808707279974e+03,1.582676853891173778e+03,1.603908470646657406e+03,1.649571475063105254e+03,1.946149790910962565e+03,2.805514256635970014e+03,2.220730970604460708e+03,2.665038607592504832e+03,2.551063427018337734e+03,2.439627633671223975e+03,2.756537345720432313e+03,3.286136035314127639e+03,3.005939188418029971e+03,3.332640162472142492e+03,2.702837921635875318e+03,2.573106844187730076e+03,3.154105944066615393e+03,2.752560857844169732e+03,2.611907351370043671e+03,3.375680197109356868e+03,2.925643090632380790e+03,3.169015210286148431e+03,4.076031474466294185e+03,3.011517207117649832e+03,1.627150939990722918e+03,1.465363077383367681e+03,1.683010284567970757e+03,1.444068082588798916e+03,1.421639190498703783e+03,2.946536396912452346e+03,1.707851000762122567e+03,1.447655407637408416e+03,1.806352984691530992e+03,1.755820148656672472e+03,1.255408546415103046e+03,1.567100081101683145e+03,1.257011493972550852e+03,1.001232540127528068e+03,1.154981714576688546e+03,8.836616714634146774e+02,7.709113046133971920e+02,1.386154391879473224e+03,1.505505950986083462e+03,1.636279859141579891e+03,1.509030503410293932e+03,1.784787886710299063e+03,1.815175829831018518e+03,1.447640963125114695e+03,1.960006589310820118e+03,1.915250899565950931e+03,2.233441222819971699e+03,2.110454059455291826e+03,2.178789882154243060e+03,1.392965756546044759e+03,7.936804172780225599e+02,5.431979429244430548e+02,-2.346051313940251930e+02,-1.021196411121139676e+02,5.995594853113697127e+02,9.798830712573297888e+02,7.596859312041394787e+02,8.140832405626003947e+02,7.805901983079097590e+02,9.539193190712688875e+02,1.060233327707591116e+03,9.590247185733687729e+02,1.092329123426861543e+03,1.017020551903619662e+03,8.996794933527885405e+02,-4.210543658768514108e-01,-5.666003245372824940e-10,1.014272774202004785e-10,1.136219048624892741e-10,-3.108209491287981389e-10,7.191486617364328235e-12,-1.085017077092262996e-13,2.456601256140376430e-15,-5.489014722437880718e-16,-4.467246979889556556e-17,1.329249042631829447e-17,-5.054293685866019969e-17,-3.430643364555835791e-17,2.015680226743033536e-16,1.853082180062086637e-16,-6.282897135075697828e-16,-2.971605656756466184e-12,-3.520607812444152212e-12,3.295048177028070800e-13,-1.523514596256634735e-14,1.743484469810430923e-17,-2.402829042166103389e-19,-3.080488525690844105e-19,1.609926753391617799e-19,2.061656036384288891e-19,-1.703369811904615203e-20,-2.906858939417061765e-20,-3.690556767407234914e-20,-3.059117836393910928e-20,-3.650910931294079207e-20,1.278641380525040691e-20,1.101213991329525119e-20,1.723561062056213738e-20,-4.803766499578868277e-21,4.042523858915664789e-22,4.538073633325770402e-22,4.716217154953338193e-22,4.919404387220895021e-22,4.326370698863193681e-22,-6.343006118136317683e-23,-1.035400801537423355e-22,-8.575423551824955310e-23,2.099242740917164705e-23,1.545381167228554660e-23,2.585059348886212385e-23,2.060409146309230925e-23,2.498478356151637848e-23,-6.467410829371399481e-24,-5.908176072605146856e-24,-7.738486355219004403e-24,-1.043792518129375891e-23,2.365533592000747780e-24,2.216400461759378061e-24,1.812734748229469952e-24,-1.658105353666096426e-25,1.843333570125463166e-26,1.655640291906037343e-26,2.396037118158296087e-26,1.671665295328338387e-26,6.159209985919946244e-25,1.731639538773262920e-23,-1.275751352158861826e-23,-1.468575369654296325e-23,2.095062777466312653e-24,1.778447568294719110e-25,1.656596312831304287e-26,1.564941924610443307e-26,-2.439575678100852345e-27,1.911744225007529915e-28,-3.516208496374625337e-27,7.188709010575818904e-28,7.053544025951394412e-28,1.328157166748285497e-27,2.574647703208262644e-27,-2.144882003623082514e-27,-2.676991897140824422e-27,2.732911663664888416e-26,2.639919128982294532e-26,2.649472202078881612e-26,-4.272313563090341514e-27,-3.969879732990955361e-27,-5.316560971418339135e-27,-8.594493237529811222e-27,8.125158965273965847e-28,5.850208630135289882e-28,1.009727080650242020e-27,4.252132162925448881e-29,6.490389268423658004e-29,-4.713910561126394605e-27,-3.856184200210569278e-27,-5.500294982443454336e-26,-5.426179264507033309e-26,-6.522292017453218924e-26,-5.209824636265519977e-26,3.116172920165032880e-25,-7.702343736433912856e-26,1.502253280597154440e-26,1.374475256636645117e-26,-2.037725177439931748e-28,-2.635613091920092827e-28,1.146155135085603142e-43
1.752197128624570882e-20,5.606774841581698576e-08,-1.947257010864246021e-06,-1.319266043538435101e-06,5.611804669909798188e-06,8.557817045768144381e-05,-2.955979943427537878e-04,-4.180260329174841777e-03,1.732714132187729988e-02,1.871558961831405743e-01,3.393478382891881306e+00,3.340195294399753045e+00,5.074420258989324850e+01,3.485966334492696461e+01,3.929878276991225050e+01,9.343737374721371225e+01,8.910414965173406188e+01,1.381811955273984950e+03,1.747143719541302289e+03,1.530002340257031165e+03,1.408444714741434836e+03,1.406259220921651831e+03,1.293454748179520720e+03,1.099538150227257574e+03,1.209823725941460225e+03,1.667590135434309786e+03,1.246966863690001901e+03,-1.420347725116802735e+02,-1.011815327223678196e+02,9.487293132528716296e-05,1.657280755221815494e-04,-1.592136803838835194e-05,3.927533705574191629e-06,-1.148670274828997144e-06,-1.039854983562646354e-06,-1.116517019955320214e-06,6.738828388624688309e-06,-3.020691164850244841e-05,5.617727850552699112e-05,6.406496378581981704e-05,-2.966835056552942149e-03,1.168993583588004426e-02,1.391719394365173619e-02,-4.850678961772338094e-02,-1.651852914615639989e+01,-1.962132439067983398e+02,7.422600166529751959e+02,1.191258833878173846e+03,1.203658600912385282e+03,1.181187809403403207e+03,6.083659088285133976e+02,-1.311400716831840896e+02,-1.097385547095014857e+01,2.764875936358906383e+00,2.138921273728060513e+00,-4.609486092459546547e-01,1.707387125998434951e-01,-1.025534840504934847e-01,-1.146905808335564814e+02,1.618832107880862850e+03,1.436168827450098888e+03,1.367321232797879702e+03,1.477609029208513903e+03,1.868171015059860565e+03,2.215541300870763280e+03,2.350978218814454067e+03,3.044746042760165892e+03,2.388675341634354481e+03,2.737846050106164057e+03,2.320031130034659327e+03,2.759781560269296278e+03,2.989998577869688233e+03,2.254236788597832856e+03,2.399755054271146946e+03,1.866055976311910626e+03,2.143464642016308972e+03,1.942195651480820061e+03,1.594157093342469807e+03,2.349962604244664362e+03,2.222859510777427658e+03,1.676507798284636692e+03,1.611155199738722104e+03,1.752699775032278694e+03,2.116973502802884013e+03,1.705573724615592482e+03,1.374603793423566003e+03,1.729795058243669928e+03,1.723061295226658785e+03,1.999565919363637477e+03,2.737551085893822801e+03,2.079582347104563723e+03,2.684031030996983645e+03,2.237577244639946002e+03,2.508383296571402298e+03,3.006743726610466638e+03,2.727824502974973257e+03,2.980512818916618016e+03,3.450721132740906341e+03,2.599905578776136281e+03,2.633168928508039698e+03,3.056412977182290888e+03,3.250351148612126053e+03,2.671825563199211047e+03,3.201166429411481204e+03,4.191494594605755992e+03,2.740138714670192712e+03,3.061934530520969929e+03,2.755125063633585341e+03,3.301703313072448964e+03,2.378943425242787725e+03,2.893666053872914290e+03,2.315715308434362214e+03,2.745531284635299471e+03,2.536077116962748278e+03,1.813484230145194715e+03,1.429958562616176550e+03,1.902443008810722631e+03,1.460152253769669414e+03,1.393923047457546090e+03,1.742464658040799804e+03,1.247442808917914135e+03,1.278039719031715549e+03,1.041438815419599450e+03,8.610488139596432120e+02,9.581674529778780425e+02,1.627018492898185286e+03,1.398052005237345384e+03,1.954921169512911320e+03,1.708828832660269427e+03,1.606796321884619601e+03,1.398724135822315475e+03,1.285395417936165813e+03,1.428638308901967093e+03,1.612471912442305666e+03,2.206374459793324149e+03,1.622219043272881436e+03,2.137394624821139587e+03,1.468164338222725064e+03,-3.561109510470178634e+02,-2.303418614119826202e+02,5.347759284093596079e+02,5.200419683020320463e+02,9.112435416576007583e+02,7.756713487624186882e+02,9.007009716092503595e+02,8.679358896196533806e+02,7.924327185412249719e+02,1.039522492808548805e+03,9.101996330493393543e+02,6.855743976823027879e+02,9.161183025102549209e+02,1.167951386016566175e+03,6.812030217644210097e+02,1.401296850952032047e+00,1.878794857161490045e-09,-3.239379312262303394e-11,-3.629720893537474196e-11,9.929164015472124207e-11,-2.297366103300524663e-12,3.462690267956881709e-14,-7.875859242584521010e-16,1.778889605147168581e-16,1.441012935272891377e-17,-3.025180772313062487e-18,1.705318457560540306e-17,1.077624976889862330e-17,-6.456810187240180388e-17,-5.801393149033554633e-17,2.013969455204062998e-16,9.492753584557917245e-13,1.124654270762788621e-12,-1.052645230788493335e-13,4.862786360508219047e-15,-4.686512077237014529e-18,1.100856755130355336e-18,1.025207108472304515e-18,-5.357942965803581770e-19,-6.861328000813131131e-19,5.668927744752709508e-20,9.674219294255727527e-20,1.228241765257222003e-19,1.018094701879622230e-19,1.215047368193029334e-19,-4.255403304672279943e-20,-3.664913187776464388e-20,-5.736125508762111228e-20,1.598725346204685299e-20,-1.345378747381047761e-21,-1.510300998429015952e-21,-1.569588343746847730e-21,-1.637210402038197042e-21,-1.439844857977417686e-21,2.110994498395081132e-22,3.445882527891404633e-22,2.853957824122257768e-22,-6.986419048534824095e-23,-5.143131003161381088e-23,-8.603248935738149723e-23,-6.857178270513388813e-23,-8.315101650485360333e-23,2.152397211257221362e-23,1.966280175760529584e-23,2.575419575122976998e-23,3.473810717188012310e-23,-7.872652659445411451e-24,-7.376332561870214939e-24,-6.033009490643495495e-24,5.519720862327914460e-25,-6.231995365795324516e-26,-5.166814517045813128e-26,-3.612341371716768335e-26,-3.130978941847211778e-26,-2.311477325167044320e-25,-5.523583772549261332e-24,4.092670810159071048e-24,4.689903158679443710e-24,-6.712601971448317438e-25,-5.904626270361959510e-26,-7.233690871785366256e-27,-7.013615296196237784e-27,-9.675552599395784903e-28,-1.258457678338478150e-27,1.115230276212370480e-26,-2.231032294211942085e-27,-2.381554117942992887e-27,-4.407823846011043001e-27,-8.571409756767877297e-27,7.138959932446846418e-27,8.908945316005765318e-27,-9.095311533804477542e-26,-8.785825929452286379e-26,-8.817619180389891938e-26,1.421854284723986990e-26,1.321202300542084777e-26,1.769386746917395959e-26,2.860304341981345924e-26,-2.704106783885428902e-27,-1.946988226507946983e-27,-3.360438682281319587e-27,-1.415137780920516535e-28,-2.160044588150330489e-28,1.568820694025798350e-26,1.283363673285326056e-26,1.830534644179088959e-25,1.805868441767421613e-25,2.170662034583630165e-25,1.733864186779512186e-25,-1.037083012060699325e-24,2.563391071919303489e-25,-4.999598536519133145e-26,-4.574344799454019159e-26,6.781684517877812007e-28,8.771495144917526432e-28,-3.207827018070214533e-44
-5.459534333636756155e-20,-1.539198864675375315e-08,5.770022301192345224e-06,3.835058733003070542e-06,-1.591983081157993094e-05,-2.440452315020188339e-04,8.380267182226808350e-04,1.192625604435919480e-02,-5.050973017675225440e-02,7.712132233831900385e-02,-1.465296305173976021e+00,-1.375677812081062656e+00,-1.357895977107656336e+02,-9.148134404898735283e+01,-1.025396658376872523e+02,-1.316186603774128230e+02,-1.202635299625140561e+02,1.337085145494951576e+03,1.731038762671126051e+03,1.627808788487720221e+03,1.376108949405071598e+03,1.144715288355326038e+03,1.370514909683235828e+03,1.264728038501840274e+03,1.305364187000247057e+03,9.695088414738837628e+02,-2.508247610866331456e+02,3.898224198203681112e+01,2.776915694957810032e+01,-2.705411205028597629e-04,-4.724038196262438116e-04,4.501857385366025743e-05,-1.160831183109816914e-05,2.899729965963026610e-06,3.023605489145446200e-06,3.273154417492114693e-06,-1.919924189769997761e-05,8.606092555597046100e-05,-1.600516842149159289e-04,-1.825568956385194633e-04,8.454314156187980184e-03,-3.331032070105604398e-02,-3.776403379056805787e-02,1.910956474638344782e-01,4.680659808317280124e+01,6.324093177260469929e+02,1.666399993069965831e+03,1.197906799668418216e+03,1.243225003298252204e+03,1.493896847394599945e+03,-9.617322210711932939e+01,3.599484024775303936e+01,3.012067608152996012e+00,-7.589106431571078781e-01,-5.872502528135256084e-01,1.271386352996560776e-01,-3.582806556754265098e-02,3.897497783669531118e-02,3.732873238299208651e+02,1.790404308099612763e+03,1.705750944062571534e+03,1.594482831964034858e+03,1.598291400441504038e+03,1.852049324640575605e+03,2.164290250558038224e+03,2.628226471533688255e+03,3.320586310147272343e+03,2.586057651070720567e+03,2.415152839276334817e+03,2.139077931013882335e+03,2.380259337144234451e+03,2.861685022217099231e+03,2.438803611981437371e+03,2.184969697227196320e+03,1.837319848795393000e+03,2.062568213542546800e+03,1.819307277484400174e+03,2.032365918501411898e+03,1.993076671196680536e+03,2.025097269480114164e+03,1.660640367377082157e+03,1.953773803009410585e+03,1.682350085181890790e+03,2.178395631156752188e+03,1.829280599629681092e+03,1.513417269427967767e+03,1.352938187709147769e+03,1.628747432267855856e+03,1.611241873949571300e+03,2.249694158531052835e+03,2.253037142176407087e+03,2.742506595925014153e+03,2.731275100006781940e+03,2.586590808018524058e+03,3.163488968944740463e+03,2.891309540851102156e+03,2.422272960600741953e+03,3.142783740941651558e+03,3.973530803978556378e+03,3.004472935169867014e+03,2.964781954938608578e+03,3.229998178847269628e+03,2.520491445665227729e+03,2.947649900769416490e+03,4.095140178611604370e+03,2.919752216903810222e+03,2.509532151991257251e+03,3.624092144663503859e+03,3.021654186362892233e+03,2.023350909263264384e+03,2.144158935303963062e+03,1.832256924742971478e+03,2.233883688382417404e+03,1.870140407514646313e+03,1.584060211436639975e+03,1.347347245222439142e+03,1.695439097772125933e+03,1.687952289679982641e+03,1.572595547207227128e+03,1.502087175671147634e+03,1.113249156678153440e+03,1.288813643613453451e+03,1.175072840079295020e+03,1.026132509409876548e+03,1.100589251513212503e+03,1.513282298210295721e+03,1.238882799494919027e+03,2.181727664248739075e+03,1.441327695250212400e+03,1.388513287767189013e+03,8.940194020003619926e+02,9.211610215425803290e+02,9.805938121705675030e+02,1.259394708102412324e+03,1.822179688438176754e+03,1.260073187105419493e+03,1.452021806929823242e+03,1.275692968732945701e+03,5.467130639288538987e+02,3.406841287603380692e+02,1.407057292366298952e+03,1.311242486800221968e+03,6.305962713041733423e+02,8.957310950991023901e+02,7.808294197788655993e+02,8.592411598122804435e+02,8.471739961750021166e+02,1.083833040462619920e+03,7.460536227408063041e+02,5.243670549851090072e+02,6.888252314525643669e+02,1.057182451413850686e+03,1.011494488073931279e+02,-3.992361257228778548e+00,-5.350795432497718886e-09,8.895959662969442566e-12,9.962688838405797068e-12,-2.725323722909119322e-11,6.304903616598366096e-13,-9.517461744376235378e-15,2.180600983654481511e-16,-4.721403056314982521e-17,-3.301338008897922920e-18,-2.132776328681983131e-18,-7.034754009681879247e-18,-2.401120113350638594e-18,1.822591432290532828e-17,1.255488645216175732e-17,-5.724334740240515660e-17,-2.605432237571768940e-13,-3.086812993250019365e-13,2.890473956703199493e-14,-1.323103407248993059e-15,-1.228523652451519868e-18,-3.218724653813050364e-18,-2.920863666024040995e-18,1.526503385688003707e-18,1.954824924208622669e-18,-1.615104414344017084e-19,-2.756231006356298457e-19,-3.499319102415865754e-19,-2.900600141490326246e-19,-3.461727638367142146e-19,1.212384604734527578e-19,1.044151166974994726e-19,1.634249390643002605e-19,-4.554844413446420019e-20,3.833047925343447075e-21,4.302919248542926890e-21,4.471831710116439663e-21,4.664490164656040539e-21,4.102186359373927279e-21,-6.014323548853825097e-22,-9.817482920887478618e-22,-8.131061337253035280e-22,1.990463956097907650e-22,1.465302440658683976e-22,2.451106467127214980e-22,1.953642644847809670e-22,2.369011937532197441e-22,-6.132281843459759480e-23,-5.602025573118162627e-23,-7.337492641793858929e-23,-9.897051658130156686e-23,2.242956119385758408e-23,2.101552299788042658e-23,1.718836000032873626e-23,-1.572633942450567034e-24,1.778183774915473831e-25,1.462666336875896588e-25,9.099366540810783320e-26,8.255368601845451711e-26,1.613903461600632018e-25,1.492921378579881082e-24,-1.172567578315463726e-24,-1.283112876770567796e-24,1.899200825148078606e-25,2.256846195573625547e-26,7.515301356441243672e-27,7.661981229726530300e-27,5.240563861111124989e-27,3.755497055649140929e-27,-3.162312494609453535e-26,6.312191186187141928e-27,6.794479140958537763e-27,1.255471754796345063e-26,2.442112189201044310e-26,-2.033941357467682074e-26,-2.538193675949099596e-26,2.591297445391067094e-25,2.503123519659614622e-25,2.512181567526989368e-25,-4.050930362042912509e-26,-3.764168080490638271e-26,-5.041066846505598628e-26,-8.149142867944924547e-26,7.704128609194393212e-27,5.547061893780620227e-27,9.574049348157669931e-27,4.031794723829762239e-28,6.154069583300063328e-28,-4.469644639615108916e-26,-3.656364034985239395e-26,-5.215280108900880277e-25,-5.145004927161623416e-25,-6.184319192269146700e-25,-4.939861386180964217e-25,2.954698738577941499e-24,-7.303222865093675156e-25,1.424409359468383408e-25,1.303252550816663595e-25,-1.932134116302957318e-27,-2.499040610898892493e-27,6.279175479339373592e-43
6.344547644478212368e-20,3.465368199344903811e-09,-1.327824633592910476e-05,-8.809703090841362590e-06,3.648520694632201110e-05,5.595868701367263899e-04,-1.920477467670635803e-03,-2.734764283386124234e-02,1.160587275084982301e-01,-3.113831502999199752e-01,1.551056341620944634e+00,1.359293578823071114e+00,3.266679189019421301e+02,2.199545395784035975e+02,2.460698368612686409e+02,2.869207432950225893e+02,2.596456604796488250e+02,1.216335745157227848e+03,1.186079854197844725e+03,1.415386920562748401e+03,1.634914184797717553e+03,1.320103619459692709e+03,1.413487102042706283e+03,1.552570981542242407e+03,9.257761059674887747e+02,-1.239331070912530919e+02,5.646062948008566451e+01,-8.754013364245921025e+00,-6.234391994838682116e+00,6.203387379075252402e-04,1.083159299053535396e-03,-1.031412093783134278e-04,2.670732300170762909e-05,-6.566164700601714608e-06,-6.945843250895647167e-06,-7.524862729317677540e-06,4.401919447296559018e-05,-1.973167816534388127e-04,3.669595938203056257e-04,4.185658090524969552e-04,-1.938405322249169699e-02,7.637360081212755947e-02,8.616778082724596555e-02,-4.497983191011395432e-01,-1.072598257100042787e+02,1.990758094077995565e+03,1.270284404627435833e+03,1.041730568235289184e+03,1.151339441281299742e+03,1.121777983227504137e+03,-2.510996438233063444e+01,-8.089352755501693082e+00,-6.769316449005460257e-01,1.705955210266462685e-01,1.323588975884435193e-01,-2.998965576524133606e-02,-1.720316579145923438e-02,-3.353541895554681962e-02,1.323942931356073359e+03,1.797764779714337465e+03,2.144398477512092541e+03,1.547780774767368939e+03,1.902613252694756284e+03,1.725154785785529157e+03,1.917901571842782232e+03,2.815530551689075310e+03,3.405374266611494022e+03,2.886695108586249717e+03,2.662426224373805780e+03,3.107065491349896547e+03,2.489994099466141506e+03,2.776978865197369032e+03,2.183695057182018900e+03,2.625925222468288666e+03,2.162002408806827589e+03,2.005609052648578427e+03,1.671456225781249486e+03,1.861059497454557004e+03,2.013992808537772589e+03,1.809215340262304835e+03,1.929916383925650962e+03,2.240726413909795156e+03,1.074019472775278928e+03,1.568186316113913335e+03,2.111726867602745187e+03,1.598738820656330063e+03,1.227377534280251894e+03,1.855455710479965774e+03,1.597622388412925602e+03,2.888665342179334402e+03,2.913411106226837092e+03,3.090365346523922653e+03,2.606241722084515914e+03,2.609413587967292187e+03,3.332254381953305256e+03,2.837812518530446596e+03,2.437763867866466171e+03,2.635377841638001428e+03,3.620079573330544918e+03,2.659106491543128868e+03,3.244646697263674469e+03,2.476056043381925974e+03,2.704507912581854725e+03,3.026291906087932148e+03,3.037922812680209518e+03,3.140971305116320309e+03,3.006672951013611510e+03,3.489257281840061296e+03,2.603434644816642503e+03,2.158459749945476688e+03,1.853447624728624078e+03,2.373087284267743598e+03,1.748681769297099663e+03,1.513794680309517162e+03,1.686411861409614403e+03,1.227510810561989274e+03,1.171132502902614988e+03,1.458356168448606240e+03,1.756054998625974576e+03,1.529425199965695128e+03,1.161906048149716526e+03,1.021587809317353276e+03,1.149897000479789767e+03,1.088872304303018154e+03,1.194737887503353704e+03,1.431468027155276332e+03,1.480222109288393995e+03,1.590094641980356755e+03,1.477372851427605156e+03,1.359461816611163385e+03,8.710962299735998613e+02,7.890463006422887702e+02,1.147194510526361682e+03,1.064000506537889578e+03,1.150708606651136961e+03,1.102672463062383940e+03,1.381383929409628763e+03,1.177158078479484629e+03,1.027343287768920391e+03,1.022243937743371703e+03,1.443561843251413165e+03,1.073581446369624018e+03,8.015746417210793879e+02,8.225925345370081914e+02,7.777009345511054335e+02,6.604780179041931660e+02,9.467030533467286659e+02,1.088496166031654639e+03,6.503519828074661291e+02,6.388704684149432751e+02,6.764182335232732157e+02,7.765249307734258082e+02,9.444796366226917144e+02,9.153513853778830978e+00,1.226768528270356075e-08,-1.998967036652041947e-12,-2.238928091220559985e-12,6.124896831558849240e-12,-1.417522414757449433e-13,2.142031906144149926e-15,-4.983617840789653766e-17,8.027355673485014828e-18,-7.591560247173873901e-19,7.407157325447719926e-18,7.042354641234487400e-18,-7.274765358613170706e-19,-5.253798524403867857e-18,4.886781984745829411e-18,1.736063598314738040e-17,5.852986490971924595e-14,6.934989877249827209e-14,-6.523694090858716276e-15,2.707660902805020502e-16,6.031333608727000129e-18,7.397905019733588584e-18,6.696830393947079303e-18,-3.499901178513695866e-18,-4.481938351659564442e-18,3.703041808340410365e-19,6.319367681819314917e-19,8.023088047102017380e-19,6.650371013289703330e-19,7.936899958230602118e-19,-2.779703178273679117e-19,-2.393984801610783746e-19,-3.746936580625324253e-19,1.044315099611650913e-19,-8.788247111479506078e-21,-9.865547833856133093e-21,-1.025282304706283924e-20,-1.069454204969186960e-20,-9.405316115449864635e-21,1.378938186664866158e-21,2.250910179104326171e-21,1.864254705450508805e-21,-4.563649986483530192e-22,-3.359582293876694405e-22,-5.619791285999344580e-22,-4.479227670734472533e-22,-5.431568486119500839e-22,1.405983156152250665e-22,1.284408283441609457e-22,1.682308694561382519e-22,2.269153356305779873e-22,-5.142553138206371278e-23,-4.818348583160426419e-23,-3.940873764825205695e-23,3.605675992527672714e-24,-4.077529306937442948e-25,-3.351469510507129302e-25,-2.059975148923639727e-25,-1.878095250688567129e-25,-2.604185249645652040e-25,-2.824862700204737756e-25,3.761731432417271946e-25,2.788550612351529909e-25,-5.566933478905275974e-26,-1.963057785133102569e-26,-1.434392804086079903e-26,-1.485080587072011954e-26,-1.256298274155756392e-26,-8.647942320302203996e-27,7.247099781823430757e-26,-1.446259142988162338e-26,-1.558014344063646367e-26,-2.878416978522834479e-26,-5.599186537645493637e-26,4.663337018694555530e-26,5.819459511215893034e-26,-5.941215121672218021e-25,-5.739053742599419006e-25,-5.759821644365765908e-25,9.287798573466629998e-26,8.630322371337558172e-26,1.155794083858620393e-25,1.868400360891534402e-25,-1.766369409277960377e-26,-1.271806447889781682e-26,-2.195096778540370158e-26,-9.243925206754626737e-28,-1.410978555256233107e-27,1.024780862606202451e-25,8.383153901239714391e-26,1.195736949949702509e-24,1.179624559106754987e-24,1.417914055250577828e-24,1.132590132024797412e-24,-6.774405945440218603e-24,1.674451467833138797e-24,-3.265824399467369408e-25,-2.988041289418124564e-25,4.429913843321387704e-27,5.729692625285373771e-27,-1.552079356401102326e-42
4.082577846631313423e-19,-4.967632972268430472e-10,1.840994079341208637e-05,1.221230419624978782e-05,-5.056552809353308351e-05,-7.755800262803837913e-04,2.661609333058390439e-03,3.790363080458991618e-02,-1.608885740214556492e-01,4.497765934734563875e-01,-1.905018028755586235e+00,-1.641094873459911119e+00,1.882829019418930329e+03,1.309569627655039540e+03,1.423663385975124584e+03,1.610745525804275076e+03,1.451320909558503899e+03,1.286639063275246144e+03,1.231112890764194162e+03,1.434552051102522910e+03,1.486462131956825488e+03,1.474687257604624165e+03,1.206871909347799146e+03,1.367456529492750860e+03,-5.209943984981284615e+01,1.735564701535103893e+01,-8.079461606890882663e+00,1.223906754098925909e+00,8.694746211000365932e-01,-8.597810104743851397e-04,-1.501238350807807724e-03,1.429408905568795799e-04,-3.702815871354186674e-05,9.089413722033158133e-06,9.628582429400024141e-06,1.043201754411902119e-05,-6.100948603571777437e-05,2.734760501621568535e-04,-5.085966796848558633e-04,-5.801225630104149544e-04,2.686585519745654863e-02,-1.058520251457181899e-01,-1.193700727149817759e-01,6.249870782153552629e-01,1.497683580357838196e+02,1.389895132545011847e+03,1.040066653755639436e+03,1.289851712584989855e+03,1.197589483852030526e+03,8.808753358021464237e+02,6.882400644298233772e+01,1.139548752125596254e+00,9.537364885647051094e-02,-2.408791746897075842e-02,-1.917323672505668111e-02,6.180651869230589096e-03,3.728578941904889255e-02,3.892568941588352843e-02,1.415648406390922446e+03,1.930388159118894237e+03,1.939749137620856345e+03,1.564178045210383516e+03,2.059749338969979362e+03,1.958938818313772799e+03,1.663113162790886918e+03,2.788902339467867023e+03,3.216360510780399636e+03,2.979188780783729726e+03,2.363026470030760720e+03,3.504595217235302698e+03,3.391171974842688087e+03,2.871309975947155635e+03,1.997321378745274615e+03,2.223904305484221823e+03,2.223905428320775172e+03,2.055560138580844978e+03,2.122941728733072523e+03,1.454051533832021960e+03,1.782138910597747554e+03,1.845870962542284133e+03,1.790431860865827730e+03,1.776419453169603457e+03,1.429599195175417208e+03,1.539764065904885229e+03,1.910955761534602061e+03,1.620576761884929510e+03,1.995190843852199578e+03,1.821843519743385514e+03,1.679779780754065769e+03,2.727651739159399767e+03,2.204740819384753650e+03,2.661811214208622914e+03,2.489339297071099736e+03,2.793046300921329930e+03,3.815132681110443173e+03,2.683957507494340007e+03,2.549977097411711384e+03,2.528881574673186151e+03,2.766215467954503765e+03,2.340679685629852429e+03,2.868769424268091370e+03,2.871796745016660225e+03,3.192911073360054161e+03,3.276961723994871136e+03,3.423082935261285456e+03,3.088290158670085930e+03,2.781223447468381437e+03,2.077128915506061276e+03,2.445355728402721525e+03,1.584705115760255239e+03,1.809281768661356864e+03,2.415496674522361900e+03,1.670088333867367737e+03,1.858106771455016997e+03,1.889933102852658521e+03,1.673528571668904306e+03,1.256255948063840378e+03,1.274313758409499314e+03,1.969448489215127665e+03,1.134523578319493026e+03,1.101318357267555939e+03,1.144524730831995839e+03,1.074772596164737251e+03,9.389488560554708556e+02,1.263901649709154526e+03,1.557308311949372410e+03,1.615473560884416429e+03,1.570458931474958035e+03,1.957883876160824684e+03,1.293651236493842362e+03,9.820243774678787076e+02,1.022642855645270629e+03,9.400710368571167237e+02,1.005201455648039882e+03,1.049806317138036775e+03,1.060881355855695119e+03,1.090691235248621524e+03,1.263732576982325099e+03,1.821369693786424904e+01,1.005186070224502600e+03,1.191279749027526123e+03,8.289384787090436930e+02,1.087528455727309392e+03,9.792236200011064966e+02,9.697962237859070456e+02,6.902180403878292054e+02,7.009979416469560647e+02,7.100780183509824610e+02,6.224446724432400515e+02,8.071844176513261573e+02,7.675524805066355611e+02,8.653381742422145635e+02,7.744414357146281418e+02,-1.268653782419172416e+01,-1.700263067605261489e-08,2.817235011475259302e-13,3.154244251266868333e-13,-8.627976685889504856e-13,1.989459348702341547e-14,-3.074052504138422162e-16,1.221326883947138263e-17,1.306204332016736712e-18,1.682392214971917956e-18,-1.064354940848398459e-17,-8.499359060452851317e-18,1.852680188766441183e-18,2.333970815102129109e-18,-1.132896699254878301e-17,-8.652061798927617152e-18,-8.212404576463874051e-15,-9.738907386965082489e-15,9.572942327070231815e-16,-1.446703971008295679e-18,-8.794241475125936393e-18,-1.025576472612293110e-17,-9.281636903015567171e-18,4.850774185213237657e-18,6.211852772186310445e-18,-5.132321936992546359e-19,-8.758483177922761829e-19,-1.111979635398916664e-18,-9.217245393694884636e-19,-1.100034185072791022e-18,3.852598037707150705e-19,3.318002159752908965e-19,5.193158978541126413e-19,-1.447394216389197509e-19,1.218028739226826703e-20,1.367339884441457630e-20,1.421015245829476363e-20,1.482236378216808125e-20,1.303552936644938334e-20,-1.911173320082335254e-21,-3.119704365146771548e-21,-2.583809694553700517e-21,6.325103025434775008e-22,4.656295770739043373e-22,7.788888054663402108e-22,6.208095839007216016e-22,7.528016032378188420e-22,-1.948656961210413038e-22,-1.780157274013441106e-22,-2.331637142462923843e-22,-3.144988945614644730e-22,7.127448097305030790e-23,6.678108818436796475e-23,5.461951080531210261e-23,-4.997376560857326232e-24,5.651431418560365711e-25,4.644771727945934941e-25,2.851516221435385172e-25,2.601008707075828462e-25,3.461022792921130571e-25,-3.340605723865472439e-26,-2.085012412632831754e-25,-2.615854109320283355e-26,2.577007967470319435e-26,2.286227010419204156e-26,1.948970789123092648e-26,2.021530811822697019e-26,1.748607589651181931e-26,1.199090264294481795e-26,-1.004384790119798605e-25,2.004346821532230916e-26,2.159396126513453384e-26,3.989402770153263009e-26,7.760332689262142526e-26,-6.463267251747582001e-26,-8.065622932867655655e-26,8.234373331264796393e-25,7.954182791841874886e-25,7.982966576454364086e-25,-1.287265303663849974e-25,-1.196140771161253089e-25,-1.601901258476396392e-25,-2.589555467750615871e-25,2.448143159039296539e-26,1.762691449857120094e-26,3.042348408880966056e-26,1.281184566417410076e-27,1.955580457552018516e-27,-1.420320259808672960e-25,-1.161883848683888599e-25,-1.657261056862670115e-24,-1.634929692194135910e-24,-1.965192884475008057e-24,-1.569741170305551048e-24,9.389154660838460355e-24,-2.320747225686321976e-24,4.526349709287499903e-25,4.141349370744687146e-25,-6.139748126126038327e-27,-7.941208520885885555e-27,2.596123437895232553e-42
3.342083620020480413e-19,-8.520939320354830202e-11,2.525263198713947535e-05,1.675113622633503830e-05,-6.935715206873315527e-05,-1.063813451242533398e-03,3.650738695041630313e-03,5.199000481146531100e-02,-2.206850812959801345e-01,6.194499455495632301e-01,-2.579110282234874152e+00,-2.217360954416857322e+00,1.577306451620204143e+03,1.248906027825649971e+03,1.267323214026870801e+03,1.346752156743779324e+03,1.293247216191270581e+03,1.599564194811861398e+03,1.432039719485319893e+03,1.609397745392703428e+03,5.926962529755178899e+00,1.447870245673266027e+03,1.228562113758074474e+03,1.093740308800310686e+03,-7.864540520966619930e+00,2.427841821413926127e+00,-1.366836220887851727e+00,1.684566097755102743e-01,1.167065580543010517e-01,-1.179306506684439388e-03,-2.059151648402275398e-03,1.960612777220552109e-04,-5.079083752942471254e-05,1.246581555088815302e-05,1.320715010483344717e-05,1.430929820817684249e-05,-8.368273035179240671e-05,3.751092502266048338e-04,-6.976088729341720562e-04,-7.957163946814263446e-04,3.685014709341278422e-02,-1.451903359276142114e-01,-1.637243460462408928e-01,8.574724580935541018e-01,1.720294341267348727e+03,1.587853696543668093e+03,1.417581525193937068e+03,1.635671547340857614e+03,1.427394280412572016e+03,9.298548869602673221e+02,1.169326712994770787e+03,1.686059108617538882e-01,1.413061724165168460e-02,-3.640416089809310647e-03,-3.555787723931029196e-03,3.578794818280353358e-03,5.300356126485403219e-02,5.234607025480053633e-02,1.555686994516345749e+03,1.728607147684441543e+03,1.559358485165746970e+03,1.768765933844050096e+03,1.570953548520451250e+03,2.233368051015195761e+03,2.513488091883983998e+03,2.694667057599515374e+03,2.999236176717918624e+03,2.555847926448300313e+03,2.449591853607427311e+03,3.075441206488264925e+03,2.932807508709619469e+03,2.158646684074079531e+03,2.105221260270800030e+03,2.052757502954119900e+03,1.921733998034440219e+03,2.419339954028378997e+03,2.055153412091832251e+03,1.559330892165341083e+03,1.544802274209804409e+03,1.444303810861959619e+03,1.542295888845629179e+03,1.676131992770754096e+03,1.794672433697407541e+03,1.762442446753194872e+03,1.333785748741784573e+03,1.420155756839783862e+03,1.380006244675735843e+03,1.187608207650834629e+03,1.325780018167240542e+03,2.377909077888510637e+03,2.157076129236239922e+03,2.258042215851280616e+03,2.649158509177873384e+03,2.301462618138056769e+03,3.040586797242940065e+03,2.755314355136784343e+03,2.914040162340233110e+03,3.150341194835784790e+03,3.956699672518465832e+03,2.598462288294445898e+03,2.779688240562856663e+03,3.438706268970995552e+03,3.473174420379968069e+03,3.400786723698045989e+03,3.495714884674817768e+03,3.076559525250341267e+03,3.273866672488667518e+03,2.142761538028999439e+03,2.577337813631712834e+03,2.026397178093703360e+03,2.377964542031997553e+03,1.597422324083613375e+03,1.769149192496379555e+03,2.223110900961754851e+03,1.983407084273845385e+03,1.766409902120830111e+03,1.407910978410955067e+03,1.345939924871093581e+03,1.427407454720548685e+03,1.136951639980656410e+03,1.213871200039028054e+03,1.031745400537763771e+03,1.212655183835721118e+03,1.022239963946727585e+03,1.300154480634818810e+03,1.650646188506014596e+03,1.451640818885740600e+03,1.660284976639713022e+03,1.452220563838960516e+03,9.926354229783560186e+02,9.541615097606162408e+02,1.066420443485312717e+03,8.666308737117503824e+02,1.137079278517462399e+03,8.561531239376074609e+02,9.706798387471325213e+02,9.829648976726518868e+02,1.026701879913126504e+03,1.211645890932220254e+03,1.366348587760421879e+03,1.118878945206808112e+03,8.256412451382634572e+02,9.518700593471237426e+02,1.173004201528820204e+03,9.017429078009712384e+02,7.667655788294700869e+02,8.006793640752053989e+02,8.018698965182433085e+02,7.653576149049716832e+02,6.974576822024610010e+02,6.632940482426273547e+02,6.871439200306845123e+02,6.912835377766584770e+02,-1.740129597593110233e+01,-2.332138785195417737e-08,3.784514688734600589e-14,4.599260216228062838e-14,-1.273216983530599023e-13,2.967969664753404100e-15,-4.893669822752964132e-17,1.352619014096954697e-17,5.023438085015182798e-18,2.348464591176397305e-18,-1.475610962862244131e-17,-1.153220118728643388e-17,2.647799364009189273e-18,2.517755562563628900e-18,-1.617017647185951687e-17,-9.734112828022493532e-18,-1.170540976030426392e-15,-1.399508973470453850e-15,1.938092631754412920e-16,4.977061118139238526e-17,-1.212270606138608916e-17,-1.406750319804944993e-17,-1.273101560489009103e-17,6.653490371502107502e-18,8.520393044789876764e-18,-7.039671054279402571e-19,-1.201343977299026197e-18,-1.525229895092951543e-18,-1.264269396434270823e-18,-1.508845100481646412e-18,5.284357297428063332e-19,4.551087020805667487e-19,7.123117251370374188e-19,-1.985296185789323277e-19,1.670690529772456443e-20,1.875490883217153906e-20,1.949113873434919028e-20,2.033086905275215647e-20,1.787998489832108001e-20,-2.621431714855936086e-21,-4.279094877390780134e-21,-3.544043131662967489e-21,8.675731026787072001e-22,6.386737026361940061e-22,1.068350942083975509e-21,8.515239905367468985e-22,1.032568829307956748e-21,-2.672845579108289435e-22,-2.441725554922085323e-22,-3.198154499417694625e-22,-4.313776086278971034e-22,9.776255398678403378e-23,9.159926035489827855e-23,7.491801847773684275e-23,-6.854575448478841595e-24,7.751710629947295625e-25,6.370891493671739302e-25,3.910746246094797228e-25,3.567359269123689816e-25,4.726725931323582666e-25,-1.046499849582600457e-25,-2.426726635181303669e-25,1.400587713263312940e-26,2.823293040723007438e-26,3.075710728493803865e-26,2.667868172764120966e-26,2.767713559278687631e-26,2.399476805903051728e-26,1.644784108891145526e-26,-1.377642859616740042e-25,2.749213501730038416e-26,2.961906587326580719e-26,5.472002023949249460e-26,1.064434220713776799e-25,-8.865241952482262080e-26,-1.106308856331761785e-25,1.129455250122167930e-24,1.091023342425007418e-24,1.094971426309486449e-24,-1.765657806646602446e-25,-1.640668232444382134e-25,-2.197223411875988465e-25,-3.551924233772589479e-25,3.357958198860157788e-26,2.417768823793434811e-26,4.172990760638327873e-26,1.757317256210886142e-27,2.682342087194290682e-27,-1.948160606466851751e-25,-1.593680247580895157e-25,-2.273156834393392979e-24,-2.242526358882366302e-24,-2.695526825871584517e-24,-2.153111517785707965e-24,1.287849068683582497e-23,-3.183217511280445124e-24,6.208498494497618005e-25,5.680418656273981469e-25,-8.421491808163608505e-27,-1.089243746351462980e-26,3.006835833363199366e-41
9.383585416021922155e-19,2.571632063372065062e-10,-3.153917485004327395e-04,-2.092122565441674356e-04,8.662296129865002534e-04,1.328640497321328419e-02,-4.559555377308704277e-02,-6.493246435628058366e-01,2.756233134022890496e+00,-7.739977536067724095e+00,3.216570643543052199e+01,2.764801800078627281e+01,1.214983674360391660e+03,1.151599296102664312e+03,1.221610984676430917e+03,1.301678134345115723e+03,1.360382647166283732e+03,1.368760691207895889e+03,1.168569716698028060e+03,1.245227273466483211e+03,1.358512679400524803e+03,1.261578003329829016e+03,1.057467028867327599e+03,1.252981086842602735e+03,1.213040815332882261e+01,-1.382559461956437419e+00,3.919161606951128807e+00,-5.938808413702700850e-02,-1.123220682077467284e-03,1.472884532197882637e-02,2.571759310022238287e-02,-2.448688015981961928e-03,6.343499982852829778e-04,-1.556886122495587947e-04,-1.649498702941055083e-04,-1.787152253003842237e-04,1.045148034456179530e-03,-4.684893692316114897e-03,8.712724110207745523e-03,9.938029480150370118e-03,-4.602366512056232928e-01,1.813341844642659684e+00,2.044810141863565800e+00,-1.070962192190942908e+01,3.809749149046077576e+01,1.733743752086644690e+03,1.414446704532927015e+03,1.558563845480223790e+03,1.311322067195339969e+03,9.186563228613945284e+02,1.421871172193302755e+03,-2.180929378308821276e-01,-1.851996411075488430e-02,5.667749221315459586e-03,1.362192935311309396e-02,-3.806537782615441318e-02,-6.645026736241909093e-01,-6.523559242089180810e-01,2.069802063354362360e+02,1.548518757608656188e+03,1.284596905611491593e+03,1.711495658199811942e+03,2.061443277583740837e+03,2.012824261487209014e+03,2.926385928966145912e+03,2.533100616381751479e+03,2.797354968655492030e+03,2.801666827963761079e+03,2.709091532853830358e+03,2.682379819960256100e+03,2.237795534995248090e+03,2.371205672133407461e+03,1.833815974087552831e+03,2.268047430200578219e+03,2.075901663002861369e+03,2.033306085885513085e+03,2.131880631954667479e+03,2.264349805734828351e+03,1.723354548445059436e+03,1.745597152779001362e+03,2.003470101617582259e+03,1.685894050052876992e+03,1.622335161138812737e+03,1.830300462212689126e+03,1.854905779295721459e+03,1.586464756828917189e+03,1.422610128294504193e+03,1.567002527842282461e+03,2.153618541923217435e+03,2.642105495629174584e+03,2.616216353029780748e+03,2.155310422381192893e+03,2.744199172243968405e+03,1.809329574813138152e+03,1.882116981094751281e+03,2.297983123495572272e+03,3.104009138893874024e+03,2.302516556420581765e+03,3.078042426113814145e+03,2.606761834670322060e+03,3.053168533011669297e+03,2.806530152883791288e+03,3.100836838994244317e+03,2.795016483678608438e+03,2.275106846469880111e+03,2.538497574061637806e+03,2.593550420041310645e+03,2.845704783188085457e+03,2.401978241480403540e+03,1.895008053554779281e+03,2.071632720833898475e+03,1.319080233608515755e+03,1.818496816241544366e+03,1.776298067060769654e+03,1.691826659407887519e+03,1.384138944875318202e+03,1.508124003634853807e+03,1.346599896464175117e+03,1.652687488101220197e+03,1.348513254341567517e+03,1.403006025145441072e+03,1.547757313799433405e+03,1.240029654609211775e+03,1.337219921489567696e+03,1.602928335173714913e+03,1.537767207333894476e+03,1.396891996843906327e+03,1.314413178851158136e+03,1.279017531205526893e+03,1.014015495376686772e+03,8.670476458200851084e+02,1.007931051729232536e+03,7.826944712834298343e+02,7.388436695469647475e+02,1.045815708828951983e+03,7.970087435556783930e+02,9.092998345021633213e+02,8.899211877828512343e+02,7.942721903621675210e+02,1.312056835218462538e+03,9.113211885979403633e+02,1.076218753999115052e+03,1.183554419256468691e+03,1.006834661089680935e+03,1.080758330959841032e+03,8.771810486392751045e+02,5.434431844389256412e+02,8.580251961235792351e+02,6.383959797723373413e+02,8.914086481848564745e+02,7.492120096909620770e+02,8.708712094023173904e+02,7.742049580294963107e+02,7.469481502424386008e+02,2.912704536066517093e-07,-5.552263274333216326e-14,-6.103342707755082155e-14,1.655830330422399701e-13,-4.059433164734059210e-15,4.691696347391514873e-17,-4.090348922728984150e-17,-4.582491222033287891e-17,-3.570722769046636588e-17,1.825619620255452726e-16,1.430978844245881755e-16,-3.339958975937603000e-17,-3.051605393479871856e-17,2.028044636857238569e-16,1.186844562797021159e-16,9.549659718173822407e-16,1.290154525924588609e-15,-9.054012951257424990e-16,-6.916679539645492905e-16,1.514869827932071476e-16,1.756952928381584501e-16,1.590028894126205967e-16,-8.309817759509885071e-17,-1.064146928114861221e-16,8.792134692332837233e-18,1.500407899477189946e-17,1.904922342090302053e-17,1.578998043147412551e-17,1.884458698272009205e-17,-6.599851151553698254e-18,-5.684039746835317501e-18,-8.896354078280726846e-18,2.479518053089096556e-18,-2.086594110917921407e-19,-2.342377694888939686e-19,-2.434328475167507723e-19,-2.539205848080919290e-19,-2.233104846606139258e-19,3.274013876847030550e-20,5.344337573062568404e-20,4.426301218319766968e-20,-1.083547727469758707e-20,-7.976658531130470289e-21,-1.334307428228297825e-20,-1.063503331285004988e-20,-1.289617676018584619e-20,3.338226766341939950e-21,3.049571463167495545e-21,3.994306680603237133e-21,5.387652361131348384e-21,-1.220996742256651784e-21,-1.144020833398987650e-21,-9.356819434785835146e-22,8.560961198637801725e-23,-9.681431686607736759e-24,-7.956863147270989291e-24,-4.884225153361299046e-24,-4.455384524359609402e-24,-5.900622767201119188e-24,1.386655472871641222e-24,2.972201976433219004e-24,-2.424571926084829300e-25,-3.429819541411740699e-25,-3.833237888188569498e-25,-3.331278199338274313e-25,-3.456022465744392480e-25,-2.996944141509896423e-25,-2.054248026316484665e-25,1.720593983459710621e-24,-3.433603338504552216e-25,-3.699247468330281389e-25,-6.834208178437119656e-25,-1.329415678128224232e-24,1.107216527350456246e-24,1.381714627978127005e-24,-1.410623111493891867e-23,-1.362623921432122109e-23,-1.367554845763070607e-23,2.205202648599952168e-24,2.049098029097499015e-24,2.744202681400180385e-24,4.436144250860169110e-24,-4.193892092872798241e-25,-3.019650916424050607e-25,-5.211819778046405259e-25,-2.194785792149971430e-26,-3.350087345840673200e-26,2.433137900847331801e-24,1.990412802388637198e-24,2.839039055595849285e-23,2.800783395030978019e-23,3.366554308206341343e-23,2.689109522739180696e-23,-1.608447665548390475e-22,3.975651261824802393e-23,-7.754049098504256426e-24,-7.094508470903974994e-24,1.051794745879779507e-25,1.360401310708759151e-25,-3.885832913331540764e-41
-1.724744457120721700e-19,-8.669283116156651398e-10,1.581393873442033925e-03,1.049003078845960751e-03,-4.343327252273859046e-03,-6.661883544836851023e-02,2.286188407112130505e-01,3.255752920044763243e+00,-1.381992229052263887e+01,3.881049999424188002e+01,-1.612567796941907261e+02,-1.386049998037478872e+02,1.462786408024697266e+03,1.324635733875458072e+03,1.373453629823847905e+03,1.494990293454761513e+03,3.358715990823855577e+02,2.815882038351224423e+02,2.371447134907905081e+02,1.297797756286510548e+03,1.750709620405138594e+03,1.452813621896339782e+03,1.215294618391844324e+03,3.005177332079882149e+02,-1.575161368169060516e+01,-8.218149080925183370e+00,-1.276574313143567174e+01,-7.725689758083571501e-01,-7.568530214902288167e-01,-7.385131827846430630e-02,-1.289495614723877026e-01,1.227786819554801262e-02,-3.180670323597165582e-03,7.806309875396160933e-04,8.270687631875855332e-04,8.960891734109393408e-04,-5.240435194213075194e-03,2.349033914524546393e-02,-4.368612345734370489e-02,-4.982987847865811420e-02,2.307654294138973938e+00,-9.092205241977220354e+00,-1.025279568820000264e+01,5.369884418905188284e+01,1.933548365173323873e+03,1.680883590760821335e+03,1.591385722966728054e+03,1.636377700287999687e+03,1.347234912067666073e+03,1.122180463883746597e+03,1.335786487108882966e+03,1.052948440569281274e-01,1.016420756305800276e-02,-7.583127085452175987e-03,-5.218332826628793025e-02,1.873903247619297108e-01,3.333175370863413978e+00,3.270210768981741012e+00,-1.100630077474865516e+02,1.655129936958894405e+03,1.636041473477965383e+03,1.897300574278133354e+03,1.818832669799826363e+03,1.989520722631660419e+03,2.233808793974068067e+03,2.365878861454651997e+03,2.569312042013868904e+03,2.704598700262421517e+03,2.160357473481461057e+03,2.052201053317419792e+03,2.354852979977648374e+03,2.203521691641109555e+03,1.835568303883825592e+03,1.711230481407591014e+03,2.251425072995477876e+03,2.028781858287977684e+03,1.708509746013983886e+03,2.160875085908643541e+03,2.048851723061282428e+03,1.860754957743689147e+03,2.232210667686396846e+03,1.714418016015789590e+03,1.752721544165079194e+03,1.833110246345221412e+03,1.844067881725000689e+03,1.358789348517302415e+03,1.865571951930650130e+03,1.976324008672088212e+03,1.422967292950581395e+03,2.037905711662403974e+03,2.659614417132959261e+03,2.479589498458771232e+03,2.357100899253687203e+03,2.282760660559221378e+03,1.696786677370204870e+03,2.217559311574385902e+03,2.987473605609612150e+03,2.510220723155001906e+03,2.975279745414556146e+03,2.934753444081278303e+03,3.041395393324993165e+03,3.070543335343563285e+03,2.465846220131980317e+03,2.080556971660161253e+03,2.128483517776110602e+03,2.473910715136917133e+03,2.199830083094363999e+03,2.815180464565590682e+03,1.806570335914595034e+03,1.597873681715065004e+03,1.356110032784365103e+03,1.261999294123073014e+03,1.597933940182988181e+03,1.541873203817464855e+03,1.388711068002798356e+03,1.712056998992247600e+03,1.637650989412410127e+03,1.253058538421973708e+03,1.565562767307761078e+03,1.512649787988798153e+03,1.340347038742327868e+03,1.734640541375202474e+03,1.707312936742547436e+03,1.282615682746771654e+03,1.268884122971582883e+03,1.436559787296939021e+03,1.679045599423450994e+03,1.283402630000599629e+03,1.353314562451828579e+03,1.090276317318329347e+03,9.203219313327896316e+02,8.845290956040091714e+02,7.468132022948839221e+02,7.950105428446490805e+02,1.253543981210837956e+03,8.403861619170669428e+02,1.021003438411080538e+03,7.145335471253426931e+02,8.872325113981903542e+02,1.031279525685211865e+03,1.711650550122146797e+03,1.154203816299502023e+03,1.215325857023940216e+03,8.549368612524312994e+02,1.071441749226556567e+03,1.050962863953371198e+03,7.752344633433906438e+02,8.062441438385014862e+02,7.568210896195593023e+02,8.575121585744506092e+02,8.386690708843789253e+02,7.707885053267245894e+02,8.014070051830052535e+02,1.233778694469279344e+03,-1.460447641552626686e-06,1.905362488785175868e-14,2.993182095337063258e-14,-8.258280697358964954e-14,1.630584758716461276e-15,-1.047346783828773344e-16,2.704041144941082983e-16,2.292389271879435365e-16,1.788297817759459446e-16,-9.147899283934218878e-16,-7.174556640279012199e-16,1.674481687479462240e-16,1.525490671913670496e-16,-1.017329535886420705e-15,-5.935809976793074836e-16,2.365256370659421811e-15,2.006207667197975471e-15,3.746527010571891326e-15,3.504743417371365191e-15,-7.596075354517811152e-16,-8.809470213394441959e-16,-7.972500643477617925e-16,4.166592674728243668e-16,5.335696791215763330e-16,-4.408429290047187325e-17,-7.523135577848580097e-17,-9.551395357029028842e-17,-7.917191291677678757e-17,-9.448789414415475080e-17,3.309205118408821777e-17,2.850011764134873000e-17,4.460685517747162010e-17,-1.243245285999764475e-17,1.046230854807311141e-18,1.174482284399416830e-18,1.220586959452250057e-18,1.273173105909301006e-18,1.119692220118124006e-18,-1.641610277294325535e-19,-2.679683048172862957e-19,-2.219374090555696887e-19,5.432973567803763875e-20,3.999544631063587203e-20,6.690297810708005630e-20,5.332469758055893372e-20,6.466220701456863865e-20,-1.673807006842428949e-20,-1.529073499254794088e-20,-2.002769427433922265e-20,-2.701401343796280792e-20,6.122151206523594428e-21,5.736189363242612054e-21,4.691565620976249206e-21,-4.292517508966243878e-22,4.854328236918519052e-23,3.989618831710504103e-23,2.448976419633616921e-23,2.233954689106815782e-23,2.958462276899540826e-23,-6.994466122373745387e-24,-1.487210254562350061e-23,1.251048974516285997e-24,1.714690350617775116e-24,1.921582228545230845e-24,1.670284628061243382e-24,1.732834419140313702e-24,1.502693113693133015e-24,1.030012831022012366e-24,-8.627161424775531017e-24,1.721629265424165088e-24,1.854824988528221148e-24,3.426713133325902560e-24,6.665770283324804311e-24,-5.551650356501966520e-24,-6.928000365388643115e-24,7.072949243108960257e-23,6.832278413139345623e-23,6.857002364725158806e-23,-1.105701889982394211e-23,-1.027430093542991906e-23,-1.375959752835113529e-23,-2.224309446356212523e-23,2.102842755252339388e-24,1.514071156905651659e-24,2.613237827594750077e-24,1.100478815417463192e-25,1.679753972839577150e-25,-1.219989998317267447e-23,-9.980049674090163955e-24,-1.423511282057974956e-22,-1.404329663436230126e-22,-1.688010606950528448e-22,-1.348335711255426800e-22,8.064853472145701947e-22,-1.993415488096501255e-22,3.887926920764263628e-23,3.557229277660670006e-23,-5.273762205623944160e-25,-6.821134109104162290e-25,2.000034462761243953e-40
9.881491225854421570e-18,3.210810726838340486e-09,-6.155062256239658171e-03,-4.082903847440112581e-03,1.690499050915207982e-02,2.592921789823054990e-01,-8.898245757896908747e-01,-1.267196076882643574e+01,5.378956000434045848e+01,-1.510579563137722801e+02,9.445207294341927309e+02,8.217910817860711177e+02,1.532450421295531442e+03,2.242596627604368393e+02,5.339389881020447319e+02,5.714600417869618241e+02,-1.124579495195098104e+02,-9.168873867036388958e+01,-7.993158048905351620e+01,4.883814603244043155e+02,4.978806217539838599e+02,5.332604634670699397e+02,5.028647318098827554e+02,-5.761409288293252473e+01,4.387439345776203226e+01,3.784670902309604656e+01,4.702329623147659277e+01,3.420987535438022142e+00,3.240736938535263789e+00,2.874422692544930102e-01,5.018942845875055125e-01,-4.778761362706254734e-02,1.237972660473181039e-02,-3.038352142469679957e-03,-3.219096592111307317e-03,-3.487736155848286494e-03,2.039669186378615176e-02,-9.142851529783181663e-02,1.700340460018398558e-01,1.939466169252136718e-01,-8.981794799699430953e+00,3.538845569890538911e+01,3.990567490110723980e+01,-2.090053691379083318e+02,1.016794329555015906e+03,1.647507255173337171e+03,2.031570884343384250e+03,1.608067336039026941e+03,1.130402723496063800e+03,1.167922214742141250e+03,4.442079759647149899e+02,-2.757201619585292196e-02,-7.573711718740541374e-03,2.145567373737769165e-02,1.968722049415553288e-01,-7.280130772673062411e-01,-1.297381266502114983e+01,-1.272794656026374938e+01,8.257561436207980421e+01,1.751002745171925653e+03,1.863814966891318818e+03,2.235188301242913894e+03,1.838957759953181039e+03,2.085843112633393048e+03,2.023996333621547365e+03,2.075321277837518664e+03,2.249195416156863303e+03,2.025396995876494657e+03,1.726017085064804860e+03,1.907000706250977146e+03,2.115738658619978651e+03,1.882173515464102138e+03,2.102181365488196207e+03,2.105523264281979209e+03,2.075367258094275712e+03,2.070388483140551671e+03,1.597376089373241939e+03,1.459458836147022339e+03,2.124645830886264775e+03,1.651585014014216767e+03,2.293158132808108803e+03,1.943918402775246477e+03,1.689267956296340344e+03,1.622085229205579481e+03,1.618308488615368560e+03,1.327919682699214263e+03,1.801673190502557645e+03,2.167636137231756948e+03,1.203877428035182447e+03,2.190631500034129203e+03,2.082884289694733980e+03,2.175218117994676049e+03,2.571621036482867112e+03,2.579189769781201448e+03,2.011177960361881560e+03,2.439707446484101638e+03,2.747875888924713763e+03,2.515928898689029666e+03,3.131229171259752093e+03,2.789973996714559235e+03,2.382570016835830302e+03,2.609949679743855086e+03,2.624448725009940972e+03,1.910764754604122345e+03,2.148125765993208006e+03,1.926582390338391633e+03,1.554302317742168498e+03,2.098907097309303936e+03,1.292952056198246510e+03,1.385137415766651429e+03,1.655076906305338753e+03,1.808607076350144780e+03,1.648573825148535207e+03,1.481498884613181190e+03,1.300884941785308001e+03,1.872337247732552214e+03,1.775953971691420747e+03,1.442595691546183389e+03,1.566965347661725900e+03,1.385696540093367048e+03,1.249775351239230304e+03,1.703972368357034384e+03,1.869220565674481350e+03,1.491574864759059665e+03,1.405893885138824544e+03,1.576232025362491640e+03,1.791940891290720629e+03,1.528103264291775986e+03,1.357015351990590034e+03,1.274793005589481936e+03,1.142843866820038329e+03,7.810260587770808343e+02,8.075632721724593921e+02,8.539075609478768456e+02,1.143197940793394309e+03,9.881061784609544247e+02,1.047989449774203877e+03,7.898374962701494724e+02,8.869049431018117957e+02,9.821354193911446373e+02,1.669518873131355122e+03,1.012929956275106065e+03,1.365907332822113631e+03,1.172417110262949564e+03,1.052838907479801492e+03,1.063569347694917496e+03,1.039572252056721709e+03,8.934203350944815156e+02,7.605104741627293379e+02,6.600795736664522337e+02,8.030378214084580577e+02,7.277760541152899805e+02,8.183347178097170627e+02,3.147485430004720683e+02,5.684318100983948998e-06,-1.689798030425506214e-14,-1.086125117318666922e-14,3.233760920083216527e-14,-8.931485554122196524e-16,2.491025182668023676e-16,-9.932830810483402105e-16,-8.935330365805800430e-16,-6.940518972438311873e-16,3.560044776688788781e-15,2.792469186995798707e-15,-6.518564822483911854e-16,-5.935750305781867070e-16,3.959785826211638641e-15,2.309735208922442048e-15,-1.197300095155768881e-14,-1.108672374393688582e-14,-1.427532261902818305e-14,-1.365526283762017352e-14,2.956542113617125778e-15,3.428800236515279900e-15,3.103036923014877870e-15,-1.621710864795405493e-15,-2.076746668863497837e-15,1.715837912309563822e-16,2.928136167019721945e-16,3.717570406783824053e-16,3.081509554422558979e-16,3.677634376329297251e-16,-1.288000607063787247e-16,-1.109274508831158433e-16,-1.736176951624406795e-16,4.838928461064473476e-17,-4.072113779301235215e-18,-4.571290812034835196e-18,-4.750738284559851318e-18,-4.955412779298913563e-18,-4.358038283012709194e-18,6.389434797967102046e-19,1.042979588537778227e-18,8.638192779394199815e-19,-2.114608494518884450e-19,-1.556692839658582395e-19,-2.603981117306116659e-19,-2.075490651007956873e-19,-2.516766380709994029e-19,6.514750110012090462e-20,5.951421942174068077e-20,7.795129482889223634e-20,1.051432729683892883e-19,-2.382848505422998396e-20,-2.232625394234319064e-20,-1.826039532663827311e-20,1.670723016464425454e-21,-1.889389597283493578e-22,-1.552829534033349806e-22,-9.531843918940858391e-23,-8.694942270550809634e-23,-1.151479719674315055e-22,2.723981419609204013e-23,5.787295479787795390e-23,-4.882976863216895408e-24,-6.671925047160050600e-24,-7.478969772718989703e-24,-6.501025570259702351e-24,-6.744481191372849026e-24,-5.848747672164726736e-24,-4.008990582015890072e-24,3.357842351390460311e-23,-6.700882668582451350e-24,-7.219303818378394707e-24,-1.333736784745555092e-23,-2.594434574030316957e-23,2.160799579835400742e-23,2.696499115963666620e-23,-2.752915758584342014e-22,-2.659242455174099675e-22,-2.668865450277785694e-22,4.303585467115613074e-23,3.998937922697467826e-23,5.355476416641993660e-23,8.657402048809922344e-23,-8.184632406911612361e-24,-5.893030197444851065e-24,-1.017117944614585062e-23,-4.283256345862486912e-25,-6.537896743540189741e-25,4.748414807239040308e-23,3.884410176705967362e-23,5.540555299075566191e-22,5.465897078913158441e-22,6.570033010005055081e-22,5.247958807273315126e-22,-3.138982261999734664e-21,7.758722312242655899e-22,-1.513249271345201770e-22,-1.384535955055880577e-22,2.052640643085827815e-24,2.654904896803128313e-24,-8.489342290286992024e-40
-1.363471214400958491e-17,-1.059262594743939790e-08,2.040650490694837643e-02,1.353646702013529789e-02,-5.604683687930494401e-02,-8.596577714432293016e-01,2.950126048290397929e+00,4.201264225400738184e+01,-1.783340074703811240e+02,6.405714982673196118e+02,1.761584248712328190e+03,1.654141067507336629e+03,1.481710143123644457e+03,8.239923865901215549e+02,-2.666160953188248754e+02,-2.565316452502260631e+02,2.770948036098164380e+01,1.811530617355847639e+01,2.539438436231072771e+01,-1.280581818924224820e+02,-1.247052282668645233e+02,-1.076411298445509175e+02,-2.426978920504724329e+02,-1.305014716685218161e+02,-1.398605478096876311e+02,-1.273596958189310158e+02,-1.550455453773972749e+02,-1.147495362918172113e+01,-1.083909463471988843e+01,-9.529866329743863496e-01,-1.663981242560155449e+00,1.584351427729921435e-01,-4.104376871032258678e-02,1.007335819571236919e-02,1.067259883727303058e-02,1.156324695671870698e-02,-6.762323005482710758e-02,3.031222692800385476e-01,-5.637311916424037062e-01,-6.430109736676604681e-01,2.977825914681918462e+01,-1.173269516954915019e+02,-1.323033479328602198e+02,8.760402303573172276e+02,4.957556635793425812e+02,1.554991274189664409e+03,1.788349012929134688e+03,1.305561431175937287e+03,9.943677079752803820e+02,9.400638146581983392e+02,-1.156164882681836019e+02,-3.138981376780224791e-02,1.483376667097963987e-02,-6.854510309079805963e-02,-6.507076066586316987e-01,2.413224491240903102e+00,4.301356648173574371e+01,4.219816554953531096e+01,-1.626774863029074822e+02,1.837814196948898598e+03,1.605153909470902363e+03,2.048942843015644485e+03,2.498477687649570726e+03,2.163747871773870884e+03,1.963037884038973743e+03,1.953950330145539283e+03,1.979317247267356379e+03,2.133664764408273641e+03,2.239071613481683471e+03,2.338980796548802118e+03,1.929483347672842910e+03,2.066498351360696688e+03,2.416514066406586153e+03,2.479781454689580187e+03,1.680274893381143329e+03,1.776451452774897461e+03,2.035363110155163440e+03,1.915166442066513127e+03,2.107212386963342396e+03,1.710691375143482674e+03,1.870468923859518782e+03,1.919203213806666554e+03,1.450490170547170010e+03,1.439531358001630906e+03,1.530847140323179019e+03,1.662446724182344497e+03,1.764408890572506834e+03,2.264678829318412681e+03,1.559819080052820709e+03,2.137828849662706034e+03,1.833167488936656810e+03,2.485774778764574421e+03,2.628951613548503701e+03,2.326826670739144902e+03,2.132962400550726670e+03,2.511234966208558490e+03,3.004035510689982857e+03,2.371381923833293968e+03,2.455304608872309018e+03,2.247569307101814502e+03,2.191953640129885571e+03,2.131656318004668265e+03,2.359533108743047251e+03,1.740392634330354440e+03,1.877442241011148781e+03,1.341655775701658285e+03,1.441925752092728089e+03,1.419650359382135775e+03,1.335617799194194959e+03,1.344969561672599184e+03,2.143380254024157693e+03,1.833675874167264965e+03,1.735104958082100438e+03,1.305289117903651686e+03,1.967376886633496952e+03,1.362207330568021234e+03,1.495798374799942394e+03,1.538333682391983984e+03,2.114686238658366165e+03,1.680135900060212634e+03,1.329164065574133929e+03,1.692578831394848748e+03,1.503737348712729954e+03,2.141997709442111045e+03,1.464234478272554270e+03,2.144117192553831956e+03,1.573262892471610257e+03,1.614547969903625244e+03,1.072838750034240775e+03,1.440342265512229687e+03,1.231500469180772598e+03,8.710473909678763675e+02,8.331469211487847133e+02,1.036830972910719993e+03,9.358442852627613320e+02,9.086516388623981584e+02,9.519856028374900916e+02,1.015766385598071565e+03,7.732879028151705825e+02,1.051324840266675892e+03,1.185915845649780749e+03,9.998008194890136338e+02,1.493245301487451570e+03,1.282898524326073357e+03,1.138647673484368397e+03,8.993719597285758027e+02,1.041810049119731502e+03,9.094060532951366440e+02,6.769923832123261036e+02,7.027847734163776749e+02,9.178929818429205625e+02,7.408727488453700971e+02,8.479646594779492261e+02,3.845295576656679373e+02,-1.884579885446259129e-05,-4.802277800559490929e-15,1.921726335305674567e-15,-9.441882279855538157e-15,6.395898391671757137e-16,-8.127946184187676562e-16,3.332691499428003516e-15,2.977947513374357904e-15,2.304618098832282642e-15,-1.180297649283565340e-14,-9.258229972806107388e-15,2.161107102127879180e-15,1.967857223823656237e-15,-1.312833663239697247e-14,-7.657512916845042640e-15,4.058423367528312032e-14,3.781009629501856770e-14,4.722986379039097718e-14,4.527724158537245693e-14,-9.802130512431836990e-15,-1.136785069614974839e-14,-1.028781437275791001e-14,5.376623210527189829e-15,6.885249759714786210e-15,-5.688692198497738205e-16,-9.707948081799585248e-16,-1.232523982525116573e-15,-1.021644249501238941e-15,-1.219283583577615660e-15,4.270239602769734634e-16,3.677690765031766019e-16,5.756124287195665903e-16,-1.604299239929159251e-16,1.350069358041487544e-17,1.515566604105025211e-17,1.575060652445585662e-17,1.642918472412307865e-17,1.444864821060290150e-17,-2.118354398589436263e-18,-3.457896463269266611e-18,-2.863908037048166181e-18,7.010776926753963882e-19,5.161062329320003659e-19,8.633243828459280414e-19,6.881085555787836145e-19,8.344091928906293882e-19,-2.159901460399279192e-19,-1.973135535098863968e-19,-2.584398675279759435e-19,-3.485922023111378235e-19,7.900100356671730972e-20,7.402050375071572555e-20,6.054054855130584764e-20,-5.539118189119303202e-21,6.264085777893723675e-22,5.148253915268063199e-22,3.160189258317513404e-22,2.882722749692015896e-22,3.817616191114799087e-22,-9.031611135368724686e-23,-1.918682871778930866e-22,1.619342378156169334e-23,2.211948616523479033e-23,2.479573728478999351e-23,2.155350747696025465e-23,2.236066097637718094e-23,1.939094978912961507e-23,1.329141487686435625e-23,-1.113259675739670227e-22,2.221611881802915309e-23,2.393489327952239276e-23,4.421873411004379508e-23,8.601593201195369536e-23,-7.163918936734449243e-23,-8.939978172889240573e-23,9.127022014527399078e-22,8.816457370573874098e-22,8.848361466397789144e-22,-1.426811524373094511e-22,-1.325808620964019528e-22,-1.775555644975842070e-22,-2.870276681794870449e-22,2.713534546989226776e-23,1.953776325215728731e-23,3.372154721015508669e-23,1.420071603740404379e-24,2.167575499574465093e-24,-1.574290326343483476e-22,-1.287838070805370108e-22,-1.836916732002490588e-21,-1.812164531835709114e-21,-2.178229963321657416e-21,-1.739909236813974959e-21,1.040698761636473676e-20,-2.572328235167613016e-21,5.017029442316672661e-22,4.590293074640981628e-22,-6.805328597120632570e-24,-8.802076621501663653e-24,2.296902488422280646e-39
1.345163508354585490e-17,3.003143642509916733e-08,-5.788255082887056729e-02,-3.839585679986345229e-02,1.589754785489053412e-01,2.438398190157953671e+00,-8.367960199315900738e+00,-1.191678296171156006e+02,5.698329088986940860e+02,1.619498950778757489e+03,1.475358213519920582e+03,1.552794831222558059e+03,1.556324926506260681e+03,2.283598921562734631e+03,4.802812983175084582e+02,4.168074329828642135e+02,1.532453843132380555e+01,2.641054520016927398e+01,-6.824855745906910798e+00,3.464759312680785541e+01,2.976725471392720834e+01,-6.034814617235853973e+01,4.216239893536014733e+02,5.068505534007865094e+02,4.474356995408327862e+02,4.122951006752937246e+02,5.080472307232639082e+02,3.258461951952897806e+01,3.077061045420490970e+01,2.703123217495448039e+00,4.719841994199699187e+00,-4.493973976571995488e-01,1.164196436067555795e-01,-2.857283348935944767e-02,-3.027256491888329418e-02,-3.279886647433448432e-02,1.918116339481969190e-01,-8.597988843412145421e-01,1.599009702565578506e+00,1.823884860365884819e+00,-8.446530191569360113e+01,3.790016646508879035e+02,4.258488106767571253e+02,2.005333315682211378e+03,1.907078664311602324e+03,1.329670148456813422e+03,1.335928257377128375e+03,1.177673717836722517e+03,1.296478181640568437e+03,1.537757413236455477e+03,3.327721149059620132e+01,1.224547704493621353e-01,-3.927915591957510666e-02,1.937219345539870907e-01,1.845171127837230474e+00,-6.844934695899620003e+00,-1.220069712465880372e+02,-1.196940368322334507e+02,4.883753128406888777e+02,1.792882384208703570e+03,2.116315615248173799e+03,1.699066156404956928e+03,2.202031603755263859e+03,2.012298205845502252e+03,1.772463891548526135e+03,1.832543630933270606e+03,2.238896316074765764e+03,2.227110443047838999e+03,2.389224837671453770e+03,2.096117172933661095e+03,1.933961087201249256e+03,2.261795704020000358e+03,2.167865649918140662e+03,2.004494993023692814e+03,1.848076181298458778e+03,1.661656500563413601e+03,2.054524321644618340e+03,2.221511855017738981e+03,2.003572207924239365e+03,2.070719184420916918e+03,1.390508269291054603e+03,1.576129447735234407e+03,1.635409892223676934e+03,1.383769157356868845e+03,1.287296465752675203e+03,1.763121175726398178e+03,1.948577726556952484e+03,2.234274619376925784e+03,1.660674447451327524e+03,1.932376885616896288e+03,2.189045498413821406e+03,2.706259684226463833e+03,2.314063798503651014e+03,2.237639836825341717e+03,2.660771151672652650e+03,3.215802841727502710e+03,3.288169477355879735e+03,2.710136356010080362e+03,2.121865378531702390e+03,1.803436268100134612e+03,2.222620661538375316e+03,1.995768089954725156e+03,1.778539872675057268e+03,1.439074418066595399e+03,1.760739358798728972e+03,1.524382095550298800e+03,1.702221065449327853e+03,1.378803336719367508e+03,1.508905968292640637e+03,1.319397908103688906e+03,1.688088698342654425e+03,1.318531603910789727e+03,1.576448859242146455e+03,1.387609487870359317e+03,2.161911231593336197e+03,1.529299837379182463e+03,1.284972142733461851e+03,1.516091228054847761e+03,1.948184800140085372e+03,2.117256015435948484e+03,1.378071746709504396e+03,1.469466941075728982e+03,1.565808335157778856e+03,1.775172656459669497e+03,1.406492479142377306e+03,2.137078036450707714e+03,1.724483943682279460e+03,1.481460006701507382e+03,1.318258846007328657e+03,1.586828868016488059e+03,1.435650857025517553e+03,1.228250885623295289e+03,7.876540541838818399e+02,1.052121945814603350e+03,7.187620974936231732e+02,9.751389436820103356e+02,8.041156438498497891e+02,1.009412925483561139e+03,1.022848752149255802e+03,9.353025106118278700e+02,1.136995890957588017e+03,9.469753826042713172e+02,1.220983718922040225e+03,1.473195150932217985e+03,1.192487954037386089e+03,8.448832798605712924e+02,1.075233238036960074e+03,8.538057854196104017e+02,6.990486877466440774e+02,7.907630815027331437e+02,9.330484700551836568e+02,8.916364980785366470e+02,7.625954768269616579e+02,1.708911799111622713e+03,5.345564640248777222e-05,-1.007510085985608476e-14,-5.278841053238109354e-15,1.491131802347597699e-15,-6.765788579034034001e-16,2.169389961270508946e-15,-9.449234532262245494e-15,-8.434128272369099145e-15,-6.532826498185515724e-15,3.347962479466868021e-14,2.626088032572493635e-14,-6.130052666062068482e-15,-5.581772882748131319e-15,3.723822194786644119e-14,2.172029716629819414e-14,-1.153580878774693694e-13,-1.075340068905212414e-13,-1.339395272872781237e-13,-1.284290259050134227e-13,2.780350429677175939e-14,3.224462977141578558e-14,2.918113321399277011e-14,-1.525065990343522657e-14,-1.952984211907282955e-14,1.613583593595033823e-15,2.753635669791700394e-15,3.496024055296341928e-15,2.897868863284630736e-15,3.458467988332110142e-15,-1.211242992819889200e-15,-1.043167967908369545e-15,-1.632710540210427227e-15,4.550555457099134376e-16,-3.829438630768981818e-17,-4.298867511282914341e-17,-4.467620920623809082e-17,-4.660097963105021461e-17,-4.098323637264080190e-17,6.008660310153098426e-18,9.808238531427963098e-18,8.123404924878651191e-18,-1.988589685048640047e-18,-1.463922674933947836e-18,-2.448798443474772708e-18,-1.951803045673640066e-18,-2.366781216158779575e-18,6.126507532254607948e-19,5.596750564587217052e-19,7.330583473712420474e-19,9.887732344741371788e-19,-2.240844095349122210e-19,-2.099573439272590193e-19,-1.717217815287937206e-19,1.571157292584222244e-20,-1.776792571566149047e-21,-1.460289599601101927e-21,-8.963799332476138996e-22,-8.176772389380023412e-22,-1.082857422715055569e-21,2.561808451939406289e-22,5.442286539643445751e-22,-4.593344503422358274e-23,-6.274120964914004033e-23,-7.033248640685366587e-23,-6.113599417652194020e-23,-6.342546536302327633e-23,-5.500195386216631961e-23,-3.770077241335830074e-23,3.157733773276971957e-22,-6.301547629007327430e-23,-6.789073791152902747e-23,-1.254253550720523385e-22,-2.439820820658558493e-22,2.032028040679938903e-22,2.535802888168398313e-22,-2.588857415222960469e-21,-2.500766515461195705e-21,-2.509816034013713394e-21,4.047115903872539837e-22,3.760623644915087016e-22,5.036320050855829628e-22,8.141469429545325229e-22,-7.696874207441570728e-23,-5.541838640436010245e-23,-9.565034181888244299e-23,-4.027998284258838729e-24,-6.148274756209737131e-24,4.465435909523372230e-22,3.652921110417142819e-22,5.210369269650566197e-21,5.140160260794377583e-21,6.178495881384268853e-21,4.935209888144466460e-21,-2.951916519744958477e-20,7.296345966298070811e-21,-1.423068099699984133e-21,-1.302025375354180391e-21,1.930314770101589930e-23,2.496687451248046732e-23,-6.872763656644805977e-39
1.037477064109705471e-16,-6.833968021842718436e-08,1.317238359460584651e-01,8.737779295486056141e-02,-3.617819110439927655e-01,-5.549084457416103788e+00,1.904304148086323067e+01,2.861762714124844251e+02,1.758845349682579126e+03,1.360413721322627680e+03,1.395105121955382856e+03,1.510228729187723047e+03,1.605882103843101049e+03,1.770152180249942830e+03,1.519837987717558008e+03,1.418488246651624195e+03,-5.543188526445781150e+01,-7.713037717689678630e+01,1.259098187556918047e+00,-6.926540554265138816e+00,3.166219147523289035e+00,2.291003384263358669e+02,1.380675871922121587e+03,1.167918967738411538e+03,1.477989274939752477e+03,1.477660909001814161e+03,2.123823855894857388e+03,-7.416103094633237447e+01,-7.003059568938176938e+01,-6.151521557564890053e+00,-1.074098642181387220e+01,1.022697656431960533e+00,-2.649372188288267593e-01,6.502345139537291097e-02,6.889154534259360474e-02,7.464067227121407022e-02,-4.365074420530244970e-01,1.956651971304241178e+00,-3.638880607593272476e+00,-4.150631005065292811e+00,2.034654316954346029e+02,1.348541436299824454e+03,1.448922536388615526e+03,1.465934904672469884e+03,1.243533554597582906e+03,1.327532598123155140e+03,1.356237961046075270e+03,1.296251071109977829e+03,1.567572470260420459e+03,1.477833162528860385e+03,-1.123243293354645544e+01,-2.859860486461658913e-01,8.877583278360717811e-02,-4.407005132331725528e-01,-4.198953053732514817e+00,1.557705309439548635e+01,2.920491103002737532e+02,2.870336793553508414e+02,1.627778252628506152e+03,1.569695736382018595e+03,2.862944813228553357e+03,1.869071593153334561e+03,1.495952034674114429e+03,1.672103108524790969e+03,1.894730192716779356e+03,1.527266766072267728e+03,2.344807044794657031e+03,1.566004084157204034e+03,1.557713436411226212e+03,1.431648639149485007e+03,1.642873887367143197e+03,1.921667726054411787e+03,1.580991094894328398e+03,1.784329178337159192e+03,2.163515236331169035e+03,1.714267078706435768e+03,1.742458499234282499e+03,1.373810485545050142e+03,1.655830548260126989e+03,2.291721252252853901e+03,1.517478260394324479e+03,1.464890791672329897e+03,1.767900569556727987e+03,1.490025387029179001e+03,1.322637392649983440e+03,1.596322541968628457e+03,1.751204376376754226e+03,1.994001884207679268e+03,2.120694182829349302e+03,2.315298468538403085e+03,2.116903497677884843e+03,1.827905082566381452e+03,2.169819081114014352e+03,2.295357248309202532e+03,3.030266545289856822e+03,3.704613073906205955e+03,2.945468028945765582e+03,2.439361266035047720e+03,2.091619496137705482e+03,1.887968626703833479e+03,1.707844547494450126e+03,1.743978195158369545e+03,1.745954749641354056e+03,1.402952382359792182e+03,1.598355192710510664e+03,1.906240957279998383e+03,1.358065175115129477e+03,1.554739180606929722e+03,1.269621635374780226e+03,1.622363242806310382e+03,1.185935170409632974e+03,1.560403144635359922e+03,1.326887287023550471e+03,1.571391797015157408e+03,1.346739037304661224e+03,2.088788937553747019e+03,1.587702081879573370e+03,1.444178732077155928e+03,1.314396604692264873e+03,2.134584219498943185e+03,1.240529004939079869e+03,1.158845160522886999e+03,1.805444710995078594e+03,9.364006916965530536e+02,1.849515086895033392e+03,1.478959457803426176e+03,2.096229028183485298e+03,1.401672729539618558e+03,1.997905858814017392e+03,1.593383554159493087e+03,1.663586125475883364e+03,1.438509726793838809e+03,7.955169332372859117e+02,6.859626591470787389e+02,6.817287479238657397e+02,1.091598456305181344e+03,7.603811777373136920e+02,8.901628502875042841e+02,1.225727465750137753e+03,8.531871806325152647e+02,1.051083404485883420e+03,9.373844859341065785e+02,1.064181209286704188e+03,1.695729643794630192e+03,1.178234578818195587e+03,1.156826832660361561e+03,1.037329902010363412e+03,9.236791667498475817e+02,8.050978434409964848e+02,7.361704059979439307e+02,8.381045113676186702e+02,1.201883197853737329e+03,7.647784345594965316e+02,1.777372688122457703e+03,-1.216494900125306199e-04,9.854657176405539106e-15,2.781695756379513205e-15,-1.693754603949590605e-15,2.335048989129425858e-15,-4.707054066479084905e-15,2.146127639858114036e-14,1.919293797047183132e-14,1.487028431449845873e-14,-7.618812439902766738e-14,-5.976210113855850455e-14,1.395004902010330343e-14,1.270249026532397827e-14,-8.474334965714836882e-14,-4.942906063291760922e-14,2.625743757380879616e-13,2.447788267368118777e-13,3.048015028957712412e-13,2.922673484561123309e-13,-6.327268243141444934e-14,-7.337939087444465970e-14,-6.640776449932636300e-14,3.470606243754679416e-14,4.444423548049354194e-14,-3.672046541083376615e-15,-6.266473194692799083e-15,-7.955933049114655223e-15,-6.594705956465004005e-15,-7.870466373363021459e-15,2.756436456003725835e-15,2.373946626336052365e-15,3.715573903680600784e-15,-1.035573954307283353e-15,8.714687565131912786e-17,9.782971045341921010e-17,1.016700468049157481e-16,1.060502639866376078e-16,9.326591566863543985e-17,-1.367396173090723456e-17,-2.232069569646522303e-17,-1.848650486694326260e-17,4.525451240085012806e-18,3.331461856851764417e-18,5.572752406422194986e-18,4.441735557543859736e-18,5.386105072456760945e-18,-1.394214770280963666e-18,-1.273657505788492376e-18,-1.668227403625860040e-18,-2.250160047473246808e-18,5.099508846082964422e-19,4.778017957069563604e-19,3.907887861492557135e-19,-3.575496630377082557e-20,4.043462664437321735e-21,3.323194034970566320e-21,2.039899789528387322e-21,1.860795367931467001e-21,2.464268261012574616e-21,-5.829933374136636738e-22,-1.238505762983391098e-21,1.045314112452318224e-22,1.427806917311591314e-22,1.600562619558925250e-22,1.391277256318936907e-22,1.443378955987412413e-22,1.251684358473204134e-22,8.579598323389199377e-23,-7.186082844294914968e-22,1.434048800834365013e-22,1.544995563350227792e-22,2.854315965311334883e-22,5.552321950299562318e-22,-4.624304292495461931e-22,-5.770749195348512132e-22,5.891485854628416277e-21,5.691016610236586786e-21,5.711610680126209738e-21,-9.210057672354761865e-22,-8.558084689530996137e-22,-1.146119835125921606e-21,-1.852761442094525428e-21,1.751584511814102442e-22,1.261161150350570526e-22,2.176723339426503201e-22,9.166551535297508228e-24,1.399168356804192561e-23,-1.016203223128879188e-21,-8.312985073472146187e-22,-1.185728370710335348e-20,-1.169750844095255453e-20,-1.406045805149929850e-20,-1.123110105433182252e-20,6.717702689170156795e-20,-1.660435943600162192e-20,3.238488736481205233e-21,2.963030731688935837e-21,-4.392834497628910184e-23,-5.681733847512548331e-23,6.380194649369181550e-39
-3.177122053604444876e-16,9.241679869526233296e-08,-1.781329598562086391e-01,-1.181628577161783766e-01,4.892454138887125104e-01,7.504145561726294211e+00,-2.575231217094270875e+01,1.714874992846977193e+03,1.166750316702353530e+03,1.157952642777926258e+03,1.415531535585231723e+03,1.534603422203514356e+03,1.642836657459907428e+03,1.574397106594458364e+03,1.320504504803449436e+03,1.487704057379407914e+03,7.840663241637975034e+01,1.073770032532180210e+02,1.826634616510585396e-01,-1.338931294554430718e-01,-1.364866852511747553e+01,1.324416724881675464e+03,1.173630596202507832e+03,-2.475079924934243536e+01,1.041621792108692262e+03,1.257412394244136294e+03,2.218415575771931344e+03,1.011969794021068907e+02,9.563068287853745630e+01,8.318834133506394224e+00,1.452526560090301899e+01,-1.383015908009633588e+00,3.582802658841887644e-01,-8.793260364574653765e-02,-9.316350979900593632e-02,-1.009381770719208343e-01,5.902983472462143277e-01,-2.646022297728966244e+00,4.920936051824999602e+00,5.612987056521812512e+00,1.302590578548615213e+03,1.395689783312909640e+03,1.287372131743578848e+03,1.515783725099788171e+03,1.339046422304841371e+03,1.691210071285078811e+03,1.282733107434315116e+03,1.279920429926874704e+03,1.471438774136542861e+03,5.299776229205428990e+01,6.669831170067253012e+00,3.877113120731749407e-01,-1.199725995470013185e-01,5.959483550079923697e-01,5.678318236674136266e+00,-2.106517857194188181e+01,1.624228648065108700e+03,1.665928103397228824e+03,1.302954537131659208e+03,1.561145818473216877e+03,2.062714279870075188e+03,2.133125160154851528e+03,1.984105047025291242e+03,1.530565037433201951e+03,2.051666344472389028e+03,1.599701611047974211e+03,1.704604755817944806e+03,1.759586253382886525e+03,1.360170678351172228e+03,1.664071251069438631e+03,1.637096364150485442e+03,1.707268356881307909e+03,1.668839850056481282e+03,1.757845603815043205e+03,1.544246276380318932e+03,1.613316142134981646e+03,1.942621911270758574e+03,1.590984396440956516e+03,1.433438682857114145e+03,2.075814465571994788e+03,1.488160235473603962e+03,1.516197195334993921e+03,1.499222498894690489e+03,1.829713052451508474e+03,1.749275607119730012e+03,1.535042743586473534e+03,1.346230889281735699e+03,1.620588586439001801e+03,2.344314740616635845e+03,1.796673069963040462e+03,1.633193004398778157e+03,1.661034048398785671e+03,1.663372985271051448e+03,1.933779987536285262e+03,2.166898761706852383e+03,2.599024346041229819e+03,2.551832469229772869e+03,1.777274883258862474e+03,1.404483517231742553e+03,2.568201856042504460e+03,1.673584396470755109e+03,2.289820656465637057e+03,1.470837762814904181e+03,1.402611682137724301e+03,1.355731248337432817e+03,1.966720136382678447e+03,1.377380337100249335e+03,1.308026437103951594e+03,1.179606846196799552e+03,2.118830877612319455e+03,1.630795249502983779e+03,2.042133789147596417e+03,1.274333840526055155e+03,1.408894928572445224e+03,1.237191123069871765e+03,1.570484754164029710e+03,1.592804109585139940e+03,1.179439894701865342e+03,1.761958120756370818e+03,2.051497491946324317e+03,1.304311908585713581e+03,1.289631036235447937e+03,1.392970234946267738e+03,1.493848222015273905e+03,1.881227523413723020e+03,1.552490156239838825e+03,1.863820906933183096e+03,1.648898839676927992e+03,1.720126399008664521e+03,1.391330406312870991e+03,1.760114444753311091e+03,1.233070639046841279e+03,1.043682080061381157e+03,8.651387605952492095e+02,1.036698974944656356e+03,8.027288612265522261e+02,9.172493189373059295e+02,9.394285741084393067e+02,1.307943144846690984e+03,9.499609373308746854e+02,1.034917725534757210e+03,1.244258594464015687e+03,1.284722991391947062e+03,1.130560903115075689e+03,1.229857462824772483e+03,1.585192644748000703e+03,9.280582560214306795e+02,1.009280829909954036e+03,9.916679986914914480e+02,8.573312815612903250e+02,1.076699529232887926e+03,1.099673469925334530e+03,1.037131850925464505e+03,8.825312137509585000e+02,1.645092064493181374e-04,-7.584265937263195019e-15,-1.131297992446277615e-15,-4.732707345229507275e-16,-2.804660949174888893e-15,6.507889934909580901e-15,-2.905696399185580830e-14,-2.595702408445313238e-14,-2.010839729286735992e-14,1.030319875535661571e-13,8.081749026560127575e-14,-1.886504971983856198e-14,-1.717785352260316271e-14,1.146002487044919080e-13,6.684397479906505439e-14,-3.550919368570412161e-13,-3.310279278608746465e-13,-4.121888140163526272e-13,-3.952394204131824397e-13,8.556500138225135455e-14,9.923251927056253318e-14,8.980463985636269552e-14,-4.693375031585249930e-14,-6.010288994242265921e-14,4.965787052834009145e-15,8.474285690278864577e-15,1.075897837527234618e-14,8.918161872262264739e-15,1.064339996221341054e-14,-3.727587957298872285e-15,-3.210338782280492985e-15,-5.024650035972038454e-15,1.400428800947108945e-15,-1.178505833089440226e-16,-1.322972092311158480e-16,-1.374905781929274183e-16,-1.434140395451298200e-16,-1.261254919610551486e-16,1.849159082397012716e-17,3.018475404918384186e-17,2.499969580814145969e-17,-6.119864474706873433e-18,-4.505207102000537191e-18,-7.536152235232076088e-18,-6.006653967206237017e-18,-7.283745054636227794e-18,1.885426444809909951e-18,1.722394278293524517e-18,2.255979587792577592e-18,3.042939544892230401e-18,-6.896174849739483089e-19,-6.461415846441039771e-19,-5.284720313158714734e-19,4.835220544165678549e-20,-5.468061018028289506e-21,-4.494026349686163046e-21,-2.758600102275739003e-21,-2.516393363372722154e-21,-3.332482658678766742e-21,7.883943964540397369e-22,1.674857794872532595e-21,-1.413600970749082231e-22,-1.930853774206071237e-22,-2.164475049328731639e-22,-1.881453981494701201e-22,-1.951912224011788127e-22,-1.692679521422537195e-22,-1.160237426086999312e-22,9.717893482431028437e-22,-1.939294856053215685e-22,-2.089330535257379124e-22,-3.859952510585201191e-22,-7.508523692575512090e-22,6.253545571147491758e-22,7.803907526444454408e-22,-7.967182292367643187e-21,-7.696083446763502708e-21,-7.723933247815554917e-21,1.245495791884539216e-21,1.157328091375251099e-21,1.549922359258977869e-21,2.505528913701865785e-21,-2.368705187528782506e-22,-1.705495189639013973e-22,-2.943629514384362891e-22,-1.239612363945898814e-23,-1.892125285782342440e-23,1.374233346991542774e-21,1.124182746226097479e-21,1.603485828835476280e-20,1.581879077964047848e-20,1.901425806233202231e-20,1.518805809803781940e-20,-9.084492983803091553e-20,2.245443029803615387e-20,-4.379477563381569875e-21,-4.006969813685836335e-21,5.940524018285720214e-23,7.683530168248704174e-23,-1.271382517642467033e-38
-3.262850657579317635e-16,1.422989678901459270e-07,-2.742807406993199026e-01,-1.819416022935885779e-01,7.533170425810821191e-01,1.155452985593744231e+01,-3.965219722764992127e+01,1.597302782270891839e+03,1.506945808666773019e+03,1.373257450650258534e+03,1.423816910678720205e+03,1.510974252979377297e+03,1.615971664536011758e+03,1.547977783724179062e+03,1.453590288651788114e+03,1.490642975891596734e+03,1.218014688889298213e+03,1.402964793658052486e+03,5.746627706041557149e-01,-1.684702714965780279e+00,-2.247328259570568321e+01,1.003753020408572070e+03,8.795076466994266866e+02,8.081049870736569574e+02,8.267158855748521091e+02,9.274612155055174298e+02,1.149698010691303352e+03,1.519136308105220451e+03,1.540167361550151099e+03,1.280894894315998478e+01,2.236531976499232144e+01,-2.129502748698872239e+00,5.516630767488958087e-01,-1.353944810606950433e-01,-1.434487839557721245e-01,-1.554198503997845648e-01,9.089135893038056135e-01,-4.074220494138743653e+00,7.577025533722474115e+00,8.642613071947478076e+00,1.486147458639044089e+03,1.747442285098515185e+03,1.457819633624173321e+03,1.785107076424462321e+03,1.408920531265946920e+03,1.699986669140521826e+03,1.511127019167935941e+03,1.266180012032497643e+03,1.212955214155179192e+03,2.107536513782678412e+03,8.943982158878986510e+00,5.971299878683625773e-01,-1.847155742833459513e-01,9.176100347605279373e-01,8.743204493212399342e+00,-3.243516916933614169e+01,1.204105625120382001e+03,1.416656540476859846e+03,1.329082553373564679e+03,1.718619363729801307e+03,1.726242939288259777e+03,2.091326770865406615e+03,1.790397832395817886e+03,1.563720900756338324e+03,2.554665393045862857e+03,1.940362935204189398e+03,1.997782940856874802e+03,2.151195670027396773e+03,1.813699453824916873e+03,1.653412545283517829e+03,1.687145643641068546e+03,2.136029165085751174e+03,1.735275282950710562e+03,1.656097024419190348e+03,1.524365991064571972e+03,1.947665845130969046e+03,1.956331949691066256e+03,2.023024539955099272e+03,1.609255084560971682e+03,1.567188775809016533e+03,1.207552525141473325e+03,1.429142205285668979e+03,1.896644278144050986e+03,1.760679678032782704e+03,1.535550293512888402e+03,1.425084103353159435e+03,1.302205335129072182e+03,1.612989777734143445e+03,1.874534455231011634e+03,1.675691638860842204e+03,1.977336486164940197e+03,1.445372929214194528e+03,1.408546387975925654e+03,1.577498400682436113e+03,2.054254631928423350e+03,2.436054360601526696e+03,2.335229785919590540e+03,2.093610533887673682e+03,1.664590142075316635e+03,2.392862524655423385e+03,2.049550452619257157e+03,2.187216511020034886e+03,1.829840104467781885e+03,1.466300046939496724e+03,1.310221394478843877e+03,1.757980758983546139e+03,1.731972826099896110e+03,1.442665006536966757e+03,1.673282742625104675e+03,1.371976844398006278e+03,1.902663788180483607e+03,1.767998546811717688e+03,1.985446360495953968e+03,1.538352922341927524e+03,1.252259351578956057e+03,1.593975265212930935e+03,1.254911592660661427e+03,1.587986490555093496e+03,1.635597698848096115e+03,1.372615869431249848e+03,1.888037525562365545e+03,1.717296244534041534e+03,1.569313279433624530e+03,1.375359642753391654e+03,1.713470436985470542e+03,1.753106170208753383e+03,1.775768019517162884e+03,2.009875628005591125e+03,1.583653617598883102e+03,1.669287326936047293e+03,2.651042646174613765e+03,1.422443558111143147e+03,1.611552124241079582e+03,1.223219490423449315e+03,1.050710582458148338e+03,1.090868152239036590e+03,8.412174222804919737e+02,9.998323502533182818e+02,1.094820715989176051e+03,7.433730146798947089e+02,1.030959980983701598e+03,1.000202342820609488e+03,1.025084672077652613e+03,1.275369647907475610e+03,1.515281438129744629e+03,1.560704540664072965e+03,1.262379362732064010e+03,1.171975238862152992e+03,9.816591065004296297e+02,1.015183886566994147e+03,9.413232034415904081e+02,8.221024925965448347e+02,9.424113478996501954e+02,7.228357509617014784e+02,2.533035269542173191e-04,4.632497551277150704e-15,1.033119683343715108e-15,-2.856479340773597673e-16,-4.435503454093551252e-15,1.000803512101096795e-14,-4.473494346096148152e-14,-3.996371646440065497e-14,-3.096142035305905079e-14,1.586434659040767990e-13,1.244389065148299940e-13,-2.904750950007977300e-14,-2.644965096368956556e-14,1.764560640994046168e-13,1.029232034072103172e-13,-5.467549264517693080e-13,-5.097024999877002003e-13,-6.346687991274575122e-13,-6.085710475255164618e-13,1.317489586276596075e-13,1.527935588617167929e-13,1.382769542364135082e-13,-7.226637793933893126e-14,-9.254359880887897488e-14,7.646084992386382019e-15,1.304830592778969453e-14,1.656616810453651295e-14,1.373176556418404674e-14,1.638820590838696213e-14,-5.739564349993038037e-15,-4.943128435131345148e-15,-7.736719441103218152e-15,2.156314301016260457e-15,-1.814607768708547355e-16,-2.037050109628303698e-16,-2.117015158584992207e-16,-2.208221826261585146e-16,-1.942020914268569187e-16,2.847248051118459737e-17,4.647706244322794668e-17,3.849335400392668126e-17,-9.423079044194939784e-18,-6.936905679541676773e-18,-1.160381222413912156e-17,-9.248762837484694929e-18,-1.121516753700479476e-17,2.903090827401090945e-18,2.652061576969224242e-18,3.473651102196679414e-18,4.685374974680223881e-18,-1.061840519185630575e-18,-9.948983757739848512e-19,-8.137163403400781673e-19,7.445044832626166090e-20,-8.419462784562807842e-21,-6.919690083792823983e-21,-4.247562494638609968e-21,-3.874623967137179613e-21,-5.131199822245727538e-21,1.213932560976672827e-21,2.578867134315135495e-21,-2.176596241402700491e-22,-2.973037681695933328e-22,-3.332756723508854831e-22,-2.896974215451426999e-22,-3.005462498373152797e-22,-2.606308194052997905e-22,-1.786478936133551962e-22,1.496315462645874000e-21,-2.986034869581698498e-22,-3.217052741045170445e-22,-5.943373054159876953e-22,-1.156127109558887210e-21,9.628914899495486368e-22,1.201608920903359461e-21,-1.226749200260464933e-20,-1.185006677015450047e-20,-1.189294858195981938e-20,1.917755751723970477e-21,1.781999279586771327e-21,2.386497440265949468e-21,3.857895399302855990e-21,-3.647220670772690112e-22,-2.626041156284337145e-22,-4.532462067666581781e-22,-1.908696726520800580e-23,-2.913405387184015052e-23,2.115979774942677827e-21,1.730963638425352804e-21,2.468971947632374331e-20,2.435702890418577544e-20,2.927725890476657827e-20,2.338585643148427527e-20,-1.398787437476894562e-19,3.457427406525953547e-20,-6.743313258419751675e-21,-6.169743372278408487e-21,9.146939057163687405e-23,1.183073782321494758e-22,-6.659110814033820770e-38
1.615506964833609168e-15,-1.671421822003963438e-06,3.221659620177436345e+00,2.137058226710278230e+00,-8.848346738043757043e+00,-1.357177400502002627e+02,1.416429812812138380e+03,1.476308877998648313e+03,1.577078048306504570e+03,1.606364908011762054e+03,1.433341982548290162e+03,1.453946383581895589e+03,1.587214212327088944e+03,1.502220242449361422e+03,1.503374947479916500e+03,1.350621062162957060e+03,1.161594171774082724e+03,2.306349175859909906e+02,-7.123812011007387035e+00,2.167248294009357679e+01,8.296476353058217228e+02,1.055209364792560791e+03,8.922312088220736541e+02,8.437622324015494542e+02,7.631016892764057502e+02,8.363302661962683260e+02,9.121728962914124850e+02,1.161623156346649012e+03,1.550470762703185756e+03,-1.504519547448996377e+02,-2.626996244633106699e+02,2.501281351015695620e+01,-6.479750104850110937e+00,1.590322861590269143e+00,1.684927471230994733e+00,1.825537786322004807e+00,-1.067595997234291083e+01,4.785517064085347272e+01,-8.899858276890843456e+01,-1.015148109769503577e+02,1.479798947352067444e+03,1.411575572810938411e+03,1.146596109623708344e+03,1.225547647175266320e+03,1.386750217603522742e+03,1.395448155662784075e+03,1.341145252842989521e+03,1.174440331719293454e+03,1.293060011328765995e+03,1.495580049055005702e+03,-1.033649331096070085e+02,-7.013989119012375539e+00,2.169624841509133706e+00,-1.077810305004082991e+01,-1.026963392969717859e+02,1.120252654505901774e+03,1.194343660830595354e+03,1.337575925071196252e+03,1.360168204667097143e+03,1.992781558062203885e+03,1.686889930889784637e+03,1.971239049449991853e+03,1.936212831528078141e+03,2.491209826639018956e+03,2.298919443122440498e+03,2.021057919488907601e+03,1.767224194566500501e+03,2.574402499292020821e+03,1.820120125035136880e+03,1.927344857481555209e+03,1.842390661132836385e+03,1.688879161690994806e+03,2.010845974088859748e+03,1.583861820325766985e+03,2.182179883825558591e+03,1.993681286167983671e+03,2.016366666871986581e+03,2.004373631904564945e+03,1.591887090993957599e+03,1.678400823857058640e+03,1.561134755673135032e+03,1.846173588692813610e+03,1.696002798712067715e+03,1.594475433736040031e+03,1.775360179170234915e+03,1.364157983517960020e+03,1.407931064341632236e+03,1.751067499848458738e+03,1.898619264486929296e+03,1.877879948830825242e+03,1.380641855233365504e+03,1.510642865700175435e+03,1.519886005655078634e+03,1.911257906891011089e+03,1.646048544060469567e+03,1.522852036710957464e+03,2.296716168491228927e+03,1.564572443762848025e+03,1.666835488695521917e+03,1.962603441834021396e+03,1.704847694865543417e+03,2.081693180345695509e+03,2.468776227277194266e+03,1.808601929507666910e+03,1.306202483871580625e+03,1.572654711370571476e+03,1.900422786906450483e+03,1.676196870180248425e+03,1.494702709714414823e+03,1.973808826913288840e+03,1.295645161263589898e+03,1.143252682143225911e+03,2.441833318283738208e+03,1.287092552251363941e+03,1.351273276857555629e+03,1.286715011076894370e+03,1.241831059822870202e+03,1.782179926832964156e+03,1.481189586659236284e+03,1.326714615554970351e+03,2.028438454966520112e+03,1.453962453903884125e+03,1.455928801229881401e+03,1.266866142503319224e+03,1.802175879472263887e+03,2.355397118427624719e+03,1.574724513216749756e+03,1.764584673706128797e+03,2.190562823867044699e+03,1.677625816532825411e+03,2.114296123742545660e+03,2.054885461029730777e+03,1.932951878942395979e+03,1.553332710972811583e+03,8.890750708117278691e+02,9.862912922990262814e+02,8.710551015653410332e+02,1.163360948161076976e+03,9.434861399468414902e+02,9.343064362120077249e+02,1.157965134020809955e+03,1.035919469889375932e+03,9.369144763871018995e+02,1.018164440367320594e+03,1.629908239319582663e+03,1.477849884973305507e+03,1.235673618689778550e+03,1.322204669378084418e+03,1.031445810791871963e+03,8.464057418867661227e+02,6.912078166578347691e+02,6.620445887050047986e+02,6.806099675604486947e+02,8.018746422722290390e+02,-2.975264476826980711e-03,-7.898608256983482172e-15,3.363643544866003118e-16,-5.800320941795941226e-16,5.317371907483147953e-14,-1.175795704987491703e-13,5.254448674084383697e-13,4.693940694887637780e-13,3.636688926490980545e-13,-1.863402838167251157e-12,-1.461639869409976174e-12,3.411876935431434189e-13,3.106735682685007284e-13,-2.072625929481920119e-12,-1.208920200196927931e-12,6.422101109638685836e-12,5.986889233052814204e-12,7.454722467742214494e-12,7.148182430817052467e-12,-1.547503112799031243e-12,-1.794689767691611064e-12,-1.624179950545500798e-12,8.488298198044689083e-13,1.087002954083820168e-12,-8.980974460550530228e-14,-1.532634052689979910e-13,-1.945836762266975048e-13,-1.612912176009127767e-13,-1.924933594957766910e-13,6.741604480371714765e-14,5.806123038828655162e-14,9.087432297467584179e-14,-2.532773790198622991e-14,2.131410524852427358e-15,2.392687895524429424e-15,2.486613618705869868e-15,2.593743575258938036e-15,2.281068056432614951e-15,-3.344334003010692794e-16,-5.459124652939218620e-16,-4.521370473313372252e-16,1.106820448895541682e-16,8.147983288865972582e-17,1.362966032077733124e-16,1.086345533928154628e-16,1.317316421684208793e-16,-3.409926073737078252e-17,-3.115070956481045404e-17,-4.080097443954194493e-17,-5.503369767352460917e-17,1.247221629563355642e-17,1.168592412007813998e-17,9.557787649501620829e-18,-8.744835764453298565e-19,9.889372183936013174e-20,8.127762113467313864e-20,4.989121926047449376e-20,4.551074036940996680e-20,6.027028812947160219e-20,-1.425866615921735128e-20,-3.029097883289136858e-20,2.556596653954499887e-21,3.492084577751626714e-21,3.914605062098303422e-21,3.402741594906878342e-21,3.530170272349336367e-21,3.061329732854478964e-21,2.098370828431014899e-21,-1.757549251457566311e-20,3.507350876786026181e-21,3.778700934444359681e-21,6.980995066375238481e-21,1.357969216198583003e-20,-1.130997613566877683e-20,-1.411391456012961300e-20,1.440920843544226766e-19,1.391890714327024691e-19,1.396927546340131811e-19,-2.252566567721548737e-20,-2.093109092381872268e-20,-2.803143384168529992e-20,-4.531424917080514435e-20,4.283969603897756651e-21,3.084507768410770940e-21,5.323760606069825363e-21,2.241925975304870829e-22,3.422041397863783906e-22,-2.485397472919129779e-20,-2.033163409028250694e-20,-2.900016678807785716e-19,-2.860939353161891305e-19,-3.438862041952979871e-19,-2.746866920239590947e-19,1.642994325099485142e-18,-4.061041339213053598e-19,7.920592592636045069e-20,7.246886178973885973e-20,-1.074385468463938380e-21,-1.389620365789355548e-21,4.123141530448803477e-37
-3.749893996291190915e-15,8.302514072612192993e-06,-1.600306646920206433e+01,-1.061548670021095120e+01,4.395271309998441467e+01,1.361568859547081047e+03,1.837237383485579585e+03,1.704694203515902700e+03,1.494581147346023045e+03,1.539193155541421675e+03,1.476626224357794172e+03,1.169032317572999773e+03,1.312716877537518712e+03,1.345986725805643118e+03,1.282366672826216927e+03,1.331739951256295626e+03,1.293697388351772815e+03,-8.534198838716436342e+01,3.557996214860548889e+01,-1.086300674157050565e+02,1.177937181520810555e+03,9.853261250242413780e+02,9.274064424624986032e+02,7.815060674400961034e+02,8.871294805580529328e+02,8.535942772375144614e+02,7.560200339147684190e+02,8.358295913476914620e+02,9.851971859544204335e+02,1.352551215986497709e+03,2.322921038751219839e+03,-1.242470541201214331e+02,3.218709729056506319e+01,-7.899668326885108449e+00,-8.369601229446166357e+00,-9.068059938294258160e+00,5.303108248615497189e+01,-2.377127216867204993e+02,8.834930191625988982e+02,9.421223134148776808e+02,1.235739272521982230e+03,1.207453897153371372e+03,1.421763587224483445e+03,1.148874927056661591e+03,1.162982586800440458e+03,1.072975394347273323e+03,1.106300467703836148e+03,1.147513984964591373e+03,1.555990449258608578e+03,1.529242336826215478e+03,9.781953959523601725e+02,3.484094130491849484e+01,-1.077724772238709683e+01,5.353845940218555199e+01,9.934982387516797644e+02,1.267144888534168331e+03,1.240627621746004479e+03,1.503648649578930872e+03,1.963782238092132047e+03,2.023933008337942056e+03,2.096331675805153736e+03,2.071316977510296056e+03,2.184842224071062446e+03,2.615835983730251883e+03,2.213748488681762865e+03,2.168078544964502271e+03,2.894771897484120018e+03,3.220746388114152978e+03,1.944149774965991810e+03,1.990324696807660075e+03,2.031569282408339632e+03,1.962685892737512859e+03,2.259998433180535812e+03,1.570981545510015849e+03,1.739161669890343546e+03,2.067923539499504386e+03,2.031505061615900786e+03,2.217608420925967494e+03,1.567129659806374548e+03,1.558708720070550953e+03,1.406475418084108014e+03,1.556603851455167842e+03,1.767088283891697074e+03,1.828600177699403957e+03,1.715236659381881282e+03,1.651070877274996519e+03,1.512442503929433769e+03,1.382665937735947637e+03,1.635003872326981764e+03,1.699594454237442051e+03,1.329116087367774526e+03,1.470618762225481078e+03,1.634763916570329229e+03,1.735045689459778714e+03,1.333505420052537829e+03,1.976752012228425428e+03,1.784065245578320855e+03,1.558515118289623842e+03,1.399671370502130230e+03,1.826589531437844471e+03,1.714267134123264213e+03,1.567161062941455384e+03,2.010916034800033913e+03,1.614652989238568807e+03,1.224691254116827622e+03,1.911150157549151572e+03,1.498998754591573970e+03,1.839709509131817185e+03,1.314471905861502819e+03,1.547848375432566399e+03,1.347873533334269723e+03,1.239244551179233895e+03,1.665991522538007757e+03,1.520453141868447119e+03,1.606191664286467130e+03,1.812129499935151671e+03,1.557598241587297252e+03,1.223982019454753754e+03,1.814700223862385656e+03,1.709131454217011878e+03,1.678092920603906578e+03,1.147614056930493916e+03,1.333420174069500945e+03,1.538648100411154473e+03,1.562835461665365301e+03,1.692213616428098248e+03,1.731400956457008988e+03,1.871238416277778015e+03,2.049682496676636219e+03,2.597209060967174082e+03,1.983197653498631553e+03,2.041526622339252071e+03,1.856476284856319580e+03,1.786252205498794410e+03,1.408892869255416372e+03,9.378233695100576597e+02,8.626926233160369293e+02,8.977920230515117055e+02,7.938104219905229684e+02,8.639287528751443688e+02,7.813487321915208668e+02,1.176182232180128949e+03,1.252928976404508376e+03,1.348847177775987802e+03,1.499417386325344751e+03,1.382689290466205875e+03,1.268600103719928484e+03,1.229174013519599839e+03,1.108805206459614737e+03,6.033253902345935558e+02,6.508908788675931874e+02,8.043363251333425978e+02,1.106043829289248833e+03,8.783824998728460969e+02,1.477913895305769769e-02,2.865125430104809352e-15,4.752317907628938785e-18,-3.583773207129909820e-16,-2.640602626924503426e-13,5.841435862804110683e-13,-2.610085534625626623e-12,-2.331647042731645120e-12,-1.806466732917548462e-12,9.256147205608579695e-12,7.260456492783675066e-12,-1.694794077445197207e-12,-1.543220069353601732e-12,1.029542981833343659e-11,6.005113078946966816e-12,-3.190073606814949716e-11,-2.973889248923755562e-11,-3.703011272727685985e-11,-3.550742538714125328e-11,7.686968238459732775e-12,8.914827458521063385e-12,8.067847870624209899e-12,-4.216423095194516136e-12,-5.399509127989214024e-12,4.461151958768407161e-13,7.613108617852497192e-13,9.665625396844447784e-13,8.011877046228041967e-13,9.561792337085122807e-13,-3.348781601034465601e-13,-2.884096517732771016e-13,-4.514033145523220576e-13,1.258113894532688407e-13,-1.058743266630121627e-14,-1.188528520900159277e-14,-1.235184585427475490e-14,-1.288399636602467685e-14,-1.133083194116394928e-14,1.661243137238839885e-15,2.711730753226940305e-15,2.245916724509099566e-15,-5.497949287445791510e-16,-4.047377238272243168e-16,-6.770310516355303136e-16,-5.396243501048555750e-16,-6.543553553935875500e-16,1.693824924002188065e-16,1.547360474105620790e-16,2.026721575037904065e-16,2.733708789095719498e-16,-6.195369155301871958e-17,-5.804791396223351832e-17,-4.747674462427189622e-17,4.343853929332638112e-18,-4.912383648695051461e-19,-4.037332700607143411e-19,-2.478264597086516990e-19,-2.260671483209467515e-19,-2.993827842682832245e-19,7.082758864173100525e-20,1.504654758168789935e-19,-1.269947512250078994e-20,-1.734635815099733899e-20,-1.944515945040953316e-20,-1.690256151821582359e-20,-1.753554260114058632e-20,-1.520665401527391987e-20,-1.042331338608850311e-20,8.730338027585495674e-20,-1.742219099140260716e-20,-1.877007795684464190e-20,-3.467694953516581020e-20,-6.745489651932639368e-20,5.618045392834760297e-20,7.010855877876764655e-20,-7.157538273651301271e-19,-6.913989137689748899e-19,-6.939008775703372234e-19,1.118925546441337822e-19,1.039717657411412304e-19,1.392415561799241013e-19,2.250911104762951720e-19,-2.127991731151323150e-20,-1.532178711043623340e-20,-2.644490880149609498e-20,-1.113640006446689969e-21,-1.699843012818293627e-21,1.234580484927858731e-19,1.009940621090087209e-19,1.440535784168271579e-18,1.421124762723508020e-18,1.708198392254686896e-18,1.364461150126885422e-18,-8.161305194507381630e-18,2.017255767138570620e-18,-3.934424634482096575e-19,-3.599772008517565575e-19,5.336833834862477759e-21,6.902711553202242130e-21,-1.425245927137759740e-36
-1.987030587665339486e-15,-3.216340372476563794e-05,6.199484691004347070e+01,4.112371051646388764e+01,-1.702699745176063573e+02,2.489867124612656426e+03,1.661859434471526583e+03,1.585011576662910784e+03,1.536614579385531897e+03,1.521162737913855835e+03,1.630991201580124880e+03,1.789814090602645592e+03,1.214934789549636207e+03,1.003872396517047378e+03,1.484201733283901149e+03,1.296624766658536828e+03,5.665932061619492970e+02,-6.465894396073306893e+01,-1.379089426718449829e+02,6.365681544064394757e+02,1.046553320031614248e+03,8.862640319940153404e+02,8.610801666304569153e+02,1.055298691731443341e+03,1.074581206993847672e+03,8.441307320920664097e+02,7.415152788194599225e+02,7.161751234160402646e+02,6.563677694970325547e+02,1.342361544489791413e+03,1.972295824633465372e+03,7.060716184466332379e+02,-1.246907380437038881e+02,3.060280537532391776e+01,3.242329511760756589e+01,3.512907908790813138e+01,-2.054389917413744513e+02,1.337813285564929629e+03,1.557885444589723193e+03,1.182470654406876292e+03,1.028967224453665040e+03,1.132212157350455300e+03,1.324430346368797018e+03,1.173515935501552576e+03,1.105143445086344627e+03,1.044870088163925857e+03,1.212395628270765883e+03,1.069472429310892494e+03,1.313004072975930740e+03,1.461680022529093549e+03,1.394055140704064570e+03,-1.349715966808897178e+02,4.175035908524188244e+01,-2.074045363711580592e+02,1.561963377883565045e+03,1.186634646761659496e+03,1.293852555879665033e+03,1.521243648234072907e+03,1.900207836368499102e+03,2.094128731448320195e+03,2.288438968477940762e+03,2.333201416576278007e+03,2.586548062295916225e+03,2.293301216639551967e+03,2.172841260224669441e+03,1.717513034740659123e+03,2.831482407641306509e+03,2.630103981308634502e+03,2.045697276447198874e+03,1.729883043473824955e+03,2.131041752869708944e+03,1.942196676233104427e+03,1.736466940576669231e+03,1.519704664698675970e+03,1.555936815238179634e+03,1.929307225179091347e+03,1.701764670177024072e+03,1.935104514613965193e+03,1.842003279446566921e+03,1.616333523607237794e+03,1.669840087266757791e+03,1.585964593592102574e+03,1.635096221087917002e+03,1.633203207081836126e+03,2.125851920999476988e+03,1.758136947348014701e+03,1.480257462936025149e+03,1.226452106585662932e+03,1.651824443174492444e+03,1.485141205937957920e+03,1.283287840651602210e+03,1.616319599730628624e+03,1.396518304702071191e+03,1.830267433406559576e+03,1.372531549406680597e+03,1.749882433366149826e+03,1.442178448733383220e+03,1.539638690689435634e+03,1.266771794313279543e+03,1.683729460877577594e+03,1.718422186444373438e+03,1.492988320251397226e+03,1.422850273621462748e+03,1.576499755634682515e+03,1.440316457040428077e+03,1.756973154885710755e+03,1.269940411639294098e+03,1.821050617050642131e+03,1.604012629684093554e+03,1.317231955893036456e+03,1.196986153546877631e+03,1.687090933093006015e+03,1.057808855888561311e+03,1.598677021055356818e+03,1.524416341329002080e+03,2.374838426836400686e+03,1.963211073248394314e+03,1.630595773939180162e+03,1.845168549497845788e+03,2.067867083450488735e+03,1.655039389215333131e+03,1.391792392168295237e+03,1.298022359123227716e+03,1.621652305158256240e+03,1.589342018060213832e+03,1.503255231397331954e+03,1.658785820162061327e+03,1.890080879918462870e+03,1.945783150102998434e+03,2.114104554535801981e+03,2.578924808833276074e+03,1.778574570342955212e+03,1.897881406677383211e+03,1.928195848503814659e+03,1.851575853653276226e+03,1.253099982642668692e+03,7.050924935294510760e+02,9.391915861689806206e+02,9.669351840033270946e+02,8.919837979690028078e+02,8.686335283093749240e+02,1.154957298078954864e+03,1.078055594674616941e+03,1.027523370111688564e+03,1.786891762632085829e+03,1.532536150934159878e+03,1.297986697090438611e+03,1.081199141845590930e+03,1.042257241272214742e+03,7.354748031896535849e+02,7.363383067696988746e+02,8.415084237882197158e+02,9.812789303673026780e+02,9.036851906443750977e+02,-5.725343068587661344e-02,9.698680647223168924e-16,1.942134169428391097e-16,2.482102648794406024e-16,1.022707456366710557e-12,-2.262912812359688384e-12,1.011129251794787822e-11,9.032649610843513537e-12,6.998135853204339299e-12,-3.585771807312509953e-11,-2.812654014352714885e-11,6.565522904926077174e-12,5.978334978680247792e-12,-3.988383080634487290e-11,-2.326342058814841729e-11,1.235813934215185975e-10,1.152065509401288367e-10,1.434522673212039024e-10,1.375534748483725225e-10,-2.977881895715607310e-11,-3.453546634853314985e-11,-3.125432207604964377e-11,1.633415100772178150e-11,2.091734996060196815e-11,-1.728221483417227672e-12,-2.949269155268545893e-12,-3.744400911665270759e-12,-3.103749471383443251e-12,-3.704176654293291703e-12,1.297296384357603528e-12,1.117280381448970541e-12,1.748707313952240361e-12,-4.873852048109492493e-13,4.101503099927250934e-14,4.604282800626266648e-14,4.785025384140660621e-14,4.991177058712079375e-14,4.389491182254130479e-14,-6.435548722595400157e-15,-1.050506996462808929e-14,-8.700536473844361978e-15,2.129870078652372370e-15,1.567927826562317937e-15,2.622774608870532007e-15,2.090469913254716483e-15,2.534930424769732169e-15,-6.561768462189483846e-16,-5.994374633851889050e-16,-7.851388608274794748e-16,-1.059021145745951990e-15,2.400046035385222320e-16,2.248738731706016197e-16,1.839218452559316984e-16,-1.682780983674790467e-17,1.903025728539854464e-18,1.564036637482845938e-18,9.600637140053078222e-19,8.757695457004510220e-19,1.159789588697458770e-18,-2.743815082770421480e-19,-5.828935445870470736e-19,4.919694719723609135e-20,6.719867220975007493e-20,7.532929301951290472e-20,6.547943269035296080e-20,6.793156056274513225e-20,5.890959645173040061e-20,4.037924349746115214e-20,-3.382076619719758805e-19,6.749244374059014730e-20,7.271407087282999602e-20,1.343362649825390153e-19,2.613159166148852208e-19,-2.176394534964605845e-19,-2.715960329814353592e-19,2.772784143474944289e-18,2.678434779694774739e-18,2.688127226023009351e-18,-4.334645368677665540e-19,-4.027799117434001065e-19,-5.394128041337224770e-19,-8.719884380687338758e-19,8.243702658640723958e-20,5.935561463347075829e-20,1.024458703495319042e-19,4.314169527785829442e-21,6.585082149948170852e-21,-4.782685137784488718e-19,-3.912444800076882743e-19,-5.580542677856201956e-18,-5.505345633267800547e-18,-6.617450350757198698e-18,-5.285834454266071105e-18,3.161636971847540924e-17,-7.814718679250350470e-18,1.524170716676303023e-18,1.394528448710706913e-18,-2.067454991912798346e-20,-2.674065916232488631e-20,8.022090581191462282e-36
-2.233593318018941445e-14,1.062290618445491780e-04,-2.047561408280516844e+02,-1.358230995246942143e+02,7.004244772955938743e+02,1.999276188835748144e+03,1.680549745699330060e+03,1.460432526603029373e+03,1.488296726482451049e+03,1.521868917019114633e+03,1.563542998585941632e+03,1.853219758690088611e+03,1.103520522526360082e+03,9.343277768866722681e+02,1.437899209234905129e+03,1.352645537544562103e+03,-2.987447721502724107e+02,4.492723020533979934e+02,5.837019846962887186e+02,1.269005463050834123e+03,1.017581946421680641e+03,1.008526578304955819e+03,9.519191008364697382e+02,1.243632758360155321e+03,1.049380883282835612e+03,8.414598822633857935e+02,7.610030189910822855e+02,7.529642065253011651e+02,8.286469377556364861e+02,6.799723431761880192e+02,5.111867632739269425e+02,1.150872965089159379e+03,5.177870832095369451e+02,-1.010747286182608917e+02,-1.070874292317157881e+02,-1.160240733446854478e+02,8.460267004060347062e+02,2.017193932538976242e+03,1.363191676856444246e+03,9.023769745148939592e+02,1.246420542717139369e+03,1.402791166720973251e+03,1.157351655414494644e+03,1.266648371275907721e+03,1.260083708712888665e+03,1.291789635820321109e+03,1.307707342238453521e+03,1.115251082248815919e+03,1.131150643382217822e+03,1.152845558206321812e+03,1.192754138022853112e+03,5.710875663138463096e+02,-1.378927889530652351e+02,8.571034436739445255e+02,1.309877142889818742e+03,1.221349859448412644e+03,1.237991517383004066e+03,1.617176616479046288e+03,1.554595554231616461e+03,2.165649426968863281e+03,2.020763453686312005e+03,2.594547637450518778e+03,2.528752833721041497e+03,2.376082936775108919e+03,2.277126837254591919e+03,1.576976978976763348e+03,2.176461614101072882e+03,2.221148579945076108e+03,2.060960672913639428e+03,1.712191997024108332e+03,2.072458220486176742e+03,1.584340085637733864e+03,1.269986241721314173e+03,1.421021160352572679e+03,1.801495575051715605e+03,1.702484849602019267e+03,1.777989357317647773e+03,1.374206447662606934e+03,1.576411064384983774e+03,1.960576743792303887e+03,1.641983973095878355e+03,1.909172688260940731e+03,1.449491374417940278e+03,1.796939460244551583e+03,2.180877989613959471e+03,1.679903809956305622e+03,1.489192320903751579e+03,1.632461865858664623e+03,1.953334989007487820e+03,1.678585988016774763e+03,1.459054282889538626e+03,1.598819306223981584e+03,1.723996079526664289e+03,1.620891229238383858e+03,1.546544272592519064e+03,1.403044077859997742e+03,1.440388139083289161e+03,1.249726886906671780e+03,1.487897833209619648e+03,1.468975107013055776e+03,1.550965685550515445e+03,1.464383703511278782e+03,1.470533148571222682e+03,1.856679541605423083e+03,1.629406401685229639e+03,1.520002183063917755e+03,1.283754405481321783e+03,1.487439285477496924e+03,1.510213400378775759e+03,1.528024169409716023e+03,1.719032810810108231e+03,1.798918533878887956e+03,1.278149034236702846e+03,1.215757638535091928e+03,1.496889750061877976e+03,1.887872783131605047e+03,1.682774821838387879e+03,1.887492714961440470e+03,1.689992428284294647e+03,1.909038051388041367e+03,1.966524457395246600e+03,1.509067319798804192e+03,1.376772442748617095e+03,1.535331904260877991e+03,1.730906515851068434e+03,1.916623910121025574e+03,1.676304204067980208e+03,2.099935435845487973e+03,1.875970385388140585e+03,1.622211224648740199e+03,2.757466345237330188e+03,1.938121997759986925e+03,2.522808748897468377e+03,2.188662905849603703e+03,1.662066228555004045e+03,1.494716198710970730e+03,6.114921713393829350e+02,1.097688306220145023e+03,1.045402522868588676e+03,9.821135075169250968e+02,8.286080053455735879e+02,1.202234711349979307e+03,7.654359884890741341e+02,6.095559054857815227e+02,1.724221101177515038e+03,1.752570827657939617e+03,1.157702803234185922e+03,9.076966258433856183e+02,9.967101284435235584e+02,8.977973068610669998e+02,8.247503872042043440e+02,1.135759466081559367e+03,7.737163660447450866e+02,1.023258014581216798e+03,1.890962249397411254e-01,-1.384141662397172673e-14,1.243472005568701761e-15,1.514104966518384614e-16,-3.377496965514511069e-12,7.473887909363763469e-12,-3.339549918155517326e-11,-2.983298234227404232e-11,-2.311339480183852187e-11,1.184306159738127464e-10,9.289613732617337760e-11,-2.168456250656035982e-11,-1.974520238254318933e-11,1.317280336070903815e-10,7.683426058214693999e-11,-4.081637500829794203e-10,-3.805033797297588441e-10,-4.737931314151990732e-10,-4.543106414689159272e-10,9.835327211843921317e-11,1.140634933978209852e-10,1.032265533581329732e-10,-5.394831813838887082e-11,-6.908567514486095642e-11,5.707957662257144648e-12,9.740825255561085064e-12,1.236698078306587321e-11,1.025104174835251523e-11,1.223412839100962068e-11,-4.284701300362664629e-12,-3.690145722278129013e-12,-5.775618118102672107e-12,1.609732398865107008e-12,-1.354641535858586091e-13,-1.520699258932238803e-13,-1.580394791268012245e-13,-1.648482420182934701e-13,-1.449758035504577327e-13,2.125528469263874375e-14,3.469607059772338574e-14,2.873607017859195578e-14,-7.034519794891970830e-15,-5.178540908886477636e-15,-8.662481382579727457e-15,-6.904389207965655034e-15,-8.372350234151096143e-15,2.167216235366605779e-15,1.979817804028214768e-15,2.593151062868790647e-15,3.497727531658975461e-15,-7.926855029228731183e-16,-7.427118339413087862e-16,-6.074557664965807487e-16,5.557877101883156653e-17,-6.285299883677656238e-18,-5.165689117183504214e-18,-3.170891627718916057e-18,-2.892485446291335076e-18,-3.830544830586096430e-18,9.062253001598670674e-19,1.925176666318512009e-18,-1.624873283947508048e-19,-2.219432981324889403e-19,-2.487970548965388067e-19,-2.162650060373766142e-19,-2.243638765886093815e-19,-1.945661974889089627e-19,-1.333642791326400408e-19,1.117029868052485601e-18,-2.229135646617552595e-19,-2.401595177325302891e-19,-4.436848635337632263e-19,-8.630723566532517695e-19,7.188180439339386766e-19,8.970254521021746644e-19,-9.157931809896388064e-18,-8.846315400144755382e-18,-8.878327543157743146e-18,1.431643599082490566e-18,1.330298636777195326e-18,1.781568785030185921e-18,2.879997230813536800e-18,-2.722724269271104498e-19,-1.960393031772703758e-19,-3.383574942442961172e-19,-1.424880852870194328e-20,-2.174916263630042567e-20,1.579621856360743076e-18,1.292199494627249028e-18,1.843137679010801552e-17,1.818301652439210447e-17,2.185606810044026857e-17,1.745801655872996051e-17,-1.044223217446017531e-16,2.581039744709754851e-17,-5.034020236594948342e-18,-4.605838673128086820e-18,6.828375688934453066e-20,8.831885948876967289e-20,-2.105489667035182741e-35
1.179114951887781397e-13,-2.999752986902779286e-04,6.512680552736309210e+02,4.359731244871304057e+02,1.455700363262851397e+03,1.295211029652047500e+03,1.612427258525279512e+03,1.376186621296361636e+03,1.335217135682827802e+03,1.424924014408545872e+03,1.389453711532311218e+03,1.263580752155771961e+03,1.036879903607044071e+03,1.237444606439860308e+03,1.211955747989373549e+03,1.587042608150121396e+03,5.575809110159375450e+02,1.437783899407528452e+03,1.555296110660707882e+03,1.186053488084494120e+03,1.126918894800719499e+03,1.405308116826286778e+03,1.193655625580807964e+03,1.188649171728244710e+03,8.583565128321890825e+02,7.850591168286335915e+02,7.334981227613776582e+02,9.048768115396090934e+02,9.796858299144078046e+02,7.573828900080641233e+02,7.358294126675384632e+02,8.402654246780899712e+02,1.174062124926296292e+03,3.241143089638070478e+02,3.421879030362116509e+02,3.701302944519385392e+02,1.766276831211979015e+03,1.252450004540268083e+03,1.173421270084520302e+03,1.226433420354121381e+03,1.408560170717077654e+03,1.580558375160287142e+03,1.294222489134208899e+03,1.255672260903041433e+03,1.279960752266937561e+03,1.395605748745963638e+03,1.210779414919272767e+03,1.146641060519600614e+03,1.207837297250902566e+03,1.220526437034475975e+03,1.254910309316240728e+03,1.518186913419457369e+03,4.415783647813869379e+02,1.853402087123504543e+03,1.313088846896802806e+03,1.147991024223881368e+03,1.323052198753233370e+03,1.761454699237596287e+03,1.674740235699938466e+03,1.973324289568165796e+03,2.178169307583746104e+03,2.546914416160489054e+03,2.320866442715325775e+03,2.257305578399574188e+03,2.247234820270359705e+03,1.946486193904158426e+03,2.014782318613442612e+03,2.153772352644004513e+03,2.056849949122221005e+03,1.656165041702890221e+03,2.157980794169906858e+03,1.847552325172196788e+03,1.500722642849420708e+03,1.710685797594893984e+03,1.785002351250284164e+03,1.750078057356346790e+03,1.816151130931942134e+03,1.327510619777925513e+03,1.116829229249919763e+03,1.848887521139808996e+03,1.426513842380864389e+03,1.772926169858063076e+03,1.615977619891941458e+03,2.039136044150716089e+03,1.714627123525337311e+03,1.666161401146866865e+03,1.649886809096904244e+03,2.015165905984964184e+03,1.890138084568842032e+03,1.709560492971731492e+03,1.647978517269609256e+03,1.241792759695623317e+03,2.162249449762726726e+03,1.469006560533935954e+03,1.465785062579811665e+03,1.463416154877920690e+03,1.512710771321990478e+03,1.266980418424327809e+03,1.645607781368189762e+03,1.461756333566881494e+03,1.457535113167906502e+03,1.238715710211049100e+03,1.628623609629009707e+03,1.946699349663217845e+03,1.540604131861851101e+03,1.581357580098781227e+03,1.383258411813184694e+03,1.339226205656277216e+03,1.288831683864387514e+03,1.425373633441762195e+03,1.956813367322962222e+03,1.968512640351530763e+03,1.609507073368696638e+03,1.307825325198120254e+03,1.569477826139086574e+03,1.319863670395338659e+03,1.229606922464908848e+03,1.524374834952755009e+03,1.741242575909097923e+03,1.510617536508407056e+03,1.767003395184365218e+03,1.763238158561254750e+03,1.463905580537531478e+03,1.550757442344733136e+03,1.938096952570920166e+03,2.044187154138535334e+03,1.922475275184463499e+03,2.013432393238335862e+03,1.741852619266183865e+03,2.497177205936981409e+03,2.308634185209689804e+03,2.707764986591077104e+03,2.942207221124529042e+03,2.846970187652926143e+03,1.715928857025991192e+03,1.498059536441097634e+03,9.207659827735461704e+02,1.050831290585836541e+03,1.060904120268673978e+03,9.350899125348900043e+02,9.443701615185572109e+02,1.317688180279376866e+03,1.061916651618485730e+03,1.381758440513815458e+03,1.340532479682836311e+03,1.541076480762380470e+03,1.040491128751431688e+03,7.908868474917085223e+02,9.904234480405170871e+02,9.622940035409086477e+02,7.305486432503590777e+02,7.629051557984427063e+02,8.449966956368476758e+02,6.663803313620547897e+02,-5.339800196006589950e-01,3.744003450215724533e-15,2.248137911858266252e-15,-1.322576309744848885e-17,9.537678593108231037e-12,-2.110520299569077866e-11,9.430401068341988049e-11,8.424396168105272428e-11,6.526884013332785374e-11,-3.344306994656795482e-10,-2.623250742208902593e-10,6.123402574685591610e-11,5.575755708301539557e-11,-3.719806568817803831e-10,-2.169686887411970427e-10,1.152594597504694359e-09,1.074485766367295775e-09,1.337922349744560828e-09,1.282906654078659926e-09,-2.777352228492249856e-10,-3.220985847797273429e-10,-2.914966546954694924e-10,1.523421421349652668e-10,1.950878193349877364e-10,-1.611843570828900897e-11,-2.750666261342810406e-11,-3.492254085477352889e-11,-2.894743919639863902e-11,-3.454738517444840616e-11,1.209936837755167472e-11,1.042043058098600094e-11,1.630949891724565726e-11,-4.545648323606672384e-12,3.825309120264255268e-13,4.294231787810654678e-13,4.462803220354491854e-13,4.655072703439799092e-13,4.093904172129993407e-13,-6.002180815829648536e-14,-9.797661726848079375e-14,-8.114644976174476653e-14,1.986445271001109284e-14,1.462344040401026982e-14,2.446157759063483012e-14,1.949698300838330313e-14,2.364228975781831236e-14,-6.119900956291126804e-15,-5.590715256941067517e-15,-7.322678471340231666e-15,-9.877069817273941469e-15,2.238427660429178588e-15,2.097309344868979546e-15,1.715366037601744350e-15,-1.569463020611297748e-16,1.774876550894271805e-17,1.458714882818618184e-17,8.954133135445935285e-18,8.167954890676651688e-18,1.081689708173228037e-17,-2.559047404019526640e-18,-5.436416693897078053e-18,4.588403963577125426e-19,6.267353392420594001e-19,7.025664118496117527e-19,6.107006747467263950e-19,6.335706979693894625e-19,5.494264202357634288e-19,3.766011743912845414e-19,-3.154328601891336606e-18,6.294752296892845058e-19,6.781752730756487743e-19,1.252901014823218323e-18,2.437189817349804838e-18,-2.029836784480565076e-18,-2.533068381710851526e-18,2.586065696926321275e-17,2.498069790799657868e-17,2.507109550720291375e-17,-4.042751659070550915e-18,-3.756568341685737157e-18,-5.030889088628621996e-18,-8.132690000815745480e-18,7.688574212074695689e-19,5.535862547570269866e-19,9.554719638964190740e-19,4.023654655118482359e-20,6.141644707359408258e-20,-4.460620565480946329e-18,-3.648981949210289863e-18,-5.204750619841275102e-17,-5.134617321518025885e-17,-6.171833243304492484e-17,-4.929887958994766033e-17,2.948733293310834125e-16,-7.288477884258107620e-17,1.421533521075477114e-17,1.300621324269060231e-17,-1.928233197346644777e-19,-2.493995125283066491e-19,2.584570334978683774e-36
3.579663662118510814e-13,6.774804722106019450e-04,2.092768395265046365e+03,1.576672727994519164e+03,1.331220990068835135e+03,1.726018178955408075e+03,1.413370588681437312e+03,1.209464186985258721e+03,1.300236481754896204e+03,1.287859227008357038e+03,1.375654750734643585e+03,1.397693309807239984e+03,1.281280511489466107e+03,1.303848939113283450e+03,1.290325435391666588e+03,1.542664441187493821e+03,1.713015593771225440e+03,1.533766148393684944e+03,1.517045133598804114e+03,1.360249740786142183e+03,1.338995835688862826e+03,1.775405320394922910e+03,1.455412420310040943e+03,1.510543365056428001e+03,1.259094799694379390e+03,9.642637623758743075e+02,9.224183749130449996e+02,8.632812885477191003e+02,8.546993713427065131e+02,7.551359871365165191e+02,8.071877760620614026e+02,9.654229742493192816e+02,9.340757071592929606e+02,1.157983439759068006e+03,1.170067230218727900e+03,1.238448764416622907e+03,1.086690965920161261e+03,1.291108978301883781e+03,1.145584918705394557e+03,1.434196638776366171e+03,1.354413568884969891e+03,1.208715140450341778e+03,1.148425138010621367e+03,1.069514850771143301e+03,1.106827704055139066e+03,1.169473614040584835e+03,1.235946906931096237e+03,1.145738580300896501e+03,1.169598930535264572e+03,1.225669730032180951e+03,1.263126011677611132e+03,1.461455828800098288e+03,1.551371816529568150e+03,1.257187500176489266e+03,1.391640791295234067e+03,1.392377758569286925e+03,1.670990956301258166e+03,1.631862882398564807e+03,1.728281564411453928e+03,1.914258163419497123e+03,2.252468049344778592e+03,2.099616728169006365e+03,2.448278240060988537e+03,1.797174844608865897e+03,1.803016585565638707e+03,2.133100777668866613e+03,2.129098222199028896e+03,1.672830685638677096e+03,2.043606762428451475e+03,1.474738864384961516e+03,2.081155330314203638e+03,2.047175926836877807e+03,1.872864888579633998e+03,2.082394638171376300e+03,1.666640324238315998e+03,1.691333594671528317e+03,1.290824409142081322e+03,1.695268241374669060e+03,1.430805520718412254e+03,1.528615769320971594e+03,1.680567992486120602e+03,1.441560387777456071e+03,1.751934723916267785e+03,1.622160398200551981e+03,1.729241131434068620e+03,1.541392630700448535e+03,1.490321496873198157e+03,1.754006363075604440e+03,1.800696062504905285e+03,1.679025569038663889e+03,1.413476079917888455e+03,1.305540961665504483e+03,1.860600991609022685e+03,1.838685063860177252e+03,1.364310399328792300e+03,1.277972426560883150e+03,1.533576668804656265e+03,1.537522684415810772e+03,1.494239476387133209e+03,1.530206008388885266e+03,1.350089646806084147e+03,1.182558933034845268e+03,1.419949722746394400e+03,1.704495893934093829e+03,1.568636212205264201e+03,1.690601806308050300e+03,1.594127855621766230e+03,1.372447704486561179e+03,1.681429559674809752e+03,1.512651841995450013e+03,1.285636067199480749e+03,2.073242175291822605e+03,1.573100406614860276e+03,1.730734043026154268e+03,1.503131881463546733e+03,1.352713404275503080e+03,1.407184562555407865e+03,1.679120747807956150e+03,1.677249439171758013e+03,1.641738662130775765e+03,1.190311591129488306e+03,2.077370362815237968e+03,1.262526618092996387e+03,1.548016704250335124e+03,1.908657418864269630e+03,1.888677824198836106e+03,1.869951250792401652e+03,1.592852316275397698e+03,1.987807272256832675e+03,3.154900921125262357e+03,2.415681353311210387e+03,3.398474674783281898e+03,2.632411947873971712e+03,3.013720665432577789e+03,2.263641816123865283e+03,1.771601027036262849e+03,1.284799700755862432e+03,1.038624938615167594e+03,1.166685876286741632e+03,9.706532708818499486e+02,1.459555723024764120e+03,1.315091946693743921e+03,1.505808906126354032e+03,2.111533111095905952e+03,1.473351764217066147e+03,1.376034295018254397e+03,9.518763537834516910e+02,8.321985187304762803e+02,1.024494433672730111e+03,9.467353220693936464e+02,6.069469557535652484e+02,9.896008590736443011e+00,9.042074831527149854e+02,-1.258171278660476702e+02,1.205969416200510791e+00,-5.468118760733549551e-15,-3.235217975644652902e-15,-4.674028405289732868e-16,-2.154054633879682840e-11,4.766508754205468284e-11,-2.129813134109766477e-10,-1.902611263316138783e-10,-1.474066831421946118e-10,7.552964164076801696e-10,5.924491645210621761e-10,-1.382942424386329935e-10,-1.259258887895669810e-10,8.401012756105519542e-10,4.900138456329729893e-10,-2.603082105789083816e-09,-2.426676888311458163e-09,-3.021636345587282595e-09,-2.897385916828955644e-09,6.272522796045529730e-10,7.274449005345104977e-10,6.583318431097759668e-10,-3.440577502331173381e-10,-4.405969042946464698e-10,3.640274876900415493e-11,6.212253761544912850e-11,7.887095895154648605e-11,6.537646553571057919e-11,7.802368703091474590e-11,-2.732586928923519850e-11,-2.353406517664781179e-11,-3.683425627509991364e-11,1.026613853299685912e-11,-8.639285436188389652e-13,-9.698325802618257197e-13,-1.007903666188411549e-12,-1.051326848284808005e-12,-9.245895058277070499e-13,1.355565045263171698e-13,2.212757024446995180e-13,1.832655400085953081e-13,-4.486295658730876968e-14,-3.302637035006657139e-14,-5.524535256653048896e-14,-4.403304309752151336e-14,-5.339502852223235377e-14,1.382151599788850309e-14,1.262637433437811187e-14,1.653793392440127369e-14,2.230690977954112855e-14,-5.055386343619493574e-15,-4.736677091616759399e-15,-3.874075626432290600e-15,3.544560345404655166e-16,-4.008477394923282397e-17,-3.294440748834315064e-17,-2.022249955721381455e-17,-1.844695200099062680e-17,-2.442946660909397455e-17,5.779491349063684900e-18,1.227789809713256285e-17,-1.036270018751932300e-18,-1.415453057107303320e-18,-1.586714061275178246e-18,-1.379239501785763577e-18,-1.430890401710733481e-18,-1.240854404538172648e-18,-8.505365027716513468e-19,7.123906668590940162e-18,-1.421640974186235199e-18,-1.531627791549768347e-18,-2.829619554928970374e-18,-5.504281571054377904e-18,4.584293404448045376e-18,5.720818917105457221e-18,-5.840510926065635169e-17,-5.641776202584839461e-17,-5.662192086314404952e-17,9.130369450488213623e-18,8.484037536325947549e-18,1.136203257515193617e-17,1.836730786248948178e-17,-1.736429269560356414e-18,-1.250249200270138750e-18,-2.157889666654288391e-18,-9.087239741768969052e-20,-1.387062326373980262e-19,1.007410723582509949e-17,8.241058596736084802e-18,1.175469087995714735e-16,1.159629803803329864e-16,1.393880268943609079e-16,1.113392615006280966e-16,-6.659579081113385662e-16,1.646069346497737737e-16,-3.210468346367923794e-17,-2.937393688062917896e-17,4.354826356689575191e-19,5.632573757148899119e-19,-1.130972724862693534e-34
1.786047174939398098e-13,-8.928004791471014613e-04,1.407692621260638361e+03,1.528367360447332203e+03,2.184579518821226429e+03,2.277054621134769150e+03,1.449045647496926904e+03,1.408990673867637270e+03,1.345959343964819254e+03,1.251748502017862165e+03,1.375711707649984191e+03,1.544250494151433713e+03,1.565442552416825947e+03,1.202544336732348256e+03,1.179850945701088222e+03,1.302031438791255141e+03,1.404001713488757787e+03,1.283565489511026954e+03,1.510768234880269347e+03,1.735962197173537788e+03,1.494404723383576084e+03,1.612073419134941560e+03,1.633916696629771877e+03,2.078334429933232059e+03,2.147402260645478236e+03,1.408452152300774742e+03,1.118624926037646446e+03,1.034727529878730138e+03,1.127315209906365681e+03,1.210368166323089554e+03,1.202891158948166549e+03,1.059274131018477419e+03,1.129372754658037138e+03,1.085282062214088455e+03,1.061353624282742430e+03,1.049888778562996094e+03,1.187672854316910161e+03,1.089624298597254665e+03,1.094314442576245710e+03,1.182041397288045573e+03,1.493017545713849358e+03,1.094983965292284438e+03,9.634389775981561570e+02,1.249974188554714601e+03,1.033412334279081506e+03,1.009612587231439761e+03,1.379843108222342153e+03,1.406377164572744050e+03,1.282165890475728474e+03,1.341346193534378244e+03,1.361953371599190632e+03,1.488236532833962428e+03,1.406428676238303751e+03,1.426484577213287594e+03,1.214064433644589371e+03,1.653689640182126368e+03,1.634655426313249336e+03,1.416265372174628965e+03,1.505940195646659276e+03,2.086285858771053427e+03,1.479065341814037311e+03,1.784612567274675484e+03,2.292437166942503609e+03,2.056967596400481852e+03,1.680435422438640899e+03,2.175258655598631776e+03,2.762204588427948693e+03,2.139038147283837588e+03,2.173682515679099652e+03,1.779776900345529384e+03,1.533875677864120462e+03,1.602955774833727673e+03,1.972844022186164921e+03,1.663049672740012056e+03,1.495758150727826433e+03,1.335099826429852101e+03,1.424709429920597358e+03,1.801318687457990563e+03,1.755071624793944920e+03,1.821510229709189616e+03,1.408785207391582162e+03,1.295358868410464083e+03,1.633885782337124283e+03,1.640580832472003976e+03,1.768225779037255961e+03,1.433988517360721062e+03,1.127266319972629162e+03,1.168400598269369766e+03,2.027452801723968832e+03,2.063979318467193934e+03,1.592657385344603199e+03,1.775866052226833290e+03,1.744546262571642728e+03,1.508550306591428580e+03,1.673475145830428573e+03,1.699256478589309836e+03,1.449344411084925468e+03,1.596994893247393065e+03,1.648805042606681809e+03,1.372978837978243973e+03,1.378679911859453114e+03,1.252393728064692596e+03,1.248700670727287843e+03,1.366348747968174848e+03,1.744615526249456252e+03,1.714143615775437183e+03,1.734215068972614517e+03,1.180662065922843567e+03,1.982674900218990388e+03,1.770089849727935871e+03,1.973758864555124546e+03,1.674214640901069288e+03,1.294751094297468171e+03,1.600263015192255352e+03,1.687143438937700239e+03,1.287902694788834879e+03,1.577074547370856635e+03,1.753518183191535854e+03,1.540761131494013625e+03,1.937272735895898222e+03,1.158905253686419883e+03,1.552536484376777707e+03,1.078653369181938615e+03,1.450579203029055861e+03,1.421780747695406490e+03,1.571055650300797424e+03,1.736393720341971630e+03,2.285424283653042039e+03,2.525000520697376487e+03,3.229827323260581579e+03,3.005595147651165917e+03,3.073296735918325794e+03,2.480257700398987708e+03,2.001207814775041243e+03,2.414470655514464397e+03,2.475149221806555488e+03,1.421252089152125109e+03,1.044326698566361301e+03,1.013930112943694894e+03,1.151299697299887384e+03,1.052458816451195844e+03,1.256726141379241199e+03,1.383021709628511871e+03,1.584990529594573673e+03,1.661992636447607083e+03,1.678914249587196537e+03,8.130629951854477895e+02,9.734922301334216854e+02,1.152841914756416600e+03,7.431857613106850522e+02,8.604922266934257777e+02,8.349019102321537957e+02,1.250394385985911640e+03,6.979324472238968724e+01,-1.589256247314093873e+00,1.175784688031021454e-14,1.386342446974389586e-15,5.667128059483981434e-16,2.838654914330037499e-11,-6.281427627307325874e-11,2.806720049632017969e-10,2.507308040232684826e-10,1.942561645357988412e-10,-9.953482500306486353e-10,-7.807441245016350611e-10,1.822475643408695306e-10,1.659482427769486862e-10,-1.107106185866953296e-09,-6.457523341650008021e-10,3.430405815705822480e-09,3.197934668287995307e-09,3.981986918428956696e-09,3.818246638217177674e-09,-8.266085280539187141e-10,-9.586448356158291842e-10,-8.675659435579431198e-10,4.534077909848951254e-10,5.806294697784427815e-10,-4.797244036487791456e-11,-8.186661260068210104e-11,-1.039380954123290084e-10,-8.615471908673036351e-11,-1.028215395735581090e-10,3.601070466449134957e-11,3.101377166306698100e-11,4.854109160147902279e-11,-1.352897061913935934e-11,1.138506347453613216e-12,1.278069299539842238e-12,1.328240315768006203e-12,1.385464456362196855e-12,1.218446859927192766e-12,-1.786397057740083386e-13,-2.916025794393657730e-13,-2.415118496899153182e-13,5.912151093681403767e-14,4.352296559088338349e-14,7.280368848660003454e-14,5.802783046643371839e-14,7.036528581448164733e-14,-1.821433475170648228e-14,-1.663934758400251588e-14,-2.179409730789773319e-14,-2.939659600746741451e-14,6.662112837402060926e-15,6.242109922719567196e-15,5.105352431965108895e-15,-4.671109065654422499e-16,5.282470398105024542e-17,4.341495290972267666e-17,2.664970879515671164e-17,2.430984842372104400e-17,3.219375375983718283e-17,-7.616356276874387107e-18,-1.618011700183079679e-17,1.365622194959548578e-18,1.865318957154725510e-18,2.091010933368015373e-18,1.817595840582219563e-18,1.885662670704476024e-18,1.635228545540190606e-18,1.120857985650432967e-18,-9.388059950981668267e-18,1.873473546934066801e-18,2.018416888173936700e-18,3.728942454744078608e-18,7.253678042130061234e-18,-6.041294940541470973e-18,-7.539036298621177775e-18,7.696769380769106689e-17,7.434871859482734898e-17,7.461776414710908006e-17,-1.203222610337039883e-17,-1.118047396221160929e-17,-1.497316682303349781e-17,-2.420489141322426818e-17,2.288309328243402402e-18,1.647609239120554740e-18,2.843720236744941106e-18,1.197538870923270144e-19,1.827904951809563828e-19,-1.327590703841307644e-17,-1.086027032145469125e-17,-1.549062162378418318e-16,-1.528188762922698213e-16,-1.836889804723019884e-16,-1.467256254878285208e-16,8.776157601481025452e-16,-2.169230792498652826e-16,4.230834387446094531e-17,3.870969866120411247e-17,-5.738897604171345321e-19,-7.422744649867649397e-19,-3.236508076432431261e-34
1.694152169788910623e-13,-1.536397547582037332e-03,1.510722943348343961e+03,1.696176660698590695e+03,1.796243898559348054e+03,1.304124042505627585e+03,1.805050446245281819e+03,1.623039411325461515e+03,1.557296006104473463e+03,1.675796960541041926e+03,1.562481877967355558e+03,1.662235304531655856e+03,1.867915954088786975e+03,1.593988317586570929e+03,1.446110523364417759e+03,1.651429420061196879e+03,1.704256038019680091e+03,1.541652078712272896e+03,1.521176883595372374e+03,1.554089381570381192e+03,1.168400905367975838e+03,1.352804635582402625e+03,1.401008342503026142e+03,1.418170454134961801e+03,1.794579999744365750e+03,1.152633707276834912e+03,1.121241470459276343e+03,1.467196775137960230e+03,1.430460337073916889e+03,1.530542303099662149e+03,1.711141451182829314e+03,1.321764633556955232e+03,1.323149132324270340e+03,1.179417515551214365e+03,1.359362777945042581e+03,1.370766459536985849e+03,1.093212534613188609e+03,1.190069201053477627e+03,1.472042915880002283e+03,1.088657021925230538e+03,1.216070727555923895e+03,1.214341142756688669e+03,9.825890353044795802e+02,9.812132654658831825e+02,1.074131296290370528e+03,1.097367700416950811e+03,1.272842691793190625e+03,1.386980113102511723e+03,1.371160046220127697e+03,1.229654237626468102e+03,1.696893764704915839e+03,1.670208027839246142e+03,1.518253160740820704e+03,1.459942043587483568e+03,1.471204335378433825e+03,1.435117935971220959e+03,1.462935722984512950e+03,1.514465257318842532e+03,1.447279407298117349e+03,1.765485623092006108e+03,2.088843364862411818e+03,2.040857248868360330e+03,2.291687524740491881e+03,2.490620898624278198e+03,1.883014339737329237e+03,1.545556780894695976e+03,1.932948892278841413e+03,2.349336988923199442e+03,2.119504659982474550e+03,1.755039191627766058e+03,1.813062690851733805e+03,1.931115640296584161e+03,1.738143955831462108e+03,1.429329997270557897e+03,1.446146882135304850e+03,1.516309392822141717e+03,1.817126655627986338e+03,1.355416708249373642e+03,1.511614648923492723e+03,1.877772429309750123e+03,1.447361584552297700e+03,1.227567060946759284e+03,1.471679555065265959e+03,1.722397253649795630e+03,1.670076803599898312e+03,1.721654205904792889e+03,1.749858621454698550e+03,1.372575582482393884e+03,1.723033468087451865e+03,1.554883274029748463e+03,1.648905739378274120e+03,1.584913975613297680e+03,1.701942894686383852e+03,1.603750466134123371e+03,1.771338409141185366e+03,1.663499997373447286e+03,1.603360755896553883e+03,1.434025346642490604e+03,1.967866455051938146e+03,1.426398479682470452e+03,1.653953621486256907e+03,1.822869719627592531e+03,1.571380716391329543e+03,1.261886318312204139e+03,1.623733332443463496e+03,1.042002963283494182e+03,1.750513660015685673e+03,1.705149995671180022e+03,1.822462664110650167e+03,1.534910233710138073e+03,2.037480478716910284e+03,1.999622767157590715e+03,1.116310556070658777e+03,1.738643234822488694e+03,1.740184864221776024e+03,1.659915615908201062e+03,1.517708621386455434e+03,1.684584441356469370e+03,1.811329320412979769e+03,1.482359432091938743e+03,1.313651361384099573e+03,1.790243010109781608e+03,1.472955927242339158e+03,1.519193361373110520e+03,2.186911344930816995e+03,1.707951689063643016e+03,1.838101066950010591e+03,2.873924746970070828e+03,3.258496690891155140e+03,3.232662448708009379e+03,2.224002825371549534e+03,2.418281340040531177e+03,2.566500678720209635e+03,1.883163320763665070e+03,2.608015015942170521e+03,2.743175751550930727e+03,1.938839241627387310e+03,1.207497360814257945e+03,1.179540587163691043e+03,1.300198178623866852e+03,1.185678647951473067e+03,1.099863028191539797e+03,1.265756286766876656e+03,1.394588161688377568e+03,1.748832213431453056e+03,1.257265430071551918e+03,9.635782825434401957e+02,1.213660798144274622e+03,1.028820006577772574e+03,9.658390143051262839e+02,1.079076311578339528e+03,1.071402540045585738e+03,1.007016461936080077e+03,9.579834311326052330e+02,-2.734910495605105130e+00,6.052528062758308277e-15,1.599178460866946071e-15,1.249012092081828852e-16,4.884999893102745494e-11,-1.080955052652976345e-10,4.830012828662656101e-10,4.314762434153006849e-10,3.342904742044416099e-10,-1.712869388066677151e-09,-1.343562628102202821e-09,3.136251799342889950e-10,2.855760936388955878e-10,-1.905190766180774796e-09,-1.111258703090447215e-09,5.903297775556779601e-09,5.503244113931773519e-09,6.852499611046861776e-09,6.570723143808595304e-09,-1.422489509134880340e-09,-1.649707419375784041e-09,-1.492972079660634705e-09,7.802578900975987940e-10,9.991904286287584958e-10,-8.255454768570457433e-11,-1.408821632254964374e-10,-1.788644144182522109e-10,-1.482614561839389903e-10,-1.769429619856797998e-10,6.196990215234260493e-11,5.337080774291217526e-11,8.353312507871315874e-11,-2.328166008694315561e-11,1.959226502476389652e-12,2.199396823092295208e-12,2.285734843842231814e-12,2.384210406217737157e-12,2.096794089174589519e-12,-3.074165082432977938e-13,-5.018114331166334990e-13,-4.156115753178571090e-13,1.017406985502751162e-13,7.489756016094651844e-14,1.252860085321509517e-13,9.985861175506136534e-14,1.210898236363805342e-13,-3.134458358562106344e-14,-2.863422838476739505e-14,-3.750490556217307028e-14,-5.058785145048848392e-14,1.146465987011821675e-14,1.074188757868236044e-14,8.785670639043878217e-15,-8.038392318019713028e-16,9.090468424407424960e-17,7.471168389595529387e-17,4.586080338640927978e-17,4.183419741968423089e-17,5.540140880333722474e-17,-1.310679303925670980e-17,-2.784395020199677461e-17,2.350064365226337498e-18,3.209979763927539702e-18,3.598367322927391402e-18,3.127854271189829400e-18,3.244988741114710812e-18,2.814023049756236939e-18,1.928855887286201574e-18,-1.615567265297994946e-17,3.224012789257820760e-18,3.473442084184258173e-18,6.417041854781248473e-18,1.248266932578631150e-17,-1.039631020350337413e-17,-1.297373506298514183e-17,1.324517389646434022e-16,1.279448113942815116e-16,1.284078050153381685e-16,-2.070595066794026928e-17,-1.924019215703547543e-17,-2.576694045781998398e-17,-4.165357958031429389e-17,3.937893092810388380e-18,2.835328669207489271e-18,4.893685543273708902e-18,2.060814064766646274e-19,3.145594957466195668e-19,-2.284616943264906164e-17,-1.868916188780276397e-17,-2.665741521163392269e-16,-2.629821021025748359e-16,-3.161056761423677812e-16,-2.524963823795376082e-16,1.510266552416544842e-15,-3.732973881223235413e-16,7.280734866355801769e-17,6.661453200461479851e-17,-9.875922348820097811e-19,-1.277361173406026769e-18,-1.381201353096152873e-33
1.696344817721555827e-13,1.706651917284170150e-02,1.721439683845661420e+03,1.644254003466494169e+03,1.735199810621105144e+03,1.436261198204164884e+03,1.765513625132226025e+03,2.249581781400688669e+03,2.338464972082801523e+03,1.908844707175687063e+03,1.460160486603668005e+03,1.499172737496461878e+03,1.491318719214467137e+03,1.319667328614968710e+03,1.402850835670019478e+03,1.307383591838271968e+03,1.404255314645881299e+03,1.290127283983658799e+03,1.194527892380129742e+03,1.073106812464389122e+03,1.217970271800198134e+03,1.342272350710640467e+03,1.467326421213446110e+03,1.569702214922266649e+03,1.548243350824945310e+03,1.418383031375047040e+03,1.255814882343503996e+03,1.446787854232941527e+03,1.375759057463732006e+03,1.453046075608336650e+03,2.227016283539097458e+03,1.996818987755901162e+03,1.676878485054903877e+03,1.180440287837603364e+03,1.328605194715855305e+03,1.458624089139136913e+03,1.163164177732114240e+03,1.188958917273801717e+03,1.196676028838854563e+03,1.012885951770468978e+03,1.235725491791370587e+03,1.118171760010216758e+03,1.006488819057902674e+03,8.069874824958593535e+02,9.556063701019218115e+02,9.929992082228006893e+02,9.891588161396667829e+02,1.471388421601967138e+03,1.409752251212996498e+03,1.306920394828187227e+03,1.703425572205885373e+03,1.326070602075931902e+03,1.311339370659737142e+03,1.266519628531739954e+03,1.666010312709147229e+03,1.649488684501536909e+03,1.421571065788892838e+03,1.855432492495457609e+03,1.962077663467271350e+03,2.372401176460210991e+03,2.266936624214509266e+03,2.396470293653352201e+03,2.021147068369836234e+03,2.017759244452226085e+03,2.134204113199372841e+03,1.862465143285507793e+03,1.893218746330445811e+03,1.814068084149756714e+03,1.562002441847515456e+03,1.677244739394191583e+03,1.905681663010051807e+03,2.254563032528753865e+03,1.662450644924457492e+03,2.042004751043086117e+03,1.689883979392347555e+03,1.496879224757293741e+03,1.289756901587255243e+03,1.432171631366889869e+03,1.411762647667547981e+03,1.417931299479117797e+03,1.663870066332993019e+03,1.157260890930326696e+03,1.423743107860243072e+03,1.756142096639793408e+03,1.806379038062097607e+03,1.497005064707842848e+03,2.086791307030686312e+03,1.917371457886314829e+03,1.558972938907244497e+03,1.553708544900659035e+03,1.721032560056278271e+03,1.541109980127711651e+03,1.483563299443899950e+03,1.561026627097008031e+03,2.029631188600298628e+03,1.688977267742880713e+03,1.698071578012902819e+03,1.540017706362619947e+03,1.360117753025618413e+03,1.856521798223842097e+03,1.380528468374505564e+03,1.384421826876544856e+03,1.480385889075194882e+03,1.224369471059027092e+03,1.561959251961593509e+03,1.654825938963013414e+03,1.250974983598273411e+03,1.815157499688486723e+03,1.390484205409183460e+03,1.575850194496909580e+03,1.650254009144055772e+03,1.520998703227995975e+03,1.514879354947441698e+03,1.295557002398735904e+03,1.402314129719705306e+03,1.889112510115050554e+03,1.149814389805506153e+03,2.021725674464946906e+03,1.700587546934933471e+03,1.361706284840448006e+03,1.610156012414418456e+03,2.008832716363208419e+03,1.374355676438223554e+03,1.937353315834556042e+03,2.088439636731585324e+03,1.613090181755431786e+03,2.025588851580324899e+03,2.933251609669375284e+03,2.722177913561619334e+03,3.329342198068794914e+03,2.706784955884373630e+03,2.204109567714396690e+03,2.545383686423228937e+03,2.509881186855751821e+03,2.907598626550751760e+03,2.106926515530523375e+03,1.274287800549283020e+03,1.239299624912186118e+03,9.868806970143559738e+02,9.696820461010269128e+02,1.727182711896041837e+03,1.070000078933064515e+03,1.972860821824297318e+03,1.607729795023185716e+03,1.839778346411778784e+03,1.194463700302321513e+03,9.987378604132521787e+02,9.644373409186380286e+02,1.210853791072074273e+03,9.161735586238762608e+02,9.082903722122958925e+02,8.555428257417692066e+02,1.053409838837994585e+03,9.077313089158876664e+02,3.037976888103412421e+01,3.534055748447268176e-15,9.447034272254080913e-16,-9.283515325609357068e-15,-5.426306734771209167e-10,1.200739529687940227e-09,-5.365246088399783134e-09,-4.792898503135790624e-09,-3.713345394811305279e-09,1.902679309826402662e-08,1.492448187503592561e-08,-3.483792429925289348e-09,-3.172219250464942713e-09,2.116312590260286714e-08,1.234401733481651020e-08,-6.557465860236689155e-08,-6.113080649104240767e-08,-7.611852555157117168e-08,-7.298851308331343235e-08,1.580121272438616158e-08,1.832518109916217867e-08,1.658414299071649977e-08,-8.667213938759444635e-09,-1.109914724400022289e-08,9.170274796196140981e-10,1.564938803345989838e-09,1.986850970004302165e-09,1.646909023191639409e-09,1.965507207233537815e-09,-6.883703536162367483e-10,-5.928504083878689729e-10,-9.278976543765523883e-10,2.586159414520908436e-10,-2.176336243049871792e-11,-2.443120799404458970e-11,-2.539026282243619056e-11,-2.648414316338523723e-11,-2.329148245348623572e-11,3.414825635300901776e-12,5.574191690895050405e-12,4.616671595918261588e-12,-1.130149930946257852e-12,-8.319725896329354112e-13,-1.391694532362328804e-12,-1.109243447189461815e-12,-1.345082722754502428e-12,3.481800250990402381e-13,3.180730198717168414e-13,4.166097445290344826e-13,5.619369400657035026e-13,-1.273510477631886725e-13,-1.193223919067283319e-13,-9.759246012180126230e-14,8.929158785596254547e-15,-1.009781966165317017e-15,-8.299078500445718269e-16,-5.094282280230092586e-16,-4.647001249129911220e-16,-6.154066094059375414e-16,1.455920930297438703e-16,3.092944991183408714e-16,-2.610484415700502926e-17,-3.565690485945408134e-17,-3.997116826867538298e-17,-3.474464338229736956e-17,-3.604578948197347847e-17,-3.125856221432995604e-17,-2.142600138276608808e-17,1.794594748544325396e-16,-3.581278567051579561e-17,-3.858348121766480560e-17,-7.128139979770750811e-17,-1.386592393956402575e-16,1.154836700160768224e-16,1.441140663910629202e-16,-1.471292469754701572e-15,-1.421228886989853144e-15,-1.426371884986936068e-15,2.300046004302381312e-16,2.137227495732331259e-16,2.862227839404058148e-16,4.626937966530115212e-16,-4.374266808001342295e-17,-3.149522801960458053e-17,-5.435974450352832480e-17,-2.289181130241783777e-18,-3.494170941050102964e-18,2.537784502623194603e-16,2.076018281563741837e-16,2.961143022400851307e-15,2.921242027687261916e-15,3.511346129469323072e-15,2.804765184204062713e-15,-1.677625241663305484e-14,4.146639677340014597e-15,-8.087542275310657422e-16,-7.399635526173462634e-16,1.097031288323056770e-17,1.418910684208516986e-17,2.182240460784537776e-33
1.652907138632810707e-13,-8.400544550398410248e-02,1.707747011868524396e+03,1.617725699320231342e+03,1.628892214135140193e+03,1.555608461442468069e+03,1.627114040010551207e+03,1.829174705353248783e+03,1.821642285689325718e+03,1.584107623015049967e+03,1.565138484987107176e+03,1.484420415350571830e+03,1.361938920629374252e+03,1.654045566186271344e+03,1.714208025016536794e+03,1.335292580306749187e+03,1.671441073426880166e+03,1.422420256154581239e+03,1.572830675859670919e+03,1.861679666166948664e+03,1.632632366085670583e+03,1.325599831949213694e+03,1.339640319467522659e+03,1.698213026099733725e+03,1.699605685872495542e+03,1.521379886699308599e+03,1.417132055191040308e+03,1.491880588008291397e+03,1.489493582357271862e+03,2.164910607662979146e+03,5.516757879784836405e+02,5.129238492422682612e+02,1.729236929409675668e+03,1.588393495847087706e+03,1.583334309389927512e+03,1.524897725179167310e+03,1.310144214983489064e+03,1.255878663664931764e+03,1.224157938119977644e+03,1.380006345283521796e+03,1.304461190518684816e+03,1.126135343571110752e+03,1.152979724170550071e+03,1.129529222384420109e+03,1.121820920823057349e+03,1.133962068728027589e+03,9.640641664576882022e+02,1.168726131407525145e+03,1.375028126416091027e+03,1.370115103000786803e+03,1.570922297158579113e+03,1.334681511472204193e+03,1.449233332922476393e+03,1.455763504831263390e+03,1.558525006820577801e+03,1.521636625688578533e+03,1.655136944650808573e+03,2.015238573158236932e+03,2.149267888782211685e+03,2.177001826224338856e+03,1.936558045605408779e+03,2.218330973239943887e+03,1.941030736409703195e+03,1.783390502421378415e+03,1.972373679949979760e+03,1.861731477756915410e+03,2.050653905015509736e+03,1.835639805566186396e+03,1.909667123183416379e+03,1.891345816874541470e+03,1.637682203710440717e+03,1.528819637638728636e+03,1.754206292069256278e+03,1.879981656926792539e+03,1.609903728150006827e+03,1.277050128317375766e+03,1.336890202671378120e+03,1.373013118592870342e+03,1.702726876260274594e+03,1.358392931435536866e+03,1.371032658941674526e+03,1.840883978050233736e+03,1.131299871740696062e+03,1.659751539963406685e+03,1.520374688571811248e+03,1.627827586532472196e+03,1.764996747230430174e+03,1.974362844594768603e+03,1.347552855361001775e+03,1.317479753508469230e+03,1.735053946366340824e+03,1.523739241830631499e+03,1.392385480881053354e+03,1.305535934137818458e+03,1.706006872240702478e+03,1.389299575308477415e+03,1.227586370708221921e+03,1.475901721255657776e+03,1.773923253697144673e+03,1.420384732267336631e+03,1.694817649502917902e+03,1.435680505149079409e+03,1.370918440962088425e+03,1.798474132779087995e+03,1.831978559515196366e+03,1.427727595829523352e+03,1.974967800917385148e+03,1.428558001599353247e+03,1.432707408702418434e+03,1.542729231316857522e+03,1.280831106972346561e+03,1.271425421017228700e+03,1.382347724383575041e+03,1.188498816692907667e+03,1.101618451944828848e+03,1.716195289816800823e+03,1.935329250745627405e+03,1.798227593701147953e+03,1.313399925678747422e+03,1.705489225053263908e+03,1.360846792392099360e+03,1.630875563844125281e+03,1.486380579853920608e+03,1.960851404195111627e+03,1.693232112169391257e+03,1.874987930438365993e+03,2.149888776910990600e+03,3.145618735499721424e+03,2.672875096187182407e+03,2.733733697482297430e+03,3.686734751545424842e+03,2.020075733398390639e+03,2.492547233065636647e+03,2.123990004696558117e+03,2.238168564513649017e+03,1.343130147260010745e+03,1.042132975752670063e+03,1.108030200136156282e+03,9.725739648776495869e+02,9.608076111096150953e+02,1.248790439845311994e+03,1.481066220656607129e+03,1.490068696823579330e+03,1.714645673876486399e+03,1.324192857561125720e+03,9.830211965417609008e+02,8.994932011988031491e+02,9.762633900846642518e+02,1.255431399797802442e+03,7.219090511320622454e+02,8.679319219065475863e+02,8.953774145728406211e+02,9.109643411842748719e+02,8.931359011734386968e+02,-1.495364106373510538e+02,-6.523989321906588315e-15,1.969569979437017757e-15,4.424812013961150969e-14,2.670956947631507600e-09,-5.910324179569047923e-09,2.640901073995600678e-08,2.359178049627438011e-08,1.827796465226061788e-08,-9.365437758940971977e-08,-7.346183109372830707e-08,1.714805064579495740e-08,1.561441373458757255e-08,-1.041699131331188256e-07,-6.076017405932464444e-08,3.227739853639684965e-07,3.009002938051913248e-07,3.746733932888956005e-07,3.592667313229572123e-07,-7.777730777922618386e-08,-9.020087732000084714e-08,-8.163107580046583425e-08,4.266207776969725414e-08,5.463262892165699736e-08,-4.513826234002149893e-09,-7.702999072700810634e-09,-9.779750586294434968e-09,-8.106475889883757553e-09,-9.674691535755449298e-09,3.388321756891268442e-09,2.918149985352750898e-09,4.567331806164938580e-09,-1.272968855351889215e-09,1.071244193463327926e-10,1.202561864532402417e-10,1.249768812420551940e-10,1.303612191049545522e-10,1.146461876703592422e-10,-1.680857976421598469e-11,-2.743749042084940064e-11,-2.272434995303784884e-11,5.562865366670317344e-12,4.095165940516402845e-12,6.850249779319763027e-12,5.459958706903364391e-12,6.620815423536455205e-12,-1.713824466960884486e-12,-1.565630663566138312e-12,-2.050651737258871343e-12,-2.765986579786687059e-12,6.268519898221447152e-13,5.873330460237558476e-13,4.803731802250042942e-13,-4.395143228501018728e-14,4.970385763565035059e-15,4.085002803721193565e-15,2.507526274943595877e-15,2.287363968249253612e-15,3.029176943821885746e-15,-7.166387306665422802e-16,-1.522420707318419076e-15,1.284942196490168238e-16,1.755117225545786993e-16,1.967475478594174678e-16,1.710213557123902760e-16,1.774259046812214842e-16,1.538620393565061195e-16,1.054638484458641952e-16,-8.833419974221451555e-16,1.762790047898284074e-16,1.899170238515273413e-16,3.508639158084457882e-16,6.825135846860803624e-16,-5.684379485919435310e-16,-7.093635338327463894e-16,7.242049660958184645e-15,6.995624860966545296e-15,7.020939914001039471e-15,-1.132137065067927854e-15,-1.051993942675407799e-15,-1.408856266177803314e-15,-2.277488345833147318e-15,2.153117623113260865e-16,1.550269644479361623e-16,2.675715245910191054e-16,1.126789116979803555e-17,1.719913613313174453e-17,-1.249157579109436002e-15,-1.021865319180782970e-15,-1.457544659696527619e-14,-1.437904445994787151e-14,-1.728367647437892497e-14,-1.380571787655440961e-14,8.257668385014070349e-14,-2.041074163480405457e-14,3.980879668517823615e-15,3.642275689922699204e-15,-5.399847571424807377e-17,-6.984214118363206060e-17,2.188163069937219410e-32
1.502889731024711491e-13,3.239225563177800526e-01,1.409687449808636075e+03,1.258379002195479870e+03,1.321610902215992382e+03,1.585556343451771909e+03,1.593227814931361536e+03,1.583655424726240199e+03,1.486378651012127193e+03,1.471014816926455524e+03,1.483175799220404315e+03,1.675955075902385033e+03,1.735080769631959583e+03,1.700910776358969315e+03,1.540333608107558121e+03,1.406130408963930904e+03,1.728114230416772443e+03,1.958186362516529243e+03,1.981601903268269552e+03,1.788027891643164594e+03,1.624534881775609847e+03,1.266003209093590840e+03,1.500406633359510806e+03,1.755751629319774338e+03,1.694278929313138178e+03,1.578374071376859547e+03,1.510630564586137780e+03,1.660758831154525751e+03,2.345197621615815933e+03,8.939592499716379734e+02,-1.329356405283845106e+02,-9.553535624999084064e+01,1.709302998772367800e+03,1.640007378578449334e+03,1.831297866234233879e+03,1.680252643655241627e+03,1.319465501504930671e+03,1.096822515347831768e+03,1.207856571168591245e+03,1.474597145671021281e+03,1.448734014819594222e+03,1.235663311152545475e+03,1.053453182131032690e+03,1.054068625799104439e+03,1.219960041594906215e+03,1.250945491957592594e+03,1.138447718959231224e+03,1.160572893068694611e+03,1.096214296518092624e+03,1.457560634328925744e+03,1.725174991421056120e+03,1.535005096497426393e+03,1.492227631617996167e+03,1.959928659301781636e+03,1.642164164763630424e+03,1.727135930537815966e+03,1.502667132230688367e+03,1.501137613585145573e+03,1.682439034347878078e+03,1.766755933659331276e+03,1.994088112764545940e+03,2.241179806810683203e+03,1.650014441866829657e+03,1.755757439991986530e+03,1.708639199867067646e+03,1.578970727249789661e+03,1.745688510053398431e+03,1.945250780697493383e+03,1.647205166720859324e+03,1.814690919348458237e+03,1.753411996160293711e+03,1.570428069471987783e+03,1.600852593205944913e+03,1.435392271200626737e+03,1.666154478948208180e+03,1.699487417492306122e+03,1.693028950739706943e+03,1.817881614500679689e+03,1.527955941181048047e+03,1.125166430369459704e+03,1.506671855842365403e+03,1.880765825941800813e+03,1.171126681175921703e+03,1.895236822231335736e+03,1.263865955741631751e+03,1.550584945830027891e+03,1.737864643821184927e+03,1.546429715746930697e+03,1.142600945149829386e+03,1.443521488757811085e+03,1.328548757979081984e+03,1.366890736461024289e+03,1.729198591026372242e+03,1.420138570473679010e+03,1.373537073588356407e+03,1.460294205577069988e+03,1.282645907933845137e+03,1.309060261033669804e+03,1.726294164382484723e+03,9.058421083160138778e+02,1.568409248568477324e+03,1.484301010729568816e+03,1.326203216810301683e+03,1.747915426510127645e+03,1.459519953242507654e+03,1.518823087254948405e+03,1.925652634810006248e+03,1.293319406855865509e+03,1.680849830488362386e+03,1.729612071615303876e+03,1.862180491942595154e+03,1.383696412083517089e+03,1.348268089488593887e+03,1.282403333983024822e+03,1.084988032520469233e+03,1.601923382807607823e+03,1.984156336316335455e+03,1.923370866865226390e+03,1.887488852186841086e+03,1.686669525066987717e+03,1.257121447153337385e+03,1.684294584053668132e+03,1.480400193815991997e+03,1.691315711912949382e+03,1.818313445762107904e+03,2.206415071676251500e+03,2.578394833917065625e+03,3.559677280643476024e+03,2.708563105612347499e+03,2.903267850187577096e+03,4.087364732915699733e+03,2.043171750932752957e+03,2.145545737228888811e+03,1.976664475860836546e+03,2.059700281486585482e+03,1.209289564305973499e+03,1.275046334928149008e+03,1.053678596121810187e+03,1.357727632727637229e+03,1.018485962831299730e+03,1.108245532524689452e+03,1.736614458762326876e+03,1.507861126704696517e+03,1.530573862758339601e+03,8.345871686334679680e+02,8.900194393547357095e+02,1.000293048705077467e+03,1.011069218783309339e+03,1.045104526896244352e+03,8.426635195125155633e+02,9.920789177591162797e+02,7.708558270509421391e+02,7.592672786732994155e+02,7.596906569890054470e+02,8.008231346363157854e+02,-8.689326469993424229e-15,-2.763861829253702770e-14,-1.719399441412967339e-13,-1.029913224131884708e-08,2.279003757453891057e-08,-1.018323779051769674e-07,-9.096921990038696944e-08,-7.047930046652956936e-08,3.611285579989809287e-07,2.832666855921809697e-07,-6.612238489664392315e-08,-6.020872554107874564e-08,4.016761574324824928e-07,2.342894652306149442e-07,-1.244607106415494922e-06,-1.160262787504861005e-06,-1.444729714962409120e-06,-1.385322074203115032e-06,2.999070382662137656e-07,3.478119613350894190e-07,3.147670557496646734e-07,-1.645037319433952060e-07,-2.106618292715898110e-07,1.740518276783929857e-08,2.970254054329876134e-08,3.771043402072116971e-08,3.125833542364990643e-08,3.730532937529369467e-08,-1.306527021591828684e-08,-1.125230153000348419e-08,-1.761149869900565263e-08,4.908530908493165120e-09,-4.130686475204460172e-10,-4.637043598211787464e-10,-4.819072217239194285e-10,-5.026690720321157672e-10,-4.420723675641736588e-10,6.481339504391863321e-11,1.057981656157606212e-10,8.762443295524873740e-11,-2.145024717398866729e-11,-1.579084084415923920e-11,-2.641436405244541374e-11,-2.105344208482072605e-11,-2.552967184485699572e-11,6.608457333768687992e-12,6.037026335003835969e-12,7.907253498443125986e-12,1.066556386063910843e-11,-2.417123053840839749e-12,-2.264739155138328244e-12,-1.852305021314747769e-12,1.694754454804629482e-13,-1.916566304432427058e-14,-1.575165208405972898e-14,-9.668948437090374655e-15,-8.820008981304864786e-15,-1.168041825495752310e-14,2.763338116962521451e-15,5.870409999572807238e-15,-4.954699763927516256e-16,-6.767681010733595451e-16,-7.586528262478398973e-16,-6.594533770385268034e-16,-6.841491317196390142e-16,-5.932875518909929417e-16,-4.066655343913043495e-16,3.406141068485213877e-15,-6.797267190720854017e-16,-7.323145241967147094e-16,-1.352921061799755892e-15,-2.631752545879848273e-15,2.191880208610998561e-15,2.735285169418736916e-15,-2.792513300871698211e-14,-2.697492614207383703e-14,-2.707254025081460013e-14,4.365487618312927374e-15,4.056458067658219862e-15,5.432508815187295115e-15,8.781928868294820064e-15,-8.302358976214922771e-16,-5.977794691860027515e-16,-1.031748022086993266e-15,-4.344866085918608927e-17,-6.631936905127183565e-17,4.816715319356503240e-15,3.940282971125447009e-15,5.620249845509265204e-14,5.544517752301247388e-14,6.664535415003007509e-14,5.323444688069086391e-14,-3.184132929059268956e-13,7.870322652317311546e-14,-1.535015630096476664e-14,-1.404450920073508274e-14,2.082165529349377587e-16,2.693092665023878778e-16,-3.673276148036436995e-32
1.482448908929405857e-13,-1.065781735420021414e+00,1.381874485878871610e+03,1.251371179423475724e+03,1.165340034357453533e+03,1.476024852373153180e+03,1.564025174012082516e+03,1.661664869287691090e+03,1.718669062579083402e+03,1.697061996194765015e+03,1.501556179849892033e+03,1.735077639119459036e+03,2.020756576096154504e+03,1.497226127829561847e+03,1.353764235850704381e+03,1.572202943803534481e+03,1.492425441958106603e+03,2.004349653233851996e+03,2.234343405576643818e+03,1.417709967575028259e+03,1.489380435356008775e+03,1.813476242259385117e+03,1.683248501068392216e+03,1.705989018717686804e+03,1.540180929610182147e+03,1.498224043831235576e+03,1.495884039807820045e+03,1.669596273018131569e+03,1.126908813904579802e+03,-1.978500949611577084e+02,-1.314509553810184173e+02,-2.246162227833966654e+02,1.594754541791937982e+03,1.365486965492124909e+03,1.438888793491216347e+03,1.419063208078293201e+03,1.337043753361042036e+03,1.122998991192577478e+03,1.107361401116811066e+03,1.250169539383610527e+03,1.470738858305250460e+03,1.357874969100585076e+03,1.315587288740206759e+03,1.231505291995012840e+03,1.290098024813779830e+03,1.289280820568208128e+03,1.236045920143546255e+03,1.583775519587601593e+03,1.290886595754243899e+03,1.507548734453437874e+03,1.612703682888230105e+03,1.616131748655826186e+03,1.398025561504473217e+03,1.792816815690318208e+03,1.680213596195236960e+03,1.812613072515429394e+03,1.529976730990835904e+03,1.271200009852173253e+03,1.582573570473896552e+03,1.859163549194114239e+03,2.343249621837358063e+03,2.839185597961904932e+03,1.703333213635155971e+03,2.067940797018296962e+03,1.753650248415517126e+03,1.607816785674370294e+03,1.630567763595157430e+03,2.013801917618998687e+03,1.391903363380148448e+03,1.577001019189194267e+03,1.699014431000861350e+03,1.524122442857410306e+03,1.369395717011369243e+03,1.488822529049441755e+03,1.870976255244442655e+03,1.937491932277262549e+03,1.894669944691041337e+03,1.935215414043610053e+03,1.529956836974587986e+03,1.350157755000644329e+03,1.763632482697995329e+03,1.523003144813263134e+03,1.648419901422142175e+03,1.539888261991788340e+03,1.196400451965565026e+03,1.153892484142907051e+03,1.598253283608635229e+03,1.492359120222624597e+03,1.407134382351471913e+03,2.103435988423409981e+03,1.173742630500177029e+03,1.324134170342602829e+03,1.489417580576386172e+03,1.414638763726729849e+03,1.488207558560387724e+03,1.804322246129741643e+03,1.596029994423531207e+03,1.736816264855681084e+03,1.506928536090319085e+03,1.261329797409463026e+03,1.281578987066832269e+03,1.350990695570468006e+03,1.224233567437771399e+03,1.633554245133533186e+03,1.654728574450949964e+03,1.703111319348631696e+03,1.491487697724232703e+03,1.780494850375663873e+03,2.056711598840912302e+03,1.705876879484564597e+03,1.767033358947679744e+03,1.738463011844548419e+03,1.489954209154412410e+03,1.446964248398402560e+03,1.089939137162848056e+03,1.405836425585990810e+03,1.624581997810973235e+03,1.851571737437742058e+03,1.881901377283852298e+03,1.503713904893371819e+03,1.335792750084489626e+03,1.887816130169064081e+03,1.489413534477857866e+03,1.928893512741063205e+03,1.753128749358018922e+03,2.094922799925835534e+03,2.392906783568104856e+03,2.962772781367065818e+03,2.715052120065674899e+03,2.917135401215675302e+03,2.890792630640522930e+03,2.928511479136915568e+03,2.013840053341516068e+03,2.163595353954196526e+03,1.807094737738405456e+03,1.269704600374275969e+03,1.201961637108367313e+03,1.120418668677943970e+03,1.465944024745628894e+03,1.126653248771553081e+03,1.068961199147782281e+03,1.334240451114568032e+03,1.465948423537916824e+03,1.152597509013785611e+03,6.822248685635405536e+02,8.123614885024940122e+02,8.930131425287738693e+02,1.009650986913149495e+03,9.601110623110878350e+02,1.021009655951459308e+03,8.776191756134064690e+02,6.446345666446246696e+02,1.011836885967868625e+03,1.215796343985227168e+03,7.909298976764338249e+02,-5.894151056199423904e-15,4.267637050899062368e-14,5.551925866145033152e-13,3.388657719540767375e-08,-7.498460898602088973e-08,3.350525804946375035e-07,2.993102246089662013e-07,2.318935489435702451e-07,-1.188198270687694387e-06,-9.320143159813884413e-07,2.175582674034235922e-07,1.981009310498731637e-07,-1.321609451999466751e-06,-7.708676903600572995e-07,4.095051412507384076e-06,3.817538677354594980e-06,4.753502072623670565e-06,4.558036899758216822e-06,-9.867650074809792228e-07,-1.144383521683618529e-06,-1.035657975608684874e-06,5.412561413036381718e-07,6.931271861403165363e-07,-5.726716319631512043e-08,-9.772837546878657014e-08,-1.240762368355526212e-07,-1.028473081741465329e-07,-1.227433468480859023e-07,4.298782561717566247e-08,3.702273033544534283e-08,5.794599135099170147e-08,-1.615022630559426884e-08,1.359093435809467788e-09,1.525696891720647153e-09,1.585588607718623166e-09,1.653900000119158104e-09,1.454522526741709468e-09,-2.132513815451358336e-10,-3.481009591800261503e-10,-2.883050852706290789e-10,7.057638071941930385e-11,5.195559688694746021e-11,8.690949799810990003e-11,6.927079823277648794e-11,8.399865163089517432e-11,-2.174338584413481320e-11,-1.986324286039282900e-11,-2.601673206021664661e-11,-3.509222478930411204e-11,7.952905880750054271e-12,7.451526854060821938e-12,6.094521118214827276e-12,-5.576142533838339371e-13,6.305955921088866802e-14,5.182665660806540318e-14,3.181312460026223441e-14,2.901991323289350123e-14,3.843133550104672005e-14,-9.092035230052098142e-15,-1.931503575452252296e-14,1.630213274714175894e-15,2.226726935717181410e-15,2.496147026410919821e-15,2.169757403122895667e-15,2.251012270276178875e-15,1.952056207031803464e-15,1.338025680910130480e-15,-1.120700879964552463e-14,2.236461487892157928e-15,2.409487790366431841e-15,4.451429914368926118e-15,8.659087614736287441e-15,-7.211803707412697439e-15,-8.999734405260066144e-15,9.188028477609161515e-14,8.875387970306598613e-14,8.907505318168346224e-14,-1.436348558955432221e-14,-1.334670536116583026e-14,-1.787423740586042676e-14,-2.889462066484821450e-14,2.731672242384119945e-15,1.966835676126088901e-15,3.394694738138963806e-15,1.429563587624005726e-16,2.182063918083955209e-16,-1.584813132634645420e-14,-1.296446184776917128e-14,-1.849194974852876572e-13,-1.824277327053420081e-13,-2.192789597957078064e-13,-1.751539066176974576e-13,1.047654957258655393e-12,-2.589522085172918945e-13,5.050564063024896597e-14,4.620975321768992787e-14,-6.850816493080411710e-16,-8.860911098026173035e-16,6.209397831206318038e-31
1.532968516090243032e-13,2.996102744418267960e+00,1.430773027233012044e+03,1.545399639043404022e+03,1.512944054308660725e+03,1.361139732905462097e+03,1.500546218387483123e+03,1.501259805045820713e+03,1.711101081691525451e+03,1.845254723874903220e+03,1.587158162938473879e+03,1.487974527080913504e+03,1.784556380707735798e+03,1.673687178856979699e+03,1.453393403900827707e+03,1.767175783919022933e+03,1.549025731968398986e+03,1.533149537536199659e+03,1.950043403711327301e+03,1.709023264581356216e+03,1.714114269744245348e+03,1.963970992187534421e+03,1.507854209896839166e+03,1.550353224377433662e+03,1.547539340891014717e+03,1.426893314537602237e+03,1.472607272642589351e+03,1.599143200339046416e+03,2.460719010123344503e+02,-4.451752253870064635e+01,5.923373308827539176e+02,8.698365028459221548e+02,1.758727830513498247e+03,1.184325095564553976e+03,1.078242501642377420e+03,1.252543711496488868e+03,1.287020804317156944e+03,1.187467313842232215e+03,1.116799189775327704e+03,1.166507941996931550e+03,1.389178937588166946e+03,1.406942924428005426e+03,1.415980414267240349e+03,1.636564841455384112e+03,1.248239603101018020e+03,1.312057501116634057e+03,1.395195622783418230e+03,1.793472096398202666e+03,1.956143492553892429e+03,1.536212623447799388e+03,1.551902013319265734e+03,1.609308716172922686e+03,1.459622648201030188e+03,1.391023743665523853e+03,1.782854443218778215e+03,1.540788952232928295e+03,1.886677858582144836e+03,1.626626325781495552e+03,1.808745415597058127e+03,1.883001522797569578e+03,2.382647393458423721e+03,2.697465183149223776e+03,1.930425734324621772e+03,2.128065955285951532e+03,1.748644005557673154e+03,1.835554937238888897e+03,1.924840142429774232e+03,1.919847219189252883e+03,1.626605742053387758e+03,1.493287173621082502e+03,1.418390154580192075e+03,1.362075587006811929e+03,1.530072878937994574e+03,1.700948797208987344e+03,1.820663487045184638e+03,1.773582803572217244e+03,1.836253063354650976e+03,1.468187351283792395e+03,1.761947368349733324e+03,1.826809968352447186e+03,1.696732749477115249e+03,1.552278913168075860e+03,1.705641466336935309e+03,1.203104024274953645e+03,1.275050098486746947e+03,1.174054882107857111e+03,1.429210797178496023e+03,1.976960963344460424e+03,1.696414974718016538e+03,2.175291908965421499e+03,1.397528019700708683e+03,1.463111788432561298e+03,1.251464857184529819e+03,1.295471738517256881e+03,1.567229690044245444e+03,1.754880515389497077e+03,1.655307354028899226e+03,2.139425805552083602e+03,1.940991573830138805e+03,1.804082574323433164e+03,1.505148724440408387e+03,1.752823915200089232e+03,1.460746853289978617e+03,1.836513379772941789e+03,2.076183612141407593e+03,1.490390708050982994e+03,1.444728246551538859e+03,2.039968100016808194e+03,1.724564472026463363e+03,1.279681339674820492e+03,1.174551231350947546e+03,1.775525768196528588e+03,1.431072117212079092e+03,1.513300230465627692e+03,1.442718383982518617e+03,1.468597691761122633e+03,1.834217145717357880e+03,1.507558670200629422e+03,1.366892362604115306e+03,1.805309688912660249e+03,1.692053105758097900e+03,1.714685656546724431e+03,1.797860576153326519e+03,1.860002883284031213e+03,2.128474464388038086e+03,1.783471625689754319e+03,2.201016075946886758e+03,2.433333521561126418e+03,2.813192663273442122e+03,2.292146771905765945e+03,2.236823841960290792e+03,3.291328829273003976e+03,2.465064681403830036e+03,1.852556287173602186e+03,1.162563892719219666e+03,1.252532312259721039e+03,1.062695542025803661e+03,1.136946091484867566e+03,1.135879416804817083e+03,1.395383335088503145e+03,1.222468376156973591e+03,1.039588426351322369e+03,1.333199271727110499e+03,1.009170468877848748e+03,8.911128474990185850e+02,8.054143161832944315e+02,6.815833961368680320e+02,1.001190566510069630e+03,9.195327183137999327e+02,9.954561599055183478e+02,8.536660444905683107e+02,7.943673052589716690e+02,1.048254590688161215e+03,1.500532427456275400e+03,-2.333158004473716005e+02,3.067813072150735904e-14,-9.713928002037680119e-14,-1.558280949687312646e-12,-9.526121571565179187e-08,2.107951232047524790e-07,-9.418926248540674118e-07,-8.414144805927458351e-07,-6.518941686578137026e-07,3.340237481475688752e-06,2.620058645354494649e-06,-6.115951328263418587e-07,-5.568970863967747250e-07,3.715280131558612993e-06,2.167046709390776631e-06,-1.151192065672806317e-05,-1.073178281070420245e-05,-1.336294302301081015e-05,-1.281345552346244010e-05,2.773972614424705717e-06,3.217066399276886449e-06,2.911419477250163997e-06,-1.521567649828142876e-06,-1.948504272131436957e-06,1.609882203037390163e-07,2.747319120027218607e-07,3.488004544884835357e-07,2.891221457788475193e-07,3.450534627576841478e-07,-1.208464529160037638e-07,-1.040775050626589761e-07,-1.628965274454571789e-07,4.540116962887298925e-08,-3.820654302491080637e-09,-4.289006362669950189e-09,-4.457372669490456730e-09,-4.649408189939291950e-09,-4.088922515144123933e-09,5.994877077213784901e-10,9.785739466840387688e-10,8.104770690863011074e-10,-1.984028070073764666e-10,-1.460564590736767595e-10,-2.443181158152320598e-10,-1.947325815369122529e-10,-2.361352069704360000e-10,6.112453970218689571e-11,5.583912209154717548e-11,7.313767888476478714e-11,9.865050929731312014e-11,-2.235703835365597239e-11,-2.094757239272439433e-11,-1.713278698757147844e-11,1.567553223485633806e-12,-1.772716796831384158e-13,-1.456939849285625400e-13,-8.943237321081195638e-14,-8.158015735329930307e-14,-1.080373456774882016e-13,2.555933433628100079e-14,5.429801403928727739e-14,-4.582820575765003861e-15,-6.259726979222434209e-15,-7.017114956799920304e-15,-6.099575451680379077e-15,-6.327997390605155666e-15,-5.487578520794246647e-15,-3.761429082002814728e-15,3.150490265072828027e-14,-6.287092543406772838e-15,-6.773500372018444250e-15,-1.251376425377381833e-14,-2.434224129055940875e-14,2.027366782699276987e-14,2.529986023827309516e-14,-2.582918849393174473e-13,-2.495030020863359660e-13,-2.504058780774892011e-13,4.037832246891432042e-14,3.751997170955936858e-14,5.024767263905877830e-14,8.122793757461482559e-14,-7.679218389899928721e-15,-5.529126247165232143e-15,-9.543093002424558940e-15,-4.018758481080530418e-16,-6.134171262458174014e-16,4.455192670575002010e-14,3.644541694711330417e-14,5.198417232151948768e-13,5.128369275356213005e-13,6.164323063559340970e-13,4.923889037242351601e-13,-2.945145134626006447e-12,7.279608918292656867e-13,-1.419803731588922314e-13,-1.299038666484805500e-13,1.925886831634585667e-15,2.490960313593244951e-15,-2.080715611828150537e-31
1.327394876733264278e-13,-6.714224981285325633e+00,1.419098328694455176e+03,1.555170654040703766e+03,1.901761804288467829e+03,1.480067585802869871e+03,1.586066567719992008e+03,1.928269044388030352e+03,1.700664046039374853e+03,1.673230576795091565e+03,1.434446857918618434e+03,1.418911976932902462e+03,1.555184344931837359e+03,1.866532539101321390e+03,1.530572127155224507e+03,1.665556768851891547e+03,1.638955981517824966e+03,1.462497725847716765e+03,1.398486636449603793e+03,1.638957264852949947e+03,1.733603748891677924e+03,1.277011819964425740e+03,1.458299140955909706e+03,1.484061182619843748e+03,1.461990678894363782e+03,1.462027916313704509e+03,1.512209672166603696e+03,1.676013047555354206e+03,2.024220469757934779e+03,2.441800413219921495e+02,2.100494156373899841e+03,2.651793505876326435e+03,2.037915930160177595e+03,1.369520540108891964e+03,1.206065238956696703e+03,1.393300434500920119e+03,1.176847312104470348e+03,1.022041457440716044e+03,1.096386789127345082e+03,1.159733276233213019e+03,1.342056149032842541e+03,1.516101530086938510e+03,1.115464796389563389e+03,1.391436115146480006e+03,1.064265262815805272e+03,1.240365656320439484e+03,1.694062274285863396e+03,1.546819063514274376e+03,1.956399375016140084e+03,1.712038874265584809e+03,1.832171883302077958e+03,1.565141220257738496e+03,1.575672505711316035e+03,1.528876852359098393e+03,1.816722843136801430e+03,1.487330708199460787e+03,1.860961928050410734e+03,1.658653347355664891e+03,1.676794708327170156e+03,1.544923363008585738e+03,1.907445002918552746e+03,1.723704876175065692e+03,1.938338253387802297e+03,1.861673919292335768e+03,1.674559119804160900e+03,1.725404799783618955e+03,2.017493877902037184e+03,1.623415508692368348e+03,1.580562972478392567e+03,1.532674020675937982e+03,1.584528594528800340e+03,1.665969855489955762e+03,1.664532566837463946e+03,1.640948205925741149e+03,1.507006833363870328e+03,1.770468857637239807e+03,1.845801690694464924e+03,1.400407379709298766e+03,1.527539934421090265e+03,1.744948616893438384e+03,1.550587586680107734e+03,1.610505264675732178e+03,1.450766475456377066e+03,1.618368081637074056e+03,1.629583536996801740e+03,1.500456270020651800e+03,1.501204818169244618e+03,2.142947370242306079e+03,1.502456559688548850e+03,1.672726955412857251e+03,1.389669528900464684e+03,1.548953255678102323e+03,1.667047952516722717e+03,1.329602621472213514e+03,1.541704908468692565e+03,1.559165100961849021e+03,1.693004440594147127e+03,1.723347162223202531e+03,1.897666940516316799e+03,1.628992318656432872e+03,1.457826919367754272e+03,1.936048056240502319e+03,1.798769838763276766e+03,1.593153886540976146e+03,1.526209533835326965e+03,1.647486363705138274e+03,1.479135091545140085e+03,1.571221584787688244e+03,1.227718615485404598e+03,1.339018878567875845e+03,1.721196990292009559e+03,1.326506599318850022e+03,1.296122035300418929e+03,1.492540608452872675e+03,1.777785499375644804e+03,1.571595576540925094e+03,1.656205067173305451e+03,1.521013088802038510e+03,1.730700613964572540e+03,2.063599334002257365e+03,2.128476072322490836e+03,1.629590182243556228e+03,1.789555159744115372e+03,1.587326477614847590e+03,2.567758635609477096e+03,1.957498540330285550e+03,2.421019242282122832e+03,3.111348877108301167e+03,2.590141446298315714e+03,2.445377387786994404e+03,2.617005508518383067e+03,2.835808188792180772e+03,2.548211511414673168e+03,1.645579597813539976e+03,1.145974017995716849e+03,1.120034539304685040e+03,1.156924389872285474e+03,1.217824260672560285e+03,9.168796280637441214e+02,1.438593517823253023e+03,1.601513249755570541e+03,1.239088950350071400e+03,1.988386042492566730e+03,1.336963687995298642e+03,1.331985298537308609e+03,1.080167019557400636e+03,8.708635751458676850e+02,9.196256868897487493e+02,7.334763033504575560e+02,9.208396787696653973e+02,1.076626898814651213e+03,9.505634657950903375e+02,6.442432923989987330e+02,9.134766112467873427e+02,2.159817965868995486e+02,-9.936293953799584190e-14,2.441513020469633056e-13,3.494057304744022797e-12,2.134790728430963866e-07,-4.723889677674986927e-07,2.110768398393163584e-06,1.885598261175458575e-06,1.460885852647480232e-06,-7.485426186845852457e-06,-5.871515334994668631e-06,1.370576268422563717e-06,1.247998699796389903e-06,-8.325891599765049370e-06,-4.856321826382998406e-06,2.579805562408691609e-05,2.404977745693184050e-05,2.994617125055123994e-05,2.871477733282087007e-05,-6.216434419637691211e-06,-7.209401488223494151e-06,-6.524450946007242659e-06,3.409812144868820282e-06,4.366571234734770893e-06,-3.607723842147331616e-07,-6.156704305823809752e-07,-7.816570140571333191e-07,-6.479187462605409801e-07,-7.732600572002716481e-07,2.708152364200495306e-07,2.332362552597540188e-07,3.650488742338952790e-07,-1.017433957729490800e-07,8.562033665378539090e-09,9.611604181058579620e-09,9.988910755530047974e-09,1.041925971171783122e-08,9.163219034750619589e-09,-1.343443695532572053e-09,-2.192970735433502812e-09,-1.816267948139074553e-09,4.446179576611189753e-10,3.273105129714144061e-10,5.475135322523052877e-10,4.363930329362739194e-10,5.291757462442422804e-10,-1.369792515302059598e-10,-1.251347034672271974e-10,-1.639005309668317121e-10,-2.210744325022064931e-10,5.010181499994730057e-11,4.694322119578316235e-11,3.839433964850005534e-11,-3.512865182020201682e-12,3.972633923921388541e-13,3.264982134050096045e-13,2.004167165049223033e-13,1.828200089263256064e-13,2.421102035339004400e-13,-5.727811618790485787e-14,-1.216811015496623904e-13,1.027003778554522470e-14,1.402796193762826022e-14,1.572525796295650693e-14,1.366906457036768142e-14,1.418095498916579626e-14,1.229758787802759757e-14,8.429310762045063087e-15,-7.060205288506013859e-14,1.408928779002625667e-14,1.517932103406026917e-14,2.804317332545990144e-14,5.455062743694089124e-14,-4.543301034648325591e-14,-5.669663830832036538e-14,5.788285563817161361e-13,5.591327909681248143e-13,5.611561236278929429e-13,-9.048726447324539568e-14,-8.408173979306154776e-14,-1.126043422620132538e-13,-1.820306892538437048e-13,1.720902263658031248e-14,1.239069576053776247e-14,2.138593996984310323e-14,9.005982400868455020e-16,1.374659330579051573e-15,-9.984025407988280569e-14,-8.167367737156535838e-14,-1.164958141314922907e-12,-1.149260490682541431e-12,-1.381416307674107416e-12,-1.103436750976649214e-12,6.600029679642132260e-12,-1.631350331501411713e-12,3.181760605812570405e-13,2.911127758357895160e-13,-4.315885862118755715e-15,-5.582207751745929885e-15,2.237139687216631444e-30
2.051233331445385664e-13,8.610628754091747439e+00,1.770538824458212503e+03,1.634929158142597544e+03,1.629599993846365351e+03,1.415489253440485982e+03,1.679601034164063549e+03,2.541563181506733144e+03,1.732487834157431280e+03,1.335591802734012163e+03,1.429074804627616913e+03,1.629963839660530311e+03,1.717588981844415002e+03,1.740237799336125136e+03,1.745115521491237814e+03,1.574036752231401124e+03,1.621405081686661106e+03,1.863065518221541879e+03,1.696974788399374802e+03,1.375043839618707352e+03,1.356156727113394481e+03,1.372724299301867404e+03,1.579637335895546812e+03,1.404945472161334692e+03,1.148416420027442655e+03,1.231281015094035411e+03,1.552144463957628432e+03,1.790278935995931306e+03,2.240013736812444677e+03,1.921458964608125143e+03,1.724173920867178595e+03,1.302389491574642534e+03,1.518794198415571600e+03,1.804720681917788397e+03,1.199105602547594117e+03,1.110848206270705305e+03,1.271230154770873014e+03,1.175748958458327706e+03,1.147905658952199929e+03,1.100941781811060309e+03,1.104832907545694752e+03,1.542770330890265541e+03,1.403669525225573352e+03,1.138785902241008444e+03,1.222163174681555574e+03,1.266039272837383578e+03,1.761408783220650093e+03,1.329064021909323401e+03,1.469545463214579286e+03,1.800795048268930714e+03,1.495639393006785440e+03,1.515476372177681469e+03,1.586460470787776103e+03,1.533604654077948226e+03,1.245223304676899033e+03,1.490304995903888312e+03,1.595139921181667660e+03,1.423519255477485103e+03,1.664101219905654716e+03,1.412393626510646300e+03,1.484245631954396913e+03,1.803843567423377863e+03,2.241686007830757262e+03,2.198991314766746655e+03,1.956886196811856962e+03,1.368277468627290546e+03,1.720767610543330193e+03,1.717552435694595033e+03,1.687289362264175907e+03,1.627350809119828682e+03,1.698623515582179607e+03,1.352310042932615261e+03,1.311137400917330751e+03,1.506619800960999555e+03,1.264982288487006826e+03,1.701574829068677900e+03,2.122913073529523444e+03,1.548054109768470425e+03,1.379154836776474440e+03,1.747728614957713262e+03,1.403539121617735191e+03,1.492344410964140707e+03,1.728020211525456716e+03,1.447390802639084541e+03,1.804626721781222841e+03,1.448547407621542106e+03,1.445156699627041689e+03,1.718159410800546084e+03,1.670283300710504591e+03,1.738087439135052364e+03,1.415272919175690276e+03,1.538486114297799077e+03,1.492272301968080455e+03,1.360660438973342934e+03,1.636491513365528817e+03,1.584192910613770437e+03,1.670457187076080572e+03,1.378490594588072099e+03,1.306493889871996089e+03,1.262562456428885298e+03,1.076809386162762166e+03,1.245387444670207515e+03,1.524155453054936288e+03,1.312384516956526568e+03,1.310277496403114128e+03,1.737561970707609134e+03,1.833934493165524827e+03,1.298680365771940387e+03,1.974359347469037857e+03,1.826716880572358377e+03,2.085745964030408686e+03,1.337387474311065262e+03,1.355343664361525043e+03,1.645294874520166786e+03,1.266138242396102669e+03,1.176093977167775620e+03,1.131641658184013295e+03,1.464918747890139912e+03,1.710381488753588201e+03,1.712653550553716286e+03,1.744463704928518155e+03,1.821023856749791776e+03,1.515571341395979744e+03,2.306335601602897441e+03,1.673577032335218746e+03,2.507569039891353896e+03,1.912241276494101385e+03,3.243664422562328127e+03,2.342844060991713832e+03,2.990190701466400697e+03,2.047803294748062854e+03,3.037003086879657076e+03,1.981264138180127020e+03,1.870563441491656249e+03,1.321807725500736751e+03,9.097292085564932904e+02,1.217325529459376185e+03,1.328117651216168042e+03,8.786038613710643403e+02,1.261535101060538636e+03,9.831340467697365284e+02,1.162709780423273742e+03,1.859888412078664714e+03,1.504952455709544893e+03,1.381371243945254719e+03,1.092172583513464133e+03,1.108816674041027454e+03,9.829765491553682750e+02,7.428775154173621331e+02,8.922216437286414248e+02,8.509305678530696468e+02,9.640957724045258601e+02,6.539407108086330709e+02,9.255909604137646056e+02,9.384736244763284958e+02,8.971037950520275995e-14,-3.110367770124482997e-13,-4.482402086180279738e-12,-2.737753152648968546e-07,6.058131864614130052e-07,-2.706945792684629585e-06,-2.418177325251924754e-06,-1.873506735968889980e-06,9.599652400796906265e-06,7.529899417210185724e-06,-1.757689600728228414e-06,-1.600490528614828093e-06,1.067750363030911417e-05,6.227968897963681730e-06,-3.308460472736362011e-05,-3.084253296208686474e-05,-3.840433765083394211e-05,-3.682514185307965762e-05,7.972239403781439121e-06,9.245665721258545698e-06,8.367253864286683230e-06,-4.372898820414169938e-06,-5.599890372365583409e-06,4.626709819614730920e-07,7.895638777957239984e-07,1.002432653037079607e-06,8.309205905992667058e-07,9.916640120755261913e-07,-3.473058272941838675e-07,-2.991128256253059931e-07,-4.681553480689868538e-07,1.304803773515735504e-07,-1.098034299983998509e-08,-1.232636016294553589e-08,-1.281023534560736817e-08,-1.336213450102329091e-08,-1.175133057360826156e-08,1.722893550111759264e-09,2.812365823909310861e-09,2.329264965498262550e-09,-5.701983745694210114e-10,-4.197579500781911335e-10,-7.021563586574101796e-10,-5.596503554706566234e-10,-6.786391443955233557e-10,1.756684479932541951e-10,1.604784586177743342e-10,2.101935262353548884e-10,2.835159486916026412e-10,-6.425285570161754044e-11,-6.020213075444347864e-11,-4.923865463150501040e-11,4.505058741680632480e-12,-5.094687173894648159e-13,-4.187162200165811807e-13,-2.570235502605300648e-13,-2.344567288215797011e-13,-3.104931821645444879e-13,7.345607208612693484e-14,1.560494017929799981e-13,-1.317076548794663930e-14,-1.799009904465852851e-14,-2.016678898290648371e-14,-1.752983267007090817e-14,-1.818630432113005796e-14,-1.577098832458858362e-14,-1.081013308716146058e-14,9.054329700962928232e-14,-1.806874611852028381e-14,-1.946665453239618006e-14,-3.596384620194133692e-14,-6.995821594770853597e-14,5.826536739009851616e-14,7.271035829730190830e-14,-7.423161757554900692e-13,-7.170574266851465449e-13,-7.196522408934663036e-13,1.160450005062623904e-13,1.078302631166197212e-13,1.444089511476637612e-13,2.334444692254260634e-13,-2.206963656376969494e-14,-1.589039412534882471e-14,-2.742630611140984951e-14,-1.154968313333365103e-15,-1.762925906110779836e-15,1.280397015280640703e-13,1.047420538912848822e-13,1.493995523962773811e-12,1.473864139881421588e-12,1.771591362128077812e-12,1.415097683316237972e-12,-8.464179483974470699e-12,2.092118168750100296e-12,-4.080435111633769571e-13,-3.733363188278496893e-13,5.534889135726082223e-15,7.158878159798385708e-15,4.303961285897062079e-30
1.796999880308793064e-13,1.650351794504209479e+01,1.539214650709007628e+03,1.318797042081743257e+03,1.441927991103348177e+03,1.457702095620976934e+03,1.386666924737014824e+03,1.461230923169364814e+03,1.318597401161395510e+03,1.403131079058398655e+03,1.387686216786210025e+03,1.265939047317619725e+03,1.453297222524362269e+03,1.442598934583111031e+03,1.276190754308948726e+03,1.272998125584082118e+03,1.750760253314704642e+03,1.703408335156488647e+03,1.522994697514939844e+03,1.480261980682463218e+03,1.554366873158887984e+03,1.488122318325316428e+03,1.365649772542994242e+03,1.499203090118144701e+03,1.384785445197724130e+03,1.402220515726156236e+03,1.701453418387954571e+03,1.723835766759558283e+03,2.237152126545909141e+03,2.559415182881049532e+03,1.806855976100759335e+03,1.669512243426944451e+03,1.312458038434245282e+03,1.358025545060557306e+03,1.349728895202062631e+03,1.241056316969725231e+03,1.214100657925214136e+03,1.132633108933381664e+03,1.139147422286931032e+03,1.139454186960627794e+03,9.693805908001739908e+02,8.766863634441402837e+02,9.968352904530180467e+02,1.331193525883390748e+03,1.360116988297291755e+03,1.509936720132398705e+03,1.685456474855679517e+03,1.610218408317896547e+03,1.750016370412974766e+03,1.549138280065806839e+03,1.228737845025490060e+03,1.431574000013605200e+03,1.437609786106585716e+03,1.617029341935072125e+03,1.389185594266913768e+03,1.609055906354695480e+03,1.388997061646663951e+03,1.500809319960790390e+03,1.752029714160297544e+03,1.664659662607041355e+03,1.855649006244029579e+03,2.426223993148879345e+03,2.107574806430711305e+03,1.963141343370237564e+03,1.912032985902863857e+03,1.696928407508941746e+03,1.540547854615570941e+03,1.733113959712816268e+03,1.561148580145915957e+03,1.388535516241895039e+03,1.486243037849379562e+03,2.050520762052640748e+03,1.402687991849170885e+03,1.614258221442413287e+03,1.471282790622696666e+03,2.011853636363452324e+03,1.639963637304487747e+03,1.558328996179129035e+03,1.431721968529061769e+03,1.537961596795128798e+03,1.762333652755995217e+03,1.208720376159676562e+03,1.727842963553840718e+03,1.433673070193928197e+03,1.403199963965905454e+03,1.358010822088848954e+03,2.141003511831995638e+03,1.545475315511682311e+03,2.374672939609825789e+03,1.792408187682246989e+03,1.650492081097529535e+03,1.618932215139864866e+03,1.498353702384029020e+03,1.963051366204153965e+03,1.264250857768012793e+03,1.460366157978310639e+03,1.725424167333620517e+03,1.426324033608262425e+03,1.484431330133026222e+03,1.544419050254670310e+03,1.412023642979816714e+03,1.476946820509522922e+03,1.505792801210249991e+03,1.305134054406081759e+03,1.302747100245589763e+03,1.429931913818640169e+03,1.392715746999586827e+03,1.577283093314055350e+03,1.596365785088986513e+03,1.513125441964318952e+03,1.398502000781782044e+03,1.596862703345390855e+03,1.768642403762478580e+03,1.441231450449053682e+03,1.443964622570128995e+03,1.839191679944008911e+03,1.538584360201976097e+03,1.951112320383659835e+03,1.322564572810416621e+03,1.923300685647151795e+03,1.485126165446212781e+03,1.892655940231362820e+03,2.092476739886726591e+03,2.015314698226908831e+03,2.304145316282299518e+03,2.601241694440586798e+03,2.348586949100219954e+03,2.835223220708004192e+03,2.423927148453736663e+03,2.802824804539574870e+03,3.717822701681224316e+03,2.209592545295327909e+03,2.095558874286874016e+03,1.401698352832339651e+03,1.280485406200512671e+03,1.439028121260184662e+03,1.424605432923551689e+03,9.492077618920581017e+02,8.221800672615106578e+02,1.315812278402723905e+03,1.068652260630071623e+03,1.080044685497797900e+03,1.253668375828184026e+03,9.961380510230882237e+02,1.022651302439263759e+03,8.238217727560945605e+02,1.059455778729671238e+03,9.793365769448075753e+02,9.855436325355008194e+02,8.530687949612056400e+02,5.286855156032822833e+02,8.501622527106605958e+02,7.851716375800507421e+02,8.164262679797777764e+02,9.285713916672339110e+02,1.547340475055389466e-13,-6.008719946325807950e-13,-8.589243233533099582e-12,-5.247300670891126761e-07,1.161128772026054695e-06,-5.188253929211985247e-06,-4.634787310111693148e-06,-3.590847186681700857e-06,1.839912510308025368e-05,1.443214354088007256e-05,-3.368866861627092384e-06,-3.067572057071020149e-06,2.046498319734452946e-05,1.193680501204576834e-05,-6.341143990945006051e-05,-5.911418442799239918e-05,-7.360747904580294625e-05,-7.058072142666977820e-05,1.527995223344845151e-05,1.772065832848078272e-05,1.603705469642495996e-05,-8.381294353245093078e-06,-1.073300149036007846e-05,8.867759918023377380e-07,1.513313603233294562e-06,1.921307462040119181e-06,1.592579737146792593e-06,1.900667800938910981e-06,-6.656619530186520726e-07,-5.732930807118734578e-07,-8.972875742961885726e-07,2.500845537062892369e-07,-2.104541873953926337e-08,-2.362525571080469130e-08,-2.455267262637252939e-08,-2.561046734443323821e-08,-2.252312816384140136e-08,3.302175187631344062e-09,5.390306697505090048e-09,4.464373886586580183e-09,-1.092867823672983819e-09,-8.045269468153089107e-10,-1.345784424839060063e-09,-1.072651016346534941e-09,-1.300710275357927910e-09,3.366940401949995142e-10,3.075802240727900967e-10,4.028663563631676675e-10,5.433994056141441147e-10,-1.231499101140494873e-10,-1.153861086815062523e-10,-9.437301775606385912e-11,8.634597996280449937e-12,-9.764706341426133823e-13,-8.025303201743702763e-13,-4.926228844795358831e-13,-4.493703005839284273e-13,-5.951051833736064087e-13,1.407892081364713867e-13,2.990912947651740983e-13,-2.524368089577432915e-14,-3.448063212288905000e-14,-3.865257385706232475e-14,-3.359846490961831475e-14,-3.485668797126378433e-14,-3.022738481231288658e-14,-2.071918677337999004e-14,1.735393511526811203e-13,-3.463137063826001187e-14,-3.731066471222227428e-14,-6.892992348374473914e-14,-1.340850599031459229e-13,1.116740209987595139e-13,1.393599395839406824e-13,-1.422756534667023440e-12,-1.374344481324967626e-12,-1.379317818821456183e-12,2.224170618640898550e-13,2.066723270955215218e-13,2.767806840537249477e-13,4.474301583611862912e-13,-4.229965702535429762e-14,-3.045624333494429917e-14,-5.256649055515063640e-14,-2.213664161980604713e-15,-3.378902999790026124e-15,2.454066447635559486e-13,2.007533265412177744e-13,2.863458946341831100e-12,2.824874231109834969e-12,3.395511602131122657e-12,2.712239800084192333e-12,-1.622282669397986994e-11,4.009847680949967696e-12,-7.820745268622566998e-13,-7.155531626402474262e-13,1.060841719971582966e-14,1.372102752896643294e-14,2.147804611178316281e-29
2.233916562973848851e-13,-1.741965462504240350e+02,1.564441840414147009e+03,1.071763444551124621e+03,1.368106021222723029e+03,1.634272810558814626e+03,1.769818810622155070e+03,1.763446942845275089e+03,1.490715376215577407e+03,1.449658767816145428e+03,1.701499682568209892e+03,1.670609812822074673e+03,1.741527799549559631e+03,1.495089664583477315e+03,1.210969816309885346e+03,1.192292810801922542e+03,1.476340980357029594e+03,1.520049271480068001e+03,1.431113904390708285e+03,1.294186210343729272e+03,1.475447820432979825e+03,1.534942923458126643e+03,1.583514465214719394e+03,1.586171789740731356e+03,1.764667411886188120e+03,1.645431447176433721e+03,1.857072083196072754e+03,1.634617069961140714e+03,1.396343267671876220e+03,1.826018115023485734e+03,1.558254271646975667e+03,2.148835903649960528e+03,1.844052922030851505e+03,1.404927101360232882e+03,1.172885900940351121e+03,1.087395389171506622e+03,1.227166825356650179e+03,1.073791555722887779e+03,8.823473012656993433e+02,1.234226416873412745e+03,1.277560798222420772e+03,1.098543051576184780e+03,1.357824502713961465e+03,1.744998271218668378e+03,1.507771441164324415e+03,1.736427832002100104e+03,1.870416238090957904e+03,1.648424882304117091e+03,1.409789033750846329e+03,1.614306078593265511e+03,1.636013522836368793e+03,1.531472571964656936e+03,1.643283805824449701e+03,1.967733316045137371e+03,1.742011072654863483e+03,1.398781518527452363e+03,1.329215216816800876e+03,1.308871201980698515e+03,1.461995391615049130e+03,1.457423068288834884e+03,1.817988223265913348e+03,2.434756111360635259e+03,2.551821066833520945e+03,2.152126287526334181e+03,1.976079077045228814e+03,2.002640436540570363e+03,2.001513338699205633e+03,1.827384932135455983e+03,1.347183238865269004e+03,1.203604937795099659e+03,1.814333613659107414e+03,2.046629634200526652e+03,1.474889842471731299e+03,1.731988072117488173e+03,1.614211866412479139e+03,1.916747092021814069e+03,1.806430220655968242e+03,1.269746377221675630e+03,1.438360555456422844e+03,1.388785246505391797e+03,1.790791184739687878e+03,1.245918022933167094e+03,1.558105816143629909e+03,1.458837393385909991e+03,1.343258967134026079e+03,1.565733462028804297e+03,1.554063718350955014e+03,1.652504433610390606e+03,1.738558384573265812e+03,1.479816770677621889e+03,1.310336576994983488e+03,1.814527928855115078e+03,1.666827036018749595e+03,1.251552541334185435e+03,1.324928971168963699e+03,1.768281834801827699e+03,1.477302080584028317e+03,1.142570512687455448e+03,1.510102685068741721e+03,1.700958078599021292e+03,1.481839197019876792e+03,1.481850908712503951e+03,1.688598166703970946e+03,1.157037466566795274e+03,1.348479274842894256e+03,1.541576147329416472e+03,1.869054488218751885e+03,1.971763030378233907e+03,1.595213001977277372e+03,1.489516792437974800e+03,9.557277218822184750e+02,1.693821669003525813e+03,1.438477887355273651e+03,1.786910186818001193e+03,1.791798637160881526e+03,1.606562812830290568e+03,1.849693375273511947e+03,2.068311056657034442e+03,1.716241369151145364e+03,2.462752360653003507e+03,1.735713355554878035e+03,1.549707247084372511e+03,2.169055807367714351e+03,2.499409482235013002e+03,2.322733797351701469e+03,3.081764563086456292e+03,2.307882196691493846e+03,2.649691267967534259e+03,2.298236266228181194e+03,2.764322211351829537e+03,3.012770555821449761e+03,2.498348723784620233e+03,1.364542291954125631e+03,1.107621815199528783e+03,1.076047736209526647e+03,1.245719965362803123e+03,1.482044784198247044e+03,1.145913543652500721e+03,1.225781614634586049e+03,1.003417914895355466e+03,1.283273664453891797e+03,1.009301345077202427e+03,1.097947741163521187e+03,8.875059822936356113e+02,7.703729143944879070e+02,8.801808273710062167e+02,6.927088180026275950e+02,7.332427937023740014e+02,1.083898601225030234e+03,5.979740337845117892e+02,7.781252945174628621e+02,7.673518085373141275e+02,6.678942163431947847e+02,1.139143656423443190e+03,2.654963948976961547e+03,-1.746668890905994965e-12,6.255783395466930055e-12,9.069489543181288913e-11,5.538586731662284943e-06,-1.225584887267774566e-05,5.476262203911659473e-05,4.892071767466080114e-05,3.790180857897715902e-05,-1.942048996861788954e-04,-1.523329491435457999e-04,3.555878049923571788e-05,3.237857888818260248e-05,-2.160102715022256905e-04,-1.259943615226481219e-04,6.693151037116307255e-04,6.239570736408048962e-04,7.769354794946238844e-04,7.449877017331852464e-04,-1.612816682359411531e-04,-1.870436041809208879e-04,-1.692729725534440437e-04,8.846553409432876872e-05,1.132880757149762574e-04,-9.360023455857724428e-06,-1.597320062030896452e-05,-2.027962312563198877e-05,-1.680986385831285306e-05,-2.006176910859264279e-05,7.026139128172788801e-06,6.051174966563774762e-06,9.470974428380829851e-06,-2.639671473154098237e-06,2.221368359782397102e-07,2.493673144604694106e-07,2.591563075808527873e-07,2.703214535298397330e-07,2.377342303599892577e-07,-3.485484214424957131e-08,-5.689531244567177952e-08,-4.712198422201213136e-08,1.153534664706106125e-08,8.491875245467185879e-09,1.420491070965907417e-08,1.132195590066346460e-08,1.372914783346894934e-08,-3.553844649388224701e-09,-3.246544943134862654e-09,-4.252301122260991822e-09,-5.735643758363332639e-09,1.299861586139112516e-09,1.217913761449442309e-09,9.961181492988944295e-10,-9.113918342875276755e-11,1.030676080997047206e-11,8.470800619671515924e-12,5.199691687918986969e-12,4.743155647778230507e-12,6.281404240272929835e-12,-1.486046422852118780e-12,-3.156943309611934807e-12,2.664499800185177781e-13,3.639470716692348394e-13,4.079824006015918053e-13,3.546356944053774910e-13,3.679163847697690134e-13,3.190535529468321118e-13,2.186934197338537194e-13,-1.831727981270703908e-12,3.655381341840258967e-13,3.938183939218393141e-13,7.275633379598063874e-13,1.415283360595624976e-12,-1.178732245371081796e-12,-1.470960327490858939e-12,1.501736025734280463e-11,1.450636541871745652e-11,1.455885957287965274e-11,-2.347637887443912745e-12,-2.181450385636927516e-12,-2.921452225613104724e-12,-4.722677221568641804e-12,4.464777864896232337e-13,3.214691811998575011e-13,5.548454053072803478e-13,2.336548200568442600e-14,3.566471310169720890e-14,-2.590295601645266140e-12,-2.118974648206435007e-12,-3.022414132815109815e-11,-2.981687518320832982e-11,-3.584001882593655215e-11,-2.862800569860006916e-11,1.712338175364278803e-10,-4.232440739833917027e-11,8.254887348473935238e-12,7.552746632904751770e-12,-1.119730740759581073e-13,-1.448270371512517440e-13,4.850957306965915175e-29
3.306841429003163585e-13,1.445766244914854497e+03,1.215921408007497121e+03,1.213502338145949352e+03,1.483771750166788479e+03,1.688072478830073123e+03,1.785693913161136152e+03,1.573211928040527937e+03,1.496153214006873668e+03,1.544505300953290771e+03,1.573183049065448358e+03,1.786377122122799165e+03,1.581960276096240250e+03,1.467629751515906491e+03,1.447113888321303648e+03,1.337475362510188916e+03,1.253871971973847394e+03,1.440820984504578519e+03,1.423176062527653130e+03,1.193123453892437738e+03,1.348589049147018386e+03,1.677353347410295328e+03,1.581910941224132330e+03,1.821365579415959928e+03,1.850577243255433586e+03,1.670388737167582349e+03,1.720961443232330566e+03,1.769311566172776111e+03,1.535831353163603126e+03,1.449198017220540578e+03,1.409284374553892349e+03,1.975147550219302730e+03,2.189870525565214848e+03,1.625416917120339576e+03,1.113840593327768147e+03,1.197362339777981333e+03,1.451645989172570580e+03,1.420664890494831980e+03,1.085869286577067669e+03,1.514818441689959400e+03,1.404962517748430628e+03,1.084643174786746613e+03,1.349470709925866458e+03,1.638125159886839583e+03,2.037169375216011986e+03,1.782806411318968003e+03,1.698735143344492599e+03,1.561105224039212771e+03,1.379315372559665548e+03,1.202934811819297693e+03,1.511008351984700084e+03,1.650515997345499045e+03,1.794592462300127636e+03,2.046272977167611771e+03,1.752465807014336178e+03,1.348836946728770954e+03,1.341340022064430286e+03,1.201488480974632239e+03,1.304748936926367833e+03,1.617453267911202147e+03,2.117629137664525842e+03,2.323563987253879986e+03,2.041762285364459103e+03,1.587096114466328800e+03,1.873757620079046546e+03,1.986209624110831101e+03,1.970318442201740254e+03,1.745612426695405702e+03,1.471764303744353811e+03,1.455069332997893525e+03,1.296748125710317026e+03,1.693125481874777734e+03,1.521884347189390837e+03,1.582454861070822744e+03,1.390692150676998153e+03,1.840704181370110518e+03,1.913725373139228395e+03,1.555568613544985510e+03,1.298577456723371370e+03,1.257124477391369510e+03,1.596251821859335450e+03,1.783912474694302546e+03,1.386790140962835949e+03,1.221300205715461288e+03,1.197139069953196440e+03,1.501148710004822988e+03,1.451797237869508990e+03,1.372226999437619725e+03,1.152202772850740530e+03,1.410935662210911914e+03,1.510454020260924835e+03,1.969138390286217827e+03,1.607423634129505899e+03,1.335120842486903257e+03,1.616402411988794029e+03,1.738797795989927863e+03,1.563436516462282725e+03,1.722225555555490473e+03,1.543859574271292331e+03,1.342453008998835003e+03,1.423179457919904280e+03,1.411790071747361480e+03,1.315966124288582250e+03,1.549157960854672638e+03,1.349095744202756123e+03,1.689286326032943407e+03,1.506074222538164577e+03,1.854105126556851246e+03,1.873517057045175306e+03,1.432250152668315650e+03,1.577965712487311293e+03,1.963223427571044795e+03,1.329302285033213138e+03,1.622886768159489066e+03,1.733462890705996415e+03,2.035445403901609552e+03,1.496682573757788759e+03,1.579250345157831362e+03,2.120913894254726074e+03,1.682455297850734723e+03,1.774917344881705958e+03,1.778211462848792962e+03,2.119054916836435950e+03,2.067919722843968430e+03,2.287127300535927588e+03,2.600780123537793315e+03,2.008932236347902290e+03,2.985949977584222779e+03,2.165900073327989048e+03,2.696797893356462282e+03,2.508726781010084323e+03,2.118098961786183736e+03,1.057440139282531618e+03,1.121814548398635907e+03,9.414759199507628864e+02,8.778179845950837716e+02,1.022596707868970384e+03,1.262204657903467478e+03,1.376366149240653840e+03,7.637596846229660059e+02,1.048043598136089940e+03,9.583635710666011391e+02,8.414588507702570723e+02,9.663290776235356816e+02,8.385514500067052950e+02,9.437079739555460947e+02,6.642460983607121534e+02,6.863239768457859782e+02,8.341673849381621721e+02,8.209860286642558549e+02,9.254252183780220093e+02,8.083082864340665310e+02,5.924605572076130784e+02,1.309745767892598906e+03,8.451186290498254721e+02,8.177190468570739181e-12,-3.074163556252658178e-11,-4.423942764371960989e-10,-2.702093607080356460e-05,5.979224036104762704e-05,-2.671687529582959472e-04,-2.386680302784038475e-04,-1.849104107118174371e-04,9.474615884986154271e-04,7.431821658951302074e-04,-1.734795502653140649e-04,-1.579643965538312701e-04,1.053842798509359259e-03,6.146848926212249804e-04,-3.265367415515604919e-03,-3.044080561829026668e-03,-3.790411697914973250e-03,-3.634549037828815540e-03,7.868400119124488055e-04,9.125239920420517414e-04,8.258269473351463000e-04,-4.315941338031787028e-04,-5.526951191669629386e-04,4.566446421383589798e-05,7.792797224776593947e-05,9.893758587869247586e-05,8.200977596022895346e-05,9.787474805442305734e-05,-3.427821311484918591e-05,-2.952168485639649178e-05,-4.620575737812819252e-05,1.287808562559661384e-05,-1.083732283892391138e-06,-1.216580798219479089e-06,-1.264338063801489275e-06,-1.318809124695114240e-06,-1.159826821575280729e-06,1.700452674377543835e-07,2.775734453405072114e-07,2.298926036178214329e-07,-5.627714787715134658e-08,-4.142905571591434567e-08,-6.930106957755691112e-08,-5.523608487678697078e-08,-6.697997957852917891e-08,1.733803473665009550e-08,1.583882092534844155e-08,2.074557327123140996e-08,2.798231226473911424e-08,-6.341595527310566418e-09,-5.941799145860133950e-09,-4.859731580367438732e-09,4.446379861960627329e-10,-5.028328319764209098e-11,-4.132623957448005799e-11,-2.536757905850759975e-11,-2.314029044479296105e-11,-3.064489747224625209e-11,7.249929876400181624e-12,1.540168413751825596e-11,-1.299921483606782388e-12,-1.775577604943849930e-12,-1.990411436467816546e-12,-1.730150469440162791e-12,-1.794942573086042494e-12,-1.556556948767035234e-12,-1.066932992885625835e-12,8.936396072583648643e-12,-1.783339873661580855e-12,-1.921309924147638419e-12,-3.549541319661147112e-12,-6.904700258193307973e-12,5.750645464756440612e-12,7.176329797832047526e-12,-7.326474268913786671e-11,-7.077176757727962745e-11,-7.102786922440482366e-11,1.145335017629012949e-11,1.064257622205365366e-11,1.425280088646055640e-11,2.304038296430278815e-11,-2.178217714899925480e-12,-1.568342001489866488e-12,-2.706907549361872994e-12,-1.139924725530298761e-13,-1.739963604589023906e-13,1.263719705003105343e-11,1.033777772559877446e-11,1.474536069895774339e-10,1.454666899279960780e-10,1.748516192099869910e-10,1.396665882198277607e-10,-8.353932626308964235e-10,2.064868102230798412e-10,-4.027287000843204918e-11,-3.684735727009385069e-11,5.462796603201690372e-13,7.065632993740364806e-13,-1.581745513001228329e-28
2.199809710338456375e-13,8.660398247578759765e+02,1.412317230960497227e+03,1.592830546462817438e+03,1.570552223892650318e+03,1.546427824785735766e+03,1.340627022642585871e+03,1.233426879305761304e+03,1.513489455899156837e+03,1.580662833884730389e+03,1.434331290797696511e+03,1.660799544704002074e+03,1.558397429743298972e+03,1.554948709276772888e+03,1.882962077108665881e+03,1.701207055000736545e+03,1.223978537001850100e+03,1.368776453793986320e+03,1.545653737040489432e+03,1.435284419749115841e+03,1.543040268049687256e+03,1.592223008835922201e+03,1.358641703313039443e+03,1.301420693998203888e+03,1.326196532495395559e+03,2.193833179523541276e+03,2.065922661719475400e+03,1.774405893025721070e+03,1.888642994664039634e+03,1.729255751299031544e+03,1.745966610691001506e+03,1.999704616324143444e+03,2.118225467895681504e+03,1.770708056975867521e+03,1.736909914932001584e+03,1.405854833853512673e+03,1.525209070597106347e+03,1.384159917321352623e+03,1.438406365970291972e+03,1.630387578251503783e+03,1.338696438230572085e+03,1.436324737913159197e+03,1.201109943504846115e+03,1.551030165015373768e+03,1.969021944896093601e+03,1.426758218372397550e+03,1.685227712640208210e+03,1.440927302583171922e+03,1.464077192611623104e+03,1.262054758152901059e+03,1.376046108938119914e+03,1.582978194993071611e+03,1.634984294354076610e+03,1.713084898020955507e+03,1.689688723465267458e+03,1.578151690770123651e+03,1.404601067709400695e+03,1.379092848401264064e+03,1.437116686248875340e+03,1.852203590972512529e+03,1.779253564299401432e+03,1.805107901617100424e+03,1.855003488917668847e+03,1.863766111405855781e+03,1.784018348235505528e+03,1.686857261589771952e+03,1.723110778829736091e+03,1.611777259480385965e+03,1.668179532917329198e+03,1.673028395111629834e+03,1.299092119216053334e+03,1.508070584824852403e+03,1.379901295174212237e+03,1.544784096989486443e+03,1.502305942649499002e+03,1.659029991208620459e+03,1.593083077403316338e+03,1.647836885274450424e+03,1.299686042909335356e+03,1.350530147603751175e+03,1.331216782286311627e+03,1.577620542393031656e+03,1.528111878327517161e+03,1.584818232528988119e+03,1.378931820265474016e+03,2.030854856919807162e+03,1.634208097536421974e+03,1.704928722318578821e+03,1.307512206423938551e+03,1.904205571649401236e+03,1.742816047321574388e+03,1.644134317859542989e+03,1.516775446670349766e+03,1.552515426774834395e+03,1.706973462867587386e+03,1.660605047069107513e+03,1.900716788100147141e+03,1.617982670178665103e+03,1.716919885470428653e+03,1.641141105931204493e+03,1.867638261095527014e+03,1.164270990234691453e+03,1.095759859609389196e+03,1.367200970009643243e+03,1.749785875088638477e+03,1.632700681773928636e+03,1.074490243719716318e+03,1.769487473795856431e+03,1.630990534526919191e+03,1.475789979406137945e+03,1.641525623831960729e+03,1.726050243594206222e+03,1.951008036034078714e+03,1.556242014737292266e+03,1.674702325317555051e+03,1.869646579018774219e+03,1.280230421198513568e+03,1.334613113094244909e+03,1.576849831540143214e+03,1.564413548896684006e+03,1.913332094450595832e+03,2.396698346152065369e+03,2.657638252098734938e+03,3.113707583787453586e+03,2.930638521852138638e+03,2.935671223278309299e+03,3.763625587293609442e+03,2.888064940308530822e+03,2.188190135455075506e+03,2.304066701775229831e+03,1.914312880313284950e+03,1.503237709830583526e+03,1.338404553512047869e+03,1.010800829817576414e+03,1.013262301480888368e+03,8.083567196487042565e+02,1.040098566128655875e+03,1.093858966012814108e+03,1.515963227945256222e+03,8.110853968658922213e+02,1.090331298844222601e+03,1.358719059748723566e+03,9.571644779210770366e+02,1.009975402723502384e+03,8.593996069874559680e+02,1.072807213101506704e+03,9.183077478362271222e+02,7.414213947722645344e+02,8.959884669491694922e+02,1.023650530808560575e+03,6.850129686931535389e+02,6.870334965539584573e+02,7.364821359553511684e+02,1.050825973127014777e+03,-3.286651268063665725e+02,-3.100456837062377603e-11,1.180456662423883870e-10,1.698066573676136776e-09,1.037136832431277120e-04,-2.294988397393380060e-04,1.025466154941973582e-03,9.160726492421667356e-04,7.097363212644982764e-04,-3.636614616623500343e-03,-2.852534773035909476e-03,6.658615777551750957e-04,6.063102086535023406e-04,-4.044934561152557610e-03,-2.359327377763410869e-03,1.253336601299852998e-02,1.168400703491220133e-02,1.454862840983493430e-02,1.395038523593134308e-02,-3.020105430130795923e-03,-3.502514643087929237e-03,-3.169747865176857343e-03,1.656575374126518369e-03,2.121393809836737230e-03,-1.752726021151609242e-04,-2.991086988224326160e-04,-3.797492957050065143e-04,-3.147757688367995577e-04,-3.756698357946967144e-04,1.315690813837969728e-04,1.133122355136837931e-04,1.773502321289150221e-04,-4.942958636918089594e-05,4.159658514869274579e-06,4.669567153766372441e-06,4.852872495295537857e-06,5.061947204638263363e-06,4.451729994433228810e-06,-6.526798685651341780e-07,-1.065402187028405240e-06,-8.823901810046026416e-07,2.160069611647687671e-07,1.590159552622576743e-07,2.659963059534141077e-07,2.120110789359702388e-07,2.570873328410176281e-07,-6.654808101164500639e-08,-6.079369167723097777e-08,-7.962713834968748043e-08,-1.074037058854571298e-07,2.434076406609439141e-08,2.280623709201436562e-08,1.865296821799004488e-08,-1.706641218319962746e-09,1.930008824295778312e-10,1.586213190181041752e-10,9.736765048038219009e-11,8.881871253250297642e-11,1.176234302533543639e-10,-2.782719772290885784e-11,-5.911584209326394421e-11,4.989451314051066905e-12,6.815148550053944926e-12,7.639739078418604378e-12,6.640786879914022568e-12,6.889476551369483000e-12,5.974487852814255743e-12,4.095178278450496016e-12,-3.430031251081376760e-11,6.844942243243973064e-12,7.374508727357550693e-12,1.362410255158080550e-11,2.650211278975405348e-11,-2.207253740522850413e-11,-2.754470065415735516e-11,2.812099586735570354e-10,2.716412438668403350e-10,2.726242314671636450e-10,-4.396106519358369273e-11,-4.084909479969548194e-11,-5.470611649139439575e-11,-8.843524051815321142e-11,8.360590525623072102e-12,6.019722082370134130e-12,1.038984554028944291e-11,4.375340350507594167e-13,6.678452354852783327e-13,-4.850499066470751451e-11,-3.967919548051663614e-11,-5.659669467992771669e-10,-5.583406200796729286e-10,-6.711279505979194465e-10,-5.360782561950826892e-10,3.206465978559035939e-09,-7.925523961210306692e-10,1.545782008515230313e-10,1.414301536431809811e-10,-2.096769538311844951e-12,-2.711981628875396959e-12,4.599192102625940340e-28
1.647366292756535545e-13,-2.307898015596045695e+02,1.374598548201728818e+03,1.439093163356563537e+03,1.372710229061538030e+03,1.353483046678815526e+03,1.436043830123573571e+03,1.532767300134430570e+03,1.422082937604930748e+03,1.403465315826319738e+03,1.589310986549804738e+03,1.611045544670568233e+03,1.529068163010331546e+03,1.555865379465807109e+03,1.928082815373131552e+03,1.982400410956374571e+03,1.714849487088501292e+03,1.545041563062140767e+03,1.506365309861465221e+03,1.437121022098686581e+03,1.537035965521369462e+03,1.709967272079040868e+03,1.433315995007535548e+03,1.134251625652422945e+03,1.205163563333060438e+03,2.324638776561696886e+03,2.108961357937623234e+03,1.725110657830851096e+03,1.994871229075120937e+03,1.999529737020122184e+03,2.175346182469404994e+03,2.814019607193376487e+03,2.585748111954349952e+03,2.325375330604185820e+03,2.101928265348109562e+03,1.720339114625526690e+03,1.972992161025989617e+03,1.939271197486304573e+03,1.901625383456212148e+03,1.690695138555855692e+03,1.397947791784661831e+03,1.592432607593076455e+03,1.306442707213955146e+03,1.642308818840121830e+03,1.705647236045186901e+03,1.232058070813694712e+03,1.714076030316279457e+03,1.476585149170774002e+03,1.419110056509578953e+03,1.469441138455072632e+03,1.353032383817376967e+03,1.470426579782576709e+03,1.580869564956521572e+03,1.424907713858368879e+03,1.558968843777676511e+03,1.489097488492371895e+03,1.467398171965897063e+03,1.560256252319624082e+03,1.531207478512656735e+03,1.627084381598758227e+03,1.440460063075373228e+03,1.419732425382207794e+03,1.793735271405973435e+03,2.204574899795745750e+03,1.602087034470631806e+03,1.246819366218462164e+03,1.394676977408272023e+03,1.231950892204953107e+03,1.371437826613377183e+03,1.520212553747267975e+03,1.647762528468029586e+03,1.620015094260446403e+03,1.359144347107881458e+03,1.475898439028301027e+03,1.586752159047326359e+03,1.414573697892434666e+03,1.312782147845127156e+03,1.742519861219703898e+03,1.755447666616350034e+03,1.560257220529843607e+03,1.334998478100272450e+03,1.302474552887086475e+03,1.603505024655518582e+03,1.680820050202185030e+03,1.651407281017906826e+03,2.366948411902265434e+03,1.455148843294545486e+03,1.614998161474708013e+03,1.568386372294019338e+03,1.502364290599082551e+03,1.671204957338894701e+03,1.362563203774806425e+03,1.532751836712385057e+03,1.600446088619311013e+03,1.525117176786225400e+03,1.687611337840576880e+03,1.672968808169722934e+03,1.262667828411111259e+03,1.439926830263483907e+03,1.659544403622062191e+03,2.103436611591088422e+03,1.204432747655528146e+03,1.645722450753370140e+03,1.375903912663545270e+03,1.835309103641345473e+03,1.463641164861711104e+03,1.129373973401055082e+03,1.429812920884856112e+03,1.396711529454507854e+03,1.427785628382485811e+03,1.534304300594613323e+03,1.326420305025324069e+03,2.057544908868732819e+03,1.468232412447972365e+03,1.460850498607856480e+03,1.363504024116115261e+03,1.367765128035030557e+03,1.444417514864024270e+03,1.343504279824784817e+03,2.012479896849657052e+03,1.704540891211134522e+03,2.375828331616486139e+03,2.593841412333048538e+03,2.969842141892770087e+03,2.559293151565390872e+03,3.177218720151179241e+03,3.631655680672658946e+03,2.724409479824582377e+03,2.814512543768416890e+03,2.228739988813300442e+03,2.074045840912059703e+03,1.200437089630748005e+03,1.647564081789527791e+03,1.123111384288583622e+03,1.159354948339835119e+03,1.020440353296707144e+03,1.049656190589447760e+03,8.791911011987174334e+02,1.288939635291628292e+03,8.946921192188858640e+02,8.956137149431104945e+02,1.310892629417727676e+03,1.131585230665723884e+03,9.264287341693720919e+02,1.262837416310113667e+03,1.192497276174303124e+03,9.997851833925332130e+02,7.566937702581321901e+02,1.024927995088261468e+03,9.427973737858822005e+02,7.950777452947257871e+02,6.962568014452320995e+02,9.938773736125917821e+02,7.533375468268956183e+02,2.955852892399548182e+02,1.017069224732221287e-10,-3.869332765519723295e-10,-5.565790162525039087e-09,-3.399453151011743997e-04,7.522349313152886224e-04,-3.361199836589727225e-03,-3.002637604467024452e-03,-2.326323102483049757e-03,1.191983606306937921e-02,9.349835064558645673e-03,-2.182513596919893797e-03,-1.987320365891651064e-03,1.325819805991658960e-02,7.733235034995963354e-03,-4.108097336200498828e-02,-3.829700507149496475e-02,-4.768645673782159755e-02,-4.572557792317231279e-02,9.899086214906382269e-03,1.148029273249507459e-02,1.038957351748552582e-02,-5.429804630780393944e-03,-6.953353353108967204e-03,5.744960365088391070e-04,9.803971635332926326e-04,1.244715161507137713e-03,1.031749568406283186e-03,1.231343798719759363e-03,-4.312477527573714640e-04,-3.714067652615539016e-04,-5.813059440119472312e-04,1.620167733728727021e-04,-1.363423205443430795e-05,-1.530557422938258705e-05,-1.590639940632732703e-05,-1.659168957947551275e-05,-1.459156312250686455e-05,2.139307530525586482e-06,3.492099314720695272e-06,2.892235611977665045e-06,-7.080122138310178628e-07,-5.212111587172682526e-07,-8.718637234347897199e-07,-6.949147960081645509e-07,-8.426625266666101724e-07,2.181265543906254978e-07,1.992652273762783800e-07,2.609961558645644081e-07,3.520402081839051279e-07,-7.978242071387835634e-08,-7.475265762548853606e-08,-6.113936908016997860e-08,5.593906884678033854e-09,-6.326045295182531999e-10,-5.199176481777252207e-10,-3.191447414491193284e-10,-2.911236422690566186e-10,-3.855376919475811829e-10,9.121000433630280528e-11,1.937656916575485072e-10,-1.635406771899696804e-11,-2.233820792854125634e-11,-2.504099196079388045e-11,-2.176669767990222815e-11,-2.258183495091720653e-11,-1.958275024271516704e-11,-1.342288333359198819e-11,1.124271183897286499e-10,-2.243586357148872465e-11,-2.417163882968495461e-11,-4.465611180765421429e-11,-8.686673543432771316e-11,7.234778911232916028e-11,9.028405558923911613e-11,-9.217299494339983212e-10,-8.903662983864125304e-10,-8.935882650458226396e-10,1.440924446242126227e-10,1.338922499820005070e-10,1.793118075376499904e-10,2.898667250458431180e-10,-2.740374743046237882e-11,-1.973101577469663641e-11,-3.405509481118727729e-11,-1.434117859499947114e-12,-2.189015488772879619e-12,1.589861995057484320e-10,1.300576374192165180e-10,1.855086099067322891e-09,1.830089069179814883e-09,2.199775338278344272e-09,1.757119080369976034e-09,-1.050992553115783785e-08,2.597771727026404262e-09,-5.066654037664086700e-10,-4.635696722152746329e-10,6.872641671863579356e-12,8.889139991486040614e-12,-2.992269523574159468e-27
1.740896109245941810e-13,6.224703089448875915e+01,1.461086764755119020e+03,1.303539732760817287e+03,1.566691624844642320e+03,1.583108509451444888e+03,1.841181946287626261e+03,1.885583730877243397e+03,1.350930914453022297e+03,1.275544738221423813e+03,1.500627295147338373e+03,1.571969818227435326e+03,1.470017793817652091e+03,1.518117871700022079e+03,1.574340873526467021e+03,1.764721211767861178e+03,1.836921565967729975e+03,1.564912088510455078e+03,1.483842534900860073e+03,1.619674483877082139e+03,1.451605044547522539e+03,1.738967534956362670e+03,1.496849970197283483e+03,1.654046885377360240e+03,1.638683706964733801e+03,1.808192451534295515e+03,1.527828053504301124e+03,1.597066060703885796e+03,1.957622580854216267e+03,1.776887927118135167e+03,2.198911141209243851e+03,3.207464183002258324e+03,2.900978522204478850e+03,2.626304176456377718e+03,2.266081079616284569e+03,2.257482462195780499e+03,2.624904479946300853e+03,2.763783851891120776e+03,2.212055596835202323e+03,1.767785457756456026e+03,1.534350469338307903e+03,1.381674311247752939e+03,1.462581189108956323e+03,1.722049189834030813e+03,1.635388303287929375e+03,1.278353098711130770e+03,1.419447166770178228e+03,1.516127673980339296e+03,1.329104578858612513e+03,1.523648071696801253e+03,1.419517529864302332e+03,1.561480600671211050e+03,1.624529044684518794e+03,1.451212205867363309e+03,1.486668300168654014e+03,1.377600545875663329e+03,1.655205089595749087e+03,1.551446702092052419e+03,1.403343889938875463e+03,1.200003999388558668e+03,1.414242003732356125e+03,1.635509363736639216e+03,1.601497788731822766e+03,1.700081784355421405e+03,1.753935665305519478e+03,1.369261171838463952e+03,1.291846453485707571e+03,1.292139434960544349e+03,1.388545335003070704e+03,1.550530190444262416e+03,1.691865091360529505e+03,1.780941645562639906e+03,1.838186132399463304e+03,1.312974280420616424e+03,1.565606892001265351e+03,1.453930586045169548e+03,1.566811298725077677e+03,1.624956568475329505e+03,1.963491741942666067e+03,1.641910824568719363e+03,1.988958059093356951e+03,1.934485140886518138e+03,1.456770639999965169e+03,1.219085917536972829e+03,1.397988021273840559e+03,1.808709409281003673e+03,1.536447104825179849e+03,1.016853891491820036e+03,1.528388849484155344e+03,1.161577197286351520e+03,1.571683784336593590e+03,1.508058339797830058e+03,1.735766470885880153e+03,1.687231610474128274e+03,1.379048580054886543e+03,1.707196991509989402e+03,1.456074023601308909e+03,1.719190066242160810e+03,1.242259964973942942e+03,1.197152674004760684e+03,1.734741622431737142e+03,1.833412420794099035e+03,1.870042013895386617e+03,1.582892235161667486e+03,1.359838615473480331e+03,1.452137519677639830e+03,1.175642978777298595e+03,1.385666687708724112e+03,1.538144230477171050e+03,1.243790925467940269e+03,1.996080256654246568e+03,1.293181928000179369e+03,1.605630623791578955e+03,1.670610179148825637e+03,1.314041902115281573e+03,1.479763428399268150e+03,1.433008105318418075e+03,1.386263509653276742e+03,1.490890124276386359e+03,1.793358925946964291e+03,1.914750603156246370e+03,2.299822100642720216e+03,2.003693960086966626e+03,1.908658178149296646e+03,1.838465286094305839e+03,2.482412043928516596e+03,1.848737181861690715e+03,2.448077057749068445e+03,2.714832915914905698e+03,2.110758314457166762e+03,2.684669400951579064e+03,1.827584887388107973e+03,1.762481774413793801e+03,1.295810681837831453e+03,1.321089772645540961e+03,1.209597561001593931e+03,1.044709425761747525e+03,7.545980499618636941e+02,9.548585202226306592e+02,9.542135973569222642e+02,8.108719717005894836e+02,8.203140370431043493e+02,9.356978944202321600e+02,9.645186553587515164e+02,1.548014695692463647e+03,1.020279500844834388e+03,8.614233005278180144e+02,8.939520950717926553e+02,8.550669873306711679e+02,1.111937568960069029e+03,1.039449605536668741e+03,8.636901808674564336e+02,9.341739397568186405e+02,7.234276121860307285e+02,8.368719659424139081e+02,-2.845840573397493119e-10,1.082814913867342603e-09,1.557557526677532977e-08,9.513193283470891591e-04,-2.105090430222251053e-03,9.406143367601441097e-03,8.402725562793058461e-03,6.510094515391944524e-03,-3.335704283542204746e-02,-2.616502836971932103e-02,6.107651074741479898e-03,5.561412944104226173e-03,-3.710237945095243295e-02,-2.164105705429660714e-02,1.149629727209828395e-01,1.071721818889915939e-01,1.334480752634959189e-01,1.279606576287868336e-01,-2.770207921946367391e-02,-3.212700362780094437e-02,-2.907468248982697165e-02,1.519502656735994238e-02,1.945859862688040925e-02,-1.607697353991198062e-03,-2.743590600295992346e-03,-3.483270805118891377e-03,-2.887297641230679706e-03,-3.445851740048989312e-03,1.206824463465224319e-03,1.039362564438239258e-03,1.626754526848655418e-03,-4.533955350443080582e-04,3.815469107640886130e-05,4.283185544573501780e-05,4.451323353331119114e-05,4.643098253081808619e-05,4.083373240519984278e-05,-5.986741139416926605e-06,-9.772458766240009072e-06,-8.093771314337124443e-06,1.981335449565048202e-06,1.458582387848288096e-06,2.439865398767570436e-06,1.944683005266429411e-06,2.358147364535569400e-06,-6.104158463130323567e-07,-5.576334011668480205e-07,-7.303842020133401359e-07,-9.851662591706453836e-07,2.232669653496235052e-07,2.091914342849586087e-07,1.710953525322856329e-07,-1.565425821146053974e-08,1.770310957077763625e-09,1.454962565709185014e-09,8.931100020914776132e-10,8.146944097377457014e-10,1.078907229673226865e-09,-2.552464652673781638e-10,-5.422432357674284128e-10,4.576601008181166314e-11,6.251231600806438257e-11,7.007591690506615528e-11,6.091297422652767326e-11,6.319409359110000335e-11,5.480131062418447466e-11,3.756324264565475573e-11,-3.146214582269641395e-10,6.278560025859292216e-11,6.764307726867593788e-11,1.249678121871539429e-10,2.430920525688843733e-10,-2.024615345126326071e-10,-2.526552457358527884e-10,2.579413445225191061e-09,2.491643894877856827e-09,2.500660401422375165e-09,-4.032352309342798169e-10,-3.746905154021522538e-10,-5.017947909084033565e-10,-8.111769920959703275e-10,7.668796550995806617e-11,5.521622402359322898e-11,9.530141609083648976e-11,4.013304429462533184e-12,6.125846281781513898e-12,-4.449146312997690740e-10,-3.639595510803912105e-10,-5.191362208554606385e-09,-5.121409317230926324e-09,-6.155957162414259042e-09,-4.917206589143807816e-09,2.941148135636797868e-08,-7.269729408741098459e-09,1.417876847234971060e-09,1.297275678244994758e-09,-1.923273117414232200e-11,-2.487579710804428887e-11,6.652379667287043158e-27
2.288552222905081744e-13,-1.350746514930208697e+01,1.986524516348416000e+03,1.611877643235591677e+03,1.872407268112494876e+03,1.766621157928748289e+03,1.611353216517976762e+03,1.748064694968757522e+03,1.534521347655506133e+03,1.226830070005478547e+03,1.161484936682264106e+03,1.510384981939244426e+03,1.687533612388654319e+03,1.682557085183686468e+03,1.521358062870624053e+03,1.522554163044238521e+03,1.538929832017925946e+03,1.546941695336690145e+03,1.754754282930247655e+03,2.082012584977950155e+03,1.704406143527383847e+03,1.502529257847346116e+03,1.522940099623455808e+03,1.794291052129363834e+03,1.697887310242108924e+03,1.715549235452877610e+03,1.390818987635464737e+03,1.464370203188016831e+03,2.012043741298490886e+03,1.915431104005231873e+03,2.251819620325351934e+03,2.749676993183502873e+03,2.477361101926517222e+03,2.254285734739922191e+03,2.655505273609911001e+03,2.559873791558839912e+03,2.463802913613495548e+03,2.365618887438687580e+03,2.163189616138705787e+03,1.854138339186637722e+03,1.634787675971472709e+03,1.461975021378243810e+03,1.524497194602815171e+03,1.646108738536245482e+03,1.577506164470229123e+03,1.465165797158033001e+03,1.427016779192671947e+03,1.507039515150417401e+03,1.239712803724042033e+03,1.678528412536340511e+03,1.620853324297126619e+03,1.546227438733554209e+03,1.724854219453029145e+03,1.736262746621874612e+03,1.534369047729180238e+03,1.605383251665833541e+03,1.788168618481694011e+03,1.476058302776787059e+03,1.335915341515033788e+03,1.221165590885651909e+03,1.369721123226770942e+03,1.992999013433448681e+03,1.848550786573582627e+03,1.465632893907504240e+03,2.057003372492695235e+03,1.840223501475885541e+03,1.772526471713508954e+03,1.746924222300386191e+03,1.833449968514157263e+03,1.804766903893506196e+03,1.647496779807636585e+03,1.756472431822263161e+03,2.121319866874042418e+03,1.535419654446920504e+03,1.708471812690104798e+03,1.590168293137722912e+03,1.770954897091779685e+03,1.269171025266403149e+03,1.442000365036795756e+03,1.449021066850412581e+03,2.153031664145082232e+03,2.229322980664422175e+03,1.425624674655510262e+03,1.235510805483760350e+03,1.159668684161192687e+03,1.462020918466132116e+03,1.925737237256913431e+03,1.252644615364823267e+03,1.397266019924120428e+03,1.733563334357962503e+03,1.435773347714778311e+03,1.434118687228557519e+03,1.731001240894515149e+03,1.664281612349387615e+03,1.412868955164198724e+03,1.659359759244005772e+03,1.499621925672715861e+03,1.951134327879315833e+03,1.713863151669193485e+03,1.245971313093725257e+03,1.436261271898232280e+03,2.060837574319238684e+03,1.610421838935046480e+03,1.316936069472829331e+03,1.170556364407804267e+03,1.620598656972730396e+03,1.423655019329465176e+03,1.881239970520024826e+03,1.636876454821145217e+03,1.396585945691256711e+03,1.959103176820886802e+03,1.368241985989004206e+03,1.720341553727564133e+03,1.856393883915837023e+03,2.320732587298319686e+03,1.542927065749773419e+03,1.487777870647092186e+03,1.571723705793405998e+03,1.573021288318284633e+03,2.367828324684964628e+03,2.485993897179464057e+03,2.460777874551813966e+03,2.180102858898881095e+03,2.778969307170483262e+03,2.452052161724620873e+03,2.227415112411327755e+03,2.565110839424829919e+03,2.167545539002338046e+03,1.996474896214725504e+03,1.921819653622638043e+03,2.636486376083513733e+03,2.384601259562350151e+03,1.536944544619882208e+03,1.036701724210821112e+03,1.342349309603317352e+03,1.079255662783697744e+03,1.172208351158796404e+03,8.137834721859122737e+02,9.242124580426560669e+02,8.769987382682924135e+02,1.313271829309275745e+03,9.484891632257198353e+02,8.710977214757141383e+02,1.269051200362073814e+03,1.296094179424565255e+03,9.932220707180695172e+02,1.004273972252666908e+03,1.147154538789076014e+03,1.270779589871321150e+03,1.658368239621632938e+03,1.127667788427546384e+03,9.390988971160594474e+02,6.816874276859618931e+02,7.833713850611771932e+02,8.827036494709150247e+02,6.328547715180105224e-10,-2.407429261876951227e-09,-3.462914965454421677e-08,-2.115066530141383998e-03,4.680243719655956952e-03,-2.091266141842220566e-02,-1.868176444044802875e-02,-1.447388127968070488e-02,7.416265258509172065e-02,5.817265992181915729e-02,-1.357912951102528167e-02,-1.236467927000565840e-02,8.248965266127472606e-02,4.811452273543957714e-02,-2.555969678763566066e-01,-2.382757168084252697e-01,-2.966948626934720612e-01,-2.844946970600819025e-01,6.158998227673020270e-02,7.142790865497404551e-02,6.464168862790029002e-02,-3.378307489354805127e-02,-4.326226688852755076e-02,3.574390599139321261e-03,6.099819984924041011e-03,7.744349637177789028e-03,6.419323587310321252e-03,7.661155897956669313e-03,-2.683130631715322564e-03,-2.310812896595537159e-03,-3.616760376845782558e-03,1.008033467325712825e-03,-8.482925518164893418e-05,-9.522798620577190129e-05,-9.896619104570104257e-05,-1.032299188991929532e-04,-9.078556288879498822e-05,1.331031067202319687e-05,2.172708977707020164e-05,1.799486702253323380e-05,-4.405099496547137806e-06,-3.242863566486687430e-06,-5.424548297519850035e-06,-4.323610183890610864e-06,-5.242864740839314591e-06,1.357136439399107354e-06,1.239785325234653956e-06,1.623861866137433190e-06,2.190318349798125247e-06,-4.963890374409543019e-07,-4.650949348596874032e-07,-3.803959856807595183e-07,3.480408377150965846e-08,-3.935929126724619262e-09,-3.234815622517357240e-09,-1.985649841089780859e-09,-1.811308597422686356e-09,-2.398732478792490357e-09,5.674890013660212252e-10,1.205568398531179431e-09,-1.017514868643855704e-10,-1.389835183313210644e-10,-1.557996584305556423e-10,-1.354277046612023350e-10,-1.404993131900093227e-10,-1.218396541048678998e-10,-8.351428896271766944e-11,6.994973150774514499e-10,-1.395911107078074259e-10,-1.503907304977339407e-10,-2.778407092403643227e-10,-5.404661177494600114e-10,4.501323609525815483e-10,5.617279477007910525e-10,-5.734805215059759100e-09,-5.539667333621213560e-09,-5.559713716200498111e-09,8.965121545514194609e-10,8.330487404953787244e-10,1.115639444742098108e-09,1.803488329185757887e-09,-1.705002140517400310e-10,-1.227621303101199116e-10,-2.118834648288012717e-10,-8.922772428867061429e-12,-1.361958288169972156e-11,9.891778894761692654e-10,8.091906070623810707e-10,1.154194614360628124e-08,1.138642000772677026e-08,1.368652834777160498e-08,1.093241645427115648e-08,-6.539049293449218599e-08,1.616277615459279576e-08,-3.152363012175307610e-09,-2.884230652802571747e-09,4.276009619221197190e-11,5.530631440572579525e-11,-1.057385122153980811e-26
1.363984179715711433e-13,1.602404524762192528e+00,1.318643876679812593e+03,1.314643446950214638e+03,1.238364481239561655e+03,1.313293789455593924e+03,1.471591408264852362e+03,1.534961008503782523e+03,1.603404562988573616e+03,1.303672390899017273e+03,1.207893313189748369e+03,1.392189063848046771e+03,1.609463011425302739e+03,1.646561615413779691e+03,1.646297240447160220e+03,1.813487943558890947e+03,2.095565132718786572e+03,1.881425314096160946e+03,1.696104596907900714e+03,1.803652520119592054e+03,1.787964279239892221e+03,1.838820563630505376e+03,2.019403486229110513e+03,1.813064851794400738e+03,1.644031203944921117e+03,2.148434875738073970e+03,1.851749534597780894e+03,1.807605954950547130e+03,2.237194339715060778e+03,2.739631915922411281e+03,2.737480875755620673e+03,2.655794438843059197e+03,2.626207026520675299e+03,2.450278526401618819e+03,2.457773882413739102e+03,2.467112608329122850e+03,2.061103321606357895e+03,1.690600314230690401e+03,2.066098874899157181e+03,1.902732213855554392e+03,1.636452404314567957e+03,1.353090420172288759e+03,1.475988243057232921e+03,1.419423953471855384e+03,1.686660912760600695e+03,1.821118148643217864e+03,1.802224009231548735e+03,1.602650455789167381e+03,1.230522906740547569e+03,1.442116399563749155e+03,1.529017084237338850e+03,1.263640173986294030e+03,1.830274499357353761e+03,1.847256269417810699e+03,1.410117712076754970e+03,1.616304472617969850e+03,1.583125191787135691e+03,1.334968011043152273e+03,1.548981299090718494e+03,1.489854113536368232e+03,1.671350714316092308e+03,2.030469691632061085e+03,1.855142856995832972e+03,1.489129171052895572e+03,1.527855741612691190e+03,1.528623249328787097e+03,1.966766419493930016e+03,1.346708230738847988e+03,1.574395003289595479e+03,1.745084410494881467e+03,1.550196216000649201e+03,1.587198708239464167e+03,1.688674584020587417e+03,1.865948978256662713e+03,1.634609892920077527e+03,1.585724844319883914e+03,1.363531500479375836e+03,1.543808230238722672e+03,1.223416105381015086e+03,1.320572125133039208e+03,1.302887230516335876e+03,1.527570619813345502e+03,1.507077375260096233e+03,1.471982273484138432e+03,1.492332838015263633e+03,1.673748505364773337e+03,1.902787519145714441e+03,1.635969267809253779e+03,1.490489240276172495e+03,1.373342020469649242e+03,1.348325635268200585e+03,1.069073010147205878e+03,1.265740130412894587e+03,1.679779913066596464e+03,1.406028411637416184e+03,1.487300408728816819e+03,1.082602782794424002e+03,1.474872439314232224e+03,1.980045393785239412e+03,1.288197004227110483e+03,1.410280270622343096e+03,1.387589066169045282e+03,1.844846716693773942e+03,1.475560731369347423e+03,1.454218373408803245e+03,1.631618601567303813e+03,1.828820461731638034e+03,1.590070803878874813e+03,1.630674000532570062e+03,1.729329408305955440e+03,1.322671980354823518e+03,1.456464400080471933e+03,1.848253050507819580e+03,1.015498411305138916e+03,3.348553636541386368e+03,1.510191416952604186e+03,1.702246864397958689e+03,2.268683286157383009e+03,2.056674666366513975e+03,3.743475525008063414e+03,1.990899865470164286e+03,2.109621895250018042e+03,2.753578917027244188e+03,2.769779164375632718e+03,3.101208781436728259e+03,2.468407061572573639e+03,3.343347394260971669e+03,2.636557717953317933e+03,2.829623303056619989e+03,2.426171111949121951e+03,3.150613521791301537e+03,1.356043174588121019e+03,1.148610340360953160e+03,8.745844043545773729e+02,1.049643763986901604e+03,9.068587441816240471e+02,6.781653521380757184e+02,1.113616535067104678e+03,6.855280962677487651e+02,7.128032995711967033e+02,1.175476722736691045e+03,1.322880581631962514e+03,1.181829278284383690e+03,1.323364365558232294e+03,1.425009339480979406e+03,1.381145565143017166e+03,1.446242240001885193e+03,1.418821835104045931e+03,2.097151203026019175e+03,1.949220432790136329e+03,1.647941147137104508e+03,9.972012216318062201e+02,8.296808615381632990e+02,7.251906067686566075e+02,-5.637096486410091956e+01,-7.885209611604808586e-10,3.000000643509574660e-09,4.315287466186192543e-08,2.635675650116285976e-03,-5.832253611278293524e-03,2.606016959475752556e-02,2.328015262650942607e-02,1.803652788595290143e-02,-9.241728086612775728e-02,-7.249146117793024702e-02,1.692153910619721702e-02,1.540816026779242252e-02,-1.027939148994090751e-01,-5.995758250797371403e-02,3.185104084789480150e-01,2.969256502603686565e-01,3.697242682308238826e-01,3.545211155029648897e-01,-7.674993399241779313e-02,-8.900939847415646755e-02,-8.055279693146182030e-02,4.209854707362611220e-02,5.391097716407933227e-02,-4.454202329762819469e-03,-7.601248837920694321e-03,-9.650568184887558382e-03,-7.999396060683431134e-03,-9.546896877350640950e-03,3.343564834162803326e-03,2.879603642125797090e-03,4.507001137653902229e-03,-1.256153991598516926e-03,1.057093945337491092e-04,1.186677018786095749e-04,1.233260402009945698e-04,1.286392554223728135e-04,1.131318065310123709e-04,-1.658655235369865818e-05,-2.707506390803929229e-05,-2.242418012033702874e-05,5.489384524758392316e-06,4.041072191837684001e-06,6.759763656087786007e-06,5.387837176694962233e-06,6.533359938027170421e-06,-1.691186265886289161e-06,-1.544949979835903520e-06,-2.023564327050316161e-06,-2.729450189059423090e-06,6.185717944677355728e-07,5.795748631701670193e-07,4.740278485679894762e-07,-4.337087028419545219e-08,4.904731086261213502e-09,4.031043301658034307e-09,2.474403930674207608e-09,2.257149785617223955e-09,2.989164026474310151e-09,-7.071725268659650145e-10,-1.502310791304960919e-09,1.267969174821875301e-10,1.731933581346892358e-10,1.941486757839872708e-10,1.687623053176134962e-10,1.750822555015962431e-10,1.518296493119902756e-10,1.040707583988707117e-10,-8.716737816037925053e-10,1.739505052074072458e-10,1.874083773382335990e-10,3.462292942185375723e-10,6.734981457866335722e-10,-5.609293543183021215e-10,-6.999934293538658109e-10,7.146388185948649449e-09,6.903218453368818769e-09,6.928199115529639206e-09,-1.117182472566133571e-09,-1.038097974411067813e-09,-1.390246442328408884e-09,-2.247404611989954165e-09,2.124676723459328689e-10,1.529791867082595764e-10,2.640371264701498230e-10,1.111905166440750688e-11,1.697194979660902971e-11,-1.232657242584378452e-09,-1.008367325067188240e-09,-1.438291702513629215e-08,-1.418910919760331591e-08,-1.705537343000180717e-08,-1.362335578329830515e-08,8.148591428236379138e-08,-2.014113265085163365e-08,3.928295546790658749e-09,3.594164246173863705e-09,-5.328520059505900415e-11,-6.891958437219950527e-11,-9.776890084286431973e-26
1.405335688953058293e-13,1.205112636690512384e-01,1.224138973405280694e+03,1.070654969414373682e+03,1.237163271758814062e+03,1.589142416476263634e+03,2.232062817614126288e+03,1.827102053422809149e+03,1.841528342744849851e+03,2.029388137138927505e+03,1.371932858308658297e+03,1.346741233103313562e+03,1.549663210231116864e+03,1.548422979859780980e+03,1.450910737155214747e+03,1.731934638862401016e+03,1.814140037734600810e+03,1.077753799035392831e+03,1.244039296079245560e+03,1.677160900329882452e+03,1.630060285780769163e+03,1.829530874099800030e+03,1.946514457676414850e+03,1.721374159022724143e+03,1.904429909736119043e+03,2.627078060390343126e+03,2.304592844704889558e+03,2.083515191277014765e+03,1.558219596413239742e+03,2.126819267975076400e+03,2.603558040005504154e+03,2.295939279816056569e+03,2.666585373902100400e+03,2.957463138160580002e+03,2.267502168044002246e+03,2.482687022401024024e+03,2.420656534056631244e+03,1.635647894192195054e+03,1.572499435313380445e+03,1.352294682739159725e+03,1.395880558102977375e+03,1.334228692504883156e+03,1.366171675069956109e+03,1.530377017555723796e+03,1.324943059993997167e+03,1.359524986748508582e+03,1.361412874338599522e+03,1.278059595787026183e+03,1.120132226136620375e+03,1.329151559724892650e+03,1.519404143574594855e+03,1.533609020762460887e+03,1.086497689930700062e+03,1.243467933660499284e+03,1.435831824608403394e+03,1.627302388772903214e+03,1.651927324075037632e+03,1.211046398316640989e+03,1.678109429514488511e+03,1.042672204638160110e+03,1.163643000835215162e+03,1.569747390213858125e+03,1.728539698663430954e+03,1.247142786421963137e+03,1.339528408786316731e+03,1.248994654665870257e+03,1.456000638122064174e+03,1.344197608874938624e+03,1.800821455032970107e+03,1.920372530537884586e+03,2.027089693233406479e+03,1.270470524973911779e+03,1.684023267862942021e+03,1.529238530778538006e+03,1.669289135080492542e+03,1.784841852021152818e+03,1.635929573418923383e+03,1.340339966416110201e+03,1.669485298673350826e+03,1.848507067879883380e+03,1.869532577067833017e+03,1.576706738886682160e+03,1.558938129215724985e+03,1.341114786399649574e+03,1.438204295358685613e+03,1.489668375266922567e+03,1.901541416332362587e+03,1.697714020163916302e+03,1.812745024719759613e+03,1.531795673180442009e+03,1.640969858814303279e+03,1.296017905935422505e+03,1.431057432385793390e+03,1.410021285575173351e+03,1.428480330398798060e+03,1.530326963346275988e+03,1.461345281504194872e+03,1.532613629021305087e+03,1.942527112804863236e+03,1.572853651498352292e+03,1.330260908122313822e+03,1.246686854235545070e+03,1.208065737527278998e+03,1.331746544569071148e+03,1.714013505655496374e+03,1.507032965253110433e+03,1.428444878582781939e+03,1.363842546406110614e+03,1.674224655048377144e+03,1.697851089438195004e+03,1.537968615978740218e+03,1.578786638463002191e+03,1.237590751266712914e+03,1.429077304464166900e+03,1.805656317050672442e+03,1.980619674748243824e+03,2.077227185363065018e+03,2.265376771295163962e+03,1.531986820533900072e+03,2.446706977018954603e+03,2.702096908858142342e+03,2.609172215049229635e+03,3.017029223311985334e+03,2.219669916406640823e+03,3.354974528654106052e+03,2.788824938961872704e+03,2.596709468215874494e+03,2.527710511405527996e+03,2.923232153411877789e+03,2.380563369085121394e+03,2.949970408049287016e+03,1.899433996197506531e+03,1.191855917877280262e+03,1.021147524400219822e+03,9.316103964357977247e+02,1.156444864381027628e+03,9.034877279849800971e+02,1.341643068520444558e+03,8.850002648578525850e+02,1.106398230655595626e+03,8.381542889458537502e+02,1.187853044688887167e+03,1.400760995467618841e+03,1.071937906034802154e+03,1.264677628580416012e+03,1.100043334978072380e+03,1.354599679264951419e+03,1.793052716097567099e+03,1.270971525060659133e+03,1.714430560138613828e+03,1.749141879614423488e+03,1.003674242034851204e+03,9.216529963913375241e+02,7.079689765508686605e+02,-3.463161765222843513e+01,-1.678805914533760906e-09,6.386986585044438286e-09,9.187230415120081534e-08,5.611343209287307510e-03,-1.241684525751113322e-02,5.548199972251971479e-02,4.956335440825564154e-02,3.839969772740735310e-02,-1.967560315648148317e-01,-1.543340389376464672e-01,3.602589095135858011e-02,3.280391328973442794e-02,-2.188478450682469212e-01,-1.276494599919850148e-01,6.781074210047985940e-01,6.321535546978503950e-01,7.871415292522876417e-01,7.547740762178229978e-01,-1.634003109990260494e-01,-1.895006632051331186e-01,-1.714965914073960374e-01,8.962764300380013371e-02,1.147762607293216774e-01,-9.482979438232865682e-03,-1.618302921563331137e-02,-2.054602213578078304e-02,-1.703068310455078602e-02,-2.032530632519941385e-02,7.118436529229854939e-03,6.130664955669754348e-03,9.595387894905093099e-03,-2.674346963088499330e-03,2.250548898718274877e-04,2.526430758158062563e-04,2.625606599884721380e-04,2.738724745323616299e-04,2.408571761491716935e-04,-3.531270545801034396e-05,-5.764270576870044810e-05,-4.774099227138396977e-05,1.168687830568527447e-05,8.603426981201381249e-06,1.439151053594099513e-05,1.147068439656302436e-05,1.390949790064550262e-05,-3.600528983261413722e-06,-3.289192498954655143e-06,-4.308160582903203989e-06,-5.810988838019314353e-06,1.316936944873969883e-06,1.233912629795603142e-06,1.009203446166618810e-06,-9.233641417119752818e-08,1.044215340876822639e-08,8.582075513009995537e-09,5.267996345759993859e-09,4.805463115807703807e-09,6.363918587881199823e-09,-1.505567559592705873e-09,-3.198413832390713913e-09,2.699501442223266725e-10,3.687279859415855811e-10,4.133417757243490227e-10,3.592942917258376326e-10,3.727494410900463767e-10,3.232447329388347744e-10,2.215662399131178772e-10,-1.855790091204869674e-09,3.703399491149535745e-10,3.989917065455119391e-10,7.371208209491274734e-10,1.433874933230237664e-09,-1.194216413960016724e-09,-1.490283288908044789e-09,1.521463265648066607e-08,1.469692524147468056e-08,1.475010897406843182e-08,-2.378477139511287548e-09,-2.210106550488820799e-09,-2.959829269223781942e-09,-4.784715679053004948e-09,4.523428481644607745e-10,3.256920935850854508e-10,5.621340154478027026e-10,2.367241775293247052e-11,3.613321511520791609e-11,-2.624322475813294167e-09,-2.146810113654465156e-09,-3.062117441316149179e-08,-3.020855830203801342e-08,-3.631082370627367368e-08,-2.900407148312649569e-08,1.734831946186896280e-07,-4.288039308733372282e-08,8.363325942470384015e-09,7.651961702851864638e-09,-1.134439848474438465e-10,-1.467295271088249269e-10,-1.626981198124889016e-25
1.831581511993181755e-13,2.390298957862272200e+00,1.500854362724613793e+03,1.277546654172235549e+03,1.312848226989221075e+03,1.205546570646464033e+03,1.556109633422801380e+03,1.785659672159186357e+03,1.652386914947479227e+03,1.550262839098786571e+03,1.316280205523618633e+03,1.550559366642959731e+03,1.657685552040114317e+03,1.791156558332621898e+03,1.457273350984876515e+03,1.663002392898090648e+03,1.420259143389812834e+03,1.119202032408879631e+03,1.426430509428541882e+03,1.363969626325839954e+03,1.400617788736921284e+03,1.451877251528839906e+03,1.486787575480684836e+03,1.468663677425627156e+03,1.705403141192610065e+03,2.160967742279563481e+03,2.247915795408391659e+03,1.958009436994374937e+03,2.321051224408700818e+03,2.231500731979185275e+03,2.523287468259436082e+03,2.404630367598947942e+03,2.391864013818998501e+03,2.671711456376692240e+03,2.056264011229323387e+03,2.015147489511920867e+03,1.642436071633660504e+03,1.597019253820079257e+03,1.652581640097394711e+03,1.356173095398554096e+03,1.645684628287987834e+03,1.455206907463518291e+03,1.146160181334772687e+03,1.142077156894577456e+03,1.438137901905703984e+03,1.578533951524324493e+03,1.395206964744250627e+03,1.405743453158309876e+03,1.293047768319262786e+03,1.386666544278237552e+03,1.334241877027717919e+03,1.568368345658003591e+03,1.228882035964676788e+03,1.299007616183127993e+03,1.358658449195899493e+03,1.311950819622250265e+03,1.669884297437010673e+03,2.080690347532595297e+03,1.752948679909607563e+03,1.247817149994539477e+03,1.398860356479975053e+03,1.566937289283927612e+03,1.586072493771042218e+03,1.379420602387318695e+03,1.325210634716656159e+03,1.280145711909873171e+03,1.583966114978611586e+03,1.554592755014067507e+03,1.800730577540565037e+03,1.445119738569289893e+03,1.377696978809838356e+03,1.462694161404455826e+03,1.554969252787693904e+03,1.775532879880475775e+03,1.238748822849825956e+03,1.511032586230361858e+03,1.880809873683510659e+03,2.148042589535824845e+03,1.643877432296925008e+03,1.375672055146222419e+03,1.390483316388346793e+03,1.275510567048481334e+03,1.330818705616765783e+03,1.189345169205949560e+03,1.229007324280861440e+03,1.466116544536859692e+03,1.623434261833303481e+03,2.101514760987372938e+03,1.707463934021156774e+03,1.566759645707350728e+03,2.003770644866873226e+03,1.202590714184483431e+03,1.411682265602751386e+03,1.917719631992353470e+03,1.562045498355508016e+03,1.460407661967811691e+03,1.252199600723485673e+03,1.748341227913346529e+03,1.728470724882390869e+03,2.396004342319411080e+03,1.262173214006886155e+03,1.596062974377089631e+03,1.082784246299256210e+03,1.507911397611391067e+03,1.434653301980852120e+03,1.408885200062596141e+03,1.406247025843815663e+03,1.350788255446508174e+03,2.035732978632973982e+03,1.865752354636543714e+03,1.582104482539114770e+03,1.726041760702936699e+03,1.497043709915015825e+03,1.568430230287828408e+03,1.651635175497236105e+03,1.663455178130827562e+03,2.071916521093089614e+03,2.925636016312182164e+03,2.357323208602459090e+03,2.316267837708793650e+03,2.912563725476235049e+03,2.491626634056512557e+03,2.412815284621355659e+03,2.070124632119824582e+03,2.761172714466527850e+03,2.950909849774010581e+03,2.310148087420976935e+03,3.559157928667308624e+03,2.861472768388025088e+03,3.490404614322368161e+03,2.174260252542503622e+03,2.184151728511511465e+03,1.308213319071830938e+03,1.011570767898494637e+03,9.709985635933791173e+02,1.284098102191567023e+03,1.116000574255185256e+03,8.776853748437524700e+02,9.972996293217395305e+02,9.525164495299273995e+02,6.495834569435380672e+02,7.896081987099648813e+02,1.258801461350513591e+03,1.261649282186579740e+03,9.998005615250115170e+02,1.028577259525522322e+03,1.420519008586401924e+03,1.539798134790770064e+03,1.208814760422020072e+03,1.528026078284411597e+03,1.511686831680273826e+03,1.709536299656410847e+03,9.256453953554454301e+02,6.640932882739132310e+02,5.991481125468473010e+02,1.690689960361773219e-08,-6.432267470512247165e-08,-9.252362281403413626e-07,-5.651124218952526673e-02,1.250487313653674548e-01,-5.587533334779968275e-01,-4.991472843889500077e-01,-3.867192822364599047e-01,1.981509121310911725e+00,1.554281733838281276e+00,-3.628129260167225478e-01,-3.303647307853350701e-01,2.203993431525974156e+00,1.285544170071392989e+00,-6.829147900896737511e+00,-6.366351388268735256e+00,-7.927218838331911321e+00,-7.601249652476142593e+00,1.645587197986108308e+00,1.908441076235794176e+00,1.727123979096626849e+00,-9.026304846727105646e-01,-1.155899545931785788e+00,9.550207993431893139e-02,1.629775704774520662e-01,2.069168093344792847e-01,1.715142028706060084e-01,2.046940038204304591e-01,-7.168901913685575555e-02,-6.174127640584693710e-02,-9.663413357677635984e-02,2.693306456104414132e-02,-2.266503921277456240e-03,-2.544341615266583652e-03,-2.644220553376967157e-03,-2.758140637651027537e-03,-2.425647070013985020e-03,3.556305105704623279e-04,5.805135748537153598e-04,4.807944686311612661e-04,-1.176973116310151365e-04,-8.664420044560167827e-05,-1.449353759049321890e-04,-1.155200457068631179e-04,-1.400810777884830280e-04,3.626054543352899865e-05,3.312510872775500860e-05,4.338702820544893885e-05,5.852185213736689896e-05,-1.326273226647936393e-05,-1.242660319683920372e-05,-1.016358084645965911e-05,9.299102317435031121e-07,-1.051618192389996675e-07,-8.642917207448556386e-08,-5.305343235039436664e-08,-4.839530925871197976e-08,-6.409034899147519133e-08,1.516241117670644416e-08,3.221088640691277475e-08,-2.718639265193400582e-09,-3.713420430443933604e-09,-4.162721174556934597e-09,-3.618414696756912230e-09,-3.753920078633846433e-09,-3.255363414478168384e-09,-2.231370097631678457e-09,1.868946513972305646e-08,-3.729654340560156926e-09,-4.018203150163154150e-09,-7.423465591385092645e-09,-1.444040234201837278e-08,1.202682681827450768e-08,1.500848490805095735e-08,-1.532249514611702958e-07,-1.480111750048855675e-07,-1.485467827339181723e-07,2.395339095471940374e-08,2.225774861402389350e-08,2.980812658115598717e-08,4.818636402411704870e-08,-4.555496837729092076e-09,-3.280010523921863430e-09,-5.661192036402811917e-09,-2.384024079356554484e-10,-3.638937762854932508e-10,2.642927325647087168e-08,2.162029691337582621e-08,3.083825991120579762e-07,3.042271860287151330e-07,3.656824535647945090e-07,2.920969270516957954e-07,-1.747130849291651189e-06,4.318438898782077897e-07,-8.422616835531321186e-08,-7.706209456215820668e-08,1.142482336857949532e-09,1.477697501923827928e-09,-9.748392833334695436e-26
2.085794267666001801e-13,-1.336864880953226731e+01,1.687855115047252184e+03,1.324229401652166189e+03,1.000944227131361117e+03,9.692291351254469873e+02,1.320984967062944179e+03,1.590361016346678525e+03,1.293086523882488336e+03,1.373849779412100816e+03,1.324102189718361615e+03,1.172279069753261410e+03,1.190612161732155300e+03,1.332554423281981371e+03,1.520404901124028584e+03,1.556357275827391504e+03,1.465680071541574080e+03,1.667636547110398396e+03,1.703423025070620724e+03,1.351381403843442968e+03,1.459554177615215849e+03,1.625258879934511015e+03,1.640521132800279474e+03,1.969582174794977846e+03,2.074595147192663262e+03,1.811661126546910509e+03,2.125477482699096981e+03,2.317621102673286714e+03,2.663975999745989611e+03,2.383653750838419910e+03,2.705359385148266028e+03,2.121853025725237785e+03,1.973694523983456065e+03,2.212754878106144133e+03,2.238589259804146877e+03,1.983843738531839790e+03,1.598360663879200956e+03,1.330547773857820630e+03,1.166075142805201949e+03,1.232766284774517544e+03,1.190418603688199937e+03,1.255363466977420785e+03,1.518784650482502457e+03,1.348911296909463545e+03,1.362853588854890177e+03,1.699494509296126807e+03,1.799240270138885762e+03,1.608181754524859571e+03,1.282406131906171140e+03,1.567137920119724640e+03,1.450972700792182195e+03,1.392251688582100314e+03,1.405225959238673568e+03,1.300327565121233420e+03,1.447922262193239021e+03,1.573303935411014891e+03,1.637608386261217674e+03,2.120807665779525450e+03,1.750753903194864279e+03,1.936214911838740818e+03,1.622127412418452423e+03,1.566193891126576546e+03,1.501593841015450835e+03,1.733350100443424481e+03,1.364771734069085596e+03,1.345168034069956775e+03,1.632005081961922542e+03,1.627385822743091467e+03,1.293869774634642681e+03,1.371591472790450325e+03,1.328287034417621271e+03,1.471562023164415905e+03,1.729909577152626298e+03,1.846119639048769841e+03,1.257346609019602511e+03,1.517253616283678411e+03,1.640501707169654082e+03,1.788999893227885423e+03,1.533062687001269524e+03,1.154608120305101238e+03,1.451072005053798648e+03,1.785261262199323028e+03,1.282904207553108563e+03,1.243047530422683394e+03,1.284740879746835844e+03,1.270121961712328357e+03,1.478285589649104168e+03,1.786632805644648215e+03,1.627334733136868181e+03,1.225159496893997584e+03,1.679464618907790964e+03,1.514126333013621434e+03,1.498312246772770777e+03,1.699436128751157412e+03,1.531854379425724119e+03,1.548981731429698812e+03,1.649089332856634428e+03,1.199846426026393146e+03,1.874170843534219330e+03,1.726799896635857976e+03,1.489250288663599804e+03,1.766232196945827582e+03,1.476804572356756807e+03,1.502468021705824412e+03,1.543390007240267323e+03,1.560614463376037747e+03,1.661034455902348782e+03,1.526589419567699679e+03,2.118077628449897020e+03,1.812882992031954927e+03,1.445448839265561674e+03,1.786484676050869211e+03,1.537116102119117613e+03,1.574994490121392801e+03,1.210774226886614088e+03,2.276781918541374125e+03,2.198644780370034368e+03,2.814729299474830441e+03,2.383219518169918956e+03,2.056748786177625789e+03,2.990282182932914111e+03,2.567974202015841001e+03,2.611726815677152445e+03,2.758034666305205974e+03,2.599354073792243526e+03,2.786363549273878562e+03,2.124303216460100884e+03,2.766931295298775240e+03,3.846206614133100629e+03,2.855622636348286505e+03,2.521574074091590319e+03,2.093324111633513439e+03,2.350890945828678014e+03,1.627301786709503176e+03,9.344175946786656368e+02,1.087631440884768153e+03,9.225720698089567122e+02,8.274086295678968099e+02,8.744554768309342307e+02,7.128368623239904309e+02,7.705621019521444168e+02,9.852941827190694539e+02,1.082111614098327891e+03,8.814510724680974363e+02,1.231093485127242502e+03,1.281937752103247021e+03,1.442426950720659534e+03,1.373981203657749575e+03,1.406466283608967387e+03,1.680771186731552461e+03,1.326287693355852298e+03,1.118871248869685587e+03,7.511161759407913223e+02,8.465950850000143646e+02,1.538163029639751471e+02,-8.177125527904440004e-08,3.110998795933270557e-07,4.474952167538340424e-06,2.733195023592164263e-01,-6.048045610607506450e-01,2.702438968437091305e+00,2.414151274813591375e+00,1.870387513675542346e+00,-9.583669832289274382e+00,-7.517362803563379714e+00,1.754763203679188477e+00,1.597825854056718509e+00,-1.065972653525068736e+01,-6.217599882981039272e+00,3.302952179940856325e+01,3.079118288445704010e+01,3.834039784011486773e+01,3.676383126308338234e+01,-7.958966333350720568e+00,-9.230272509128090164e+00,-8.353323129868458707e+00,4.365618332324184614e+00,5.590567052335644327e+00,-4.619006758757184250e-01,-7.882493240764050224e-01,-1.000763691716185066e+00,-8.295371816268594101e-01,-9.900129795852498082e-01,3.467275939430265463e-01,2.986148293409276455e-01,4.673759110008413042e-01,-1.302631391138965866e-01,1.096206170413278370e-02,1.230583786822877189e-02,1.278890744169421979e-02,1.333988773404175265e-02,1.173176565207763658e-02,-1.720025085396009517e-03,-2.807683484635854505e-03,-2.325386946240060732e-03,5.692490449266654397e-04,4.190590903785441131e-04,7.009873306930194383e-04,5.587185873427171455e-04,6.775092705038354441e-04,-1.753759756320294775e-04,-1.602112762395284861e-04,-2.098435726857309262e-04,-2.830439198218437130e-04,6.414588040447586129e-05,6.010189955451178444e-05,4.915667664542897953e-05,-4.497558219061561606e-06,5.086204972312730427e-07,4.180190947049483876e-07,2.565956288808300159e-07,2.340663791949579452e-07,3.099762385974485870e-07,-7.333377425122994652e-08,-1.557895934009125524e-07,1.314883733337256069e-08,1.796014712781539625e-08,2.013321307067222449e-08,1.750064705585588270e-08,1.815602573993060271e-08,1.574473102997007045e-08,1.079213517583888815e-08,-9.039255046309822035e-08,1.803866326128540670e-08,1.943424428182887744e-08,3.590396959269502110e-08,6.984174173256618314e-08,-5.816836072912520404e-08,-7.258930200962143337e-08,7.410802852630395611e-07,7.158635897661558609e-07,7.184540838393173960e-07,-1.158517958887334065e-07,-1.076507353071272584e-07,-1.441685230718961191e-07,-2.330558049211122217e-07,2.203289257934384593e-08,1.586393803067887730e-08,2.738064374802190367e-08,1.153045393687900392e-09,1.759990791078422292e-09,-1.278265267988271358e-07,-1.045676676758257346e-07,-1.491508154127472920e-06,-1.471410287012338465e-06,-1.768641819881158073e-06,-1.412741671377094525e-06,8.450087377009418211e-06,-2.088634977842652024e-06,4.073641549639268260e-07,3.727147470205854100e-07,-5.525674036981061885e-09,-7.146959263587739064e-09,2.947327582827967243e-24
2.097378713250469515e-13,5.176336729352019006e+01,1.681033011350718652e+03,1.411371872737573085e+03,1.311770489153391736e+03,1.542452447204321970e+03,1.509277407350397198e+03,1.761014518740316589e+03,1.462492270028543999e+03,1.254327867479819133e+03,1.156921660782121990e+03,9.382203491819965393e+02,9.218356817376102299e+02,1.011632200611927829e+03,1.279695473597142154e+03,1.492178398846324626e+03,1.580894862451445533e+03,1.675600710368955106e+03,1.700937596361401120e+03,1.517604785259758728e+03,1.534107055049282508e+03,1.415047517594566898e+03,1.371371315261797463e+03,1.908369183242994495e+03,1.890542700282859187e+03,2.002735055888160559e+03,2.136410793504349840e+03,2.459316576697034634e+03,2.421908281352344602e+03,2.275830745940710131e+03,2.531990353640489957e+03,2.229805306065544755e+03,1.789029592305413871e+03,2.012854048127952865e+03,2.029412209703077679e+03,1.745992993865061862e+03,1.670976504838650271e+03,1.367352094051276481e+03,1.198050196698590753e+03,1.360099435715517302e+03,1.042488922429789000e+03,1.318184412731100338e+03,1.709702347479140144e+03,1.333029492398399498e+03,1.258175086101120542e+03,1.477231869498119750e+03,1.620173812474272836e+03,1.464167010448532892e+03,1.377183531601759341e+03,1.422589250985892704e+03,1.710523348874301519e+03,1.633096867247176078e+03,1.376284964637176472e+03,1.382363233110792635e+03,1.559602684720605112e+03,1.504190326415235631e+03,1.641775595293060178e+03,1.963800464849755826e+03,1.718433366651862571e+03,1.717163461503158715e+03,1.720108745633588796e+03,1.750784362984249810e+03,1.441253045450662057e+03,1.726864340582525529e+03,1.353939651283479407e+03,1.483128498974731656e+03,1.651816715222708353e+03,1.850294349413428336e+03,1.165207657238414413e+03,1.745043537300352000e+03,1.526312843146091609e+03,1.172088630764597383e+03,1.898871689758782622e+03,1.500228538427649937e+03,1.299108900446702592e+03,1.310917507709090842e+03,1.284703318464185031e+03,1.537632477907771090e+03,1.675810329139613259e+03,1.540447460180927010e+03,1.493130251603683519e+03,1.396390638069541410e+03,1.504303784311961181e+03,1.456891978971457775e+03,1.274079947889836376e+03,1.476643831723195490e+03,1.624216285064120029e+03,1.757733598451335865e+03,2.060094876420900619e+03,1.557015288281638959e+03,1.572125216820139030e+03,1.374892680265793615e+03,1.559830377099046700e+03,1.292665336544320326e+03,1.300364351553743063e+03,1.751882944751663672e+03,1.459912512594491773e+03,1.225568334516357709e+03,1.845968475473884837e+03,1.258376269013785077e+03,1.364000164037438935e+03,1.630869592327988585e+03,1.851776060276113185e+03,1.426664194529899305e+03,1.943441467731252260e+03,1.680051646457454581e+03,1.271623707014928641e+03,1.718034362208011999e+03,1.524931435876112801e+03,1.845317408936781931e+03,2.029179334522767022e+03,1.547401179698305896e+03,1.454701778145544949e+03,1.520591756962812042e+03,1.455137406540590518e+03,2.040796443381687368e+03,2.168750788724872564e+03,2.159974540817073375e+03,2.143946135187233722e+03,2.277702624707310406e+03,2.680001178407223961e+03,2.886671289388160858e+03,1.996256929612274917e+03,3.241228737077018650e+03,2.759237523460374632e+03,2.354796488126614804e+03,2.842096938896118445e+03,2.292439755149563098e+03,2.780879035290221509e+03,2.707426974345077269e+03,3.270101760226185434e+03,2.587430760858225767e+03,3.271404886663191519e+03,1.985059117356194747e+03,1.494271211994128407e+03,1.046281092639533881e+03,8.493123808524112519e+02,6.890172603282821910e+02,9.212575336633805136e+02,7.786498216511129158e+02,9.978780922905181114e+02,9.545654053812801294e+02,9.941058763063821289e+02,1.313485003833883638e+03,1.341418750181058158e+03,4.960854701693754691e+02,1.108499727915457697e+03,1.426853140860758458e+03,1.646141829704588645e+03,1.524305571893265778e+03,1.596448680049132236e+03,9.816323264832278710e+02,6.342024275231865431e+02,8.501753480791852553e+02,2.158971194446584434e+02,3.124338511983619798e-07,-1.188658665903243144e-06,-1.709801662154480277e-05,-1.044306447137761884e+00,2.310853403881768742e+00,-1.032555091522913671e+01,-9.224053603537774038e+00,-7.146426516649456495e+00,3.661754140012207870e+01,2.872254037297798135e+01,-6.704646068006775650e+00,-6.105015655274425690e+00,4.072896756140461605e+01,2.375637152663337659e+01,-1.262000781622472800e+02,-1.176477731141753935e+02,-1.464920150397331327e+02,-1.404682273973421900e+02,3.040983092215217454e+01,3.526727147868255230e+01,3.191659989224498872e+01,-1.668027100458102652e+01,-2.136058775724314884e+01,1.764842426503259176e+00,3.011764048959440832e+00,3.823744615000242320e+00,3.169517796702540302e+00,3.782668007247233621e+00,-1.324786042085579041e+00,-1.140955507382064749e+00,-1.785762350955800271e+00,4.977128775181905995e-01,-4.188413784136902490e-02,-4.701847366286179830e-02,-4.886419877808997891e-02,-5.096939897997000007e-02,-4.482504322239010824e-02,6.571917738811740989e-03,1.072767197078342873e-02,8.884900488575042665e-03,-2.175001939168736027e-03,-1.601152153565827373e-03,-2.678351096375489442e-03,-2.134766885865536923e-03,-2.588645497579143348e-03,6.700812069564627063e-04,6.121395189034770871e-04,8.017759214200504076e-04,1.081461760839211002e-03,-2.450902913458460485e-04,-2.296389414155773829e-04,-1.878191416916162430e-04,1.718439044415685083e-05,-1.943350766484828339e-06,-1.597178510347704385e-06,-9.804074251366121261e-07,-8.943270668268299273e-07,-1.184365483006717060e-06,2.801956413006111967e-07,5.952450351373818903e-07,-5.023942851161724549e-08,-6.862260934629546054e-08,-7.692551768101917968e-08,-6.686693921128644233e-08,-6.937102757376408930e-08,-6.015788840943385518e-08,-4.123487802820067072e-08,3.453742686014952472e-07,-6.892260588397124442e-08,-7.425487908320028439e-08,-1.371828449848824589e-07,-2.668531902812824514e-07,2.222512246821824302e-07,2.773511418963751460e-07,-2.831539326929365025e-06,-2.735190703960282025e-06,-2.745088532832801623e-06,4.426496328099030975e-07,4.113148017246232334e-07,5.508429395588405699e-07,8.904658376778693955e-07,-8.418386383369878317e-08,-6.061335769834155389e-08,-1.046166941840157155e-07,-4.405586604969735485e-09,-6.724619773420566261e-09,4.884030041727532669e-07,3.995349346586479851e-07,5.698794150688751848e-06,5.622003683777732565e-06,6.757673855091001232e-06,5.397841071802794773e-06,-3.228631930951849851e-05,7.980312250868451689e-06,-1.556467832297402411e-06,-1.424078449935727795e-06,2.111264279274546769e-08,2.730729264458562884e-08,-1.687656691230724956e-24
1.921895196037604155e-13,-1.692373081404426500e+02,1.442780291487147224e+03,1.184237949656214596e+03,1.192463467549049028e+03,1.578126461241474772e+03,1.584795525153615472e+03,1.493948974516180670e+03,1.293479483679746636e+03,1.201186315297739611e+03,1.251287026137971907e+03,1.050941478320758506e+03,1.140135556263865510e+03,1.270711461548318766e+03,1.083750694178161666e+03,1.273556259509502297e+03,1.367179406361224437e+03,1.363747113321596089e+03,1.466315206828601504e+03,1.486152292637877053e+03,1.397872806911215093e+03,1.369493726200189712e+03,1.248650846882479527e+03,1.495632526180552304e+03,1.550534893177794402e+03,2.031494199696099486e+03,1.166100193706093933e+03,1.399228036393340972e+03,2.030351190021526918e+03,2.036142146622153177e+03,2.340408793414499996e+03,2.491226184694935910e+03,1.802411428374735351e+03,1.677562915099023940e+03,1.593792981736154843e+03,1.195584461467857864e+03,1.287917168166001375e+03,1.570627533551013585e+03,1.586682713772088164e+03,1.713617654650870691e+03,1.670304635478365981e+03,1.299736165212258129e+03,1.373988629088302787e+03,1.041858945142659422e+03,1.266727966923425356e+03,1.402481278612729739e+03,1.248417346747252168e+03,1.347736634827163698e+03,1.507118217785572824e+03,1.531949225034183655e+03,1.723881156763354966e+03,1.718699854795374449e+03,1.363134167342793035e+03,1.407797007680152547e+03,1.705701331938128078e+03,1.322776359928516740e+03,1.439230879585064031e+03,1.819973139360389951e+03,1.589874401514584633e+03,1.328617090804214058e+03,2.012135004690937649e+03,1.595408533081889800e+03,1.531811745967640036e+03,1.722283656964468719e+03,1.586115605958690139e+03,1.530644474054694001e+03,1.753397440523720206e+03,2.061215062324550672e+03,1.327245626667900069e+03,1.903839606782290048e+03,1.473543705439794394e+03,1.378075439987435402e+03,1.604151216752599339e+03,1.233407047553149596e+03,1.343322312494387688e+03,1.686595027795411852e+03,1.464981493686927934e+03,1.414826999525024803e+03,1.643177691963559710e+03,1.488803620123369683e+03,1.560762300760141443e+03,1.365903015700818059e+03,1.609393198251385684e+03,1.639233098189475186e+03,1.489610027289126947e+03,1.918188173396104958e+03,2.297904492291683709e+03,1.762859679881201146e+03,2.028721969759351396e+03,1.700525864952873235e+03,1.528601557742412297e+03,1.240410517094240731e+03,1.531838195034066985e+03,1.494133905785673960e+03,1.113127571397470774e+03,1.821811420412389907e+03,1.439813626479448203e+03,1.352783545719849144e+03,1.449771559292332313e+03,1.588168936867931279e+03,1.217751474268220591e+03,1.901407080471444033e+03,2.079821440660330154e+03,1.750378731262895599e+03,1.933772634371831600e+03,1.649625961937483453e+03,1.488781344212035265e+03,1.707614835853067234e+03,1.808997414191375356e+03,1.691007700867956828e+03,2.112459573313834426e+03,1.494032526376467104e+03,1.566605034787292425e+03,1.423984820277659082e+03,1.745821517588486813e+03,2.038591041476411419e+03,3.307366336151286760e+03,2.300522964160457832e+03,2.625616122873170298e+03,2.851594918854283151e+03,2.561128042351662316e+03,2.774130391213799157e+03,2.152563130746218121e+03,3.352237034991878772e+03,2.576827074020631699e+03,2.439614288509944345e+03,3.491860018963545826e+03,2.541658760446042834e+03,2.138691037796711498e+03,3.235170268223116182e+03,3.893563434708659770e+03,2.615691495891845534e+03,3.472868803163039047e+03,2.006669806938459487e+03,1.588293636658370360e+03,1.561142642387162368e+03,1.206409518699921819e+03,8.381116257167058166e+02,1.020626252567625329e+03,1.012663962181874012e+03,8.483281316522178486e+02,1.080395532654857107e+03,4.386389277170662808e+02,8.845197893861652574e+02,5.731141926330475371e+02,-1.272232736151966606e+02,1.674264770385056863e+03,1.384278542744968036e+03,1.685564395538369808e+03,2.033708931710869820e+03,1.654443797353652144e+03,1.289686647984883621e+03,8.424686084543703828e+02,6.257691930902002468e+02,6.641822110807596573e+02,-1.020179911598243345e-06,3.881288075053664249e-06,5.582959164875069322e-05,3.409939514210043487e+00,-7.545553659120264989e+00,3.371568199002297916e+01,3.011899902571964915e+01,2.333499159304412629e+01,-1.195660542704919749e+02,-9.378676693488860394e+01,2.189246041595428593e+01,1.993450693984366495e+01,-1.329909589673264634e+02,-7.757089904495742871e+01,5.138143699201415302e+02,4.826982500852739690e+02,5.926806641503634410e+02,5.682013215481943007e+02,-9.929622130180533190e+01,-1.151570622810378524e+02,-1.042162244905121753e+02,5.446554061036993488e+01,6.974802505510730555e+01,-5.762681962734180097e+00,-9.834214148703082969e+00,-1.248554760020280163e+01,-1.034932227565019325e+01,-1.235142150314518616e+01,4.325780315886170513e+00,3.725524513653068137e+00,5.830991104385587320e+00,-1.625165498529738572e+00,1.367628985106361383e-01,1.535278764966644671e-01,1.595546620441792018e-01,1.664287030628752162e-01,1.463657401801308211e-01,-2.145906696557606588e-02,-3.502871465451397326e-02,-2.901157350780910263e-02,7.101962336996448834e-03,5.228189495210861307e-03,8.745531794321834834e-03,6.970584140020857043e-03,8.452619051304770953e-03,-2.187994138686934729e-03,-1.998799049301602619e-03,-2.618012560858713495e-03,-3.531261538698825513e-03,8.002852719142538891e-04,7.498324868916989147e-04,6.132796695209630786e-04,-5.611162524539491293e-05,6.345559377488740752e-06,5.215214488629228264e-06,3.201292138108613997e-06,2.920216773686238327e-06,3.867269680121302249e-06,-9.149136171658029636e-07,-1.943634046802495909e-06,1.640451544875841270e-07,2.240711505894436205e-07,2.511823642480752004e-07,2.183384186086212176e-07,2.265149360261754289e-07,1.964315755600290036e-07,1.346428917846604834e-07,-1.127739246390261619e-06,2.250507194226635456e-07,2.424620158217710026e-07,4.479386343614068771e-07,8.713469504350552637e-07,-7.257096182854200819e-07,-9.056255667633222161e-07,9.245732288065098368e-06,8.931128296581110416e-06,8.963447351844826369e-06,-1.445369295579898094e-06,-1.343052701651319159e-06,-1.798649343661018134e-06,-2.907608829069456346e-06,2.748828033497134744e-07,1.979188044572674716e-07,3.416014526405043063e-07,1.438541712419327604e-08,2.195767989968211054e-08,-1.594766275121795205e-06,-1.304588288939414431e-06,-1.860808521391724374e-05,-1.835734382650915821e-05,-2.206561030603222963e-05,-1.762539301812634230e-05,1.054234571506063750e-04,-2.605785127014639910e-05,5.082283249801314488e-06,4.649996551376491994e-06,-6.893841851278683686e-08,-8.916560504829112410e-08,-6.005340963654498542e-24
1.217302915553249392e-13,5.191361558829992191e+02,1.198321316016315222e+03,1.036875488753684294e+03,9.776343777416017247e+02,1.138212281849681858e+03,1.355602384121854129e+03,1.030187903225104037e+03,9.342157316620741767e+02,1.108272394975777388e+03,1.153014792796765278e+03,9.928776149515128964e+02,1.274503710821759341e+03,1.304539821287115046e+03,1.059606650548235166e+03,1.045171537585418491e+03,1.102096726836401558e+03,1.259743636518968515e+03,1.262792930552986491e+03,1.291981666644486040e+03,1.270229458420611309e+03,1.394689503412062095e+03,1.675530679083320365e+03,1.713413187097786476e+03,1.930569934225116867e+03,2.159861710547039365e+03,1.014553201902805199e+03,1.116054897806885947e+03,2.231548038578078376e+03,2.154715015085961113e+03,2.092452427815578631e+03,1.950349770954085670e+03,1.670948784522840469e+03,1.186391468702139719e+03,1.342590550001791371e+03,1.302663485889383992e+03,1.360080145483413162e+03,1.527680084154516635e+03,1.546213518341306099e+03,1.597056693361890666e+03,1.686504943946623825e+03,1.176373967562715734e+03,1.191664983040222978e+03,1.367455504255862024e+03,1.657234984185602116e+03,1.411976371637802004e+03,1.250019875015535945e+03,1.410371548496859532e+03,1.658381247553970297e+03,1.938055802257210189e+03,1.514294916108149891e+03,1.405263877958084549e+03,1.239720935863256045e+03,1.457252982343412668e+03,1.646972325720741992e+03,1.324610959100666605e+03,1.287839188984493148e+03,1.427851896907059427e+03,1.439191129005812854e+03,1.647126963690606772e+03,1.920955345912651410e+03,1.432106783614059395e+03,1.551305829713117419e+03,1.657934349855658638e+03,1.658191401404694261e+03,1.391043983658664729e+03,1.800799202317073195e+03,1.867528104041458619e+03,1.453062307402113447e+03,1.895162237512667161e+03,1.524455782252057588e+03,1.737831350897030234e+03,1.461181645107161330e+03,1.316218289503766300e+03,1.461080889177548670e+03,1.868703922015608214e+03,1.551194314977531121e+03,1.558925121622627330e+03,1.365034106115422219e+03,1.396072027547663538e+03,1.851569173206115011e+03,1.808849550435147421e+03,1.520769590821454358e+03,1.568374536186571504e+03,1.715541680270385314e+03,1.935742026521789057e+03,2.281397517967996919e+03,1.547421651711287041e+03,1.578736849657761240e+03,1.729755858695645429e+03,1.241116963195493781e+03,1.422799850638795760e+03,1.499984651572003941e+03,1.976866017739474728e+03,1.505454335811066358e+03,1.912850314464822077e+03,1.560305286562978608e+03,1.250780667192351984e+03,1.354533371358221075e+03,1.693244216652862633e+03,1.521777863352343957e+03,2.024092885030551770e+03,2.029888402938128820e+03,1.855723042557178132e+03,1.641967164240528746e+03,1.398464836779296320e+03,1.737773416399022381e+03,1.547627192042906699e+03,2.149249341985272622e+03,1.449973003248637951e+03,1.675016504296769881e+03,1.669342898936607071e+03,1.611445136302714900e+03,1.389191132051361365e+03,1.714480783513915867e+03,2.107575725245333615e+03,3.732588325911257471e+03,2.300527185068121980e+03,2.453499946568002997e+03,2.609849347934997695e+03,2.579289405578821516e+03,2.523428545132386262e+03,2.918888848359763415e+03,3.029057528931698016e+03,2.572449550072291913e+03,3.015065195931194921e+03,3.170017325517228528e+03,3.089206878831696031e+03,2.941713100858447888e+03,3.010810996995196092e+03,3.338274815451008180e+03,2.086027705332088772e+03,3.002987585370985926e+03,2.526007967776209171e+03,1.671587013429981425e+03,2.187105017130155829e+03,1.120645596942547172e+03,1.023624710618321728e+03,8.329527337524252744e+02,9.598782593014775557e+02,8.707272729287615221e+02,1.282554599501329221e+03,-7.943585047893282081e+01,-1.725257132269790077e+02,-1.050054173374354605e+02,3.610849009593734138e+01,2.162644718108323104e+03,1.484131041275500820e+03,1.517429389077650740e+03,2.165444743636559906e+03,1.156216083090000438e+03,9.008348348455876931e+02,9.756641183127730983e+02,6.628529797334811065e+02,3.081882404176071191e+02,2.841873736820352967e-06,-1.081194648378686389e-05,-1.555222247643595827e-04,-9.498929939074868045e+00,2.101934220851356372e+01,-9.392040525550189045e+01,-8.390127167597384528e+01,-6.500333784441832563e+01,3.720163646510551985e+02,2.922388248640992856e+02,-6.098493736282450328e+01,-5.553074592745193172e+01,4.139291622275079021e+02,2.459207698975600920e+02,1.211598679849175141e+03,1.216893694317146583e+03,1.312360254116884562e+03,1.255338689463769697e+03,3.101842348608559519e+02,3.589782958106446813e+02,3.269162059659639112e+02,-1.517224432268544945e+02,-1.942942391283989991e+02,1.605286897232942422e+01,2.739477073276770724e+01,3.478048258952353677e+01,2.882968651016741291e+01,3.440685297127296138e+01,-1.205015044436967209e+01,-1.037804224797068819e+01,-1.624315497243032169e+01,4.527157489335090546e+00,-3.809748489096863033e-01,-4.276763668268767082e-01,-4.444649384232656764e-01,-4.636136751568102898e-01,-4.077250947291309879e-01,5.977765083940062701e-02,9.757806699282638163e-02,8.081636141186533673e-02,-1.978364788816667358e-02,-1.456395502508497745e-02,-2.436207253765903386e-02,-1.941767298351147406e-02,-2.354611741218344545e-02,6.095006361222344606e-03,5.567973288817655922e-03,7.292891205718634098e-03,9.836891772674324214e-03,-2.229322161729911309e-03,-2.088777888682452708e-03,-1.708388254267368582e-03,1.563078743046584086e-04,-1.767656690091428491e-05,-1.452781107650045332e-05,-8.917709422024620554e-06,-8.134729201078782281e-06,-1.077289599827135876e-05,2.548637685081295526e-06,5.414302383030548930e-06,-4.569739207480534157e-07,-6.241858988839279841e-07,-6.997085050866038117e-07,-6.082164603591679623e-07,-6.309934526698267091e-07,-5.471914578810541938e-07,-3.750692323213295218e-07,3.141497392069675847e-06,-6.269146439770541469e-07,-6.754165848338854527e-07,-1.247804451390566140e-06,-2.427275791936322071e-06,2.021579793858287174e-06,2.522764340502568404e-06,-2.575546072702655076e-05,-2.487908117213815388e-05,-2.496911105107525115e-05,4.026306512942377311e-06,3.741287334953377593e-06,5.010424387060435775e-06,8.099607762093881234e-06,-7.657298552054568594e-07,-5.513343709853380463e-07,-9.515852853683427679e-07,-4.007287191976332487e-08,-6.116661662839891163e-08,4.442475607984702436e-06,3.634138583494461363e-06,5.183578682576220608e-05,5.113730673193934252e-05,6.146727397552831254e-05,4.909834110844252741e-05,-2.936738406166894215e-04,7.258829740130898689e-05,-1.415750992626632599e-05,-1.295330643678517178e-05,1.920389510824759397e-07,2.483850026662864835e-07,-9.983281122510396624e-23
3.951304766221547229e-14,1.326151715808425251e+03,1.028169393852302392e+03,1.332773168095658320e+03,1.466628071897735026e+03,1.150954276065418526e+03,1.016345503896495984e+03,1.134620509065949364e+03,1.069713966067817410e+03,9.390570781064712946e+02,7.928454180138091942e+02,9.139524477528582338e+02,1.138865370858117103e+03,1.074805825682755767e+03,1.117843718801150771e+03,1.037947662121937128e+03,1.016916011274192215e+03,1.253342956954877764e+03,1.247089047088818006e+03,1.193805800481716915e+03,1.360572063676892640e+03,1.228231564353516887e+03,1.880502325749851252e+03,2.097697293982738302e+03,2.081958923531127766e+03,2.399761928295527014e+03,2.455467882689445105e+03,2.066713072551623554e+03,2.484422483173022101e+03,2.311905988388451988e+03,1.703428774391543811e+03,1.331161837229042931e+03,1.394112464449416848e+03,1.090530553103659713e+03,1.174709240478093534e+03,1.601137424236043216e+03,1.682461599102067794e+03,1.493569112087034455e+03,1.536035890797654474e+03,1.350338961797501725e+03,1.093425098916089610e+03,1.277929944742351381e+03,1.263671382354953948e+03,1.747971552078282230e+03,1.894805472608958553e+03,1.316099142741083142e+03,1.414923103550497217e+03,1.319502229498144516e+03,1.731232994255494532e+03,1.703341353721020141e+03,1.344193719488183888e+03,1.457274309043680660e+03,1.418533486061816348e+03,1.815075515981953004e+03,1.304482835816878605e+03,1.185390479209288515e+03,1.435328477134420154e+03,1.433506906715885862e+03,1.671620617702521486e+03,1.774478839157490484e+03,1.427349460949912554e+03,1.657015728683322095e+03,1.312852413006429970e+03,1.449337155765527768e+03,1.355000855180818007e+03,1.212299738607071959e+03,1.655366915203193230e+03,1.596940305620477147e+03,1.550077085087670639e+03,1.805175684964026459e+03,1.610511169417847441e+03,1.459455370649734732e+03,1.641356605695018061e+03,1.686609368305680846e+03,1.399223535127572177e+03,1.439805906526198441e+03,1.536968834316987795e+03,2.074084034499288009e+03,1.207490925253025580e+03,1.639702901990699047e+03,1.775183240443180694e+03,1.593657661738795241e+03,1.684255997191829238e+03,1.319015522875461329e+03,1.568807262141486262e+03,1.615110974947384875e+03,1.259136113884970428e+03,1.695641566455351267e+03,1.537446196547661657e+03,1.910367272855095280e+03,1.283972972415221648e+03,1.306064319420762558e+03,1.529887448130063603e+03,2.091167822000416436e+03,1.849827232835674749e+03,1.911419095521598365e+03,1.412926317540318450e+03,1.677006160701154386e+03,1.534876587547309327e+03,1.552553874593082810e+03,1.604445999656747745e+03,1.704822817387472469e+03,1.947132398607635878e+03,1.383065370622549835e+03,1.637975916977848101e+03,1.433413388385387861e+03,1.128681765832593555e+03,1.429843031451069237e+03,1.430275859112561193e+03,1.574808980936139960e+03,1.707708203782555302e+03,1.761246659162378364e+03,1.627496385044854378e+03,1.337656392807451766e+03,1.904183035484307993e+03,1.653983123231578702e+03,2.162030619305506207e+03,2.185402077878040473e+03,2.088045845990625367e+03,2.611193821207279143e+03,2.744637065099842857e+03,3.056559775782531688e+03,2.807015218639768591e+03,2.388881502282753900e+03,2.731217069501159585e+03,3.192508810610989258e+03,2.898075420982560900e+03,3.478622978702454930e+03,3.197192050122876481e+03,2.398318689702943175e+03,2.321406462188071600e+03,2.071842235850402631e+03,2.379413082563017724e+03,2.824044410431491087e+03,2.490715006550546150e+03,2.124483222311812824e+03,1.299354303899649040e+03,8.675733542739690165e+02,7.762762028448307774e+02,7.307498085607471694e+02,1.070964946222129356e+03,8.625510425751599541e+02,1.456831004899687976e+01,3.811021736645309943e+01,2.350326779580524317e+01,-1.205335973907242497e+01,1.560723677789822659e+03,1.711712291867921522e+03,1.318483317592839285e+03,1.108520623469289603e+03,1.144512601177274291e+03,6.753243194119079362e+02,7.510053232106444057e+02,7.692108611735287695e+02,6.031903334707437381e+01,-6.267419993583857603e-06,2.384448310270751396e-05,3.429860723698266423e-04,2.094877871181973106e+01,-4.635570021238066829e+01,2.168002623267469460e+02,1.937758128024533448e+02,1.502037615937884709e+02,1.205508847922112409e+03,9.678488791736630219e+02,1.406959241450308014e+02,1.283258468143038158e+02,1.347691875376251801e+03,1.012934348516132559e+03,9.408025185054814301e+02,8.919612677324810193e+02,7.973888754460137989e+02,7.387329160392411040e+02,1.063620562265209173e+03,1.195278002392743019e+03,1.185702042074520250e+03,3.490797463271983929e+02,4.461937068244764646e+02,-3.540272451192726066e+01,-6.041596196862559509e+01,-7.670428542282616036e+01,-6.358050084654605882e+01,-7.588028901027078632e+01,2.657519707191589475e+01,2.288755806275881000e+01,3.582237802381111891e+01,-9.984116215818186646e+00,8.401954594640664853e-01,9.431901936739464087e-01,9.802154242542400198e-01,1.022445722931545120e+00,8.991899971385806101e-01,-1.318326156081733314e-01,-2.151970112076565522e-01,-1.782310304813660429e-01,4.363052095130279945e-02,3.211909898759759963e-02,5.372770089116210568e-02,4.282340611406589004e-02,5.192820731957066560e-02,-1.344182348194222602e-02,-1.227951369774229334e-02,-1.608361836731848210e-02,-2.169411399805994123e-02,4.916509221878093486e-03,4.606555269783620815e-03,3.767650432423835013e-03,-3.447187305017785221e-04,3.898360033888129112e-05,3.203938773743307197e-05,1.966696485778038057e-05,1.794019358043339520e-05,2.375836181556408700e-05,-5.620722252276407250e-06,-1.194061049281008539e-05,1.007802521360208223e-06,1.376568977203257512e-06,1.543125249881045025e-06,1.341350248783013698e-06,1.391582240670225934e-06,1.206766745061881471e-06,8.271713129696873507e-07,-6.928204978068921442e-06,1.382586905273422808e-06,1.489552261647286528e-06,2.751886738344599505e-06,5.353072794932444183e-06,-4.458357733076194262e-06,-5.563661617700634083e-06,5.680065553194204079e-05,5.486790295026462260e-05,5.506645331576916322e-05,-8.879547981359581316e-06,-8.250971528368312288e-06,-1.104990482191688552e-05,-1.786273735556865151e-05,1.688727613806905322e-06,1.215903455238774367e-06,2.098610022019674296e-06,8.837603094017374861e-08,1.348958171623111171e-07,-9.797360233335096030e-06,-8.014667492233969057e-06,-1.143177636355650027e-04,-1.127773475030157644e-04,-1.355588817678497684e-04,-1.082806473566198747e-04,6.476632989176902243e-04,-1.600849978977610946e-04,3.122273187169436560e-05,2.856700195401492168e-05,-4.235194401979739437e-07,-5.477840651067655129e-07,1.950558534639709247e-22
5.590901375422753182e-14,-7.330540445904421176e+01,1.031214365569721622e+03,1.226748975856331299e+03,1.134175855936155358e+03,1.051608347051429746e+03,1.172241923149951390e+03,1.107859167934347397e+03,9.679332821926929000e+02,1.238655404614101144e+03,1.158181003864895729e+03,1.070017356343763595e+03,1.083341957343987588e+03,1.180269393141892351e+03,1.228283181821076369e+03,9.901294425972052977e+02,9.646660760196507454e+02,1.112251634645250988e+03,1.130663423124549809e+03,1.141278570104829669e+03,1.361147794591276806e+03,1.621173612440399666e+03,1.744936441850833262e+03,2.040857988259483363e+03,1.690140503555406440e+03,1.985114315846208001e+03,2.317380082317354663e+03,1.790728460345286749e+03,1.680698700564361843e+03,1.778108554200137405e+03,1.732474467386677816e+03,1.456636520217923362e+03,1.278278982388162603e+03,1.315094729691569910e+03,1.250910960498517852e+03,1.188855089634414071e+03,1.364539918963020455e+03,1.676791658415050961e+03,1.680254944833039417e+03,1.557458338667799808e+03,1.291785265180614715e+03,1.148292732071102591e+03,1.286175248787885721e+03,1.461800383510527354e+03,1.409652863941783153e+03,1.320600626125167082e+03,1.474136688618001699e+03,1.280919856896100782e+03,1.528765969723069929e+03,1.235635488841492133e+03,1.436241550115342307e+03,1.750802094006259722e+03,1.930059473141040144e+03,1.867830214053768486e+03,1.357115234496646508e+03,1.374454562970712232e+03,1.395599476876806193e+03,1.675094741011402675e+03,1.926705804132873709e+03,1.300073143464787108e+03,1.297395824632671292e+03,1.344104667555021706e+03,1.333049535238468025e+03,1.727640336383331487e+03,1.484940086618383930e+03,1.286283322975854162e+03,1.416548725432045330e+03,1.641011502074506097e+03,1.414340948737552026e+03,1.537557408278614048e+03,1.504754486932299869e+03,1.277379832533275248e+03,1.432442509172566815e+03,1.966705577767353589e+03,1.518500482908952563e+03,2.291766672044645929e+03,2.125888607586432045e+03,1.477055516526103702e+03,1.415461243993533344e+03,1.394540935476272807e+03,1.586307960924044210e+03,1.979714419815158863e+03,1.977554974817856419e+03,1.320955222849514939e+03,1.561547029231135184e+03,1.488665891509216863e+03,1.238325131322521884e+03,1.677240335238207308e+03,1.469973117235065274e+03,1.172115511105629366e+03,1.545975673220642875e+03,1.246466843144142103e+03,1.660386131690143657e+03,1.757277077856877895e+03,1.380506155474675325e+03,1.635615787435813218e+03,2.100188309595525880e+03,2.180958688953994624e+03,1.469150449698388002e+03,1.563865466377185840e+03,1.186252339580949638e+03,1.955054069575438007e+03,2.027828660994131496e+03,1.285380289582321211e+03,1.750210247733841243e+03,1.919266615919950709e+03,1.567710882526243722e+03,1.269444185942836612e+03,1.357390028742628601e+03,1.611068108712189996e+03,1.469872607802339189e+03,1.799968740201780065e+03,1.703321549892001258e+03,1.263036144690635638e+03,1.485118398118195728e+03,2.499332745140891348e+03,2.412595256008624801e+03,3.132434445058620895e+03,2.831862524544109874e+03,3.680365473704015130e+03,3.373824610854119783e+03,3.527036024257879035e+03,3.117387673446740791e+03,2.405072837868543957e+03,2.445685327083114316e+03,2.941623702676746234e+03,3.141318897866019142e+03,2.508479033195579632e+03,3.590389423089110096e+03,1.736773966687539314e+03,2.979780525687249337e+03,2.369584951927317888e+03,2.440309491359706499e+03,2.297489466837033888e+03,2.558312300687157403e+03,1.648346084458164796e+03,2.750481232389429351e+03,1.459484472772301842e+03,1.548635872450767692e+03,9.389084664343189388e+02,7.700993235461926361e+02,8.830757153466464615e+02,1.402208617092294052e+00,-5.541191054841367425e+00,-3.781369638819672030e+00,6.571122870915268699e+00,1.670451876940054944e+03,1.746197997405493879e+03,1.072508567951691703e+03,1.296016641230523646e+03,1.727444794571680404e+03,1.099212326824593902e+03,5.998449136770261703e+02,5.891862757837820936e+02,6.632813037940958338e+02,7.576516108383816669e-06,-2.882495678026957212e-05,-4.146266736470025169e-04,-2.532441732660450739e+01,5.642324100946515131e+01,1.319451048432152447e+03,1.195372184547940833e+03,9.382214288999173277e+02,7.547704916808131657e+02,7.116361284417826027e+02,8.440902181259406234e+02,8.032283044860605514e+02,7.933704831625007046e+02,1.010499720908597510e+03,9.241420890259963699e+02,6.970433447129015576e+02,7.121046244368197904e+02,6.409676067562432991e+02,7.768628861881940111e+02,7.810750741021898875e+02,1.053791380947916878e+03,1.945026620118770779e+03,2.355194732733506044e+03,4.312425918708820660e+01,7.352495331926883182e+01,9.332664195292552733e+01,7.739462378885403382e+01,9.236759759508075263e+01,-3.212604373954449954e+01,-2.766815574032338176e+01,-4.330471304250945508e+01,1.206953059960682850e+01,-1.015689780492122551e+00,-1.140197355251225231e+00,-1.184956164522533495e+00,-1.236007241162518033e+00,-1.087006696509602355e+00,1.593689169591324672e-01,2.601459013066887427e-01,2.154587175964700063e-01,-5.274376783237198774e-02,-3.882791823360621369e-02,-6.494997813877731452e-02,-5.176806832979683609e-02,-6.277461857197803863e-02,1.624946027498933368e-02,1.484437511738702191e-02,1.944305533314958159e-02,2.622543318517308458e-02,-5.943436275580664049e-03,-5.568741247156776264e-03,-4.554611665148262066e-03,4.167212376251247605e-04,-4.712623000396615208e-05,-3.873155743889994314e-05,-2.377486690071749768e-05,-2.168741936705975958e-05,-2.872084706658054347e-05,6.794740540806256385e-06,1.443468411281380301e-05,-1.218305467102495727e-06,-1.664097355607820592e-06,-1.865442771284786453e-06,-1.621522378398128065e-06,-1.682246487578804646e-06,-1.458827986500827918e-06,-9.999452387370340075e-07,8.375321378037333327e-06,-1.671372267619958748e-06,-1.800679821132490499e-06,-3.326682149640873381e-06,-6.471186282667411119e-06,5.389589215528485435e-06,6.725761468431865287e-06,-6.866479067364502471e-05,-6.632833785981798235e-05,-6.656836007712988682e-05,1.073424765447941550e-05,9.974378421231675502e-06,1.335793389099082987e-05,2.159378461202218159e-05,-2.041457568067102886e-06,-1.469873110643620074e-06,-2.536953429816651954e-06,-1.068354160395570246e-07,-1.630719392488627895e-07,1.184376629593539058e-05,9.688716802988958239e-06,1.381956816660515953e-04,1.363335138741265029e-04,1.638735002857203023e-04,1.308975735424021739e-04,-7.829428099148777985e-04,1.935224649732991838e-04,-3.774432404259143504e-05,-3.453388329722642091e-05,5.119813043541317447e-07,6.622014801178201214e-07,-1.961790681900644078e-22
1.802681585306364530e-13,-2.187806872021640103e+01,1.642430089328499207e+03,1.272809899002742441e+03,9.745433234891179382e+02,1.164516894221807206e+03,1.206627009189908676e+03,1.032829088150991083e+03,1.036273488910179594e+03,9.607026530497316799e+02,9.095236309998143724e+02,1.018407269871021072e+03,1.204871457157967143e+03,1.042231370975021491e+03,9.232157992069890042e+02,1.084945238707101907e+03,1.144838593824051031e+03,9.488802816521009618e+02,8.737319448792821959e+02,1.003661829194601978e+03,1.003289076294047391e+03,9.096052750693727376e+02,1.119632757957884905e+03,1.785912095735173580e+03,1.975588080972599300e+03,2.174410337267556770e+03,2.064956823573735164e+03,2.052487704735518037e+03,2.069431548632710928e+03,1.852272404343327935e+03,1.413632642512160828e+03,1.193148375231693990e+03,1.248479052126057695e+03,1.211443245734831862e+03,1.352854596086227048e+03,1.452648802589140132e+03,1.343289986240275994e+03,1.548735569237910113e+03,1.495777532666409343e+03,1.306465334338657840e+03,1.379042583716992795e+03,1.287621260117166912e+03,1.717419913575745340e+03,1.659366872868360815e+03,1.922941428274181362e+03,1.355277094648879256e+03,1.359699561883551041e+03,1.688372346634342193e+03,1.853368841420985746e+03,1.674082101573544151e+03,1.720895200818566309e+03,1.591127140678025171e+03,1.421211832900299441e+03,1.525780476267488893e+03,1.718193136549399696e+03,1.596549739193949335e+03,1.264704667724977980e+03,1.253786165351742056e+03,1.238977134700923898e+03,1.258934844487336250e+03,1.094367711426683627e+03,1.334212681809178093e+03,1.724569112838160436e+03,1.720429820248292572e+03,1.607753953759729711e+03,1.824777885965083669e+03,1.673996479573871966e+03,1.505882637369874146e+03,1.336036324933284277e+03,1.708259072071398350e+03,1.506219659076778726e+03,1.623452455705508328e+03,1.507548471536982106e+03,1.558456521234674710e+03,1.757229579520914967e+03,2.367110875443540408e+03,1.626292874936496673e+03,1.324283839656235614e+03,1.959157194114239473e+03,1.691805655921344396e+03,1.443492699786191679e+03,1.513575436051723273e+03,1.498109768859712858e+03,1.632956880328770239e+03,1.469280899960695706e+03,1.703241897386969185e+03,1.658357368276855141e+03,1.390771324933022925e+03,1.372086495226051056e+03,1.437647732363882369e+03,1.534037476644704611e+03,1.405665556661083883e+03,1.709421515148216713e+03,1.606244860379817510e+03,1.795422497986981625e+03,1.767039383748689033e+03,1.555258310504017345e+03,2.436700132245898203e+03,1.741818945282453114e+03,1.701080216312886250e+03,1.256828024226537536e+03,1.710196557513281277e+03,1.477594828277869510e+03,1.461075276319329532e+03,1.584569489734403987e+03,1.413996206290114287e+03,2.076285580468630997e+03,1.154930570761629497e+03,1.156870279883412877e+03,1.481138406894842319e+03,1.439805606657867884e+03,1.503431375772550837e+03,1.548476605982747060e+03,1.367946412279852666e+03,1.657741091629240600e+03,1.463925543590884445e+03,2.932714639049248945e+03,2.462426140136409686e+03,2.020669439157953320e+03,3.331286638377253894e+03,2.354011640157711099e+03,2.147161325890187527e+03,2.269926654248017257e+03,2.698672626567776661e+03,2.809023833099138756e+03,2.910308247765855413e+03,3.114437299622619321e+03,2.730772645931328498e+03,2.457810501053815187e+03,1.818338828102699836e+03,2.630356072566644798e+03,2.836117899836388915e+03,2.267088517177196081e+03,3.071355069830259254e+03,2.839051994847200149e+03,1.988707427196668050e+03,2.485064838716453323e+03,1.951000938284536687e+03,2.543761805055064087e+03,1.236948885240611162e+03,1.209647860054218654e+03,1.561042517946541921e+03,7.871078003316743121e+00,-3.354901010317703935e+00,-3.015515050854216117e+00,1.358996932013087289e+01,1.593306388825720205e+03,2.040085442708223127e+03,1.307539615329542357e+03,1.755138370384349855e+03,1.238722372182288154e+03,1.027992956710699900e+03,5.820785921780168337e+02,8.817748322427790981e+02,6.775505862412405804e+02,1.788217871608025378e-05,-6.803298781527022997e-05,-9.786065466290269025e-04,-5.977097510637168654e+01,1.051274593933267397e+03,1.039760687195301216e+03,7.907115186380674459e+02,8.043905687364025425e+02,8.364823386666084843e+02,8.511499909889794253e+02,6.875015942347940836e+02,7.533551905647707372e+02,7.345118060220133884e+02,7.067076136687461485e+02,7.271982093513673817e+02,1.015361110438238029e+03,7.514217925505962512e+02,7.266814718369009825e+02,7.774287380892826604e+02,7.591826856224753328e+02,1.021426673148186524e+03,9.968501672101897384e+02,8.024034587360696378e+02,8.810705343468126785e+02,1.341118429519545771e+03,1.652908981154529556e+03,1.455500657639439851e+03,1.739010946678931305e+03,-7.582425040063027666e+01,-6.530269291750836658e+01,-1.022082716403981379e+02,2.848664210950343545e+01,-2.397242463770835830e+00,-2.691106644553525218e+00,-2.796746890496544680e+00,-2.917238216778565985e+00,-2.565565452488384857e+00,3.761443134285482048e-01,6.139992873475336177e-01,5.085280928608069129e-01,-1.244864351059733754e-01,-9.164209009203976020e-02,-1.532956701994436233e-01,-1.221835781467159876e-01,-1.481613620399437614e-01,3.835215922492420798e-02,3.503586140475069277e-02,4.588971826367029688e-02,6.189756288757884001e-02,-1.402776526277020423e-02,-1.314340583496699175e-02,-1.074984576923597619e-02,9.835501602724267597e-04,-1.112278590301476989e-04,-9.141465825867058320e-05,-5.611370873229171581e-05,-5.118689154392387896e-05,-6.778726684649317817e-05,1.603702318126490708e-05,3.406890407973751255e-05,-2.875458290194886120e-06,-3.927621328215968587e-06,-4.402839046870721055e-06,-3.827135387310177429e-06,-3.970457113981524947e-06,-3.443142250464184076e-06,-2.360082018925543011e-06,1.976752788182127200e-05,-3.944791657513983434e-06,-4.249984802232228163e-06,-7.851672691561028750e-06,-1.527336677569545516e-05,1.272056919139846501e-05,1.587421799745462582e-05,-1.620634125993113215e-04,-1.565488903431269761e-04,-1.571153934847745919e-04,2.533509225768013027e-05,2.354164033186481294e-05,3.152754607436503240e-05,5.096589374009429251e-05,-4.818271153408331673e-06,-3.469211076912244438e-06,-5.987746069098863575e-06,-2.521541526592502077e-07,-3.848842283589997480e-07,2.795379065627465881e-05,2.286741856191736093e-05,3.261710049293814928e-04,3.217758955256947795e-04,3.867760817494424728e-04,3.089459279076124318e-04,-1.847910441436769217e-03,4.567539022621849507e-04,-8.908457887346995412e-05,-8.150726045398107268e-05,1.208384043068575126e-06,1.562935394448084623e-06,-4.010322174415725024e-22
1.319667082134509471e-13,5.241276696399623347e+01,1.187251008360373135e+03,1.222513971365149473e+03,1.075443242951260800e+03,9.387678603128559871e+02,9.524277781322078908e+02,9.117356679189854276e+02,9.730082051715738771e+02,1.069085292809086013e+03,1.098071919133918982e+03,1.157837722088676173e+03,9.189558674970309085e+02,1.014358709803281272e+03,1.339411330455710640e+03,1.261406262597923160e+03,1.034512569406494322e+03,1.065622942266949167e+03,1.237491751711301958e+03,1.393902355912288840e+03,1.185126055017193039e+03,1.052546552487089457e+03,1.396855904662401144e+03,1.549847366875613034e+03,1.794911855555163129e+03,2.236344923317894882e+03,2.209553873086835665e+03,1.817703002054763829e+03,1.685489554440686561e+03,1.480695697841135825e+03,1.377083384953642280e+03,1.255595566512576397e+03,1.168856205950589583e+03,1.281303029570453646e+03,1.355539505170394250e+03,1.310274380527581798e+03,1.137184070923262425e+03,1.374983026927979381e+03,1.525649305697559612e+03,1.141376674425033116e+03,1.461666756588646422e+03,1.724128819459760734e+03,1.611626503750936081e+03,1.451846472430891026e+03,1.470625469176989100e+03,1.757445872093348953e+03,1.706241170293547839e+03,1.593705820343845517e+03,1.512029775007083799e+03,1.511318086755118202e+03,1.496572951977537286e+03,1.915088579233786049e+03,1.774603648161744104e+03,1.609370823182003051e+03,1.609082961504853074e+03,1.233490062071219427e+03,1.469451685723927540e+03,1.651884439908573086e+03,1.523598016863025350e+03,1.460409778973785933e+03,1.733046122506480970e+03,1.911212047102955921e+03,1.685044072086068127e+03,1.236894989047102627e+03,1.330247759643463269e+03,1.619591640131497115e+03,1.667408841914711957e+03,1.531771887595544285e+03,1.380208744689332207e+03,1.513802363698978297e+03,1.610235812353720576e+03,1.495969429001480421e+03,1.728517323311085192e+03,1.170585878896489703e+03,1.227767715077980711e+03,1.696242733763478554e+03,1.904131115612908388e+03,1.322974704211549579e+03,1.373110172334442950e+03,1.790561202331867207e+03,1.311759718429088707e+03,1.225506121970487129e+03,1.222992020840138139e+03,1.625552833378265859e+03,1.475886510743832332e+03,1.607795741058269414e+03,1.690946355423043542e+03,1.585871162888127401e+03,1.203260558321108647e+03,2.022462468851126232e+03,1.773074781789162444e+03,1.729438659118192618e+03,1.942505069404827964e+03,1.338360425685712698e+03,1.812383245755973121e+03,1.345301188330598961e+03,1.481178015925856243e+03,1.950745456827245789e+03,1.602872789591044921e+03,1.935761297258819468e+03,1.401938018761208923e+03,1.326657350423875414e+03,1.633080297235469970e+03,1.340907542761670356e+03,1.755569908190969727e+03,1.787362489017198868e+03,1.734266728195244241e+03,1.885902873467829295e+03,1.621433782434408158e+03,1.542614567723156824e+03,1.767069944810921243e+03,1.863128765076366790e+03,1.673532984478591061e+03,1.447972620479023135e+03,1.720586102048174553e+03,1.471591968204924115e+02,4.321851810345849572e+02,2.990115935968070971e+03,3.751569827094697303e+03,2.932363522278567871e+03,2.262385372715381891e+03,1.984087781400407493e+03,3.170948268332656426e+03,2.635107295786550367e+03,2.104058468740215631e+03,3.267189630901409146e+03,2.386153051831296125e+03,2.319363597961827963e+03,2.751667185770957531e+03,3.360678370343760434e+03,2.681344190986532340e+03,2.224064874581915319e+03,1.668191639889139651e+03,3.885552669560567210e+03,3.042754601953881320e+03,2.637898936410457281e+03,2.933093459982924742e+03,1.940145206505995020e+03,2.438527302234066156e+03,1.542080359626318568e+03,8.528277679583563895e+02,9.152279639477895898e+02,-8.068911126181346560e+01,2.215115230016538206e+01,2.287992289508402521e+01,-1.290389774747602019e+02,1.311766300246812307e+03,1.485231970748194271e+03,1.249176923089196407e+03,1.632310285433901981e+03,1.076950188266959231e+03,8.682156535061193381e+02,8.210759932958283116e+02,8.887802206057849617e+02,7.945460933223295115e+02,-1.724437435539375666e-04,6.560645260468206180e-04,9.437025497341187258e-03,1.367384348387885893e+03,9.953858344806794776e+02,9.216048320931023454e+02,1.862086337944323233e+01,7.190795678539690243e+02,8.017946234017991856e+02,5.449792422042254429e+02,8.040092498606501294e+02,8.805639851352013920e+02,8.359592959907133718e+02,8.881491242400746842e+02,7.924408771854162978e+02,8.013519779052443255e+02,9.877383783213588231e+02,8.966049209061022793e+02,8.347121152018968360e+02,8.641344277170080659e+02,6.028187604599044107e+02,8.477059586885112594e+02,7.513025152698339753e+02,1.127443344673168212e+03,1.145017251195524523e+03,1.221843550824699150e+03,1.367054921336941334e+03,1.647012352861267345e+03,1.897384575118683642e+03,1.677302478114981795e+03,2.590411401488963293e+03,-2.747060795872488939e+02,2.311739925369704096e+01,2.595122841206577746e+01,2.696995212467762926e+01,2.813188970018995505e+01,2.474059331627748293e+01,-3.627283598529939646e+00,-5.920997513439319349e+00,-4.903904019742949316e+00,1.200463726763573380e+00,8.837348816892406367e-01,1.478280676827838258e+00,1.178256518041104872e+00,1.428768850882625063e+00,-3.698425129885739016e-01,-3.378623599954033163e-01,-4.425296793183867705e-01,-5.968986015090697039e-01,1.352743642403612112e-01,1.267461947767941077e-01,1.036643061011823796e-01,-9.484698391872293036e-03,1.072606907391920970e-03,8.815416815543072491e-04,5.411229894240879084e-04,4.936120673063820827e-04,6.536949581404847241e-04,-1.546503006370634938e-04,-3.285376717832426971e-04,2.772899209670501611e-05,3.787534708478419140e-05,4.245802818634132153e-05,3.690632803460072595e-05,3.828842668639051487e-05,3.320335564473876356e-05,2.275904883528233506e-05,-1.906247871080302798e-04,3.804092622986402828e-05,4.098400432169985083e-05,7.571626782159170468e-05,1.472861102028489883e-04,-1.226686416480670208e-04,-1.530803165859724081e-04,1.562830906800187318e-03,1.509652550995037789e-03,1.515115527519884367e-03,-2.443146455568640744e-04,-2.270197974812261730e-04,-3.040305188587261675e-04,-4.914809126390808211e-04,4.646417692380681668e-05,3.345474593094581098e-05,5.774180901642187629e-05,2.431605608776094947e-06,3.711565479042242373e-06,-2.695676173860463284e-04,-2.205180547176289519e-04,-3.145374512543604173e-03,-3.102991023854325889e-03,-3.729809244876232735e-03,-2.979267417117983669e-03,1.782000949231169612e-02,-4.404628434067480586e-03,8.590719580054618403e-04,7.860013788617163438e-04,-1.165284563309118425e-05,-1.507190118114167347e-05,8.341139360559278108e-21
1.410609518085948663e-13,-1.726165986429297732e+02,1.153034881829630649e+03,1.005287083033896351e+03,7.514539840644293918e+02,8.152125722113206621e+02,1.024786965026533835e+03,9.479240988130570713e+02,9.837143546908813505e+02,1.047722005061934169e+03,1.118072257318827269e+03,1.235972109986323630e+03,1.116574629249806321e+03,1.169143439137444830e+03,1.367310454257126594e+03,1.411841818260330001e+03,1.169328982319162833e+03,1.208095575809287993e+03,1.110285701010466255e+03,1.047107842041745016e+03,1.186520050158628464e+03,1.589896643603615757e+03,1.488889732789683194e+03,1.333274922135643010e+03,1.838710079185875202e+03,1.985714519587814038e+03,2.013885420929855172e+03,1.866281361346731728e+03,1.492536877875936170e+03,1.390409506364944491e+03,1.360102391987818919e+03,1.445597441671129218e+03,1.543729603881727598e+03,1.636674553856609919e+03,1.897365063837260550e+03,1.549985765966497638e+03,1.190282923800178423e+03,1.494840488522368787e+03,1.759712457490447150e+03,1.398732113589477194e+03,1.528298631271070235e+03,1.651870982976148980e+03,1.302677313973515311e+03,1.374415194789550924e+03,1.670468074455030091e+03,1.705721337775208212e+03,1.467140365926599770e+03,1.522270451244121205e+03,1.054403062085130159e+03,1.087144685088687993e+03,1.310501673526688819e+03,1.554945502237947494e+03,1.655701203369196946e+03,1.608118787186208237e+03,1.590483356345712991e+03,1.739781129499511962e+03,2.018458873430380436e+03,1.608689536304011881e+03,1.801787182768746561e+03,1.870879074625733892e+03,1.274132654172024104e+03,1.622956389262430775e+03,1.578627470125693435e+03,1.347591908512593818e+03,1.270391080785821487e+03,1.481605068346370444e+03,1.768746483655939073e+03,1.734601907998222032e+03,1.462425893075273734e+03,1.469939424170134998e+03,1.565368755078691947e+03,1.374346623636014101e+03,1.926875566643384218e+03,2.028665418954484721e+03,1.261154342025786718e+03,1.502730806785824370e+03,1.824010637228453334e+03,1.526857736212944701e+03,1.013764139944910539e+03,1.419535269452480406e+03,1.273662165511502280e+03,1.483620080917135965e+03,1.751460434599939390e+03,1.549602269898313125e+03,1.436158443446775891e+03,1.705519764663786191e+03,1.473800047780416662e+03,1.643840553160861191e+03,1.296805814725530354e+03,1.359402868156322938e+03,1.842576272301851304e+03,1.544060344727542542e+03,1.339284862462729734e+03,1.119814781565759176e+03,1.503919442486544995e+03,1.817590181025359243e+03,1.575196838889257378e+03,1.537921059993568633e+03,1.458839309599918579e+03,1.464134137186549196e+03,1.165589595453107449e+03,1.086795903722782896e+03,1.674854815978607576e+03,1.633995644857697698e+03,1.855361904901679736e+03,1.859625781496954460e+03,1.807633050276796666e+03,1.796020326845387444e+03,1.479944780140951707e+03,1.943627864995253276e+03,1.732019184111141158e+03,1.967827901440960886e+03,4.311898621343241871e+02,3.589938884498859579e+02,4.172905952368964790e+02,-7.617808355679164833e+01,-2.023494702035657156e+02,5.255448331995754643e+02,2.845715493168632747e+03,2.272775766576511614e+03,2.800206018752023283e+03,2.489176819674068156e+03,2.987867335232240293e+03,2.056518984365249707e+03,1.875363341667649593e+03,3.501007004443918504e+03,2.381959379576219362e+03,2.198864977552955679e+03,3.614333060388080867e+03,3.395718107839361437e+03,2.634098683947053814e+03,2.320280308509335100e+03,2.811394263576324192e+03,2.869548770865608731e+03,2.721430431655977827e+03,2.254883505329212312e+03,2.853731609558448326e+03,3.055297720596341151e+03,2.266026003088878042e+03,1.957205176126236665e+03,2.262149837226445925e+03,1.275221963379495719e+03,7.517329939905564515e+02,-1.011664815679118874e+02,-1.066487407171478310e+02,1.109993203915427785e+03,9.519906320523750765e+02,1.406210269519688836e+03,1.363599117461300466e+03,1.601315738262322611e+03,9.856440812369758078e+02,7.177321301459940059e+02,8.605696729411179149e+02,1.085671325662512118e+03,1.121585262478087998e+03,8.270058809855612095e-04,-3.146354923026148213e-03,-4.525809651210586232e-02,3.718614783304893763e+02,8.766257812962378466e+02,7.889399475030073745e+02,4.975334671463123186e+02,7.725636991352265568e+02,6.332774928525582254e+02,4.821153475335250391e+02,5.678310293357135379e+02,7.908270436552867295e+02,7.547710130541161107e+02,7.853156573774566596e+02,8.360435215926009960e+02,5.735427510737199555e+02,8.212533590653038118e+02,6.776539559090774674e+02,7.738893054198969139e+02,9.461495896625566502e+02,7.410808047405369052e+02,7.615457503552573826e+02,8.516762887072458170e+02,9.333249919993105550e+02,8.967267752025647951e+02,9.469172386007753630e+02,8.053166154978115401e+02,9.828398377889963058e+02,1.439251227832892710e+03,1.520197616229392679e+03,2.146554162497493962e+03,2.283290659071038590e+03,-1.108664469374389370e+02,-1.244569277077102072e+02,-1.293425239284931365e+02,-1.349149453391563043e+02,-1.186509626796003545e+02,1.739573038429695728e+01,2.839592591867556237e+01,2.351814790343150463e+01,-5.757185166158729217e+00,-4.238216647657501390e+00,-7.089539978852257285e+00,-5.650683811900021780e+00,-6.852091113446145521e+00,1.773691101298920936e+00,1.620320650931260431e+00,2.122284287777203016e+00,2.862606922387840758e+00,-6.487489341021497324e-01,-6.078495302838389236e-01,-4.971533850130283039e-01,4.548672622903093821e-02,-5.144009301309235976e-03,-4.227698496211738585e-03,-2.595118185018998377e-03,-2.367265256231217575e-03,-3.134990947494370982e-03,7.416720696509975039e-04,1.575601301685416924e-03,-1.329827286011148744e-04,-1.816426282096053548e-04,-2.036202549141205521e-04,-1.769954056596316136e-04,-1.836236757846306748e-04,-1.592366868926067228e-04,-1.091478696350274455e-04,9.141985485885999662e-04,-1.824367128425901719e-04,-1.965511297594964377e-04,-3.631201545044443740e-04,-7.063548776497639197e-04,5.882943968270199766e-04,7.341427385362530060e-04,-7.495026058056367992e-03,-7.239993245005443140e-03,-7.266192593399506058e-03,1.171684426540217303e-03,1.088741776485749671e-03,1.458069872674903249e-03,2.357044662502443509e-03,-2.228329471184425762e-04,-1.604423046837995454e-04,-2.769182266195918196e-04,-1.166149666057466042e-05,-1.779992951288663676e-05,1.292792654615005504e-03,1.057560711903585051e-03,1.508459029782598278e-02,1.488132751950796417e-02,1.788742298369523989e-02,1.428797372003375553e-02,-8.546121971259704186e-02,2.112372154002491176e-02,-4.119938173080711294e-03,-3.769506215038017066e-03,5.588472898155531863e-05,7.228183906881899062e-05,5.044394392513725813e-21
2.214811968622194089e-13,8.552581450902729330e+02,1.057881100598283638e+03,1.251057590182309013e+03,1.406736761388107652e+03,1.096186275602960905e+03,1.073277647201541868e+03,1.041816019238742683e+03,1.089861395395278578e+03,1.040501538290708595e+03,1.134722113733686683e+03,1.152135992785559665e+03,1.039737178340554692e+03,9.893022007872996255e+02,1.127719596536486279e+03,1.479891311429698817e+03,1.507997776947372586e+03,1.266239617475152272e+03,1.217449851922110838e+03,1.143387719444957156e+03,1.309637041834430647e+03,1.735282232660819318e+03,1.514550750588636447e+03,1.414637122922991239e+03,1.497072423123934868e+03,1.545001200903856898e+03,1.751703655504205017e+03,1.800428141271976074e+03,1.439032406383820899e+03,1.214124903733527390e+03,1.301111907928657956e+03,1.477413445466093435e+03,1.290968153841764433e+03,1.483272593244355676e+03,1.638891114641851118e+03,1.458854639594760101e+03,1.337736707307634788e+03,1.168605210475469448e+03,1.406012084322413102e+03,1.655843362430612387e+03,1.449310107935433280e+03,1.264853309798113969e+03,1.384852983343113920e+03,1.528514722508137311e+03,1.718075119660823930e+03,1.528386872164960096e+03,1.629526714529686387e+03,1.806644586294504279e+03,1.288648649566430777e+03,1.075032195356172679e+03,1.397670631168360387e+03,1.447731180240965614e+03,1.331433682390108970e+03,1.411531973229346477e+03,1.415205563989160964e+03,1.516726549709494975e+03,1.650372732067314018e+03,1.782312570361883672e+03,2.127276071339897044e+03,1.605238402174646808e+03,1.212286137108155799e+03,1.418289507474957190e+03,1.690733547378938738e+03,1.856179762932971244e+03,1.603818778348202841e+03,1.541320476882759976e+03,1.793248209485635243e+03,1.863768922359510952e+03,1.253301303688714825e+03,1.363025372088265385e+03,1.568281397131578160e+03,1.420413992157710709e+03,1.708325075116102425e+03,1.839503688364820391e+03,1.522991565909289648e+03,1.650436820599062685e+03,1.810543565870173097e+03,1.784807836227290863e+03,1.704482449452514174e+03,1.328734345531669987e+03,1.439761802578768538e+03,1.737291930481580721e+03,1.619591567245620809e+03,1.343488848878339695e+03,1.357454887600808888e+03,1.873028058378630249e+03,1.753882345799773702e+03,1.606358969562381844e+03,1.979493399301013596e+03,1.592498570749728060e+03,1.620209406434536731e+03,1.380986137125961477e+03,1.506081194493814110e+03,1.448377009484450355e+03,1.329999496928927101e+03,1.870762604740747747e+03,1.324840752277539195e+03,2.188149048395327554e+03,1.260414639913428800e+03,1.300486220186663559e+03,1.330427694171638905e+03,1.298737247817294019e+03,1.484301462399283537e+03,1.353448308498050892e+03,1.314520550643331489e+03,1.689154906290769532e+03,1.745338307190520482e+03,1.910942057277595268e+03,1.331556734970018624e+03,1.826247225417553409e+03,1.461982908732361238e+03,1.657420827428232997e+03,-1.421864821852908847e+02,-1.180236847943127003e+02,-1.370562590371195597e+02,6.720046608520372899e+01,9.583686695063519778e+01,1.234435964470011868e+03,2.376530875192418534e+03,3.188644839572163164e+03,2.907483130013524715e+03,1.955427194550195281e+03,2.210034651796919661e+03,2.301397052391818761e+03,2.164473092029867985e+03,2.999103092855296381e+03,2.395159117011560284e+03,2.750010096153194354e+03,3.610788874779556409e+03,3.152817450955370077e+03,2.929876044456357704e+03,2.260772533372980433e+03,3.272639408403512334e+03,2.289269153609707246e+03,2.404217478530742483e+03,2.508253925012402306e+03,2.511067834272842447e+03,2.790615235024689810e+03,2.495342723386693251e+03,2.826601219811519513e+03,2.653376527772808004e+03,1.796532639244861230e+03,1.385000216336330595e+03,5.631058728245961902e+02,6.028954909785055634e+02,1.361183621545446840e+03,1.119159807403174227e+03,1.584301555563353304e+03,1.268893921365762026e+03,1.199188360993932747e+03,9.073947401314977697e+02,5.194669942018458642e+02,8.238443370809862927e+02,1.047007038660113039e+03,9.392830500029012910e+02,-3.145622415904134311e-03,1.196756250702981847e-02,1.721449462012053233e-01,5.180310415908697905e+02,1.036787709213275321e+03,7.478702126151958964e+02,7.536101310757964029e+02,7.746456240240510169e+02,6.605529091362778900e+02,6.505177841921495201e+02,8.738698667210227313e+02,1.040500385347732617e+03,6.735169147013790507e+02,7.716088514039690835e+02,6.739140380396809178e+02,1.034554384699742059e+03,7.841840920086749520e+02,9.640228591540787875e+02,7.915665287163495805e+02,7.294257440271537689e+02,7.300397967256633365e+02,7.211562679017240498e+02,6.937115687194258271e+02,7.449361105311834308e+02,9.268352308234635757e+02,9.166403066960197066e+02,7.317187396295206554e+02,6.581613293627358416e+02,6.912286490274150310e+02,8.427327164695929014e+02,1.052900805047140693e+03,2.053816198937012359e+03,6.068980249169261469e+02,6.727182084730770839e+02,6.959393043779133450e+02,7.307561207182986891e+02,6.517112831623729789e+02,-6.616688066691870063e+01,-1.080075282946278321e+02,-8.945427708157637881e+01,2.189818854691193195e+01,1.612059792667542268e+01,2.696597012031839924e+01,2.149309705363019418e+01,2.606280305605970327e+01,-6.746460473172265715e+00,-6.163096391117445449e+00,-8.072379147551732359e+00,-1.088829077282728264e+01,2.467599368191889742e+00,2.312033265935147686e+00,1.890986349673825062e+00,-1.730145685082553897e-01,1.956589588767682769e-02,1.608059079526023144e-02,9.870863221684868932e-03,9.004195527046506692e-03,1.192433817564676236e-02,-2.821044373674772530e-03,-5.993000638902126580e-03,5.058167803091533077e-04,6.909009187461130847e-04,7.744956268368080902e-04,6.732246146701254983e-04,6.984360860312135988e-04,6.056770613626883629e-04,4.151578522801497575e-04,-3.477270855205705051e-03,6.939213209936418358e-04,7.476073071059077205e-04,1.381173851288088929e-03,2.686710926500528781e-03,-2.237652820085573365e-03,-2.792405601840230837e-03,2.850828817320189695e-02,2.753823831990443241e-02,2.763789088524348792e-02,-4.456651253928183010e-03,-4.141168298794202680e-03,-5.545954848575835108e-03,-8.965320194384006000e-03,8.475735536780478656e-04,6.102627824998572070e-04,1.053293816957131136e-03,4.435599086051810429e-05,6.770430363889088699e-05,-4.917301855988565409e-03,-4.022567140136448782e-03,-5.737616438609510067e-02,-5.660302846711492281e-02,-6.803709622156774162e-02,-5.434613156334860279e-02,3.250626562640453465e-01,-8.034677081692045975e-02,1.567071065319524531e-02,1.433779797649518961e-02,-2.125646990346305746e-04,-2.749331999517107251e-04,9.769838686525566398e-20
1.578513498520343578e-13,8.314543651452269160e+02,9.073289064002259465e+02,1.519331712684891727e+03,1.913954420005114798e+03,1.538849944057431912e+03,1.191575572859063868e+03,1.013904115424937345e+03,1.095002190134488274e+03,1.165063703217620741e+03,1.136003680923068032e+03,1.214884942457437546e+03,1.038251811646922306e+03,8.778857215000695078e+02,9.731829911337198382e+02,1.208692285099083165e+03,1.327006778456679058e+03,1.189575924319956584e+03,1.370950931136060490e+03,1.293805042049871645e+03,1.223061862460841439e+03,1.476773621833813195e+03,1.434722537628925693e+03,1.297605959834066425e+03,1.400362429800913787e+03,1.611665139379893617e+03,1.609063483604826615e+03,1.498241044447295508e+03,1.332625255695960050e+03,1.257098772340253845e+03,1.389870439834096715e+03,1.571542145206412897e+03,1.826000817318735699e+03,1.692409983508076493e+03,1.597172489880292233e+03,1.699968179396720188e+03,1.627760752212060652e+03,1.039377922425730048e+03,1.097908115246636726e+03,1.699642976216007810e+03,1.587532520468306984e+03,1.224892103891221041e+03,1.295256644680852332e+03,1.416543609724467842e+03,1.542777346287781711e+03,1.539118219169537952e+03,1.749845914827548768e+03,1.568431145104864299e+03,1.722056535474769134e+03,1.261165820575473163e+03,1.476048177340039274e+03,1.409944529772905980e+03,1.255503179912953556e+03,1.179694737497171445e+03,1.399534611531608107e+03,1.569259503965781278e+03,1.398187945913622343e+03,2.026812130762561992e+03,1.943638402902901362e+03,1.266955123959235152e+03,1.357828566162319930e+03,1.291769597999671987e+03,1.465987031554371697e+03,1.857041573918194445e+03,1.675889864975902128e+03,1.555895821375746664e+03,1.762036802666425274e+03,1.835482719766235505e+03,1.345580220230107216e+03,1.399256911428631156e+03,1.355851057977110713e+03,1.708800931217102743e+03,1.358122170846230347e+03,1.065702451186654343e+03,1.387749960677720082e+03,1.350443958767149525e+03,1.575377000767243089e+03,1.628917420703960261e+03,1.943504515881750876e+03,1.544082431921856141e+03,1.548788299690595522e+03,1.645424292592408165e+03,1.580012758940517870e+03,1.326407026851597948e+03,1.333943106779915979e+03,1.494797380554570282e+03,1.623576027301811564e+03,1.350023608817147988e+03,1.769413287651002975e+03,1.730730292627707058e+03,1.631308682179135758e+03,1.692810875720903368e+03,1.659908916908247875e+03,1.426513697880949394e+03,1.403465263151247655e+03,1.393549723068658523e+03,1.619893369398919958e+03,2.085515322810261750e+03,1.817640875886244885e+03,1.823912708821427486e+03,1.382705511884299312e+03,1.357519407590485343e+03,1.618648980385620007e+03,1.387850758695386048e+03,1.470921546346836749e+03,1.670349943732388510e+03,1.372057030052545997e+03,1.856754835438095597e+03,1.436663114427715755e+03,1.549889104048461604e+03,1.629606590181507045e+03,1.685315844422143755e+03,4.434275784964682288e+01,3.676293425304919538e+01,4.301928281010884803e+01,-1.485874524812630000e+02,-9.978636878967726886e+01,2.079241459994904289e+03,2.386610045376181461e+03,3.371336898417867360e+03,3.031083623207804976e+03,2.255225976576006360e+03,1.968679378067925654e+03,2.472609789561367961e+03,2.400258677115371938e+03,2.190904512174358842e+03,2.151706850121252955e+03,3.018839342870468954e+03,2.910399830978250520e+03,2.978116391707176717e+03,2.899557615170376721e+03,2.675466374305474801e+03,3.135629836452740165e+03,2.776555489066312475e+03,2.629551058341554835e+03,2.959886977926603777e+03,2.585475008567620080e+03,2.503035132183290898e+03,2.431667124120071094e+03,2.796439468491586467e+03,2.614532018545388837e+03,2.008558685669920351e+03,1.792717030168717883e+03,1.110288596871411983e+03,1.275980450836671935e+03,1.108383275268791067e+03,1.953348470631748796e+03,1.666859554218266567e+03,1.229890800796645635e+03,9.214919603847722556e+02,1.043183515276735079e+03,9.022845616210664730e+02,1.347576081570239694e+03,1.527091898304179267e+03,8.407890414171417888e+02,1.023223315416603094e-02,-3.892866773871989095e-02,-5.599614298801843804e-01,1.650993764796864525e+03,4.099021314352480658e+02,7.801138079326696015e+02,6.046057987836111351e+02,7.002232031216652786e+02,7.966131111212525866e+02,8.804034378355756871e+02,1.107597940157755602e+03,9.177009378303076801e+02,7.323846745521349249e+02,6.738678223390639914e+02,8.021110568715935187e+02,1.182764674669288752e+03,9.187415859502145850e+02,1.126922299529080647e+03,8.473297720439984460e+02,6.313427299234900829e+02,6.005294436874131634e+02,8.561286367319820556e+02,7.664119720842940069e+02,7.792634324912521606e+02,7.832548763327122288e+02,8.789943631607213774e+02,7.850348049072292724e+02,6.415311811688127364e+02,7.509879375079553938e+02,7.375427237592908796e+02,9.367592468552418268e+02,5.873815035415505008e+02,1.017730275862940289e+03,1.019300549799995224e+03,1.012895477763188069e+03,1.129470303865348569e+03,1.117180221040433025e+03,2.744934660800258825e+02,4.371398121800951913e+02,3.669239230029461964e+02,-7.123148974811219603e+01,-5.243786277058750045e+01,-8.771621543299904999e+01,-6.991378849218727964e+01,-8.477834980357695827e+01,2.194521382448244040e+01,2.004761884573408182e+01,2.625822639438334249e+01,3.541796029829527015e+01,-8.026726901234747302e+00,-7.520693938996072525e+00,-6.151092109379344031e+00,5.627901794967322679e-01,-6.364489507202726604e-02,-5.230772563320973401e-02,-3.210842261560562655e-02,-2.928928390587166863e-02,-3.878806553756633524e-02,9.176429956838668897e-03,1.949432313343499659e-02,-1.645345354654716282e-03,-2.247396016578969129e-03,-2.519316937325558926e-03,-2.189897677395529537e-03,-2.271906774172870527e-03,-1.970175720000688201e-03,-1.350445596684388561e-03,1.131103528236465650e-02,-2.257220927496560777e-03,-2.431853306845232696e-03,-4.492749289176341601e-03,-8.739463604817277256e-03,7.278745617350942596e-03,9.083272370860241696e-03,-9.273314239647577339e-02,-8.957771718711253495e-02,-8.990187188470835644e-02,1.449681134240957299e-02,1.347059308530634478e-02,1.804015090533740706e-02,2.916282833836792224e-02,-2.757028361969364114e-03,-1.985092376119077223e-03,-3.426205211613823128e-03,-1.442833182972981195e-04,-2.202318424752474821e-04,1.599523796193711919e-02,1.308480148437340777e-02,1.866359702081602512e-01,1.841210761944953866e-01,2.213143663283216322e-01,1.767797324884269605e-01,-1.057379573546127993e+00,2.613558728603821435e-01,-5.097444762827768594e-02,-4.663868462842534618e-02,6.914407622191687296e-04,8.943160468192093513e-04,2.055654528936323321e-19
1.352563515791752931e-13,-1.654790885705890844e+02,1.131965323586617842e+03,1.217589118152287483e+03,1.203016733532293301e+03,1.419384040484575053e+03,1.305537822640051218e+03,9.792571056183270457e+02,1.001532410539058787e+03,1.157648980889166296e+03,1.074320913887086135e+03,1.267605152478829268e+03,1.215712113090059120e+03,1.101594049764313468e+03,1.068943371464009488e+03,9.012263044318760876e+02,1.066998575114152572e+03,1.262007049904336100e+03,1.374677547421597865e+03,1.274011280610872518e+03,1.222775898671216510e+03,1.210232040704641577e+03,1.295773164487631220e+03,1.396924323770429282e+03,1.850138529583381342e+03,1.799956273631238446e+03,1.488729464682701746e+03,1.579490847108392018e+03,1.697395965075546655e+03,1.631465492686141715e+03,1.506553885470861815e+03,1.497496757834521077e+03,2.233104899282267979e+03,1.977871569995189475e+03,1.867151558003810123e+03,1.853164822386048854e+03,1.749966040908384912e+03,1.331474325862556725e+03,1.177254594917423219e+03,1.480060830891063006e+03,1.690095935171015753e+03,1.459414165034793541e+03,1.360571079070319001e+03,1.389679077623860849e+03,1.472691734905477688e+03,1.493560103016686980e+03,1.587915603578100445e+03,1.355310371331798251e+03,1.710913873823529457e+03,1.630955183170830423e+03,1.531218733736523973e+03,1.553652076495067831e+03,1.490948031433783854e+03,1.393550084101115772e+03,1.596492257911879960e+03,2.037133137354742757e+03,1.588699185444007071e+03,1.541991707947436680e+03,1.244542429122718659e+03,1.375868342387978601e+03,1.337907407378099151e+03,1.593094362231437572e+03,1.241109617146892560e+03,1.551638476716586410e+03,1.595449772804626264e+03,1.362984965340122471e+03,1.668050726558800534e+03,1.753409899679345017e+03,1.728803463367339418e+03,1.694887940423160217e+03,1.606436887235143331e+03,1.856151400317836760e+03,1.409131471037489973e+03,1.290537850431854849e+03,1.440625765617814523e+03,1.377538087855054982e+03,1.261068888625095724e+03,1.291288431398446392e+03,1.471047090616163814e+03,1.639304592867646534e+03,1.553231889782450253e+03,1.334802728735179699e+03,1.832903303070024094e+03,1.519157690340825184e+03,1.457576505684300400e+03,1.369781515668325710e+03,1.421934894052652453e+03,1.440983579968400136e+03,1.381680990748622889e+03,1.345774665653000739e+03,1.598191736223386442e+03,1.909156127708063877e+03,1.289621108712834712e+03,1.317334924024079555e+03,1.494759530642907521e+03,1.374593469865016687e+03,1.870231683097985979e+03,1.369839162708505228e+03,2.114398597403299391e+03,1.927912320062137724e+03,1.387190545155340715e+03,1.399607874582806517e+03,1.567512669531442498e+03,2.825412907706853275e+03,2.203622527672638171e+03,1.683496320418025789e+03,1.339282525355600683e+03,1.487837724562791664e+03,1.790314822092795339e+03,1.848546375765049561e+03,1.717454968673455824e+03,1.086356809255453072e+03,-1.175088875714698133e+01,-9.619260907037231689e+00,-1.216697613783280474e+01,4.439073615108369495e+02,2.551386581137197709e+02,9.482658753397806777e+02,1.868139940626511589e+03,2.399141876239325484e+03,3.510390363276093012e+03,2.823987662515723514e+03,2.374219120433430817e+03,2.124193367368877716e+03,2.435647444325973993e+03,2.165114093526405668e+03,2.894926243682606582e+03,3.351333183283344624e+03,2.574734682611542667e+03,3.002972793512632961e+03,2.323969510051742873e+03,3.333975972063120025e+03,3.293667598405629178e+03,2.964430337110106393e+03,2.516748609724653306e+03,2.598209522092373845e+03,2.725650624073292875e+03,3.258506635319879479e+03,2.569652012111100703e+03,2.450752212758995483e+03,2.997968696993951653e+03,2.481315836172936088e+03,2.155652034836562962e+03,1.174294176993969586e+03,1.086471298444961349e+03,1.306361422929016499e+03,2.319458086805804669e+03,1.623354876636767585e+03,1.368403523240054028e+03,1.056599117016191713e+03,1.112024898626175172e+03,8.030886331652941408e+02,1.076507354026265375e+03,1.263098245059320789e+03,5.922375106357189907e+02,-2.837203279884838864e-02,1.079417778364145236e-01,1.552666345181987539e+00,9.596253652638927178e+02,1.652795941821667611e+02,8.247524366887577116e+02,7.423253613177972738e+02,8.096360472862409097e+02,8.513181469164370583e+02,8.728185285478068636e+02,7.347069033079123983e+02,6.544346506610505685e+02,9.225205340210071654e+02,7.085698813099205609e+02,1.024562528503627846e+03,8.880266121287103260e+02,7.731810747636368433e+02,8.449248542353290077e+02,7.858524103734788469e+02,9.832234844080456924e+02,7.534634328170135404e+02,8.486235026736442251e+02,7.496113498224505065e+02,6.917064538846713049e+02,6.308497711239947421e+02,8.312401202547159755e+02,7.179337758803936822e+02,6.861532580152568244e+02,7.551431458325210997e+02,7.580996353600004340e+02,6.787607998141787675e+02,7.324846972721587690e+02,7.217853802924748834e+02,6.606564942444614417e+02,6.166296870667484882e+02,8.141791142755151895e+02,7.232883843010835108e+02,8.087979155427301521e+02,1.050243803468450324e+03,9.900347368339851073e+02,2.229265154208821400e+02,1.702368365578815883e+02,2.726314931370856698e+02,2.160365256622523020e+02,2.637639272163816599e+02,-6.084989630516398051e+01,-5.558822701319201798e+01,-7.280905832292242508e+01,-9.820725506385032588e+01,2.225658421542055976e+01,2.085345123501339515e+01,1.705580633721953987e+01,-1.560509928854542094e+00,1.764751665880489873e-01,1.450393560161560291e-01,8.903053769757758584e-02,8.121360323846521512e-02,1.075519147234593603e-01,-2.544449171428397882e-02,-5.405404343271900947e-02,4.562229150177062736e-03,6.231600915772531925e-03,6.985585814847674463e-03,6.072168977445822381e-03,6.299564576089483094e-03,5.462921857304853766e-03,3.744528314066154599e-03,-3.136334553587668411e-02,6.258843521623828378e-03,6.743065833599482320e-03,1.245753769172614628e-02,2.423286728346236291e-02,-2.018257464200931550e-02,-2.518618347941488714e-02,2.571313336934704652e-01,2.483819408498133263e-01,2.492807600590174477e-01,-4.019689550516161725e-02,-3.735138782268310198e-02,-5.002190093471013677e-02,-8.086296604571081847e-02,7.644714299801927578e-03,5.504282902372961174e-03,9.500214193143346683e-03,4.000701486517712138e-04,6.106609343110474316e-04,-4.435174699799267900e-02,-3.628166122535178562e-02,-5.175059821613778865e-01,-5.105326602710590356e-01,-6.136625666821936553e-01,-4.901765130570153728e-01,2.931912075228906289e+00,-7.246900344419385798e-01,1.413424301627582425e-01,1.293201855378075249e-01,-1.917233480553350109e-03,-2.479767987144526186e-03,9.979370556661330420e-19
1.598467902713184017e-13,3.571388563309155728e+01,1.315833675344696076e+03,1.058910941144448088e+03,8.802161476846457617e+02,9.325368308775949799e+02,1.061203488586206731e+03,1.075344358328226917e+03,1.107344560619893400e+03,1.104688347886957445e+03,1.037052481010057363e+03,1.087743964039625325e+03,1.167961310118920665e+03,1.148569868578940941e+03,1.188322218704171291e+03,1.042513485844589695e+03,1.181124147288292306e+03,1.311170508618162103e+03,1.414001721508287346e+03,1.488098769208540489e+03,1.622251370475631120e+03,1.246704024462228290e+03,1.374935900764693542e+03,2.090804974061869416e+03,1.965240254438047714e+03,1.554793102355754627e+03,1.635918874642905394e+03,1.692957715377726117e+03,1.834177459596682183e+03,1.688738296126353362e+03,1.559268487271221829e+03,1.365700031225574776e+03,1.308558005484634123e+03,1.569569072977328915e+03,1.436980856193345062e+03,1.200262962826700686e+03,1.382261652171624519e+03,1.291305901466832665e+03,1.129703343110583546e+03,1.195196058489791994e+03,1.528603073039364745e+03,1.393019494785652114e+03,1.660399163365462755e+03,1.600750537380752121e+03,1.399568990295456388e+03,1.528905108188719169e+03,1.644338529112159677e+03,1.808460401034021970e+03,1.510715229144967225e+03,1.820222777254593211e+03,1.602262414936069945e+03,2.103387197111081150e+03,1.773010256938686780e+03,1.712250499747075992e+03,1.490367534610377334e+03,1.685579167956076844e+03,1.266919865684322986e+03,1.071828585435145442e+03,1.237605412837895074e+03,1.518812261134675964e+03,1.692300374945901012e+03,1.966029055565530371e+03,1.415554582898560739e+03,1.750901855492822278e+03,1.832502856649284013e+03,1.277149200971262644e+03,1.488070377870053335e+03,1.657052570174303582e+03,1.656690590717490522e+03,1.699834263054052826e+03,2.056605459316666838e+03,1.632161143210788396e+03,1.633447988258068108e+03,1.749000378075914568e+03,1.686871260179087358e+03,1.785607603896158480e+03,1.340374603934767720e+03,1.336921737667382331e+03,1.437207730806120026e+03,1.636771785510163227e+03,1.677640010301964367e+03,1.611545853992525963e+03,1.426467194879694944e+03,1.578068030431521265e+03,1.752705610724638746e+03,1.666648510985674648e+03,1.718526754021848774e+03,1.876273248579334449e+03,1.734321486361518510e+03,1.458086202832273102e+03,1.387467089221259585e+03,1.581425916415789061e+03,1.504832555883931263e+03,1.792212055954018751e+03,1.615704958072481304e+03,1.423587154496267885e+03,1.395390841960944954e+03,1.610321451110430417e+03,1.314295675106151066e+03,1.754376115936044471e+03,1.926980231662419328e+03,1.659201198558331953e+03,1.264525827901169578e+03,3.204910431562057965e+03,2.003726361356921643e+03,1.571717540446880093e+03,1.766972747162812766e+03,1.614675761409151619e+03,2.044209751005823591e+03,2.035864653241469341e+03,1.252184953542594030e+03,-1.295440062511043493e+02,2.279546968433639798e+00,1.595035574901612074e+00,4.050213925210540467e+00,1.721299627071414761e+03,1.313429758625261229e+03,1.946912716123850259e+03,2.367032950482528122e+03,2.629044421498781048e+03,3.147445856893520158e+03,2.358335968803504329e+03,2.664977623667487478e+03,2.284609460004071025e+03,2.339421819466209854e+03,2.741603291773094497e+03,3.543498004864900849e+03,3.576397144178870803e+03,2.709054742581182836e+03,3.034522082059602781e+03,2.092302058468476844e+03,2.787067742828574410e+03,2.720093054345612927e+03,2.765219660888474209e+03,2.270781560696094857e+03,2.196105057568285247e+03,2.630181327674722070e+03,3.106422083084151382e+03,2.963761026120521819e+03,2.722011901111121460e+03,2.854269384976254969e+03,2.828226199340262610e+03,1.986372437335411178e+03,1.342768732307868049e+03,9.411028372061579148e+02,1.345551988003093129e+03,1.925420501529574722e+03,1.706175484490730923e+03,1.176362184380376902e+03,1.060232311891972813e+03,8.993621713610685902e+02,-8.534734459307379950e+01,-1.326064727657696380e+02,-1.565107498011057885e+02,-7.188782599063566181e+01,6.205625856066750851e-02,-2.360938647721418926e-01,-3.396043732868022413e+00,-9.489961200076874093e+01,9.814147787854983562e+02,8.765589701355636407e+02,8.061562302439695031e+02,9.255819375906695541e+02,7.621142218149409473e+02,6.183983312927442739e+02,7.278463149523649918e+02,8.298989975888566732e+02,9.483906421865625589e+02,9.596750467164116571e+02,8.956305349285053126e+02,8.914129245049126666e+02,5.674779447263867951e+02,7.882364600606516660e+02,7.505330189524585194e+02,1.116931836203659259e+03,8.284069025280269898e+02,8.144538827608649854e+02,6.395438487496769540e+02,5.326684575737124305e+02,6.821618825999842102e+02,6.260830955984440607e+02,8.252155072684549850e+02,6.815936968366719384e+02,8.410129070207412951e+02,9.682413127747714725e+02,7.001483412670449979e+02,6.025508264148005537e+02,7.427070509233695930e+02,7.898727877819173955e+02,8.577859145440720567e+02,1.071853989594782433e+03,7.390723585975280230e+02,7.777416392918818246e+02,8.183331851851720558e+02,8.670912219913758463e+02,8.664326876136079818e+02,9.549039921128243122e+02,9.694929921039720284e+02,7.074974790514647793e+02,9.500988168324712433e+02,1.392471340730041334e+02,1.276344413367825297e+02,1.666726770087877867e+02,2.244463488501980919e+02,-4.868034499129293380e+01,-4.561136563247666942e+01,-3.730502976396815029e+01,3.413199481272774616e+00,-3.859923835909149781e-01,-3.172349278686487639e-01,-1.947305681738682737e-01,-1.776331078196300151e-01,-2.352411431393220675e-01,5.565304283849797917e-02,1.182288107200178545e-01,-9.978660103920039548e-03,-1.362996583355689968e-02,-1.527910680909672775e-02,-1.328125096854192166e-02,-1.377861822329817451e-02,-1.194868530139587756e-02,-8.190157500992801057e-03,6.859895777312363663e-02,-1.368955177174343944e-02,-1.474865899912848263e-02,-2.724754287116041770e-02,-5.300293738110217756e-02,4.414400192212824398e-02,5.508806243243880713e-02,-5.624062484663211459e-01,-5.432692839630941517e-01,-5.452352113832840130e-01,8.791999355473632816e-02,8.169620403170362033e-02,1.094095738615098456e-01,1.768661824305023389e-01,-1.672077466480168667e-02,-1.203915156179001175e-02,-2.077918605735418547e-02,-8.750468027161344316e-04,-1.335658008759950648e-03,9.700762362864794042e-02,7.935646225909274987e-02,1.131906383425141494e+00,1.116654100681734318e+00,1.342223279421002946e+00,1.072130455027851426e+00,-6.412776099191013657e+00,1.585066268342422591e+00,-3.091488880608892487e-01,-2.828534327363999012e-01,4.193437158138999671e-03,5.423831435415013558e-03,-2.200569415455419379e-18
1.317185656493451797e-13,-4.387609396794665884e+00,1.201941796753945937e+03,1.365421891037135538e+03,1.356616124541851832e+03,1.003570252779060638e+03,9.202576966105979182e+02,1.096618118442200966e+03,1.296592870312725836e+03,1.193995136897603743e+03,1.042609519503074353e+03,1.143481448379748144e+03,1.441816335589078335e+03,1.245073303082948541e+03,1.147438761242536657e+03,1.301452161877369235e+03,1.112077716954996731e+03,1.030887051245048724e+03,1.192613562107437701e+03,1.222421153103914321e+03,1.406718358340878467e+03,1.377360800069119932e+03,1.280111087077500997e+03,1.959091363754455415e+03,1.687426160293511657e+03,1.587191368521982440e+03,1.946778747253699521e+03,1.324888540697908866e+03,1.164854201461889716e+03,1.506416480942596991e+03,1.573789992001651171e+03,1.707206438620303970e+03,1.549040173030419737e+03,1.561489674307281575e+03,1.392619012160744660e+03,1.307176294331279678e+03,1.289095888443234799e+03,1.296332243725365970e+03,1.171353740202816880e+03,1.218717769874100668e+03,1.557312605536120600e+03,1.062467380356865988e+03,1.275568122887290883e+03,1.385979067837374259e+03,1.563187668433797398e+03,1.698546936752853526e+03,1.437325196982498028e+03,1.745256335459102729e+03,1.523284271479594736e+03,1.382603886237554207e+03,1.593767080677396279e+03,1.868788625618762126e+03,1.700490539444919250e+03,1.334150692506366340e+03,1.339185666490876429e+03,1.600154768345265211e+03,1.169888395035779467e+03,1.252649928399156124e+03,1.666513851365436722e+03,1.675778403376532879e+03,1.741412303692870182e+03,1.143033469269345687e+03,1.211056559756815204e+03,1.909567791175993534e+03,1.920621437866042470e+03,1.663285759875444683e+03,1.439809485698723620e+03,1.442702014758684754e+03,1.331137639025870158e+03,1.460493791995734227e+03,1.302108467580531396e+03,1.490573751753828901e+03,1.558502398738703050e+03,1.626034010844449085e+03,1.480214057856978343e+03,1.299790483806963266e+03,1.188409820168495344e+03,1.457657689084910544e+03,1.470879456372946152e+03,1.678351891149484118e+03,1.703062534543983247e+03,2.361225539348110942e+03,1.395235239050329938e+03,1.576656943336377935e+03,1.805771623371750820e+03,1.305236862585559265e+03,1.367737464156924489e+03,1.566178399752726136e+03,1.263815568310497611e+03,1.269828897894799866e+03,1.562544979534185586e+03,1.242786081501263652e+03,1.619437321769084974e+03,1.731413266508375273e+03,1.824373990343124888e+03,1.347059496438919496e+03,1.638077444750123277e+03,1.785120482711491377e+03,1.433181905252215529e+03,2.280166560396512978e+03,2.014379401703295798e+03,1.470570988157765669e+03,1.559015638338323924e+03,1.463798015766534036e+03,1.552158761815160460e+03,1.323914224018715458e+03,1.971767578103819460e+03,1.646470336125437598e+03,1.455856581736331464e+03,1.532210288941496628e+03,1.062059393233954324e+03,1.552749725458202334e+01,1.816260714599071333e-02,3.631794354498508182e-01,-2.153271212212940711e+00,1.151137327288392953e+03,1.826818144937467878e+03,2.712228285729265735e+03,1.818472984235367676e+03,3.044531908772087263e+03,1.823794497310129827e+03,2.880259828484611262e+03,1.786446700848856381e+03,2.257421175362484519e+03,2.304074731017174145e+03,2.725896960644536648e+03,2.446256997276540005e+03,2.677712985377496807e+03,2.570946034272911220e+03,2.032015065202642745e+03,2.327964699791755265e+03,2.332578233710378299e+03,1.983529202093426875e+03,2.630303065881768362e+03,2.789727092063288183e+03,2.159890158572347900e+03,2.559826387495054860e+03,2.537479756055457074e+03,2.518811040671863793e+03,2.206515982032171905e+03,3.017953284399784934e+03,2.547984809921883425e+03,1.611552864754621623e+03,1.161850464334609796e+03,1.185764803681610374e+03,1.529942635519478245e+03,1.761082520189595243e+03,2.091271929142405952e+03,1.130620554273161133e+03,9.181916212650040734e+02,8.411589484760154392e+02,-6.756751840560064615e+00,1.591857104377270460e+01,1.877203358727320648e+01,8.621234254204262371e+00,-7.264238245946859351e-02,2.763689145768599142e-01,3.975371919191713843e+00,-6.662548844422552463e+00,8.665062315476176309e+02,7.215486744770817040e+02,7.306966224611834377e+02,6.606001339766509091e+02,6.605851738038318217e+02,6.162340940832805245e+02,9.982994327005428659e+02,6.123726240495961974e+02,7.188000071103779192e+02,7.037486478977714341e+02,8.292836783195256203e+02,8.512753267044291761e+02,6.935133528305739219e+02,7.405032683389122212e+02,8.478917103113064968e+02,7.884104967310155416e+02,8.210196031772826473e+02,8.162972385261169848e+02,7.680778061915499393e+02,8.006761190578445166e+02,7.672490603110428538e+02,7.583217674422329537e+02,1.003579843321627095e+03,8.349630882265029186e+02,7.385022233856795992e+02,9.892427885483194814e+02,9.836676264582877138e+02,7.303724806675032823e+02,7.468110849609610113e+02,7.135663257364243464e+02,9.300724840520077805e+02,1.040914431693632196e+03,9.469928851543955943e+02,7.034751911690350425e+02,8.573583294509132884e+02,7.651994848340530098e+02,8.500645447125723422e+02,1.393364981699817463e+03,8.328956381200401893e+02,5.281125100254666904e+02,7.422101916123584715e+02,8.849682063901037736e+02,8.808499422022124463e+02,1.068775356264085531e+03,1.379450367755431444e+03,5.732287182409687176e+01,5.371360302364944062e+01,4.394123422987197358e+01,-3.995454251995656847e+00,4.518384930965699819e-01,3.713517620018165766e-01,2.279494887048573726e-01,2.079353872597240749e-01,2.753707278924816260e-01,-6.514684766173028940e-02,-1.383973620913411251e-01,1.168091116859052044e-02,1.595509000954531756e-02,1.788555652901282697e-02,1.554688817493157967e-02,1.612910088289739446e-02,1.398700127407082744e-02,9.587309441302703170e-03,-8.030119511646359454e-02,1.602484066179779565e-02,1.726462008230705836e-02,3.189567782906611165e-02,6.204466298835117910e-02,-5.167448933107824521e-02,-6.448548773299754566e-02,6.583466478044125436e-01,6.359451249475670531e-01,6.382464182394503860e-01,-1.029181898131280165e-01,-9.563268937585107932e-02,-1.280736591847230765e-01,-2.070376327265460170e-01,1.957315726716062076e-02,1.409290009619858924e-02,2.432388957673981694e-02,1.024320285934070479e-03,1.563506762377064570e-03,-1.135560709034639792e-01,-9.289381306192823207e-02,-1.324997322110978981e+00,-1.307143165542004715e+00,-1.571191996926717405e+00,-1.255024269380738078e+00,7.506726071297336489e+00,-1.855461362950299842e+00,3.618863316016926457e-01,3.311051571169215668e-01,-4.908792004654612996e-03,-6.349078185918311315e-03,-5.564400722773694069e-18
9.979332318276699082e-14,-1.510976625346714952e+00,9.122220382046785971e+02,1.024496468065347017e+03,1.029693820888897335e+03,9.735766565060023368e+02,1.104184005573238892e+03,9.424424516366540274e+02,1.032073365057423644e+03,1.296143537871174885e+03,1.576984301487530729e+03,1.482972010057907937e+03,1.526971927901215849e+03,1.962376972171791067e+03,1.781621707972107060e+03,1.361217846134801675e+03,1.454063523710981826e+03,1.443497830753730568e+03,1.614051416267342120e+03,1.458719853266706878e+03,1.188354569642083788e+03,1.187619553434601357e+03,1.143978656372173646e+03,1.171349503725627528e+03,1.178654418993870195e+03,1.549202254356440108e+03,1.742094589780099113e+03,1.681906937670969228e+03,1.693633057568270260e+03,1.317402185453222046e+03,1.325955293846268887e+03,1.596505419240478204e+03,1.474659927429038589e+03,1.417808183276212048e+03,1.286356893680960638e+03,1.429831050934900304e+03,1.619216310769690836e+03,1.679669825793867858e+03,1.393025895405466599e+03,1.294339378503190801e+03,1.389646265732187203e+03,1.193033038026917438e+03,1.580338238027929719e+03,1.303596262091143217e+03,1.095297472730818527e+03,1.349304816847972916e+03,1.591386300175311135e+03,1.574994564126027171e+03,1.500185243760599406e+03,1.636103699364357453e+03,1.757270370376741084e+03,1.708266121948215414e+03,1.915702791448432663e+03,1.436934694678735013e+03,1.553592909705320153e+03,1.396156423124484263e+03,1.404837230578481467e+03,1.139420264269885593e+03,1.350744534947610418e+03,1.462900279926550184e+03,1.891166183623085999e+03,1.580411571726128159e+03,1.024808639101140216e+03,1.225821264057863573e+03,1.706746831531766929e+03,1.690398336172703694e+03,1.246196898634781974e+03,1.160681153361766064e+03,1.308199187244046470e+03,1.531886237240457831e+03,1.353996652398496735e+03,1.271678501874765516e+03,1.436734589814648643e+03,1.369770260974740040e+03,1.626940628336151804e+03,1.468074265766668532e+03,1.464375886306774646e+03,1.340705235118219434e+03,1.290306383079040415e+03,1.645234093098238645e+03,1.521973602501335108e+03,1.689296161286509232e+03,1.868084548169568961e+03,1.467283560372812872e+03,1.277487674741465071e+03,1.628192352981436215e+03,1.480379925954673126e+03,1.668806241299459543e+03,1.546865928461497333e+03,1.941355547535623145e+03,1.290096163459866375e+03,1.302973026527555248e+03,1.262131410479813212e+03,1.442918032165908926e+03,1.699272964099058981e+03,1.820245703668573242e+03,1.960157754260337924e+03,1.810678871578151075e+03,1.832352869037089476e+03,2.029825992858520749e+03,1.490255211399639393e+03,1.440853234289220381e+03,1.359083824174395659e+03,1.911288887853432925e+03,1.762773682513388167e+03,1.365044889688797184e+03,1.332514869204571824e+03,1.685849991065698305e+03,1.397411971646664597e+03,1.408937616412581747e+03,1.148115108582051334e+03,4.364933291633990464e+00,7.621252700044761630e-01,1.542284536203093692e+00,-4.938108671633270497e+00,-1.784341547248859072e+01,1.341665941051991467e+03,2.589182474614840430e+03,-3.468265638134020890e+01,3.316062431208412363e+03,1.912971644034161955e+03,2.538163551276300950e+03,1.260983697147033581e+03,1.365864007717293134e+03,2.101736152399815182e+03,2.562043791385789973e+03,2.459522189133505435e+03,2.746111263868098376e+03,2.618385825855663825e+03,2.483933569462323248e+03,3.112883296472656639e+03,2.706898099540728708e+03,2.462104931175739694e+03,2.519275904029395861e+03,2.158592567535718445e+03,2.259548628743838890e+03,2.600258898951018637e+03,2.583675036615931276e+03,2.677654840820091522e+03,2.192197068092761128e+03,2.398309295194485003e+03,1.950976997266712715e+03,1.440632622170424611e+03,1.152218407287477021e+03,1.154908288713037109e+03,1.058489900146459604e+03,1.324748630611277122e+03,1.652335599919915467e+03,1.719715272153173373e+03,6.687621626660152288e+02,1.119719729634976375e+03,-4.602939735286175704e+01,4.537213276651179683e+00,5.308774566780701143e+00,2.435370512630270490e+00,-1.898151832023287910e-01,7.221544004439406361e-01,1.038768173056227972e+01,-4.873269293198950436e+01,8.447974676778960657e+02,6.363507398873261991e+02,8.264116986486914129e+02,7.053431913036815786e+02,8.626074284911874201e+02,5.800770329465358373e+02,7.855566646885588398e+02,9.760341893128613719e+02,8.532641948874553464e+02,9.019816750853991607e+02,7.633766914016952114e+02,9.073189992297994877e+02,8.115220548475718942e+02,8.410301549905341290e+02,7.634045324666010401e+02,9.312999994012161551e+02,9.771410088055179131e+02,6.742433575099636300e+02,7.465199281709132038e+02,7.559731946272719370e+02,7.767859299861349882e+02,9.327591318016485502e+02,7.583425666748255480e+02,9.555119299407876952e+02,7.741026063086103477e+02,7.456804945726502183e+02,8.528495697619596285e+02,8.433369004834620455e+02,8.576484147735887973e+02,8.013039194502975988e+02,9.971595098361407281e+02,1.067077546368942194e+03,8.271606139754537708e+02,1.076663265515888725e+03,8.911164010316985014e+02,8.955965870692339195e+02,8.306863346639598831e+02,9.166596072127532580e+02,9.202953477461187504e+02,7.939497712339677946e+02,6.809437246053952322e+02,7.909891459704767840e+02,8.892509524980089282e+02,9.004126396927861151e+02,1.027585114992670924e+03,1.067453757480531976e+03,1.012558622181125202e+03,8.538938882315006822e+02,-1.044015704251186349e+01,1.180657949824811093e+00,9.703454147612807779e-01,5.956340154940609199e-01,5.433369926843050202e-01,7.195461298730527755e-01,-1.702292849613632197e-01,-3.616335223413661981e-01,3.052232344765404629e-02,4.169079028845457113e-02,4.673511625426570587e-02,4.062415531039658551e-02,4.214548222842433994e-02,3.654815714187572423e-02,2.505172375140111291e-02,-2.098277279231824666e-01,4.187304935523501748e-02,4.511260386689707608e-02,8.334368622703877683e-02,1.621232491711212254e-01,-1.350258943494586361e-01,-1.685011456605207125e-01,1.720265571319268938e+00,1.661730195397974175e+00,1.667743494976147600e+00,-2.689261336538691927e-01,-2.498890570409976752e-01,-3.346575959992003635e-01,-5.409911522063860501e-01,5.114483180100719978e-02,3.682487169393906801e-02,6.355853703969709112e-02,2.676557901180007769e-03,4.085456898447289119e-03,-2.967230103487273341e-01,-2.427323491840428227e-01,-3.462229636802095278e+00,-3.415576568919108436e+00,-4.105538483805560190e+00,-3.279389435620251092e+00,1.961514113703520223e+01,-4.848336833249595301e+00,9.456121620146382689e-01,8.651806828121271220e-01,-1.282671660976296077e-02,-1.659019704782378063e-02,6.394604314950934752e-18
7.618388797792531542e-14,3.961078174484156111e+00,1.032475586216326064e+03,1.276270508621208137e+03,1.026516069575618076e+03,1.094072613864316281e+03,1.104492381321122366e+03,1.046900672642075506e+03,1.303299770122038126e+03,1.886625333213619342e+03,1.649926526841275290e+03,1.477844002692863796e+03,1.735461075515800758e+03,1.783582412426039582e+03,1.394448458750012151e+03,1.460492190021692295e+03,1.576340728008951373e+03,1.388416293232115322e+03,1.603473605422118453e+03,1.617621377172162283e+03,1.246494547867661595e+03,1.171098669160420513e+03,1.290349201997739101e+03,1.522273466751873457e+03,1.262326944088328901e+03,1.319829408789798663e+03,1.769103449731165711e+03,2.304117949072499414e+03,1.646159785863608704e+03,1.303795403349532307e+03,1.543566084613845987e+03,1.698273358235591786e+03,1.472026473647915964e+03,1.423764150626875107e+03,1.268428791091709400e+03,1.083189119601057428e+03,1.394950650953588365e+03,1.833020262977459197e+03,1.756490274773360852e+03,1.569466110585158276e+03,1.707788037007248022e+03,1.770024591920908961e+03,1.469812334597188055e+03,1.123685191946412033e+03,1.000938583606461066e+03,1.533405796190254932e+03,1.620922042671341842e+03,1.503324734671957913e+03,1.230754594341872462e+03,1.472033474804096613e+03,1.632267042131183871e+03,1.548486364568374711e+03,1.359718682457520117e+03,1.464749564276541378e+03,2.007189245788463040e+03,2.056602699910400588e+03,1.353333853821155571e+03,1.504004023546582630e+03,1.448822258611660800e+03,1.207504101567450562e+03,1.367894080455543190e+03,9.972353174707477592e+02,1.280421853642132419e+03,1.740513365963068281e+03,1.591919127762125299e+03,1.695311821647360603e+03,1.471473535076046119e+03,1.259339460342270741e+03,1.740970292770016385e+03,1.381653678684642045e+03,1.466790263542215598e+03,1.527528252313316216e+03,1.357913721052002529e+03,1.475087089798536454e+03,1.341511759450894033e+03,1.562161271380462949e+03,1.328946477844069022e+03,1.878972616741234560e+03,1.864953954903003023e+03,1.472508132270966144e+03,1.930509608794830456e+03,1.781913261625338919e+03,1.349399785848159581e+03,1.480384376041355608e+03,1.405596484690433044e+03,1.652956225881546516e+03,1.538544905603799862e+03,1.870261675811334271e+03,1.832206575607443710e+03,1.521440844140429817e+03,1.267566003268011173e+03,1.374404895960131398e+03,1.344850208556439156e+03,1.593599215316160553e+03,2.152116746018954927e+03,1.330004604883539287e+03,1.313454812490304676e+03,1.087296620938695469e+03,1.384780720160019882e+03,1.394614563396526819e+03,1.207571231579000369e+03,1.035925309648834627e+03,9.366378222195072567e+02,1.628010671943902707e+03,1.842677782743080570e+03,1.734139768576922052e+03,1.392366085249017488e+03,1.341832225434254724e+03,1.908098132732354543e+03,1.369981403726687176e+03,1.347858067506834686e+03,-3.928426037945058180e+00,-7.780043975922171562e+00,-1.488427916403339601e+01,4.504756761180934888e+01,1.604491312350762200e+03,1.744227018063825426e+03,2.446002400308755114e+03,2.723733160254830182e+03,2.619428264178835889e+03,2.085806722079345491e+03,1.795813178173808410e+03,1.633998802190118795e+03,1.411873245398248400e+03,1.799254484569332362e+03,2.764620247947461394e+03,1.721609888807551215e+03,2.509151858157804782e+03,2.829203458100125772e+03,2.404326479163697513e+03,3.388026168938312367e+03,2.277170129186366921e+03,3.339701486907031722e+03,3.770718735430459219e+03,3.334468593462771878e+03,2.211660760846672474e+03,2.353634875153567464e+03,2.668512725782354664e+03,2.813660260541446405e+03,2.479031313528399096e+03,2.933462404917996537e+03,2.108563149395981327e+03,2.167703241235281439e+03,1.071740578403158679e+03,1.078491714717359855e+03,1.128314835396583931e+03,1.386604220331006672e+03,1.326000511083678930e+03,1.326838202493485824e+03,1.146818494429643806e+03,1.031501665860845605e+03,1.149053229840567383e+03,-4.667723486769801866e+00,-5.075600912616258675e+00,-2.302931411080407553e+00,1.758253784013422916e+00,-6.689300011733211093e+00,-9.622086285067665301e+01,1.260683472540124512e+03,8.661433992674013780e+02,7.202962253282746588e+02,4.942769876347553009e+02,7.087383397597214980e+02,8.704266050747982035e+02,8.775462559393132551e+02,8.742616963903983560e+02,8.245220744895682401e+02,7.279155135838550450e+02,7.302745270681245984e+02,5.788666742160945660e+02,7.592862639618259664e+02,7.849183616641762455e+02,8.018839165494149483e+02,6.870230183057688009e+02,7.060416871330220374e+02,9.032930097040592727e+02,9.991864003447308278e+02,8.047173968144046512e+02,7.526282691416985244e+02,8.223221121816685582e+02,6.711064315960641125e+02,6.933960248575270953e+02,6.875817548292650372e+02,7.747814446695540482e+02,6.449721971616389737e+02,8.347363402030966881e+02,7.754966110184591344e+02,7.808439327957553360e+02,6.366478394898251736e+02,6.966605679850208617e+02,1.007057534891693876e+03,9.019047680911635325e+02,9.158389269711638008e+02,7.867378471806713378e+02,6.007906409867723596e+02,8.115428129727067699e+02,8.308621795232286331e+02,6.306975306948735351e+02,6.958613559034770333e+02,8.659118363870867370e+02,8.421818704632862591e+02,6.088312463277587767e+02,6.437865319512244469e+02,8.325648995678945994e+02,8.265635512890318068e+02,8.271903260682695418e+02,8.288266704028728782e+02,9.670694048812485732e+01,-1.093640810436212085e+01,-8.988287809861018829e+00,-5.517344524084687230e+00,-5.032918374940064332e+00,-6.665139659944427031e+00,1.576830047963897696e+00,3.349803205178920606e+00,-2.827275974099151545e-01,-3.861808552219291313e-01,-4.329063334874388436e-01,-3.763006393472468347e-01,-3.903926564620856521e-01,-3.385447597462232228e-01,-2.320535551416207654e-01,1.943629536835352223e+00,-3.878691168690288071e-01,-4.178770376399166264e-01,-7.720106959310655270e-01,-1.501744020275863845e+00,1.250741830418601763e+00,1.560822332386326172e+00,-1.593478139762895118e+01,-1.539256952355272112e+01,-1.544827058265325093e+01,2.491056743405942964e+00,2.314716729786201022e+00,3.099925804603322455e+00,5.011188907215680999e+00,-4.737534296768799447e-01,-3.411079604346448635e-01,-5.887413028349848254e-01,-2.479289579729956547e-02,-3.784349560415000563e-02,2.748538588682726047e+00,2.248424305448586846e+00,3.207055545994790435e+01,3.163840913868315852e+01,3.802951087884845549e+01,3.037691077792549521e+01,-1.816946123397625854e+02,4.491003532707811985e+01,-8.759184244492484339e+00,-8.014149256902122431e+00,1.188135882235682589e-01,1.536746230978299210e-01,6.581358866133744359e-17
1.557026831837234438e-13,-1.390550798807668009e+01,1.394893914480074727e+03,1.296561031625706846e+03,1.240355747297549442e+03,1.285026837070733791e+03,1.269301069648614657e+03,1.084773162116926414e+03,1.164699729059688025e+03,1.657829027876809505e+03,1.592361711784416684e+03,1.533453311454392406e+03,1.539495110645827481e+03,1.361385762090105118e+03,1.460903703126027494e+03,1.583715582402622658e+03,1.679395296591619854e+03,1.260218284424679268e+03,1.195483405704151664e+03,1.372572524106621358e+03,1.240943292764009129e+03,1.321099986313045747e+03,1.427647985260572796e+03,1.406368085857218375e+03,1.228855221893450789e+03,1.275100577167441315e+03,1.597225514228244037e+03,2.100713892467980713e+03,1.569752425582458272e+03,1.389362158444482020e+03,1.599649319957385615e+03,1.714912104481977849e+03,1.498401640107991625e+03,1.533167594529378448e+03,1.690534815604475625e+03,1.500941079168964734e+03,1.642518495204699775e+03,1.756161527552481630e+03,1.783919943072264459e+03,1.397005460008731006e+03,1.271752417533629114e+03,1.651641431210947303e+03,1.036496967703977134e+03,9.985617139437082415e+02,1.161100783388189711e+03,1.563075747655961322e+03,2.250419797747448683e+03,1.787014912091327233e+03,1.490668565887180648e+03,1.747377586373558643e+03,1.615879083591720700e+03,1.788007363168483380e+03,1.288773810091312953e+03,1.373899575522843406e+03,1.458584519339902499e+03,1.487272044080512615e+03,1.449318848660798722e+03,1.780097173252844414e+03,1.697737263683970696e+03,1.759787642643579829e+03,1.750215253754551213e+03,1.580406506797543670e+03,1.377859960735406730e+03,1.469488394810580076e+03,1.735042608468856542e+03,1.751677213600003370e+03,1.573279747424011930e+03,1.753966878289967781e+03,1.368154038536533790e+03,1.356651030211657599e+03,1.426606078353837120e+03,1.460255855906560782e+03,1.657383631084999706e+03,1.452095110971871691e+03,1.394013945246706953e+03,1.156189797474993156e+03,1.582751492967868671e+03,1.741451232115854737e+03,1.517666770558957978e+03,1.548640587081141575e+03,1.350934138110155118e+03,1.373437993446415021e+03,1.433695145139784017e+03,1.334262041870194025e+03,1.275184854239496872e+03,1.224951187620344626e+03,1.468659796741981381e+03,1.613981257865862972e+03,1.476594285562900041e+03,1.450100803549564034e+03,1.973095583261883576e+03,1.718135722052654273e+03,2.056463654013300584e+03,1.808013896214149781e+03,1.674128484801620516e+03,1.358143419806372322e+03,2.212182088190941613e+03,1.405564148472691841e+03,1.297523093493264923e+03,2.054403670112847522e+03,1.699931100643175114e+03,2.206607314241635322e+03,1.294236794963722332e+03,1.428843451136889598e+03,1.936314473510585458e+03,1.894334508144687788e+03,1.913062036527099963e+03,1.455902563388636281e+03,2.153442343825934586e+03,1.668766280360901646e+03,4.016883521936676971e+02,7.341498348918270578e-01,3.735889013503994249e+01,7.108892348830150354e+01,-2.139205614453789224e+02,2.468906519926503279e+03,2.678271950547915367e+03,2.444667953651299740e+03,3.478819192201799069e+03,2.460487910022053711e+03,2.335278960237903902e+03,1.696225254406897193e+03,1.559253708590228371e+03,2.015898354669337550e+03,2.030930648118694762e+03,2.212372314437337081e+03,3.272245419101730022e+03,3.158735826655145502e+03,2.340012668102757743e+03,2.233486197083000661e+03,2.594781513412633558e+03,2.356380538818615605e+03,2.443629681365549914e+03,3.278785875841173493e+03,3.520607704022863800e+03,2.676033552192011939e+03,2.493740717969334582e+03,2.102554409626741744e+03,3.037456772125268344e+03,2.511087979222476861e+03,2.985711742738817520e+03,2.575406288386115193e+03,1.687301928650807440e+03,8.365731960622957786e+02,1.629283738156747859e+03,1.400520193378736167e+03,1.389631182751945289e+03,1.641499873106303539e+03,1.571428985119713161e+03,8.268877324597586949e+02,1.122835035566924944e+03,8.397985566736550709e+02,3.829306192119690699e+00,2.455364536484444749e+00,9.927051589808949528e-01,-8.362864506129900732e+00,3.181662974231435115e+01,8.081256409434129182e+02,1.089141961299038712e+03,8.442186915287205693e+02,7.093362249883587083e+02,7.105292114418441543e+02,8.271534890857031996e+02,9.244656758314559966e+02,9.098619355713075265e+02,6.618245971223707329e+02,6.336902870016559746e+02,9.028975806669620852e+02,7.193147164716029920e+02,5.669795533432508137e+02,7.670410133987357995e+02,9.986436516368332832e+02,8.104717788456256358e+02,7.806595758124885833e+02,5.998882625098453900e+02,7.536974330447603734e+02,8.470919674249277023e+02,7.499298732197659092e+02,7.064787153629167733e+02,9.501819063432197936e+02,6.407884193872846481e+02,7.310100782364336283e+02,5.593740967548894787e+02,6.786684684587221454e+02,7.843216863903556941e+02,6.596909850857184665e+02,6.926045235896842769e+02,7.042742017636815035e+02,5.941673077812953352e+02,6.573451175513713451e+02,8.450929735150808710e+02,8.890891753267570721e+02,7.835683190198765260e+02,6.399636757155049054e+02,6.617024490635141092e+02,7.443629562846299450e+02,9.099194099939537637e+02,9.020741003849187791e+02,6.906970331180199310e+02,8.345746678508519381e+02,9.161694637588792602e+02,1.068210103429123592e+03,7.460998381129728614e+02,8.559324502785253799e+02,8.219074670922410633e+02,7.889594754920768764e+02,1.019542883388470386e+03,-4.599717330102824917e+02,5.201734811669327030e+01,4.275141266830424058e+01,2.624240317756362728e+01,2.393830448296258950e+01,3.170171473387334871e+01,-7.499950325837302145e+00,-1.593282527347403210e+01,1.344750462521778323e+00,1.836810019376385661e+00,2.059052591678212529e+00,1.789816287639506731e+00,1.856842806121072664e+00,1.610236235951871819e+00,1.103727151028990550e+00,-9.244575848182376987e+00,1.844839977016154986e+00,1.987568050630638350e+00,3.671950492048615899e+00,7.142815149125090635e+00,-5.948961722729113610e+00,-7.423812081378464711e+00,7.579134421595549043e+01,7.321239658180689958e+01,7.347733012799973551e+01,-1.184832941160083841e+01,-1.100959517748773386e+01,-1.474432173481669039e+01,-2.383495160181335137e+01,2.253335541049382940e+00,1.622427706975105188e+00,2.800257727034523914e+00,1.179236070199909253e-01,1.799967837711275997e-01,-1.307300232538402440e+01,-1.069428542666618398e+01,-1.525386792205056281e+02,-1.504832415104214931e+02,-1.808815369009145400e+02,-1.444831180005834597e+02,1.568176142717504945e+03,-2.136076963523186123e+02,4.166171669126790533e+01,3.811807201938096767e+01,-5.651186130438657917e-01,-7.309297796954967730e-01,7.415703856224436645e-16
2.181364713003601684e-13,5.080797681239664598e+01,1.696269082687406353e+03,1.336287268794995043e+03,1.462941149703078281e+03,1.325332949290296256e+03,1.160113233425565113e+03,1.037573675778362031e+03,1.086855424228028596e+03,1.277853117141944722e+03,1.394487051775643977e+03,1.502136170971600222e+03,1.470790935354773183e+03,1.554600856987033239e+03,1.426582610875068440e+03,1.443060091086919556e+03,1.695926190299218206e+03,1.513100898218690190e+03,1.414888042722428736e+03,1.284130953755726523e+03,1.450087256497209864e+03,1.524151403965176314e+03,1.345082669630971395e+03,1.259607474849511618e+03,1.289277546441441245e+03,1.270420477625261583e+03,1.369285996022203335e+03,1.797450131833336854e+03,1.589085329133003825e+03,1.282314047374979737e+03,1.422134513583340549e+03,1.973323996453754944e+03,1.558292719983264533e+03,1.435461159745336090e+03,1.517522762195058704e+03,1.447738279562144953e+03,1.514891042820355551e+03,1.457835725191276424e+03,1.534315002609817157e+03,1.522373949402698599e+03,1.385439160553943339e+03,1.556213090631675868e+03,1.409646211995446947e+03,1.342606226099199830e+03,1.173389601178734210e+03,1.441278524232434165e+03,1.898031790805343007e+03,1.323717044961967758e+03,1.382494641181109728e+03,1.718555287454029440e+03,1.724966689055910365e+03,1.612950982248668424e+03,1.509116676502623022e+03,1.409809876036164269e+03,1.298539006991352380e+03,1.361852315677341949e+03,1.740559491591336837e+03,1.901417550317314863e+03,1.791523365173146885e+03,1.697387770114985415e+03,1.628799515634684212e+03,1.866876773153573140e+03,1.264446679461879512e+03,1.077687767117083695e+03,1.392076999203953392e+03,1.522183633074729187e+03,1.364966724734768150e+03,1.778691870251627734e+03,1.011079675406384467e+03,1.666341866445579399e+03,1.671617669265138602e+03,1.542843832990696001e+03,1.678197826862216289e+03,1.429662640761399643e+03,1.529931067487672181e+03,1.462138238591636764e+03,1.457993906685434695e+03,1.295792149726936032e+03,1.411347888397294810e+03,1.291011415005320941e+03,1.258223944907587338e+03,1.454275531402219258e+03,1.767372324971832313e+03,1.252865055885559286e+03,1.395567566665422191e+03,1.438172074569202550e+03,1.706425332529984189e+03,1.454161400245384357e+03,1.382945629901589427e+03,2.018936450557608850e+03,1.610737760621133248e+03,1.535539389228169057e+03,1.721593483970505076e+03,1.510082663178649227e+03,1.587927943160180803e+03,1.972797119718232807e+03,2.009641750430712364e+03,1.478692581421146997e+03,1.355094436829193228e+03,1.564255202648660543e+03,2.036904182391504719e+03,2.042876872948431583e+03,1.242818218387618799e+03,1.805625937427507552e+03,1.826506153297621950e+03,1.894018262083086938e+03,2.409541997102074674e+03,2.405249918647803497e+03,1.611928467497953989e+03,1.635987493100016991e+03,-2.893279365549301474e+02,3.940629368569897206e+00,-1.415982506694633969e+02,-2.693000604921062973e+02,1.148172382888482161e+03,1.895163454791032109e+03,2.032315528369174899e+03,2.158300262251440017e+03,3.415107719397233268e+03,2.235123689226884835e+03,1.947094930494294204e+03,1.879425608818938599e+03,1.924557341864695445e+03,1.476400992911776939e+03,2.751355801061717557e+03,2.635915327921468815e+03,3.734513845306497842e+03,3.449427161937197525e+03,2.840557236252302573e+03,2.970165402176056887e+03,1.875190251497871259e+03,2.595864729241931855e+03,2.923540018829222390e+03,2.472242396874442875e+03,3.289064592664407883e+03,2.074666352826849106e+03,2.480604361918933591e+03,2.864011289338682673e+03,2.737806668371747946e+03,2.664585580303067218e+03,2.577971987951906158e+03,2.636711078235295645e+03,1.777876756143117291e+03,1.088241386893463186e+03,1.416959387744379228e+03,1.707098940336385340e+03,1.678448118608728919e+03,2.078081215827631240e+03,1.847713236552670423e+03,1.187160911498467840e+03,1.269559181504251455e+03,9.806763497986033826e+02,-7.621998264330970052e+00,-1.178631219550048348e+00,-2.980128129745121535e-02,3.166736653955163305e+01,-1.204789190790462072e+02,9.373979092140647253e+02,6.952685727027649136e+02,9.286743953449476976e+02,6.359164164888965161e+02,1.059062162527124883e+03,8.640750762988706128e+02,8.106459919238983503e+02,6.096185943470892425e+02,8.652402434386153800e+02,8.280888546467649576e+02,8.760237072553932194e+02,9.252257704505474294e+02,6.621336386791293762e+02,6.707392078757897025e+02,7.807694955933224037e+02,7.892852877149002779e+02,8.226503372312610054e+02,6.385375422766248903e+02,6.716346159767249446e+02,8.049055825085923743e+02,7.442171777259209193e+02,7.166860722260153125e+02,1.019532314175186002e+03,8.448479536337514446e+02,7.535241130514685892e+02,7.921259231488597834e+02,7.348169567964905582e+02,7.054126980659783612e+02,7.100790523852742808e+02,6.378146213438699306e+02,6.801837274354510328e+02,7.284513892944145255e+02,6.465962642740622641e+02,6.376720514174264736e+02,6.989711778005131464e+02,7.248901944272058699e+02,8.738092128514249453e+02,9.021676458802614889e+02,6.406536753086345470e+02,7.500330411010774014e+02,8.933129331827462920e+02,8.009606056124732731e+02,7.925489639719529578e+02,9.323764795143517858e+02,1.089905377040765416e+03,7.542437347363439812e+02,8.051161979946141400e+02,8.775972144594475139e+02,9.296519974437499059e+02,1.723177731998083345e+03,2.429454087955966770e+03,-1.969722728401661413e+02,-1.618852791478880704e+02,-9.937119030129633757e+01,-9.064634035882144758e+01,-1.200437744356616037e+02,2.839979959290605649e+01,6.033227222274100399e+01,-5.092119544648127771e+00,-6.955384259122734392e+00,-7.796942434866949156e+00,-6.777434738730262254e+00,-7.031241712055007476e+00,-6.097425237701576961e+00,-4.179445000653790210e+00,3.500611204121382514e+01,-6.985791018874641267e+00,-7.526254423407974237e+00,-1.390444650413217076e+01,-2.704744830982320281e+01,2.252672529434575210e+01,2.811148956549993017e+01,-2.869964323890094420e+02,-2.772308215798150286e+02,-2.782340361733027976e+02,4.486565459520323174e+01,4.168964900507786808e+01,5.583180744005457541e+01,9.025497761847422851e+01,-8.532626884329481243e+00,-6.143590254636392523e+00,-1.060363799774748550e+01,-4.465371984002352024e-01,-6.815875258343151444e-01,4.950308068567799324e+01,4.049567659939782516e+01,8.371435878514507749e+02,8.240060917770972537e+02,9.921725821190059378e+02,8.097670649854588873e+02,2.068444037387156186e+03,1.068630053524624600e+03,-1.577589655030611198e+02,-1.443403701607213918e+02,2.139914887352945883e+00,2.767786232973701743e+00,2.838980162598274522e-15
2.420119539550777766e-13,-1.640629923984901097e+02,1.708013318950364692e+03,1.439508998484261156e+03,1.990475531229885746e+03,1.690956465656672208e+03,1.349397534804422094e+03,1.363090920350666238e+03,1.109417589699211476e+03,1.063113526010533405e+03,1.136161589922113762e+03,1.301782770513710830e+03,1.354683958921599015e+03,1.517006364038081074e+03,1.459376823358678621e+03,1.382209250199447752e+03,1.655150633936407303e+03,1.776794782744191934e+03,1.861922624244160033e+03,1.739832843374907043e+03,1.412446140312806619e+03,1.526614822583466548e+03,1.598098557251092871e+03,1.365705777665818687e+03,1.471169295096491851e+03,1.356772654129447801e+03,1.350400620691595122e+03,1.459846620059443694e+03,1.301282038984616293e+03,1.233609713913300311e+03,1.368229868561129024e+03,1.559490144556139285e+03,1.494342535410067740e+03,1.533415791427364866e+03,1.313997898176575518e+03,1.219960959767318627e+03,1.302892343935086274e+03,1.455873932318449533e+03,1.598306853555183579e+03,1.609972174042488177e+03,1.510700210229699451e+03,1.379574687984231559e+03,1.581703817347746508e+03,1.349103313000044409e+03,1.255186822497128333e+03,1.309220804721135437e+03,1.130786644466810685e+03,9.263112743500815895e+02,1.400777129101301853e+03,1.656969685433211907e+03,1.643605960186082484e+03,1.454128489417377978e+03,1.709965169930771935e+03,1.523377022692814307e+03,1.525433390706768023e+03,1.440731425250487291e+03,1.468688257381767926e+03,1.659479271278712986e+03,1.850371491280565806e+03,1.322299046921634726e+03,1.215390602655958901e+03,1.511864178237388160e+03,1.398864021247657774e+03,1.203983004995133342e+03,1.445113030721119912e+03,1.375641296765166544e+03,1.484589570231476046e+03,1.513662326755827053e+03,1.259164624079711984e+03,1.772736755458686957e+03,2.064552475377475275e+03,2.014249345884443301e+03,1.532902623490992255e+03,1.688983599479733812e+03,1.570183925774554382e+03,1.923642877348850107e+03,1.573301790235241242e+03,1.619479994099475789e+03,1.525998981587079015e+03,1.276736037134655589e+03,1.503757861090168490e+03,1.809649260655472744e+03,1.765807590049928194e+03,1.647552236141246112e+03,1.358480838288774748e+03,1.558642806443728205e+03,1.973439331256542800e+03,1.685234254163780179e+03,1.385202510196816093e+03,1.820380564251495571e+03,1.499946540645696814e+03,1.754474142297800199e+03,1.254586864997203293e+03,1.397173993044183135e+03,1.857814718725847797e+03,1.819352397188420355e+03,1.654109508628737558e+03,1.508867110672201079e+03,1.454939563799616508e+03,9.663763107503264109e+02,1.594098077218878416e+03,1.559471852121993834e+03,1.340035669832388521e+03,1.721721632338661948e+03,1.494443352581637100e+03,1.765320405690465577e+03,2.031551798513987023e+03,2.613900985175559072e+03,1.477519686821762662e+03,1.489403963371597229e+03,7.078312448120234421e+02,-1.487466504771452058e+01,5.877238535337970688e+02,1.065281528907422853e+03,1.806579167399685957e+03,1.463626119887450614e+03,1.420411217759001374e+03,2.334386436786553986e+03,3.493580892759212020e+03,2.218910789964742889e+03,1.912521297922908616e+03,1.599807802673706647e+03,2.331905100993135420e+03,1.618579913126541669e+03,2.668542641382643978e+03,3.393755853938360815e+03,3.059867373706681974e+03,2.884842157194527317e+03,3.266885570446415841e+03,3.190225339075826923e+03,2.286980826226675163e+03,3.786026021961498373e+03,3.035836789126927215e+03,2.835617253410840021e+03,2.872171467643215237e+03,2.413904475076069048e+03,2.615324987880792378e+03,3.481985403087412124e+03,2.799102520896537953e+03,1.934129227451882343e+03,2.394228009010783808e+03,2.588318453020170637e+03,2.067464928421853074e+03,1.359464086055348162e+03,1.100933807769524947e+03,2.061052632989857102e+03,1.712962733318849814e+03,1.885526337764626305e+03,1.624255688096273389e+03,1.559238514159213764e+03,1.142662516234056056e+03,5.365878580577251569e+02,2.254428454754078714e+01,1.276106181856981658e+00,-1.071583346439716422e+00,-1.026171445398576054e+02,4.820927780304558610e+02,8.422159678586973541e+02,1.010160613870725797e+03,8.435634880446177704e+02,7.173121997505985519e+02,8.500677916464250075e+02,7.189218253664845406e+02,7.633386329122517964e+02,6.334184763720161300e+02,1.000173886864388123e+03,9.430962544010684496e+02,9.326299242057209540e+02,8.221219516895654351e+02,8.160496620171685436e+02,7.422627182556980188e+02,7.034188132895920944e+02,6.652533753409792325e+02,7.035635750354172160e+02,6.763394873365461990e+02,5.821041299474571815e+02,7.480036521236161207e+02,9.018728174500055275e+02,7.975720136939430631e+02,8.343889604675692908e+02,8.804805965357725199e+02,9.841017612038651805e+02,9.828794809248837510e+02,8.238379720861767055e+02,6.205701471562424558e+02,8.185980238908462070e+02,7.599427536910575327e+02,7.882054667277601538e+02,6.647064900062462129e+02,7.462050459770746329e+02,6.633138029073709276e+02,6.950809632352692233e+02,7.414747877297297691e+02,8.784948879562606407e+02,8.160575568981720380e+02,7.168377672821986835e+02,7.001290496914017467e+02,6.317094599145169695e+02,8.589801506192036413e+02,8.101808883412478508e+02,7.989454672665726775e+02,6.359782219567536004e+02,7.690427583246969334e+02,9.688849289670863527e+02,7.345628205821477650e+02,9.236819865467166437e+02,1.545931553066754987e+03,3.219959353472809198e+03,7.765346440405055546e+02,6.391008380664732158e+02,3.986857037709019664e+02,3.685855580005012939e+02,4.796560367300068606e+02,-9.202869256868441994e+01,-1.955049053847447169e+02,1.650085954178592118e+01,2.253871255625908532e+01,2.526575639968016418e+01,2.196207251162177698e+01,2.278452634068772653e+01,1.975852226792269306e+01,1.354336525561146232e+01,-1.134362484681230967e+02,2.263724474258890496e+01,2.438860007654859885e+01,4.505693881678411827e+01,8.764643909296668767e+01,-7.299717274097915265e+01,-9.109443263527087709e+01,1.135458294072645003e+03,1.095298527760052366e+03,1.109899482182365773e+03,-1.453857982387347931e+02,-1.350940480771216983e+02,-1.809212852240765983e+02,-2.924685281976007900e+02,2.764971963173268676e+01,1.990811861056671006e+01,3.436076857556690101e+01,1.446990300675312646e+00,2.208663785406443925e+00,-1.604132373794282387e+02,-1.312250165686993739e+02,1.538099049889817024e+03,1.486260925463661579e+03,1.812269465813589022e+03,1.702154984961507353e+03,6.504088779573589818e+02,8.251865411606012231e+02,6.579929159203129529e+02,5.609719314519112459e+02,-6.934329541555856125e+00,-8.968927667848699770e+00,-1.614444654647316431e-14
1.535107471833318976e-13,4.965122927965084614e+02,1.530665108606070135e+03,1.644598932163894915e+03,1.887348210284620336e+03,1.766868858459263720e+03,1.835610744024290625e+03,1.603967172025720402e+03,1.124613472558908597e+03,1.075449922311029013e+03,1.244473718479188847e+03,1.255490026775589513e+03,1.253143756238095193e+03,1.347116447985301193e+03,1.588752599940385153e+03,1.439257925142019758e+03,1.631643600604707899e+03,1.716995046518995650e+03,1.681706800716106954e+03,1.863985642028934308e+03,1.273889570677061329e+03,1.223411331705190833e+03,1.775388930934843756e+03,1.639169827221594915e+03,1.541554463066911239e+03,1.445215432335313153e+03,1.517557391823278522e+03,1.190975196185693676e+03,1.224090956116389407e+03,1.411661701786731555e+03,1.370318644878902660e+03,1.273563170150336873e+03,1.390316256108937068e+03,1.597986683987664492e+03,1.507839189083631481e+03,1.695050775933085333e+03,1.367340978793721888e+03,1.494542189281920173e+03,1.524306620528451276e+03,1.400125542563522231e+03,1.288620192044683563e+03,1.056478411615473306e+03,1.159453175687645171e+03,1.344068516507820732e+03,1.521881161681816593e+03,1.377621032108474992e+03,1.275001252686237422e+03,1.311053439000896560e+03,1.463368781254336682e+03,1.585013995839216932e+03,1.611741915800064817e+03,1.444957895359457780e+03,1.530500055318193972e+03,1.553707321260857270e+03,1.468193417754242546e+03,1.305540236098274590e+03,1.248348379699231373e+03,1.476292710622590675e+03,1.596979524747456935e+03,1.459638950073967862e+03,1.639398076201529648e+03,1.679653544960713589e+03,1.510701275931461396e+03,1.195259825719444052e+03,1.617918553431323062e+03,1.511781400861359771e+03,1.725574992384228835e+03,1.258422269658570940e+03,1.479310536147291941e+03,1.360030136985350737e+03,1.784060771327573548e+03,2.086796476849930514e+03,1.489964748232429884e+03,1.765707273421289528e+03,1.792719244489309403e+03,1.983940964816545602e+03,1.934852170886711747e+03,1.907921110164116953e+03,1.520650878896384938e+03,1.642042099586706399e+03,1.513686353198826055e+03,1.444644948501563249e+03,1.615942314753599703e+03,1.812039713992937550e+03,1.471269977866667887e+03,1.323439253117986709e+03,1.800994802946161599e+03,1.638474635012236376e+03,1.177976015042072731e+03,1.334166503617836725e+03,2.166230997137291070e+03,1.989985857413907070e+03,1.069606476666782555e+03,1.332062753126548159e+03,1.797711306218566506e+03,1.302920778272884718e+03,1.566960970830783936e+03,1.519397547494648734e+03,1.826082219194481695e+03,1.472997091931991008e+03,1.255783747238231399e+03,1.840779478881122714e+03,1.596862243739186624e+03,1.508401205595158217e+03,1.264505559199133586e+03,1.475706621513544178e+03,1.855507315955780086e+03,1.782528927127102406e+03,1.623734851429961282e+03,1.589834559767822611e+03,1.099327873042362853e+03,4.160971523310561793e+01,1.830781612180193861e+03,2.194800549165911434e+03,1.719949225302279046e+03,2.073883685134755069e+03,1.943634699824808422e+03,2.720472094433610437e+03,2.755227152496294366e+03,2.417689374470809071e+03,1.775453249109999661e+03,1.819384841744782989e+03,2.451379747105190290e+03,2.211396481980078534e+03,1.925989816597725849e+03,2.586115827424014242e+03,2.977362413832877792e+03,2.489982503643956079e+03,3.246337306578031530e+03,2.748610322177296894e+03,2.256482625857484436e+03,4.395196979566766458e+03,2.506639159280791773e+03,2.908841895142276371e+03,2.668995680731272387e+03,3.411201922720781567e+03,2.601954661358329304e+03,2.839099143789635491e+03,2.544218915672711773e+03,1.511991207034286617e+03,2.204310648690826383e+03,2.683490292881669120e+03,1.799846227907447883e+03,1.197302175804204580e+03,1.640698361066977213e+03,1.795240246610545682e+03,1.527253461823916950e+03,1.816381937941343494e+03,1.424614773590606319e+03,1.727121455340368129e+03,1.226273162324024952e+03,3.258847751486826496e+02,-6.164960237403980159e+01,-2.848786954471631105e+00,3.266642774883385503e+00,3.088483915741059604e+02,1.120302657998930499e+03,1.203180252544982977e+03,1.005959671192560791e+03,7.170215400014837996e+02,1.090803180493548325e+03,6.550761216275687957e+02,6.548936667782893437e+02,7.654780125738539027e+02,8.047351538737757437e+02,7.045735020715258088e+02,7.255115489804488789e+02,9.370942411982135809e+02,5.372308220929043046e+02,6.807520821413913836e+02,8.181568089222053004e+02,9.205630893766859799e+02,6.752103961204377356e+02,5.795240610150250404e+02,6.439422442413699628e+02,5.592674183421726184e+02,6.478450389271324639e+02,9.223235706646221388e+02,7.234552727847991491e+02,6.924403629614841975e+02,8.542792135076711020e+02,1.115124000956900318e+03,8.222576694216220403e+02,8.562201513481533084e+02,7.321068746375691489e+02,8.127349610534093927e+02,8.979390368858629472e+02,9.061934438002967909e+02,5.816618768975489502e+02,8.409863000873510828e+02,7.307728487347906139e+02,9.074664999582183782e+02,8.097194410461744383e+02,7.887458712643751824e+02,7.426341110382146553e+02,7.642363983982834270e+02,8.454360549833025971e+02,6.775046440481700074e+02,8.031084734459801666e+02,7.899001408169176557e+02,8.677806239246503992e+02,8.491762843807412082e+02,7.123241184605691387e+02,1.001749248450056939e+03,7.714744927125931326e+02,8.384992966466081725e+02,8.164312904177448900e+02,7.967060118870643919e+02,1.537514244250586216e+03,1.286003527120886702e+03,9.500554065287792582e+02,9.903939402549314082e+02,1.097400757358441069e+03,2.824597971988777658e+02,5.953493597017700267e+02,-4.554064844729169437e+01,-6.220449197691057464e+01,-6.973084808333609885e+01,-6.061302569680820085e+01,-6.288291234112340788e+01,-5.453145723486716889e+01,-3.737827319462840592e+01,3.478578884091877512e+02,-6.247643051726517882e+01,-6.730998827031271503e+01,-1.243524439178521561e+02,-2.418950152434146617e+02,2.415477180291557033e+02,2.874735338408864891e+02,2.340131947148344807e+03,2.222150792917323542e+03,2.485741708469452533e+03,4.485552641516457015e+02,4.152209961319871354e+02,5.574811377268657679e+02,8.953721606019448700e+02,-7.631033754491510024e+01,-5.494432751184274366e+01,-9.483213150902756183e+01,-3.993542058995187549e+00,-6.095681302828434234e+00,4.927734318958846984e+02,4.027670665974923736e+02,1.142009946735442782e+03,9.912905508403840713e+02,1.240099477337720145e+03,1.389854170183931501e+03,3.311259849587407189e+03,4.240241781450231429e+03,2.134938883496002745e+03,9.170217242086266651e+02,1.913802508711530592e+01,2.475330335588552089e+01,-1.771040417371734850e-14
5.388634824455134166e-14,1.302663384823487604e+03,1.297705545394453566e+03,1.717160302418300489e+03,1.366488050104790091e+03,1.547402136804988004e+03,1.845957724187016538e+03,1.532458351323468833e+03,1.437900395415578259e+03,1.505689865097775964e+03,1.529172130124733485e+03,1.324956258030298159e+03,1.460555503050551579e+03,1.552320960709030032e+03,1.420633203012096146e+03,1.508160762926645930e+03,1.585339122381767766e+03,1.563596199967783377e+03,1.361327486033293098e+03,1.449954328282350843e+03,1.531759327298239896e+03,1.161991735114625499e+03,1.387723976946047742e+03,1.625334350660331665e+03,1.334522821486991006e+03,1.376827373865213303e+03,1.676397814792734152e+03,1.505665719356192767e+03,1.500790657059060095e+03,1.528164691805340453e+03,1.336515117137756306e+03,1.696074156114752896e+03,1.448083993949249361e+03,1.298281355592061573e+03,1.454743736386717728e+03,1.892431415827462843e+03,1.188339148768792484e+03,1.201793017626404662e+03,1.183891775784805759e+03,1.422151722368205583e+03,1.666171060613010013e+03,1.453002008274413129e+03,1.205266584763734500e+03,1.730228855200361750e+03,1.710846962184653876e+03,1.673334010400311627e+03,1.685154852154990294e+03,1.550737661389611731e+03,1.278885006971102257e+03,1.323073803433065905e+03,1.696858353984461019e+03,1.271111632583751089e+03,1.302066782910563916e+03,1.575643800981149525e+03,1.390299849876494136e+03,1.612973173884062135e+03,1.799858902981225810e+03,1.652355369882577406e+03,1.396624581671030683e+03,1.655524367662716486e+03,1.899444123143814295e+03,1.731722185736014808e+03,1.314540157980314234e+03,1.264010519281854613e+03,1.210268571717985424e+03,1.493632467458973224e+03,1.534674871857819198e+03,1.245562651059220570e+03,1.795270411140029410e+03,1.297362476685389993e+03,1.374317885266286794e+03,1.463869839877555250e+03,1.424871920519371770e+03,1.792769646528535304e+03,1.945064154497166555e+03,1.901876968322235825e+03,1.530016744464207250e+03,1.514101811118669957e+03,1.813754966331471906e+03,1.755056399912575671e+03,1.759180532803530014e+03,1.346219777785185670e+03,1.647099438828691746e+03,1.417710816506471247e+03,1.873974156128744198e+03,1.409031573277130974e+03,1.542564214248121743e+03,1.544759421743320900e+03,1.217651983669204810e+03,1.673590179037308189e+03,2.062368955161651229e+03,1.411075752866462835e+03,1.273931090673734843e+03,1.104885903097135497e+03,1.657528719940554538e+03,1.418499276670147310e+03,9.473984270719379310e+02,1.167369782741155404e+03,1.754803921130729123e+03,1.509926002347966460e+03,1.378142580370087444e+03,1.750074398540660013e+03,1.326389546546590736e+03,1.738554056678698316e+03,1.397687348951754075e+03,1.309584761443901243e+03,1.924434077531898083e+03,1.737319465536735152e+03,1.610202536174828310e+03,1.938499427846044910e+03,-2.133974494975916798e+02,-9.036129714792706125e+01,1.067468276683615159e+03,1.346558979376692150e+03,2.269036771468279767e+03,2.552882892088866811e+03,2.015965979988564186e+03,2.561112981981934809e+03,2.488033286663944637e+03,2.269304161122802270e+03,1.101152734620983665e+03,2.548083688325936691e+03,2.180777738929138195e+03,1.885378560503711469e+03,1.948873528913417431e+03,1.890091738801357451e+03,2.672699954008792247e+03,2.650852909421410914e+03,3.735594017435864771e+03,3.088592687351590939e+03,2.306560567060748781e+03,2.662818747012252061e+03,2.950631058136741558e+03,2.352966964947914676e+03,2.741865198137137213e+03,3.208280923835858175e+03,2.526702390499553530e+03,2.681107085050565729e+03,1.902220144280431214e+03,2.642595605512878137e+03,2.093472253147029278e+03,2.345573956589264526e+03,2.106254231369872741e+03,1.161317282053028521e+03,1.951377478068814298e+03,1.170595869989476796e+03,1.613000400845695594e+03,1.771311534391102214e+03,1.476488624400354411e+03,2.140058891210409001e+03,1.604737941768276642e+03,1.540747737417861117e+03,1.404836705097572178e+02,6.037942856632484201e+00,-7.149424046317260917e+00,7.206696310896497835e+02,8.188303635311922335e+02,1.038114749600789310e+03,6.068522282895380613e+02,7.316057187289680996e+02,1.112686762644935243e+03,7.780204647946527530e+02,6.839395062499287405e+02,7.328845556481146559e+02,7.380478585393913136e+02,7.189440959501108637e+02,6.117561421851926298e+02,6.226420339968144617e+02,5.638353092559583501e+02,4.760114924680017907e+02,6.353151957258457969e+02,8.074622960199066029e+02,8.693952503739421900e+02,5.871853360034250500e+02,5.810373535654094894e+02,7.745317478516957408e+02,7.465726098045065555e+02,7.290795623480003087e+02,7.877550771089465798e+02,7.938709312966593643e+02,8.022458528432118783e+02,8.337897273852536273e+02,6.394441505736040199e+02,8.229826618700393510e+02,8.101433640215850573e+02,8.803867312936624785e+02,8.788678709734224412e+02,8.154450680457447334e+02,7.840201736508405475e+02,7.569253639182859388e+02,5.865216056110325553e+02,9.297566148518641285e+02,7.954637573546833664e+02,1.083565158432635144e+03,8.243413979162307896e+02,6.416603378319432522e+02,7.890320621563251962e+02,7.477310113271370255e+02,7.695010207428080093e+02,8.662549976085964545e+02,1.121100290429531015e+03,1.230478007287151286e+03,5.430034601056103156e+02,6.946192568419362487e+02,8.421749598514414856e+02,7.172113953554087402e+02,6.968066112749457943e+02,6.834114463806504318e+02,7.503454165778447305e+02,6.545576311076820275e+02,6.964590748882766320e+02,8.766270603690585403e+02,7.126800611983236422e+02,9.361887502631266216e+02,1.738137155808309217e+03,1.033856210580455581e+02,1.408498113428992724e+02,1.581304469907118744e+02,1.376418797295437741e+02,1.431703024905922632e+02,1.239670816418683330e+02,8.535674650061939417e+01,1.137483717147582638e+03,1.418927290444701441e+02,1.528605809196356518e+02,2.815162486320589323e+02,5.462922884441956057e+02,1.670876422669484327e+03,1.344045926642366112e+03,1.215005384539328588e+03,1.103672232833761882e+03,9.506640310370321458e+02,1.601272832292789190e+03,1.404357185520813573e+03,1.954355342954922662e+03,2.850599981212671992e+03,1.727164946196370749e+02,1.249541497327310680e+02,2.128133748526730358e+02,8.661361232539134036e+00,1.322056884396844190e+01,1.652908708507940219e+03,1.334290661267602673e+03,1.026798990598741739e+03,8.704306447084113643e+02,9.078706388282797661e+02,8.875687152719475534e+02,6.101195984293952279e+03,8.258382534012956967e+03,2.050786021353784236e+03,-1.666016138648568017e+02,-4.150735014384737553e+01,-5.368600077242776081e+01,4.081629401311683333e-15
1.447012296716921689e-13,-6.462332986801534673e+01,1.194399227154601931e+03,1.103342214826139752e+03,1.850954763479170197e+03,2.075163874936255979e+03,1.668474286455730862e+03,1.663574470682151059e+03,1.566204802100104644e+03,1.590989731798391631e+03,1.364776419735121408e+03,1.237361414891996219e+03,1.334753452430908965e+03,1.371909105130961962e+03,1.672576323632444428e+03,1.667735912848583666e+03,1.629576100528474399e+03,1.647856987369412082e+03,1.605724361168177893e+03,1.626235042363858383e+03,1.623389654894088153e+03,1.712171593781788260e+03,1.376266156628713361e+03,1.029977818402746379e+03,1.028649259493338604e+03,1.360065995816235045e+03,1.638652787857434078e+03,1.828874618588915382e+03,1.383560992718904117e+03,1.367251767584733898e+03,1.370520221241098170e+03,1.065286877564076121e+03,1.377556491872627248e+03,1.297688717328266875e+03,1.337258333446191727e+03,1.344549869027675413e+03,1.165999355349179041e+03,1.243707797067380625e+03,1.637467667702482686e+03,1.608708893396190206e+03,1.831780199373214600e+03,1.993477632853569958e+03,1.406276717933342070e+03,1.351062417565260603e+03,1.640504980440074405e+03,1.656096573115474030e+03,1.576698832084015294e+03,1.509283919970908528e+03,1.769591004684445579e+03,1.602912725668893017e+03,1.511730852472044489e+03,1.497318702800514757e+03,1.766768036606346641e+03,1.635804036599293568e+03,1.361740525522741336e+03,1.581134558230666244e+03,1.995384711362974258e+03,1.485500854812411490e+03,1.821486495966506027e+03,1.652317776926829765e+03,1.445898432138737007e+03,1.364091233321793197e+03,1.424917199128176890e+03,1.766585063171211232e+03,1.486289022130465128e+03,1.412201229034931202e+03,1.430356415789836774e+03,1.681289126372141482e+03,2.236643764440219456e+03,1.864554856274450458e+03,1.904011335592326304e+03,9.617620518426970193e+02,1.501242099264404715e+03,2.070726702544671298e+03,1.650629531197880397e+03,1.528237849567258081e+03,1.248875455068165138e+03,1.524032699612072747e+03,1.683870289677937990e+03,1.716316119516783147e+03,1.775845189005897737e+03,1.826393965691408766e+03,1.766890372039049225e+03,1.571906997429772673e+03,1.389821013480623833e+03,1.524997883150162124e+03,1.642872585519411359e+03,2.001501844362474685e+03,1.486302539526528790e+03,1.822061254766684897e+03,1.720997421754359038e+03,1.442449633402704649e+03,2.395938498811921818e+03,1.647517138819143156e+03,1.375130138957871395e+03,1.475255087470862918e+03,1.780090415104361682e+03,1.635784109411139980e+03,1.332096421930038787e+03,1.333452303590651354e+03,1.174255377359800832e+03,2.015198790961133454e+03,1.637491940548087541e+03,1.641718509709337013e+03,1.668456848788304114e+03,1.400173394516646113e+03,1.185394010062428606e+03,2.218603027361024488e+03,2.327265281728918580e+03,2.263425240579140791e+03,1.024190947238370484e+02,1.028214796884420110e+02,1.228652628006299494e+02,1.921624723609589637e+03,1.589146955812888109e+03,1.804272795240664664e+03,1.752388918628455031e+03,2.547497028665418839e+03,2.897486059206943537e+03,2.279685169317990130e+03,1.842460771341223563e+03,2.169684253191324842e+03,1.429212663637661535e+03,2.470749223191586680e+03,2.352610318338739944e+03,2.861954333830740325e+03,2.315119335918701381e+03,2.857888189883347877e+03,3.245798163630411636e+03,2.968356950426567437e+03,4.116642752942792868e+03,2.012715493700573234e+03,2.413991751731365184e+03,2.542764393830068002e+03,2.053109734060560186e+03,3.341610560289954265e+03,3.449488839920540158e+03,3.098964567841806456e+03,2.934080615496391601e+03,2.814221441362879432e+03,2.353432737681154322e+03,2.034182169062063394e+03,2.392456483400998422e+03,1.715146742891432950e+03,1.517502357921222028e+03,1.259962042519219949e+03,1.334742668810371242e+03,1.238271033118494415e+03,1.692392460931867845e+03,1.466422164104056947e+03,1.481275848123730839e+03,1.079466278538055121e+03,1.064487143264274437e+03,-6.814771368410233343e+00,8.094886934003548973e+00,8.416747973059331756e+00,8.958749575404203824e+02,7.502330782196486325e+02,5.836001771729528400e+02,7.807148218185146789e+02,7.080258674475827547e+02,8.403881489150289781e+02,8.188452523986414917e+02,1.021114334527932670e+03,9.314628031610235439e+02,9.481465195776182782e+02,8.638934408841273580e+02,7.677160637956626488e+02,7.474091149264139631e+02,8.658714158100514169e+02,7.560853548667292898e+02,8.942760729533954418e+02,9.078151229039800683e+02,6.312419511027484305e+02,7.069016917760733349e+02,9.757366923337478966e+02,7.171462182325570893e+02,7.409339029761441680e+02,1.139356331395645839e+03,7.689591351128786982e+02,5.572597537006747643e+02,7.362296105112667419e+02,7.836100418405242181e+02,6.848556109020494205e+02,7.987565685661011230e+02,8.908622590798923966e+02,9.231649838039139695e+02,7.719331871335671167e+02,8.892562390034187274e+02,8.853113074172521237e+02,6.710488831465709154e+02,7.623957493380754613e+02,8.070639778365901975e+02,9.673692915117198936e+02,6.673674218527455650e+02,6.942851131115351109e+02,6.624303694101050723e+02,7.396143144641787330e+02,8.605761433361592481e+02,9.531876369034835079e+02,8.896968469614824926e+02,8.333493230392314217e+02,6.615694925284517467e+02,7.443906291024026132e+02,8.055885708546667274e+02,7.757549916798514005e+02,6.763317619374995502e+02,7.619837739506814387e+02,1.032909685812093812e+03,9.843913809789349898e+02,7.482489993251950864e+02,8.114095227470855889e+02,7.424060922658069330e+02,6.617189239046114153e+02,5.336377864935440130e+02,7.019474896908807295e+02,8.942375189845730574e+02,1.044533555817908336e+03,9.411514760620735842e+02,1.042358977409921181e+03,8.706235102223275817e+02,6.645577366203106067e+02,7.388608661270440052e+02,9.735132619807053516e+02,1.047083276591836238e+03,1.777871935668019432e+03,3.224845998263184356e+03,3.052589256495437439e+03,1.672241973386449899e+03,1.390239068889584814e+03,1.357727004664442802e+03,6.405324905590109807e+00,1.164440429324755087e+03,9.099477024051806211e+02,1.241396354647386488e+03,1.208685715418592281e+03,1.084112821418118983e+03,8.857738616744550200e+02,1.025403163931913923e+03,-9.798088001760023147e+00,-1.495565113713201022e+01,9.636033523001608501e+02,7.981355447462315169e+02,1.016393807816676826e+03,1.043531673818387617e+03,8.248638020932697827e+02,7.405654950351096204e+02,7.189408846255292929e+02,6.561573877195170326e+02,9.812435297699460079e+02,7.100726080909007010e+01,4.729151845642312679e+01,6.101583549730847267e+01,7.640114029761964849e-16
2.093959768260243710e-13,-2.021328565534664534e+01,1.658094168620458504e+03,1.075758301379643399e+03,1.215449826861078236e+03,1.485527384359185135e+03,1.409469153266648163e+03,1.170687953235569466e+03,1.238429049359370310e+03,1.238596574464899732e+03,1.177386827143828441e+03,1.321570628716007832e+03,1.148504236206187215e+03,1.378836960574463546e+03,1.702591567870410017e+03,1.257537186490960721e+03,1.760707203719562131e+03,1.834977755519840230e+03,1.741380395529376756e+03,1.802711006706851322e+03,1.645651045703883483e+03,1.902231862523613245e+03,1.680567904055544432e+03,1.760135603901994955e+03,1.514445061811082041e+03,1.283016154194263891e+03,1.527838872598298622e+03,1.613477058457930752e+03,1.463205875950007794e+03,1.112455125416350711e+03,1.344925143892001643e+03,1.190699126843865542e+03,1.167912509224244786e+03,1.325973743017675133e+03,1.243707936483224103e+03,1.344521154685834972e+03,1.424956314824710716e+03,1.365908319541276796e+03,1.999023686333439173e+03,1.841253495940607991e+03,1.396294621312708387e+03,1.421534061926513914e+03,1.260193898981801112e+03,1.145334140683642318e+03,1.368648882113821628e+03,1.555344129918922590e+03,1.241483442634135145e+03,1.683282702198802554e+03,1.528608394878043782e+03,1.242735302391031610e+03,1.488452292891809975e+03,1.379322303269086888e+03,1.347059186379473886e+03,1.456793015568156761e+03,1.593795062498502830e+03,1.756464411919186205e+03,1.693537154896275524e+03,1.440159802053297881e+03,1.457359981756016168e+03,1.413115851944917949e+03,1.696464549093847381e+03,1.878305503539332221e+03,1.701223528031564229e+03,1.609921469462000459e+03,1.685179619635268182e+03,1.668904566310653081e+03,1.551326841217324272e+03,1.326687629838052089e+03,1.295288986580298342e+03,1.456547458486589676e+03,1.755081789207476731e+03,1.233095047644924534e+03,1.515883051595639017e+03,1.286350163626536641e+03,1.428734122466879626e+03,1.731836426437686214e+03,1.637947955287571403e+03,1.642695733737249611e+03,1.332580050179154341e+03,1.281537246517821359e+03,1.799672315766886641e+03,1.259572387928450553e+03,1.138380655637452492e+03,1.896804386148323374e+03,1.613372055206346886e+03,1.887186699374642785e+03,1.612810286610798585e+03,1.558484717219490221e+03,1.779092903049697043e+03,1.481147557102391147e+03,1.380904138025315888e+03,1.334144066630185989e+03,1.250369190169414196e+03,1.924059612177745976e+03,1.538697342125868090e+03,1.291299202856015654e+03,1.606619598826653828e+03,1.642510381538483443e+03,2.140010450327136368e+03,1.705833220816593666e+03,1.318500911432132625e+03,1.405749574706264184e+03,1.964683067679256737e+03,1.616454299710452460e+03,1.427680253233262647e+03,1.373539205629431990e+03,2.725440417695471751e+03,1.215190075629641797e+03,2.264378222910644126e+03,1.628270985530293274e+03,1.827419138820697754e+03,2.125937261167316137e+03,3.321018134177351840e+03,1.658113004792900256e+03,2.441467966597653685e+03,1.919993639557327242e+03,1.996884177736027141e+03,2.346872260339723653e+03,2.513273734279446217e+03,1.942845565920668378e+03,2.205000992423493699e+03,2.156213545142686598e+03,2.424340145812027458e+03,2.583199019111569214e+03,2.103456213184834269e+03,2.452939880073913173e+03,2.400134718415705265e+03,2.647087972748955053e+03,2.156333495064050567e+03,1.600659595479060727e+03,2.796409828725018542e+03,3.417124756658349725e+03,3.241785945496418663e+03,2.897246132317005504e+03,2.994291457714650278e+03,2.624084701548842077e+03,3.215496409729334573e+03,3.260139286868801719e+03,2.855499142241827030e+03,2.219464561001344464e+03,2.286945027957955972e+03,3.138167432731391727e+03,1.865146329912700821e+03,2.405910432715240404e+03,1.375876144709086930e+03,1.009000867408388444e+03,1.216129124135102984e+03,2.618971616148776775e+03,1.731976851125774147e+03,1.294137575817333300e+03,1.256097482676722620e+03,1.553521709869668257e+03,1.292973909924558029e+03,-1.969452808843366043e+01,2.340160430459338059e+01,9.918032068769414309e+02,8.676663689029782063e+02,7.783293453894900722e+02,8.383223996963091622e+02,1.378719679491096940e+03,1.591613515899376580e+03,1.493601376300105812e+03,1.432652192610048360e+03,1.009623465439804363e+03,1.214653057927729378e+03,1.038870848542525891e+03,1.129391611315368664e+03,8.020882178984808206e+02,8.294991343551262162e+02,1.001239053816848013e+03,9.686730715996405934e+02,1.222543616907895284e+03,9.069614684533962645e+02,5.979486783762353070e+02,8.687027964504065949e+02,8.195111209390456679e+02,1.194542850123099470e+03,9.399680456936731616e+02,7.485705262097295645e+02,7.064167612006745003e+02,6.925849427895786903e+02,9.719214849783544423e+02,8.491500304793532905e+02,8.657782359125851599e+02,7.199030591189591632e+02,8.946295917830971121e+02,8.242440663350539580e+02,9.690300449516182653e+02,7.595892344073033655e+02,8.121345341305452621e+02,9.568443645449796122e+02,8.774174449695224212e+02,7.864221580429027654e+02,6.556917609744335778e+02,7.023086011786865583e+02,6.845538240710030777e+02,8.711009990214990921e+02,7.686477429014252039e+02,6.860189101915077572e+02,7.521548224132872065e+02,7.916658543769127618e+02,8.671586991372679449e+02,5.781199107542813636e+02,7.817802974209934064e+02,9.037433532523014037e+02,9.425656954810864363e+02,9.095335246482112552e+02,9.156846753121802749e+02,8.018384902524119298e+02,1.028260948781867910e+03,9.207702967148715061e+02,9.574741243169577274e+02,9.197501935512131013e+02,9.459049503976164033e+02,7.827971243164613497e+02,7.509926973179647121e+02,7.240581976567440279e+02,9.203914324779606204e+02,9.235274390661361394e+02,1.176751292260399623e+03,9.500738783962498246e+02,9.045843144786223320e+02,9.691804309994078039e+02,9.956427316817963629e+02,1.030200391059760932e+03,1.335936614341423819e+03,1.751064342725992901e+03,2.401230252174593716e+03,1.303126479667319927e+03,1.008834370533225638e+03,1.097346552419923000e+03,7.916376549217040974e+02,9.020615530628749639e+02,9.337345719623058358e+02,7.828097343779948005e+02,7.364474099507275469e+02,8.795917691378438121e+02,1.001276184392745563e+03,2.525292107863522517e+01,-2.832285246421863434e+01,-4.323156727998553350e+01,8.828081840828074291e+02,8.425552892234816227e+02,8.662938645325659763e+02,8.166829236715182105e+02,7.903755374472160611e+02,8.535533400420556518e+02,7.628364677780116381e+02,9.348690891046585421e+02,1.207823997357098278e+03,1.307840226528011044e+03,1.183577146661871666e+03,1.059474942097946268e+03,6.138857430465897340e-14
1.605376247083824912e-13,1.853196750467892429e+01,1.472458254160276965e+03,1.338799788571197951e+03,1.222661047072494284e+03,1.318547953617345684e+03,1.417904967276270327e+03,1.313978532127012613e+03,1.449488972028962962e+03,1.576855370341207845e+03,1.548124877553401120e+03,1.553049891920841901e+03,1.331981623302649496e+03,1.129381737214740951e+03,1.244621753219352968e+03,1.459968945018774093e+03,1.683893358511792940e+03,1.589816733921463538e+03,1.529335875282315556e+03,1.803142542991525943e+03,1.455724236300564598e+03,1.460304301106363482e+03,1.889737161873051946e+03,1.644762221474144326e+03,1.499574838864219601e+03,1.343524623047796013e+03,1.315473942838067842e+03,1.218181234071490962e+03,1.522663550983135337e+03,1.621476864954419398e+03,1.889374132994691081e+03,1.647422770071781997e+03,1.412885335829132828e+03,1.330901815140706049e+03,1.279649913284039258e+03,1.606339417305147890e+03,1.592930329383270873e+03,1.573302255390829714e+03,1.660591798600192533e+03,1.121250196359198526e+03,1.384537439033043484e+03,1.538764154498278685e+03,1.330691682224572560e+03,1.216960136247814262e+03,1.557361415426153826e+03,1.797076130560609272e+03,1.600445153831395601e+03,1.646124775888761633e+03,1.595802567474534499e+03,1.057287682829261257e+03,1.206871265043390395e+03,1.147386379005136860e+03,1.237732743981405520e+03,1.327187741221591750e+03,1.372185416304508635e+03,1.405675757666162099e+03,1.415018980629965881e+03,1.377457198684694731e+03,1.431806845471106044e+03,1.520560297269418470e+03,1.491657322048056130e+03,1.361461354967082116e+03,1.355403151460641311e+03,1.373279602601373881e+03,1.476677715743681802e+03,1.453553061406049437e+03,1.439574725090597894e+03,1.334809233392742499e+03,1.446800314760535230e+03,1.462016982000012831e+03,1.592232931916438702e+03,1.928131805539552261e+03,1.407518783948239616e+03,1.532322636131081026e+03,1.578714920810374451e+03,1.728245379991264599e+03,1.700782949252161643e+03,1.632223213432768489e+03,1.732253129589997116e+03,1.457114266889989949e+03,1.872089965506216913e+03,1.914808189279505086e+03,9.890028119423379849e+02,1.375078763029962147e+03,1.397613744940351353e+03,1.503719154310849945e+03,1.508461168430636917e+03,1.565364832369232545e+03,1.851820652718623251e+03,1.477393059109534988e+03,1.200751236275737938e+03,1.456506305273944690e+03,1.512465441186052885e+03,1.887235186840723372e+03,1.709963628203013968e+03,1.184694105453159636e+03,1.173628888929664072e+03,1.509422796877340033e+03,1.743282020343637669e+03,1.524105262664548718e+03,1.657492882781006756e+03,1.122590343056212987e+03,1.671376345795277302e+03,1.156011973758072145e+03,1.472447628095094842e+03,1.381094383359689573e+03,1.466629809215355181e+03,1.692710177273363115e+03,1.952099560778455725e+03,2.228872468805740482e+03,1.900641015639493844e+03,2.035233155640379437e+03,2.341208834377826406e+03,2.042549386124615921e+03,2.247537860320028813e+03,1.320363957897798628e+03,1.800867175749713397e+03,2.058453530442333886e+03,1.825874781990805786e+03,1.854184734600251431e+03,1.877539111293879614e+03,2.106482829905936796e+03,1.505000042039089749e+03,2.142345427671857124e+03,2.526633794568294888e+03,2.405891991071316170e+03,3.562681664213942440e+03,2.652098923112066586e+03,2.319873716024559144e+03,3.595416301397365714e+03,2.402962578092719923e+03,2.749756079134282118e+03,2.362992867476906667e+03,4.080468041587682364e+03,3.242957703400993978e+03,4.006828070130869492e+03,2.427894368143892734e+03,3.493836172115551562e+03,2.393285591078918515e+03,2.392267275245742439e+03,2.613889193061428159e+03,2.736680785390592973e+03,2.340824411148993931e+03,1.717733198004228370e+03,1.429736177084257861e+03,8.682914152990938419e+02,1.604765362835423275e+03,1.534030029111948352e+03,1.245699471805314715e+03,1.257426496165915751e+03,1.572000338754781069e+03,1.253643507775359922e+03,1.049885255205712838e+03,8.941309801116834706e+02,-2.088000745394411410e+02,1.209999117371772627e+03,9.138994635054745004e+02,9.900937121077362235e+02,8.438968988323318854e+02,1.159946402415797593e+03,1.643225438014292649e+03,1.588770505665783048e+03,1.307185261142938316e+03,9.671924170267488989e+02,1.271766240765683960e+03,1.105719077115575601e+03,1.147479278344202157e+03,1.066037244199282441e+03,1.100836171412699514e+03,1.466844564435655911e+03,1.752393330679895371e+03,1.280071736105182254e+03,1.409264861372424093e+03,8.220152807642904236e+02,1.048981257340187312e+03,1.119217640031463816e+03,9.493877081305518004e+02,8.421508800423877119e+02,6.983478727844473042e+02,6.332972960469580812e+02,8.004391918670063433e+02,8.461854996356020138e+02,7.753942201254940301e+02,9.241728939000788614e+02,1.038341671449766181e+03,6.637433694854083797e+02,6.059027517621753987e+02,7.281142713949803920e+02,7.078657703695178043e+02,7.372472880327325129e+02,8.225932845077537650e+02,9.348612311035246876e+02,8.019407686131897890e+02,6.939841841901260295e+02,5.383246680971183196e+02,8.959550220204822608e+02,8.522948167839008420e+02,7.068792280726376021e+02,8.725650468421879395e+02,8.975018966257874808e+02,6.418460836305695238e+02,6.978398251088609641e+02,8.509866930414315220e+02,6.765738661764441986e+02,7.155328526907087507e+02,7.954806878613277377e+02,1.032523766044827198e+03,1.003859023667166184e+03,8.373013116928198087e+02,6.320736192983994215e+02,8.947018361539570606e+02,9.061550104508281720e+02,9.123993567765124908e+02,9.233110061607986836e+02,8.316003499367845961e+02,8.671658206292746627e+02,6.708509868633025235e+02,6.489970585399061065e+02,6.977100322208287935e+02,8.267320778473878136e+02,8.645471317443699490e+02,8.499347578933527529e+02,8.045739769999690907e+02,8.861397658920674303e+02,7.832067970710886584e+02,9.223733814449265083e+02,1.027068519061059078e+03,1.107688514552284687e+03,1.085291880977519213e+03,9.577686983025132577e+02,1.004637893384640734e+03,8.805743508125232211e+02,7.416797875303358296e+02,9.938065056659161201e+02,1.079860580510237924e+03,1.099922931151568491e+03,9.475469938509527310e+02,9.316678763167685702e+02,7.431127314228160685e+02,7.588276680369164069e+02,1.037241168486110837e+03,1.360592745232555671e+03,1.034103642187747027e+03,9.100121958442076675e+02,8.542530091415086417e+02,8.988883631421305154e+02,7.866565065820375366e+02,9.806539624669519526e+02,1.344358033899167367e+03,1.303348238082115358e+03,1.752518411907246673e+03,1.771780012861599744e+03,2.035274924075612546e+02,1.421782611401039281e-13
1.465517929379577338e-13,-8.622797388436383770e+00,1.463311558558520801e+03,1.661488363709068381e+03,1.511495948793775597e+03,1.467266545824948480e+03,1.440984068102656920e+03,1.262578620873564660e+03,1.300800393881563195e+03,1.455285459858630020e+03,1.706890498865202289e+03,1.934093718337225255e+03,1.597111233066425939e+03,1.224875448598554613e+03,1.236586786929500022e+03,1.355078857682570970e+03,1.369727373605113371e+03,1.558052668899285891e+03,1.581163946786904944e+03,1.586179558552964181e+03,1.398110403792488114e+03,1.620054389662700032e+03,1.719627629869793282e+03,1.224334461278700019e+03,1.120481353901778448e+03,1.258820785547080732e+03,1.713572622856534281e+03,1.573618270037328330e+03,1.443336160035001740e+03,1.642563307212848486e+03,1.855671273151442392e+03,1.552977491628083726e+03,1.493996831198099017e+03,1.423545369083607511e+03,1.483033247101870302e+03,1.523327440045720323e+03,1.790492025776300125e+03,1.745654234754717891e+03,1.469161355135508984e+03,1.291514466477113956e+03,1.429250412466076114e+03,1.565581767117433401e+03,1.587082604571280854e+03,1.462737230931277054e+03,1.444769453849332194e+03,1.441926146910300986e+03,1.428821099940397971e+03,1.490347591393830271e+03,1.593993862058578088e+03,1.508266093817697765e+03,1.185785512360237362e+03,1.177053992162695749e+03,1.569289058879773620e+03,1.665199531193942676e+03,1.414403717016501332e+03,1.257766226376591703e+03,1.254001642149326926e+03,1.560221303808015136e+03,1.534797262861674199e+03,1.330458907400877024e+03,1.126618854038459176e+03,1.278214963466427662e+03,1.398240664486236028e+03,1.637513800962724417e+03,1.608727618092481180e+03,1.429285055252132906e+03,1.302668310644040957e+03,1.709405906303371694e+03,1.722650522451632924e+03,1.365176807615958751e+03,1.538275302019814717e+03,1.388684717994823131e+03,1.423010586292003836e+03,1.491856326061684740e+03,1.507729249137726356e+03,1.713259841959432151e+03,1.633552984874705999e+03,1.593720901702819219e+03,1.317102673564071438e+03,1.217676852572262987e+03,1.724126343256612245e+03,1.671162476535303085e+03,1.456203393468825652e+03,1.447867840523700124e+03,1.377577904652581992e+03,1.558214851341855592e+03,1.509071429393409062e+03,1.418755007363553887e+03,1.434032181141925321e+03,1.635838963828382703e+03,1.901038294190116630e+03,1.805820350792710315e+03,1.320684256692133886e+03,1.835030195116073628e+03,1.638521073399345596e+03,1.325584875323938377e+03,1.640693330682498754e+03,1.482941979470343540e+03,1.437731473434580721e+03,1.165141086498038021e+03,1.582921398747260127e+03,1.286252669773250318e+03,1.450113031469292082e+03,1.444563044224056512e+03,1.600891492705776727e+03,1.479356666313432015e+03,1.664217649404583653e+03,1.607110883403626531e+03,1.229399790564104933e+03,1.814845138752661114e+03,1.663400291957526406e+03,1.567004610400176034e+03,1.900117804619284698e+03,1.832326173105833050e+03,1.778660196665622607e+03,1.895628036153956600e+03,2.695453842088271358e+03,2.735683136202319020e+03,1.926195123458399621e+03,1.643058910052811143e+03,2.303339095319925491e+03,2.519939881127098033e+03,1.714423174521506780e+03,2.256582389443355623e+03,2.280985704622084995e+03,2.014239726190145120e+03,2.611028406499229277e+03,2.400283555724358393e+03,3.307146963865695852e+03,2.942783675080042485e+03,2.864908901582350609e+03,3.000659100050329471e+03,2.882521459304314703e+03,3.856595509772314017e+03,3.313548521934663768e+03,3.268264600787390464e+03,2.658995725605603639e+03,3.418243073779209681e+03,2.582844601263094773e+03,2.594870946039727187e+03,2.376771636899820351e+03,2.370984186621075423e+03,2.405340802185472967e+03,1.712180613835764461e+03,9.090667505756631499e+02,1.326269423684532512e+03,1.675624676409915764e+03,1.424601401700138922e+03,1.439644661544670953e+03,1.836032546722562529e+03,1.879446367270748624e+03,1.102398496827213421e+03,2.027393554974611106e+03,3.273007511190788591e+03,1.655729995288029158e+03,1.196636150823965863e+03,1.292846771310648364e+03,1.387934035059804501e+03,1.358396933022255553e+03,1.160685425367140851e+03,1.474089590849340993e+03,1.311294979661653997e+03,1.332057816550082407e+03,1.458454998438936400e+03,1.390470842247443443e+03,1.432112563355189195e+03,8.009225747736967378e+02,1.044678032267592698e+03,1.180313295003250687e+03,1.304952288678704917e+03,1.664752937582862387e+03,1.863168938744169054e+03,1.439907575936929106e+03,1.100334483961486740e+03,1.875116575019259699e+03,1.939736606900866263e+03,9.668998499967080988e+02,8.388066178007686631e+02,8.834656425214608362e+02,8.330299377011770048e+02,8.408859388426565147e+02,7.965003018955138714e+02,5.637740576507753758e+02,6.652959939462383545e+02,9.612551669373988261e+02,6.480016758432307142e+02,7.127029220646680869e+02,6.508959033156916121e+02,6.725489812534528937e+02,5.800122323807611338e+02,6.824593941953642116e+02,6.776312601081875755e+02,7.817435907768018524e+02,8.900394311485046046e+02,7.948049831032752763e+02,8.030679136038681918e+02,7.106915235744640995e+02,9.105610556119311241e+02,9.901480846664832143e+02,7.367982942272305991e+02,6.357938246382237821e+02,7.591681304541023110e+02,7.194299932448055870e+02,7.641009937959721583e+02,7.860078257583081722e+02,9.155656534460514422e+02,8.336061796736765928e+02,7.080607396742666424e+02,7.450436042355388508e+02,9.155100932785341001e+02,8.955283168549593711e+02,8.474520708317179469e+02,7.884094001282420550e+02,7.680493682874646311e+02,5.687146893986860050e+02,7.699111070863098121e+02,6.914559889108031712e+02,5.584221721401463583e+02,7.017264922994103244e+02,7.721692263966172050e+02,8.331821047156073519e+02,8.503916222362507824e+02,7.709544254104720267e+02,8.735527813656000262e+02,8.428762227468130277e+02,8.757541114788581353e+02,8.291405158911140916e+02,9.077077008092452388e+02,1.330936798612124903e+03,1.219623629457758170e+03,1.143124826602628673e+03,9.193568773693691583e+02,7.558023356617929949e+02,7.891227356125585857e+02,9.668170779467342300e+02,1.001984696806329453e+03,8.341544241541328120e+02,7.490292232533178094e+02,1.187340412943947285e+03,1.298037027037179314e+03,1.182662787240178886e+03,1.243837373830716842e+03,1.221488381398229421e+03,9.695461690468191591e+02,1.022091212487031271e+03,1.119838479428188748e+03,1.013505867037508665e+03,9.527342149785039283e+02,9.301945723733686009e+02,1.039895766221284703e+03,1.853501111171743332e+03,4.665397092593567550e+02,-9.143353709281907982e+01,3.403515298067825819e-15
2.081414312314464993e-13,3.154505299891944503e+00,1.648467748832431653e+03,1.431909908786291680e+03,1.664119643720333215e+03,1.693893010599475929e+03,1.466024038621919317e+03,1.824849770512882287e+03,2.122434915876050127e+03,1.738995990211053368e+03,1.462238770258323029e+03,1.442428471646175240e+03,1.295910527518359004e+03,1.379400081277959771e+03,1.457690424694967305e+03,1.236585053762023790e+03,1.114606489787431883e+03,1.316857448833085755e+03,1.420567683594262235e+03,1.329910072936291499e+03,1.643946556061826641e+03,1.779150359809256088e+03,1.388991221733994280e+03,1.289564834402428687e+03,1.295887222938621790e+03,1.283444289156854666e+03,1.365996105861046544e+03,1.512445920078003155e+03,1.355759953733483826e+03,1.241776649523142169e+03,1.379400894292365138e+03,1.528754705438390602e+03,1.638880275818515656e+03,1.783559278613212200e+03,1.764931856314270590e+03,1.612924318432341579e+03,1.686867198305380498e+03,1.548068221421441876e+03,1.428774179560195080e+03,1.435814660534198083e+03,1.424521861035185566e+03,1.292657800693403033e+03,1.347405176904286918e+03,1.451582350384422170e+03,1.704199167991292597e+03,1.565574439561640247e+03,1.592136994949453310e+03,1.612566487875580151e+03,1.973480090529933022e+03,1.857521173327857241e+03,1.278466234229606016e+03,1.385419651989865542e+03,1.306836323643924061e+03,1.341980173154482600e+03,1.671164987600707718e+03,1.637350552493655414e+03,1.435653461633857205e+03,1.374707238934392308e+03,1.407080531114033420e+03,2.428084724280618047e+03,1.758989085978664889e+03,1.707183258656893940e+03,1.560929516284005331e+03,1.334221539713068978e+03,1.452688076680690983e+03,1.637560896560752553e+03,1.488203449358999706e+03,1.615438773760222830e+03,1.867973119811714014e+03,1.450088507536803263e+03,1.405295512840393258e+03,1.720257571112135111e+03,1.523627044146463504e+03,1.505664938704865108e+03,1.561591282448054699e+03,1.614207354396365190e+03,1.478861874053906604e+03,1.717223121222083364e+03,1.329590870755880360e+03,1.242642365833408348e+03,1.453081089937114712e+03,1.466715576053129780e+03,1.711340482028145516e+03,1.690136193124716556e+03,1.684152095558047449e+03,1.486076736966461795e+03,1.400273341363129703e+03,1.840345358766979189e+03,1.581626349429684751e+03,1.697808554196919204e+03,1.646952213290416012e+03,1.926098026269658021e+03,1.278085635085638614e+03,1.732556886374112310e+03,1.429030293927215325e+03,1.555525633948494260e+03,1.752545887935748169e+03,1.712204654169159312e+03,1.570360261721509687e+03,1.413674552270308368e+03,1.820399575354824947e+03,1.511704075449627226e+03,1.479431535032183092e+03,1.300975284778010291e+03,1.325007984338054484e+03,1.576560821102059663e+03,1.935400599167503515e+03,1.974612754553436162e+03,1.625056389511525822e+03,1.717146210736786998e+03,1.747905098210679171e+03,1.493405578742584339e+03,1.775092792764264914e+03,1.879754872329560385e+03,1.379935701580482146e+03,2.415985894165912214e+03,9.290936254128731662e+02,2.123522837149238512e+03,2.311218341825042444e+03,1.735276970254907837e+03,9.389065627671299126e+02,6.613182959413118169e+02,3.998540446398844210e+02,2.173563988105910539e+03,1.944385447563169919e+03,2.245742515800756337e+03,2.056479453671267493e+03,2.382155175379172761e+03,2.935748661910317878e+03,3.430883023169417356e+03,3.481139013038035046e+03,3.354354307508037891e+03,2.605360371758230940e+03,3.182014063342117879e+03,2.846630376152651934e+03,2.824415112839309586e+03,3.519407675225450475e+03,2.630526867565431075e+03,2.280739479536046019e+03,2.487843503775839508e+03,2.260262939629959419e+03,2.278125640290604679e+03,2.190175389706666010e+03,1.679358172624168219e+03,1.138545489966522382e+03,1.053455887490297073e+03,1.196813616722403594e+03,1.739008927163247336e+03,1.605469035471298639e+03,1.816836212649439858e+03,1.591224279534189918e+03,1.354088462381082081e+03,1.731481166881482750e+03,2.389111671593313531e+03,1.348224256775260983e+03,8.747873374703625586e+02,1.390435827864560451e+03,1.316450863999467401e+03,1.584565501520606176e+03,1.386357936320405997e+03,1.801347815002955940e+03,1.583839075001019864e+03,1.774192864235929846e+03,1.775428135848088914e+03,1.788977881793739243e+03,1.714385625327794287e+03,1.399841598390085437e+03,1.340750577518066393e+03,1.664131827085960367e+03,1.435903999523152834e+03,1.830304230538015190e+03,1.819597738811202589e+03,1.571144360801710718e+03,1.230780359711100800e+03,1.644058266611386671e+03,2.045672059640662610e+03,1.586927409998798112e+03,1.166796116628426489e+03,1.067255453104330627e+03,1.010214987794239164e+03,7.883915385048843518e+02,6.798317062045738339e+02,6.747901119860778181e+02,7.616475969676439490e+02,7.644143678443035697e+02,7.420359919127266721e+02,7.190724993403233611e+02,7.462441084234319533e+02,6.737616382738156062e+02,6.377474344518030875e+02,8.074338934530062488e+02,6.949721847741712963e+02,7.690197771888606439e+02,8.708752702504461922e+02,8.324862923807042989e+02,7.484163404074921573e+02,6.657206540151684067e+02,6.906314707292177673e+02,5.924067719996793357e+02,7.233011542412161816e+02,6.258903590194478284e+02,6.555025114805249586e+02,7.164108676216304730e+02,7.923215463602751925e+02,9.182776123264939088e+02,1.032922429359059606e+03,8.769776398444514598e+02,8.418432097106893934e+02,8.371306455547754695e+02,7.936705416368350825e+02,7.877789675003654111e+02,8.428520268391528134e+02,6.799192607233987928e+02,6.538261244023332210e+02,5.992527234723299898e+02,7.067784563652439829e+02,7.195092388463187945e+02,6.619037101757452319e+02,8.846133230584603098e+02,7.818038813824765612e+02,6.826596102072783196e+02,7.299776031010109136e+02,8.199970908747145586e+02,8.082541316277865917e+02,8.412237672101177850e+02,8.483731340326006602e+02,7.324288056074544784e+02,8.801345088246715704e+02,9.800213837622599158e+02,9.673246220728783555e+02,8.445159201749315798e+02,8.496921983739580355e+02,7.627073298704715398e+02,7.852900730987593079e+02,9.449502513252923563e+02,9.340510785912564415e+02,7.484962594194505527e+02,7.856094906682108103e+02,9.736422592502261750e+02,1.023706440688136922e+03,8.698863701364052758e+02,9.276874710806075655e+02,1.062540190075819055e+03,8.408494677617916295e+02,8.119039797124996767e+02,8.876228731150442854e+02,1.091723288956309489e+03,1.199095084615179758e+03,1.033220891737112197e+03,1.061007391087998712e+03,2.130580911818031382e+03,-1.516903972049474305e+02,3.328590332986888001e+01,-9.808921330602215276e-14
2.067010506026100054e-13,-1.027006897593054857e+00,1.468459334926048314e+03,1.274064075608079975e+03,1.676913020415799110e+03,1.611758638238917001e+03,1.468530789711934631e+03,1.740625396773818920e+03,1.899467541878474549e+03,1.762770112125006335e+03,1.541037553572268735e+03,1.063119672182573140e+03,1.161028321367364924e+03,1.455834105115882267e+03,1.484356495308354170e+03,1.400778013099529062e+03,1.279968137382755685e+03,1.437650945530886474e+03,1.308398446563035577e+03,1.214104322213051546e+03,1.557295725576912901e+03,1.453640227625435500e+03,1.384003540273062072e+03,1.550616854858208399e+03,1.590655346855357948e+03,1.521597377246314181e+03,1.503408100491350069e+03,1.240893378583722097e+03,1.242439757956834001e+03,1.403007595660576271e+03,1.662911342552767337e+03,1.625942189200080293e+03,1.594565893586843913e+03,1.807320773175619934e+03,1.660750136531410590e+03,1.588707107300101825e+03,1.396188328566496011e+03,1.178012394286180779e+03,1.451204354765723792e+03,1.401581119573615297e+03,1.437876455155483200e+03,1.549413142946655853e+03,1.315086488178466425e+03,1.298577250226101796e+03,1.559876173790990151e+03,1.576699118260402884e+03,1.680557557307694424e+03,1.656816848799605168e+03,1.737116800201805518e+03,1.556586266415081809e+03,1.433632589295063099e+03,1.307466557307321409e+03,1.150464526161621734e+03,1.499041765184453652e+03,1.541340523739851278e+03,1.441656104982380839e+03,1.361402547449059512e+03,1.221685702572240416e+03,1.120128796854037319e+03,2.259680422431876650e+03,1.798199645127756412e+03,1.484503825769000969e+03,1.922226463137382098e+03,1.212021984960321561e+03,1.278793689661230246e+03,1.700997454189506470e+03,1.627461876801800827e+03,1.533010913283226500e+03,1.805198892270692795e+03,1.488430262186594973e+03,1.259458079841772815e+03,1.903771779122075941e+03,1.602648565265775915e+03,1.577670010591962409e+03,1.386191796602331806e+03,1.281257452318320702e+03,1.434646878349323515e+03,1.592460680430581306e+03,1.508723645799080714e+03,1.597000231020969295e+03,1.371335106010808886e+03,1.638450058195806150e+03,1.729973708397440760e+03,1.788000221333472382e+03,1.895082927027831829e+03,1.427944003092234425e+03,1.364996641882282802e+03,1.749247960491872163e+03,1.468507321832337084e+03,1.625026270799978874e+03,1.454836183357444270e+03,1.689596816839638677e+03,1.564622361338540259e+03,1.489354087062289864e+03,1.462151035945308649e+03,1.895775970249281727e+03,1.821782511490958768e+03,1.695448921439986634e+03,1.588913940839707493e+03,1.496501504242977944e+03,1.620468407977927200e+03,1.474159069633301442e+03,1.525152694799402525e+03,1.308164174211771524e+03,1.111786544260288565e+03,1.444744180806268105e+03,1.376831226322672819e+03,1.669108270339544106e+03,1.620961248119396032e+03,1.637518488187545699e+03,1.659526279832175760e+03,1.712091125534649109e+03,1.384624716378446237e+03,1.817249285979449951e+03,1.799693533279538997e+03,2.108057364597091691e+03,6.156116048077227560e+02,1.443636069907195179e+03,7.932239112576163507e+02,8.957922940248620307e+02,-1.804085853898366167e+02,8.706928681764370594e+02,1.135939950934764511e+03,2.197726434617384257e+03,2.292654799502686728e+03,2.552611597927650109e+03,3.113960607534784231e+03,2.393924403487042127e+03,2.419528506987325727e+03,3.748425624464071007e+03,2.880221767894193817e+03,2.598604957823290079e+03,2.649971012961784709e+03,3.617605761553976663e+03,3.320808667566779150e+03,3.111591178200635113e+03,3.596319551337172925e+03,3.092890022724289793e+03,2.660187240477187515e+03,2.842408416824806409e+03,2.450504449784396456e+03,2.117530500523454521e+03,2.190286123389633758e+03,1.292133239825177043e+03,1.445564727108466059e+03,1.364194527254263676e+03,9.881644676657754189e+02,1.580157263054429677e+03,1.624850906614105497e+03,1.726621735372805688e+03,1.300247256693572581e+03,1.387997415143352100e+03,1.266564876858221396e+03,1.133805604148765724e+03,1.278488656286782771e+03,1.366830101829654723e+03,9.962696748436120515e+02,1.209049465886772396e+03,1.818369943780540325e+03,2.007456559735361679e+03,1.914660190573249338e+03,1.838689077413874202e+03,1.714368770908443366e+03,1.786945144153700085e+03,2.237154578423689145e+03,1.748436508838419059e+03,2.056183094642426113e+03,1.496968640473566666e+03,1.577648183449809039e+03,1.665752066868534712e+03,1.803806067269081268e+03,1.849239697560806917e+03,2.121232585621693033e+03,1.600627790408099372e+03,1.295267697573744954e+03,1.422498720572058119e+03,1.679320604534806535e+03,1.086536799188924306e+03,1.065200215828811452e+03,9.273185224077509474e+02,8.189153368818754188e+02,7.586456005869461023e+02,6.698095650532620766e+02,9.833919017454823006e+02,8.205456300299533723e+02,1.006924884261360148e+03,7.560021212830705508e+02,6.428743297763438704e+02,8.796395903002726300e+02,7.644298322170034226e+02,8.829725110123370087e+02,7.828653075985273517e+02,8.150752695802175367e+02,7.585276316641195535e+02,6.589172599477903987e+02,7.837132537646808714e+02,7.750378912809003396e+02,7.246383743390961172e+02,5.266683329924243253e+02,7.591281588087676937e+02,8.511294303934067784e+02,6.713077726363505917e+02,9.045945200930279952e+02,6.651817232852944244e+02,7.368708320199841637e+02,7.309520929442563784e+02,8.328267582664410611e+02,8.911812443199796689e+02,8.093756379450256873e+02,5.847209714918302552e+02,6.810599576692160326e+02,7.859011448177177499e+02,7.324777687972989497e+02,6.843948663712232019e+02,8.015840494625374504e+02,7.478514586166982099e+02,7.668683784009406281e+02,7.914820330251043288e+02,8.198703288485198755e+02,7.645156818472792111e+02,8.428238614220318823e+02,7.128187559258909687e+02,6.999418495106788214e+02,7.095896763632151760e+02,8.521971261548579832e+02,8.625300166987381090e+02,7.112892670631161991e+02,8.143410104898690633e+02,7.784892158935945190e+02,7.246914833392035007e+02,6.082057393187793650e+02,7.686314036951685011e+02,1.158904974959681113e+03,1.059366442763246596e+03,9.978190875870405989e+02,9.597347605384360349e+02,9.812435529451860248e+02,9.945091089886516329e+02,8.006107378927051741e+02,6.812785937832715035e+02,8.472759298466014570e+02,1.139253756015871204e+03,9.093065543564616746e+02,8.269619520791841296e+02,9.726400915436981904e+02,9.726597847375745687e+02,1.011744621438028503e+03,1.149880115953750419e+03,1.537810212386487819e+03,1.525879625961729744e+03,1.073878087795450028e+03,4.699020478898872000e+01,-1.031120916602098703e+01,-2.965049623219841571e-14
1.916921295060940578e-13,4.091628343654237221e-01,1.432823235150025994e+03,1.452541043556806926e+03,1.589749841754977524e+03,1.358911979626705488e+03,1.418531478592856502e+03,1.216422959128721686e+03,1.029865957626291220e+03,1.231516555919793745e+03,1.547689567569825158e+03,1.559815670079046868e+03,1.496620571674844768e+03,1.310632013268733317e+03,1.386681170242228973e+03,1.565403330971250625e+03,1.521344206915116047e+03,1.483675735315373686e+03,1.238067317457004492e+03,1.346125596823283331e+03,1.407161861239813334e+03,1.134463003047783786e+03,1.510455131314096207e+03,1.791034174417359282e+03,1.641614491464174989e+03,1.555196373136548800e+03,1.932319039701988459e+03,1.487218939712830888e+03,1.342311743005726839e+03,1.884471670289205349e+03,1.902014727589417134e+03,1.566060547030931957e+03,1.423216531253824314e+03,1.409371826260692842e+03,1.483833360156797426e+03,1.493818992031990319e+03,1.323489391371344027e+03,1.302796049521100713e+03,1.623991436297666951e+03,1.486769972496031642e+03,1.424071500656524222e+03,1.646148928884278348e+03,1.577355312618962898e+03,1.517678109682140303e+03,1.197328842889458429e+03,1.244031455194103273e+03,1.404144804097675433e+03,1.588041237178055326e+03,1.287443939342412932e+03,1.292607446634875259e+03,1.550762197834131712e+03,1.344671158438384509e+03,1.560438520338280568e+03,1.783135446172996808e+03,1.579619304665250411e+03,1.238611756912773672e+03,1.171136222675635736e+03,1.429899931118288805e+03,1.120061950570615181e+03,1.068743797054194374e+03,1.087502574793831400e+03,1.299045564303532046e+03,2.122026876349345457e+03,1.667784910134084157e+03,1.548194879960362641e+03,1.598934526369597052e+03,1.651978499669447501e+03,1.597733244854758368e+03,1.525527858987641821e+03,1.466444204499494617e+03,1.435155529289869037e+03,1.242628416978838231e+03,1.428207315810893533e+03,1.515506931136547109e+03,1.797873100821446769e+03,1.591778296913684699e+03,1.723206241763871731e+03,1.420819854993067338e+03,1.568164504779812660e+03,1.511744517200744440e+03,1.338998424756621262e+03,1.801195637063209460e+03,1.786397548348519649e+03,1.785868129787074167e+03,1.623181898447902995e+03,1.550657639707225144e+03,1.443874933107120341e+03,1.096839833535146226e+03,1.226944351715332232e+03,1.570305514176989846e+03,1.583596387011899651e+03,1.486618065219824302e+03,1.828384512969373191e+03,1.475061523948375225e+03,1.517133369088834797e+03,2.052478291047411858e+03,2.130605937013077892e+03,1.402557995735813847e+03,1.632948684507366806e+03,1.344929921101379477e+03,1.398573022990419759e+03,1.366977062124049326e+03,1.447444992190417452e+03,1.626601763495664727e+03,1.190321244645652996e+03,1.115623468007756856e+03,1.269637285199402413e+03,9.454211664523436411e+02,1.207476835543743618e+03,1.537925739888932185e+03,1.838609905454175305e+03,1.769291558850509773e+03,1.610937595713264727e+03,1.641615189451464630e+03,2.096550581558953127e+03,1.697853391634810123e+03,2.084468363758148371e+03,1.676488967557544356e+03,5.766713193198008867e+02,-1.602786813732806195e+02,-1.010208664965744987e+02,1.549747735550636207e+03,1.916486786962087535e+03,2.028126686193673777e+03,2.714553098990586932e+03,2.260924566094543934e+03,3.058513351213280203e+03,2.686172683797115951e+03,2.324506507861761747e+03,2.637653860296581115e+03,1.684859259148374576e+03,2.313945925650593381e+03,2.985238087586796610e+03,3.909854675789695648e+03,3.874985486577995744e+03,2.977965276241456650e+03,2.983572386558304970e+03,3.693837019940810933e+03,2.737983029826566508e+03,2.840304241380579242e+03,2.765223764476537781e+03,2.227994185279830162e+03,2.566023719616390736e+03,1.827364081587097189e+03,1.268956920548216431e+03,1.742104955164350258e+03,1.266243607831928557e+03,1.200366241933642641e+03,1.488780388327528499e+03,1.622809477088808762e+03,1.410472173690447107e+03,1.633250376870282025e+03,1.365701948892088922e+03,1.662477461947160464e+03,2.241378393447661892e+03,1.839821129442758320e+03,1.051033670848102247e+03,1.472371114644110548e+03,1.977757866226707165e+03,1.956850066812889509e+03,1.550078054215349994e+03,1.431240840954956866e+03,1.207549610092094326e+03,1.784245253055868261e+03,2.015213864600513261e+03,1.647899219016841244e+03,1.731166416651704822e+03,1.576719132752170708e+03,1.308348068003342632e+03,1.676698747293736233e+03,1.346664968805523586e+03,1.861503732758128308e+03,2.428909420631717694e+03,1.707024851523796997e+03,1.547460901541418707e+03,1.483945121838248497e+03,1.632894571375881469e+03,9.694435434247900503e+02,9.645660160427506753e+02,7.896285258579467836e+02,8.541090535035444873e+02,8.947803571250270807e+02,6.117253887830979693e+02,7.596851728228075444e+02,8.125299066465157694e+02,1.115020879946481500e+03,1.037296366254819532e+03,6.078970317266229131e+02,8.899308940194375737e+02,8.348475156630555603e+02,7.973109139840639727e+02,8.336155831025238285e+02,8.263143803128656373e+02,8.195290843142429367e+02,6.707619070231278329e+02,7.657124964833085414e+02,8.848210951230245200e+02,9.770305437962333599e+02,7.513319028498939360e+02,6.769853338608620561e+02,9.353180651927381177e+02,8.583272935543853919e+02,8.836155793771005165e+02,6.376622983269170390e+02,6.843289745203022676e+02,6.124482573908824179e+02,6.239380859247771696e+02,5.492352509794668549e+02,5.414315946280482876e+02,6.764823808669484606e+02,6.553337482103647744e+02,7.393105779130132760e+02,9.214016196228665194e+02,8.040900060503407758e+02,7.177321853636808555e+02,7.670072082085605416e+02,7.913779088807718836e+02,8.328859986201647416e+02,6.738012649604563649e+02,7.195756828142336872e+02,9.715201634237455437e+02,8.597437155008805121e+02,6.135927681035859678e+02,7.309775684993728646e+02,8.818810694550393237e+02,8.218965572603829060e+02,7.897921698330650315e+02,8.379774801692769870e+02,9.170825621812188047e+02,9.427019771204930976e+02,8.018759996062246955e+02,8.057533235716683748e+02,1.282527502830600724e+03,1.235510748450914662e+03,9.240424268731566144e+02,8.742996075176297381e+02,1.021272959895003282e+03,1.110261229049741814e+03,9.010324592720688770e+02,8.676682325896401835e+02,1.017320812998421275e+03,1.309440289049792000e+03,9.256004863513819600e+02,9.142897186071736542e+02,1.263022059441947704e+03,1.306084719175187274e+03,8.703733226879515996e+02,8.004992714182473037e+02,1.614548218364669765e+03,1.667185094361645042e+03,-1.955337213335735953e+02,-1.246447630962554953e+01,2.735119435009985889e+00,1.528706551092066709e-14
2.145276960014623401e-13,-3.800917177508064682e-01,1.664702729897851668e+03,1.469223555943972087e+03,1.602691544101140153e+03,1.342705344017319931e+03,1.363289211795393612e+03,1.665232712372060860e+03,1.670032251394907007e+03,1.411537713364116598e+03,1.326428990215692011e+03,1.795036702102440131e+03,1.596966790417078528e+03,1.310475561064784188e+03,1.447274593675266033e+03,1.412799021236406588e+03,1.394982986381602586e+03,1.127261247076559812e+03,1.141294525336137667e+03,1.585219669310698464e+03,1.629240638792629170e+03,1.276237487460685998e+03,1.336161955643914098e+03,1.623519666897213028e+03,1.563965654331563428e+03,1.371168458417041620e+03,1.409795815644724371e+03,1.647654389324006843e+03,1.577157967815831398e+03,1.842330441416680969e+03,1.352577703139358391e+03,1.401841467507724246e+03,1.528382290603296724e+03,1.490007626430489381e+03,1.618189593689427738e+03,1.571247423110409272e+03,1.350634906713885130e+03,1.527404669983922304e+03,1.591816001795494230e+03,1.380152776973844539e+03,1.477904247810414290e+03,1.278449840914473498e+03,1.499200286574119673e+03,1.673310490322853639e+03,1.551315088530505591e+03,1.462494342026132472e+03,1.789099859875073662e+03,1.709931855037999640e+03,1.663550076888105878e+03,1.487535966091946193e+03,1.392423188372733648e+03,1.594094568146505708e+03,1.585597279557772936e+03,1.373256821257742786e+03,1.822210839642305928e+03,1.520171324470578838e+03,1.250743699790518349e+03,1.441291944904721959e+03,1.370485894862525811e+03,1.463740485283148928e+03,1.241946415776299546e+03,1.726882630073946302e+03,1.631533908554663185e+03,1.555820618832286073e+03,1.715817832970691370e+03,1.527303059106319552e+03,1.742047570131074053e+03,1.512210887361303094e+03,1.472522792648577934e+03,1.750952001695148056e+03,1.765931779099104460e+03,1.217686789622073775e+03,1.120539274533390881e+03,1.555997817203684917e+03,2.341182364515893823e+03,2.062035502845423707e+03,1.804237288872824138e+03,1.545957187749501145e+03,1.776790883545638280e+03,1.331160030717481277e+03,1.409858321076524589e+03,1.863813541311205427e+03,1.645986598841511750e+03,1.509667927700017344e+03,1.456792753986158004e+03,1.343224486086252455e+03,1.351540308657913783e+03,1.249936776298372706e+03,1.577187245679984699e+03,1.645095690132703794e+03,1.160626633280492342e+03,1.447951036354837470e+03,1.982475594806784102e+03,1.655312624238075387e+03,1.333981485829387111e+03,1.741196017136025148e+03,1.808088938226448590e+03,1.600857565767633332e+03,1.803589753502674739e+03,1.386484448663776675e+03,1.978394815777781332e+03,1.499644789954709040e+03,1.287336634787083767e+03,1.416889917153506531e+03,1.142254247298344353e+03,9.178506886933993201e+02,1.358627839899602350e+03,1.397440992135704164e+03,1.840996118823741654e+03,1.897176155349602595e+03,2.198513930422428984e+03,1.525893041482895796e+03,1.763159867578031253e+03,1.728578876142807530e+03,1.723514666239999315e+03,1.859296088228163171e+03,1.633317951978099927e+03,1.913637731952201193e+03,2.081276909562058790e+03,2.657427785344244953e+01,3.559126473181613619e+02,1.642753795735338258e+02,7.260143593333636147e+01,2.020912505136968321e+03,2.288972393722498509e+03,2.204345112153368518e+03,1.888260318850647081e+03,2.796568391881044136e+03,2.098564909814550902e+03,2.817985898033539797e+03,2.054852738405618766e+03,2.708131259299022076e+03,2.367458706384139987e+03,3.365575241320623263e+03,2.786013355920377307e+03,3.225215854438753468e+03,2.747666565081489352e+03,3.209624473445615422e+03,1.782254772630252546e+03,2.608944803367590794e+03,3.001693972497699178e+03,2.643428097106172117e+03,3.153975605528997676e+03,3.013601972364303492e+03,1.492129381803450315e+03,9.766841360107440551e+02,1.283033278391379781e+03,1.004693522988350992e+03,1.245206381197914880e+03,1.109536011000133612e+03,1.410964699578353020e+03,1.988139678742837077e+03,1.327839291698346642e+03,1.390687516289181985e+03,1.210755514046724329e+03,1.304023448123333310e+03,1.501490187204314452e+03,1.463621521339948458e+03,1.651035654758560440e+03,1.247914549832226157e+03,1.417067745564040024e+03,1.194440967994098401e+03,1.317615259855768272e+03,1.993693104038152569e+03,1.585647534739594221e+03,1.552008996645322213e+03,1.421360170137143996e+03,1.765248380984685582e+03,1.932791947773144784e+03,1.918355973692269799e+03,1.647494881727677239e+03,1.508859288012770094e+03,2.147515063770888901e+03,1.502792618203444135e+03,1.414399950894281801e+03,1.865841484786119281e+03,1.821851138982409338e+03,1.349531553332606336e+03,9.288462840759934807e+02,8.266762680801385841e+02,7.833990316366858906e+02,7.995409764338420473e+02,8.682182803245805189e+02,6.681949214175616589e+02,6.735544612449377837e+02,7.851825408076060739e+02,9.804707426662261014e+02,8.403537238213884848e+02,7.127961075604960115e+02,8.514158694109390808e+02,7.123130435294585823e+02,9.010100287644472701e+02,7.641686658432167860e+02,8.742909278663390751e+02,8.180429926477968365e+02,8.542236001738385767e+02,8.546776922441480338e+02,7.901916145494027433e+02,6.623975207094235884e+02,7.434713171013236206e+02,6.065174268022360593e+02,7.060685393691040872e+02,8.076423116927960564e+02,7.739939990827330121e+02,8.853475671995321363e+02,8.500176589015712807e+02,6.684791168538027932e+02,5.182314083683236277e+02,6.352534206680714988e+02,8.211679607156991096e+02,7.481021778270138611e+02,8.223716671519966894e+02,1.039515883275992792e+03,8.360885614161126114e+02,5.960803506505891391e+02,8.118454532552303817e+02,7.501678556720979714e+02,8.361596773292964144e+02,7.311924425006608317e+02,6.834113358459469509e+02,7.058418256436247020e+02,8.558248839073097542e+02,7.357434894466683772e+02,7.915851446295743017e+02,6.535385808097372546e+02,6.435268755515661496e+02,9.024007931387902772e+02,6.877896651894088791e+02,7.011939160106062445e+02,9.461747178315854399e+02,8.041133903797341418e+02,7.726677543339694694e+02,8.131443030785412702e+02,1.089761334556177417e+03,9.435833642762370346e+02,8.672984839607296408e+02,8.941377813827733689e+02,1.009901625954404267e+03,1.039700889498723882e+03,1.143354944740500059e+03,1.139081010319103825e+03,1.150282169183884662e+03,9.973755128871337092e+02,8.548304858915080331e+02,9.852583024919732679e+02,1.171925960105791773e+03,9.251154106604798244e+02,8.318158387893414556e+02,1.171005299920082507e+03,1.791557568997260660e+03,4.144314716617422789e+01,2.641831406501278234e+00,-5.797054159717558441e-01,1.221898136587214584e-14
1.411284428963257383e-13,3.611174570895257507e-01,1.297154375392894963e+03,1.469928548760804460e+03,1.688236924188845023e+03,1.311311721454680765e+03,1.313971562358103029e+03,1.637014630124329642e+03,1.580492491339155777e+03,1.754957645645319189e+03,1.747815556826506509e+03,1.492438160674292476e+03,1.536850275847968760e+03,1.984268667577752240e+03,1.651924545730503041e+03,1.172990060584460934e+03,1.392785650078360732e+03,1.602205436116820010e+03,1.552034095169555940e+03,1.273161700905753605e+03,1.279297402981845607e+03,1.646268340689310662e+03,1.266005489625775454e+03,1.048589018880548792e+03,1.176268801473151598e+03,1.364755316815123706e+03,1.547712562141028457e+03,1.399886681435484206e+03,1.373193924454164971e+03,1.511997872165582294e+03,1.322801856336948731e+03,1.173319866358832542e+03,1.391520259893201683e+03,1.903675312137326955e+03,1.713889971883953422e+03,1.344765630381316896e+03,1.305646155757525094e+03,1.328752106406653638e+03,1.351358000914051900e+03,1.524479043090479990e+03,1.566472583304878299e+03,1.571062198168228178e+03,1.526009633593694389e+03,1.252169622006363852e+03,1.566474056662976636e+03,1.541937976394389352e+03,2.231110287839352168e+03,1.705763214174047562e+03,1.600345949813666266e+03,1.402936043798760011e+03,1.239549601559568146e+03,1.336953181675807855e+03,1.319680922785668145e+03,1.849310736264945717e+03,1.346039165107573581e+03,1.107559150659070610e+03,1.087875757864219167e+03,1.404090865274740509e+03,1.436250609792756222e+03,1.464986920449567378e+03,1.429605087438742885e+03,1.506844499581711716e+03,1.363750668207412446e+03,1.181949643543951197e+03,1.491302743870094901e+03,1.484641719126556836e+03,1.606858693401918799e+03,1.632977041908853153e+03,1.660589509856124096e+03,1.905061306057129286e+03,1.661197639778480834e+03,1.306972597854294463e+03,1.404421133182439689e+03,1.480656513615887889e+03,1.218221937318262917e+03,1.409410125420164150e+03,1.340841137516618573e+03,1.326216227546316532e+03,1.404337771812540950e+03,1.722943444612001940e+03,1.686785719513196909e+03,1.417078582999673017e+03,1.315745669179389097e+03,1.371377329764189653e+03,1.809372335157788712e+03,1.252631868090658827e+03,1.400165280857555672e+03,1.408832571065797310e+03,1.371870948690529076e+03,1.714707228857867904e+03,1.522869001997933765e+03,1.398450586030850900e+03,1.597041071223652125e+03,1.452192817129024661e+03,1.429655540153907623e+03,1.363525883945357236e+03,1.300491386491801222e+03,1.997276071529652654e+03,1.674439780018186184e+03,1.313864850191771211e+03,1.799580223004205664e+03,1.685171044857364677e+03,1.275758027574354628e+03,1.423071642146970362e+03,9.702265166427498571e+02,1.015740169976021889e+03,1.400374967041410173e+03,1.508804058551247635e+03,1.899750717469504252e+03,1.247438492502204099e+03,1.772080995814392509e+03,1.704963203319936838e+03,1.548571093717331223e+03,1.208734825271110594e+03,2.238835366752036407e+03,2.335783019946273271e+03,2.421293898791653191e+03,2.086994212951565714e+03,-1.030450342314975956e+02,5.052252708091160116e+00,2.392473591057743761e+03,2.761731088793762410e+03,2.444903087848450014e+03,3.120359386809134321e+03,1.433262257773073543e+03,2.557279526405197430e+03,2.419576669957104514e+03,2.477541370919451765e+03,2.729719838600563889e+03,2.481970919649868392e+03,2.887646231979898857e+03,2.484071485921410385e+03,3.338027756770070482e+03,3.595670162157117829e+03,2.342645175803108032e+03,3.312377048319832738e+03,2.823400705362737426e+03,3.828281153488871951e+03,3.112122634689003917e+03,3.219777446317357771e+03,2.684863863787720220e+03,2.833540469803886481e+03,3.012952795935635550e+03,3.039661804513079005e+03,1.541995457712046345e+03,1.239973001720112052e+03,1.098721062549105682e+03,1.634060321074074409e+03,1.410588129088858523e+03,1.310301070261318728e+03,1.205105981168075914e+03,1.508141920166520777e+03,2.119679626550450394e+03,1.394903621722667594e+03,1.017089611179297890e+03,1.456478719211907901e+03,1.414004018996922241e+03,1.223680743587418647e+03,1.781320706685874256e+03,1.789285936608198881e+03,1.726664475785493778e+03,1.627910947960137491e+03,1.972341658668600076e+03,2.287659549710110696e+03,1.902810331310332003e+03,1.516463580371932721e+03,1.627736822233346629e+03,1.502045463452247759e+03,1.898372478101954584e+03,1.924495489028767679e+03,1.972498291231056328e+03,2.021647302874642946e+03,1.726665133261041092e+03,1.929127259496649231e+03,1.439947554945508728e+03,1.185073886069097853e+03,1.196390393663578834e+03,1.247536676872822454e+03,9.475092799181674081e+02,9.966022087528903057e+02,8.126914668171835956e+02,8.252579727958195690e+02,8.014488674848907976e+02,1.074656147005799085e+03,6.865428993762831169e+02,7.070093448840713108e+02,7.160067288267579215e+02,8.969123534957232096e+02,9.425799734716372313e+02,6.570234469041669172e+02,6.476279378549476178e+02,6.379574106086996608e+02,7.067688598134795939e+02,7.640409000333904714e+02,9.770630154351572401e+02,9.075366121066706455e+02,7.535595085747710300e+02,8.497955427192089246e+02,8.011535385024046718e+02,7.992765165132889251e+02,7.048799010538251650e+02,6.245588022614923602e+02,8.526964670574939191e+02,9.693582464821726035e+02,8.220791079874642264e+02,7.690897671073852280e+02,8.363801819911770963e+02,6.820337099109805195e+02,9.003461339086904900e+02,1.350444698906908570e+03,1.038506600392704286e+03,8.728000260421978282e+02,9.574351949939989481e+02,8.129684141042022247e+02,8.220420570679287948e+02,7.867744234913934633e+02,6.383948446367950282e+02,7.860660376130717850e+02,6.935521456486110310e+02,7.672302622993512387e+02,7.800220696208813251e+02,7.757145584959564530e+02,8.724476657277726872e+02,7.561602992230583595e+02,5.560126154875036946e+02,6.428425160854299065e+02,7.250889345531348908e+02,7.241405533424801888e+02,7.501239001288772670e+02,6.774974415940920380e+02,6.389307012551970502e+02,8.138030516672062049e+02,9.304920736198264422e+02,8.474618737984364998e+02,8.659131995151371939e+02,8.333316745137213957e+02,1.111602611043637353e+03,8.247946397598611838e+02,8.083272495046921904e+02,9.491679253398851870e+02,9.089458728492388673e+02,1.216614448431444316e+03,1.226316461238253851e+03,9.757197301835099097e+02,1.022460998097372908e+03,1.168480969826038972e+03,1.398134363799611037e+03,1.419261674946269068e+03,1.824522436760058781e+03,2.067952535454601275e+03,-4.644853027827287484e+00,-2.960904141351881069e-01,6.497205547222194288e-02,1.842250744336579350e-14
1.235841840220098942e-13,1.137063345497264732e+00,1.210834412915443863e+03,1.263271925526423956e+03,1.354423243328489434e+03,1.279501586879534216e+03,1.285368345926899337e+03,1.364614845971919294e+03,1.313104771442554465e+03,1.271406847833929987e+03,1.572275048418893903e+03,1.502122241984878883e+03,1.479322936297340220e+03,1.756299802722365484e+03,1.514670136630669958e+03,1.724855315910009494e+03,1.721243458466332186e+03,1.411166951100425877e+03,1.472849860121400525e+03,4.783998785977470902e+02,6.821088185136652555e+02,1.491416997063860890e+03,1.614227951459067071e+03,1.681712622218379693e+03,1.158647750486834639e+03,1.251845915762573895e+03,1.438810484922335490e+03,1.304811260233029998e+03,1.252370383465340637e+03,1.455893828610025594e+03,1.312616160941411181e+03,1.320018233035924823e+03,1.086616360667195295e+03,1.517540372309900022e+03,2.027921208250317932e+03,1.521127456684193476e+03,1.462165122143246663e+03,1.930475061247079111e+03,1.603621384091970640e+03,1.662088518905076398e+03,1.406059816754657732e+03,1.234743857022856218e+03,1.467959490323133423e+03,1.423196357202963327e+03,1.504760076288979917e+03,1.406950417207891633e+03,1.670515014141516986e+03,1.696757230557956291e+03,1.567691568641267395e+03,1.169252840156905222e+03,1.299027534421937844e+03,1.513438401201689658e+03,1.665655145911317732e+03,1.547122960988494469e+03,1.378086434417077044e+03,1.440255954117239526e+03,1.330132404934548504e+03,1.618953512353296446e+03,1.696559865520864605e+03,1.603559389571370275e+03,1.130291341522193079e+03,1.256574369040692090e+03,1.468076461002065571e+03,1.444462597885494233e+03,1.226920925240307042e+03,1.329837133490151018e+03,1.582369764202450824e+03,1.379324457150432636e+03,1.753686042429179224e+03,1.952784712080236659e+03,1.693326901620164108e+03,1.673070999849571763e+03,2.101104977210855850e+03,1.746919474439392843e+03,1.744517684716118765e+03,1.768547169482424124e+03,1.418151731220966212e+03,1.080164319761104480e+03,1.718065969497978131e+03,1.855180164321159282e+03,1.337937118455616201e+03,1.638363155275807003e+03,1.377861882114167202e+03,1.533793115833510683e+03,1.127135227483109929e+03,1.572387210137956117e+03,1.828174441784711462e+03,1.475459296747991175e+03,1.498251948047946598e+03,1.670014275729012070e+03,1.589857664741388135e+03,1.568038181635105047e+03,1.823903685725862942e+03,1.374764786827911166e+03,1.794135395322907016e+03,1.346346931396049740e+03,1.177615837032809850e+03,1.437818318527791916e+03,1.484186253988038743e+03,2.028233792134059968e+03,1.373564385516162702e+03,1.709203504489481702e+03,1.539221220879939210e+03,1.156481050200684649e+03,1.063576590835805973e+03,1.337751437314079112e+03,1.675213895587149182e+03,2.022808882627504772e+03,1.750663755404109224e+03,1.499099002110891888e+03,1.708609596382656946e+03,1.778744854899257007e+03,1.340291308813235673e+03,1.533508974432553259e+03,1.741752653226488519e+03,1.619166220699196629e+03,1.851428824446815270e+03,1.144096264137765928e+02,-4.169023936734343039e+01,2.726633756979098777e+01,2.045402259409677754e+03,2.784790501047286398e+03,2.380332272939876020e+03,2.055120775165090436e+03,1.714492417721214906e+03,3.016361320255809915e+03,3.096587699781645824e+03,4.551435417748180953e+03,2.492106699128861692e+03,2.673251937631290275e+03,2.143239030125518639e+03,3.059753402622475733e+03,3.208133575618160194e+03,3.603097588131437078e+03,2.476869686612975784e+03,3.039457413285615985e+03,2.651252410006898572e+03,3.120479813706158438e+03,4.182461735441075689e+03,1.906681566636149910e+03,2.788005626430945085e+03,2.514723326432280373e+03,2.300023609265713731e+03,2.153421110950132970e+03,1.231277842083339920e+03,1.461902909095085988e+03,1.481081176410934631e+03,1.501234657454166609e+03,1.030655420038150396e+03,1.278985104549297830e+03,1.322361139448594258e+03,1.466466245922184726e+03,1.223127704433030658e+03,1.409759734289656308e+03,1.417940453909591724e+03,9.994743259618001048e+02,1.758578083332130518e+03,1.602917608673381437e+03,1.790554252154561254e+03,1.476542274041672499e+03,1.923851259442358014e+03,1.598847904860052950e+03,2.048200573860648092e+03,1.693074887831670139e+03,1.536261184483011903e+03,1.558497923371301113e+03,1.598564003727136651e+03,2.186363352526325798e+03,1.204732322263037759e+03,1.614703532327794846e+03,1.350849052237629849e+03,1.428483210718158716e+03,1.697339109946727604e+03,1.680967253348594795e+03,1.543248241774086182e+03,1.247746783574838901e+03,1.187092747332082808e+03,9.803637809593894872e+02,1.184686573586887334e+03,1.054872457817717532e+03,7.104105213180739611e+02,5.975501823214033266e+02,7.326238344714125788e+02,8.572212005393637355e+02,6.874747928660993921e+02,7.851101305809605719e+02,8.338570108461053678e+02,8.122429965096672504e+02,8.806302734030275587e+02,7.677517918418112686e+02,7.588723323766089379e+02,7.595923789840970812e+02,6.419150632801752181e+02,8.323017772439177406e+02,7.609973815358265483e+02,7.580514171056830719e+02,6.393186751207111911e+02,6.571577045785550126e+02,8.288916440724868835e+02,8.504170160264249034e+02,8.612106230464470400e+02,8.380225662622394793e+02,9.013770815853785052e+02,1.109645106480935738e+03,9.250144127162029690e+02,9.044208819717713368e+02,1.219312297898954512e+03,8.488665920180027342e+02,8.169500331327780032e+02,1.108422833221898145e+03,9.866757081066300543e+02,7.393390163291427370e+02,7.679358357532729542e+02,7.862991075654945234e+02,7.163329626981715137e+02,6.328604138008578275e+02,6.182078242218833566e+02,6.817083159451422034e+02,7.875754801866921753e+02,5.934655837174788076e+02,8.198047549018139080e+02,7.693569096651663131e+02,8.205329729032146133e+02,8.300601685131097156e+02,8.888758829529274408e+02,8.810745093256351765e+02,8.412706598667031130e+02,7.397534563884893259e+02,6.769410086109041913e+02,8.386454675603683881e+02,8.937711194649776871e+02,7.228103574333088090e+02,6.663218964989513324e+02,8.639438925164171224e+02,8.542358981762722578e+02,7.985451500436978449e+02,9.979919270354954506e+02,9.878341259170664443e+02,8.392476221145677755e+02,8.452825506136899776e+02,9.173347120645073574e+02,7.932713156990146217e+02,9.814519081764242401e+02,1.302454153785581184e+03,1.184774078196077198e+03,1.020150984740141439e+03,1.027043186698842646e+03,1.597543458087129693e+03,3.446613289253181392e+03,1.030502117972894212e+02,-1.606853645104732831e+00,-1.024303585890395524e-01,2.247661735258557614e-02,-6.772867855095772781e-15
1.848439515729267036e-13,-9.780072772786443380e+00,1.562148310451865200e+03,1.192891753766286911e+03,1.052742661064800814e+03,1.180040920047314103e+03,1.053629826763774190e+03,1.280952995220202865e+03,1.512348553588999721e+03,1.335791549052950813e+03,1.544505675068765413e+03,1.490539580479543474e+03,1.139977584149092536e+03,1.311206185608256874e+03,1.570790382251630717e+03,1.604027617959267445e+03,1.390676360551322432e+03,1.476216442463314706e+03,1.635157323530169606e+03,1.418829043286741125e+03,1.340884852060092953e+03,1.305511133689728240e+03,1.631599975305626231e+03,1.697807807034615053e+03,1.302973134093980434e+03,1.301475682236122111e+03,1.273401922125406145e+03,1.421929317392184430e+03,1.491575993601071787e+03,1.598369762099990112e+03,1.697184737569239587e+03,1.527772320632304627e+03,1.358257988013865770e+03,1.592459330598627048e+03,1.464876303339469814e+03,1.525338797397671442e+03,1.364952154243973382e+03,1.398210667470440512e+03,1.225283479134026038e+03,1.447882150473937600e+03,1.516145196883077688e+03,1.307748553778237465e+03,1.404445364031559166e+03,1.452452690249133411e+03,1.404761177118226669e+03,1.609399019860020189e+03,1.725087269051622570e+03,1.975387563480275730e+03,1.433037721637102777e+03,1.265075501023613242e+03,1.322501597402022298e+03,1.595810560674937960e+03,1.705790211471065504e+03,1.689799050955296480e+03,1.271747974115001853e+03,1.186672056631763780e+03,1.345695124354059772e+03,1.151692878126026699e+03,1.387413102151701423e+03,1.203439123584706977e+03,1.115770182082217616e+03,1.347007093487174643e+03,1.375642879462654037e+03,1.434082352823402061e+03,1.352224912772559719e+03,1.403604568432789620e+03,1.996815804282593263e+03,1.443094224143648034e+03,1.467316948673695606e+03,1.793742095714304696e+03,2.495579650525197394e+03,1.765513227835962425e+03,1.890118580788633608e+03,2.013454570536121082e+03,1.659856717937505891e+03,1.364893296069358257e+03,1.773052750758051616e+03,1.721640735341639584e+03,1.359554904071545025e+03,1.100343277172488797e+03,1.713956630086787300e+03,1.634419368128507358e+03,1.703269432235991189e+03,1.476849783869992734e+03,1.330353460324899288e+03,1.860487841588421588e+03,1.431538019948886358e+03,2.123738800832691595e+03,1.619376343188898318e+03,1.438867168523441705e+03,1.750986206488019889e+03,1.307875610287708014e+03,1.355946797174068934e+03,1.475649778934571941e+03,2.022829903818497087e+03,2.156060887179765814e+03,1.024481942451348687e+03,1.287563242029014646e+03,1.660183379888160971e+03,1.898087451891280352e+03,1.624403210728777367e+03,1.348638350738843883e+03,1.737193548211173493e+03,1.203731648847381621e+03,1.821440123497510513e+03,1.751874452626517950e+03,1.657348806772248508e+03,1.600362234233932213e+03,1.508678588717237517e+03,2.558287762981922242e+03,1.751173357348304080e+03,1.948086895435080805e+03,1.508622030518607062e+03,1.710596560398052816e+03,1.582507405173242432e+03,1.811241407522589952e+03,2.084172140069611032e+03,-1.948741039989308774e+02,8.924060792257526487e+01,-2.453411464606861045e+02,2.286562662297444604e+03,2.167929217114205130e+03,1.700303860464422314e+03,2.518040174902846047e+03,1.974192889765733980e+03,2.764703072696692288e+03,2.609918035342630901e+03,2.813928908574508569e+03,2.015695006967394193e+03,3.229389173676404880e+03,2.510036917253670254e+03,3.270433311479855547e+03,3.007337645473784505e+03,2.422316099654791742e+03,2.321852570676697269e+03,2.930842080297792108e+03,2.451321548156763583e+03,3.240393263017114350e+03,2.712828918448304194e+03,2.961733757117447567e+03,3.151761204253406049e+03,2.409386490228632283e+03,2.779517192832277942e+03,2.280664203078583796e+03,2.430325738747695596e+03,1.543058455584167632e+03,1.209385698985287945e+03,1.048187795013611776e+03,1.608944764761235774e+03,1.528263805167584678e+03,1.429448210129941572e+03,1.279086955774766466e+03,1.286008087722429309e+03,1.422125728765633085e+03,1.205424393579462958e+03,1.596983810500974869e+03,1.216342573274959022e+03,1.665488853944003267e+03,1.479896541468449414e+03,1.613046783906581140e+03,1.626459073353478288e+03,1.354667497118696929e+03,1.659470592326895712e+03,1.731619007497489292e+03,1.507861369778803464e+03,1.776787656658331571e+03,1.641502075956192357e+03,1.807587909844512069e+03,1.196502498871868056e+03,1.321060631847298964e+03,1.303491464708620242e+03,1.517996151758753740e+03,1.659167617448634701e+03,1.493059717507489040e+03,1.244333859342243386e+03,1.648949829631598732e+03,1.251302782556934517e+03,9.118523944763869622e+02,1.041251227895267448e+03,7.865154710557732187e+02,7.532749791519114524e+02,8.601640537780480145e+02,9.765926247657222348e+02,1.069380208955052922e+03,1.039070998793731633e+03,7.510475616091148368e+02,2.295041243080314928e+02,8.704445392904638084e+02,1.075555093383776466e+03,1.164013745236947443e+03,9.430891632493131738e+02,9.385688203221743606e+02,7.645296690785747842e+02,5.992276233538624410e+02,8.007659941909172403e+02,9.427201843371561836e+02,6.710114293480474998e+02,6.768765309216068999e+02,6.067794295391664718e+02,6.029190755191743847e+02,7.228377732034020937e+02,7.123043555262479458e+02,7.110589116070846103e+02,6.822877175013929900e+02,7.529410561659041150e+02,6.773271632959042563e+02,8.868511291758220523e+02,1.019133094260921894e+03,8.258981094936735872e+02,8.394578023870528796e+02,9.014858818860516294e+02,8.835993195345340609e+02,7.916000973709675463e+02,9.050542890818102251e+02,7.767075321738358298e+02,6.200468722551461269e+02,5.951622870265523488e+02,6.663153875021085923e+02,7.841514911983749698e+02,9.896883974884771078e+02,1.046604596513836441e+03,9.155694032219794281e+02,8.463808008383340393e+02,7.021765764973051773e+02,7.286258629029106260e+02,1.016559308316315878e+03,7.788432934428691397e+02,6.166900029643411472e+02,7.128358879953077576e+02,7.128898612676787252e+02,7.065575188781932638e+02,7.260561954285550428e+02,6.739930766745345636e+02,7.239052594232343836e+02,8.129045131022328405e+02,1.043469055931087951e+03,1.058602748292840715e+03,8.338785551028017835e+02,1.019526205909494365e+03,1.552540919203808471e+03,1.402636656145195502e+03,9.998686107549394819e+02,1.017129727187142180e+03,1.060222385019178773e+03,1.019501720249936739e+03,1.011780882358476561e+03,1.012280142538938435e+03,1.100631529970029305e+03,1.732992050073303517e+03,-9.059157873713644449e+01,1.420434258762922175e+00,9.054688391843128403e-02,-1.986898894369512614e-02,-3.425870976472827384e-15
1.687457598577742544e-13,4.577316380482839975e+01,1.358521417675003931e+03,1.030952778861912520e+03,1.246985305390243411e+03,1.624709055377119057e+03,1.330938359017931134e+03,1.320695078332399135e+03,1.634674006283673179e+03,1.721811680911458097e+03,1.548321093785069252e+03,1.595589661178425786e+03,1.663156054197477488e+03,1.461091512855589372e+03,1.436425135036062329e+03,1.376357171354794218e+03,1.246763245341296624e+03,1.341078433302814346e+03,1.242204606581678263e+03,1.324289147841737758e+03,1.461149859420185976e+03,1.356165459516025294e+03,1.546260851569609031e+03,1.399816294014135792e+03,1.545113972790621574e+03,1.464616800179420352e+03,1.212341094049626463e+03,1.416545732058302519e+03,1.712658977715661194e+03,1.702437708131041290e+03,1.665334432838235671e+03,1.751642651170287991e+03,1.534053814565941366e+03,1.452126050114777854e+03,1.690114034014787876e+03,1.731988048671433035e+03,1.403105248718051371e+03,1.468875945396189763e+03,1.648861155587801250e+03,1.433456005292453483e+03,1.467586979237573360e+03,1.654431025625968459e+03,1.530427943772112030e+03,1.674070055190834637e+03,1.818663253892103285e+03,1.806398791953522732e+03,1.694666725827272103e+03,1.676838055358775819e+03,1.446388945536297342e+03,1.584978707565996501e+03,1.528779671845418989e+03,1.392807076785417166e+03,1.222839489091188852e+03,1.412756636982444888e+03,1.442449479516037627e+03,1.602195522820873066e+03,1.139857862022616928e+03,1.322889561067192290e+03,1.285155904170303529e+03,1.154430981028369160e+03,1.191810855171648200e+03,1.358302488221726890e+03,1.879069326134065705e+03,1.400606504236345245e+03,1.293078935787744285e+03,1.787039130230567025e+03,2.087474204494052628e+03,1.605813102446076755e+03,1.485916058312819587e+03,1.743756071346650970e+03,1.841273753007801588e+03,1.535855387632753036e+03,1.555506834309243231e+03,1.549204892094350043e+03,1.693782923073861866e+03,1.408009966755517098e+03,1.513253526069858481e+03,1.731564702451008770e+03,1.170064369540000598e+03,1.147676505329643305e+03,1.666860218647143483e+03,1.524644944309478660e+03,1.616669966403140506e+03,1.398989233515301976e+03,1.370592789355527657e+03,1.698544558869534740e+03,1.530076689395360745e+03,1.691398148254778107e+03,1.830819838764597307e+03,1.193215204598525588e+03,1.499191803672315700e+03,1.048497437682960026e+03,1.252008411445681759e+03,1.363421739295851012e+03,1.739575459261450305e+03,1.976385189339328235e+03,1.444823030973722780e+03,1.517441313410624389e+03,1.419156350660446151e+03,1.171341061000086029e+03,1.269718328604724547e+03,1.450287832540289855e+03,1.793157562787353072e+03,1.271588287464984660e+03,1.793315620915531554e+03,1.797901771435078217e+03,1.720557016047808247e+03,1.718248551731828911e+03,1.954104068974409074e+03,1.806919485712549658e+03,1.717159556418732564e+03,1.742859754865856530e+03,1.404246065551453512e+03,1.836697811772326759e+03,2.049799993030017959e+03,3.326635275211196472e+02,1.643431622608452699e+03,1.013638003188286689e+03,-2.874951913235887559e+02,2.064445736808705533e+03,2.185381265152627748e+03,1.801319641546437879e+03,3.531841760516225804e+03,2.628429058607137449e+03,2.287422183622290049e+03,2.139543857231481070e+03,1.987037900811342979e+03,2.030429268533513778e+03,2.580517733486500674e+03,2.502522876472781718e+03,3.317175942763521562e+03,3.382447644518377729e+03,2.406029092292097630e+03,3.451348932775456433e+03,2.299672188563724831e+03,2.757071909131826942e+03,2.852415629115950651e+03,3.019498221474716956e+03,2.027343075510961171e+03,2.763152693974707745e+03,2.585509163026433725e+03,2.856982486413898187e+03,3.041615434384363652e+03,3.038739531158088084e+03,2.516163604055703672e+03,1.483562684958178806e+03,1.324720714194696257e+03,1.281413997300247956e+03,1.313454475120244979e+03,1.364840696872663102e+03,1.378789323625750740e+03,1.473561147179736736e+03,1.443404409308376898e+03,1.510061033079620302e+03,1.211406347136343129e+03,1.326489659673627330e+03,1.486335401263556150e+03,1.615631015061212565e+03,1.375287442849398076e+03,1.793702969100884047e+03,2.116227130607471736e+03,1.606338092568396405e+03,1.433846429372788407e+03,1.878566017914935173e+03,1.360995238945659139e+03,1.627683135436901921e+03,2.261257831004126729e+03,1.766985691769640425e+03,1.739970389328351530e+03,1.293675936891753281e+03,1.911061223441453649e+03,1.835402434070452955e+03,1.497646858039008748e+03,1.256215449182804150e+03,1.091259460358760634e+03,1.805103519104260386e+03,1.320665685574809686e+03,8.571426051332957741e+02,1.094568766176055306e+03,1.124530315889948270e+03,1.072315236100228731e+03,2.594201928416747478e+02,2.778918017547428576e+02,1.447297415188430250e+03,3.004481845313500230e+02,3.546339863121940198e+03,7.955478596962609117e+03,2.165847182369496750e+03,1.200166771639976105e+03,1.148576424897145898e+03,8.831128328148846549e+02,7.792036421133429940e+02,7.412274315206747133e+02,5.455108802629511047e+02,7.219280159589968662e+02,8.982749782720338771e+02,7.098706313031402715e+02,7.338039201299013712e+02,7.715158005524780265e+02,8.579002907326826062e+02,6.935924606166743160e+02,6.505816167126949949e+02,7.023036447338383823e+02,5.803240762093754483e+02,8.983918624142274894e+02,7.179622955507827555e+02,7.586467276042307049e+02,9.245180035138179164e+02,7.433282785182789212e+02,8.051734163897956478e+02,7.463744356553692114e+02,8.435592985443870475e+02,8.867422569871694122e+02,8.147327941183629036e+02,6.360854042235013139e+02,6.952600770789032367e+02,7.067521219614365009e+02,7.198120782200345502e+02,7.954501312711191758e+02,8.987594787475268276e+02,7.822592860590010559e+02,7.570955440759062185e+02,6.814720397396348517e+02,7.150641000015742748e+02,7.108265270055374003e+02,7.635114661016691571e+02,6.990817767584967442e+02,8.013512704384531844e+02,1.028130879183265506e+03,9.846643946360815107e+02,8.731575754027962830e+02,8.776530915896398710e+02,9.956648772249453714e+02,9.337737993633198812e+02,8.390743513331202621e+02,9.248250177755135155e+02,7.661142658159380971e+02,1.046789433352320884e+03,2.786514522578249284e+02,4.834987497419304532e+02,4.135519173668302528e+02,1.620240034799606065e+03,1.456267523184848642e+03,1.089771766612801684e+03,8.779808291510095160e+02,9.490053037580648834e+02,1.229527484477629969e+03,1.454224681899806910e+03,1.373226278472612648e+03,4.176956371689011860e+01,-6.549275341498159708e-01,-4.174895602792508958e-02,9.161105383558951210e-03,-2.812332906843821510e-15
1.774938421665797678e-13,-1.718027295097018055e+02,1.439799394212090874e+03,1.371010298423611857e+03,1.588630392124308628e+03,1.726323415128487113e+03,1.418750176294936637e+03,1.299002840487548156e+03,1.379208460425019211e+03,1.512567264391330127e+03,1.556974186471855091e+03,1.426340788729182577e+03,1.624779890874958255e+03,1.656101382276247705e+03,1.404848232573269570e+03,1.420380854899891119e+03,1.331234384345852732e+03,1.425994249440027033e+03,1.640763858042370430e+03,1.456236186738625975e+03,1.424899517711427734e+03,1.453512203726947291e+03,1.432643060423164798e+03,1.436679101500954403e+03,1.555832485995449360e+03,1.553080074900370846e+03,1.491272492968874758e+03,1.375228838758094980e+03,1.499762130148040796e+03,1.562117644626458286e+03,1.591101849773111553e+03,1.625925344997174761e+03,1.371813198487262071e+03,1.230380472641857068e+03,1.557110512395198384e+03,1.663788745955473814e+03,1.466963899251014027e+03,1.593004089716270983e+03,1.781039122512103177e+03,1.427573594941127794e+03,1.370176626710187975e+03,1.379498761844183718e+03,1.340317461656532259e+03,1.906340487800864139e+03,1.827735513616867820e+03,1.488630574539074132e+03,1.482688209669882099e+03,1.415439253040304493e+03,1.687691538646898380e+03,2.015585713920062517e+03,1.790795985308036052e+03,1.282760389578720151e+03,1.283567482391764543e+03,1.311816376196466763e+03,1.223622823442698746e+03,1.364627653420379829e+03,1.147815034965119821e+03,1.228341994392658989e+03,1.436994368405672276e+03,1.211781373215472058e+03,1.607916768146007826e+03,1.553477807525182243e+03,1.853446956054955535e+03,1.502128391142557803e+03,1.421065743195798404e+03,1.661397323509022044e+03,1.589464473790095099e+03,1.554067265510817151e+03,1.815029474508101430e+03,1.786838422081276349e+03,1.349675441738834706e+03,1.514395445686577204e+03,1.450467521699128838e+03,1.077762391120876828e+03,1.305170411791203151e+03,1.597009688821579402e+03,1.198413778744672072e+03,1.272180962096186931e+03,1.701689899333446647e+03,1.306199060337925403e+03,1.466617286148454696e+03,1.507508881069518793e+03,1.392158255559506188e+03,1.889342991430460643e+03,1.345541524785618549e+03,1.128625477077025607e+03,1.875902730316675161e+03,1.748452669025979731e+03,1.631372049954825798e+03,1.386497133413884512e+03,1.326637124063773626e+03,1.550535055014250702e+03,1.582048977306569668e+03,1.738201876217568952e+03,1.707986331867045010e+03,1.683156838262068732e+03,1.573415300862327740e+03,1.632223231310235633e+03,1.448433517200823417e+03,1.705725876320841508e+03,1.363628711111221719e+03,1.390981030231599107e+03,1.488733977858807521e+03,1.513045356165832118e+03,1.461975676517043212e+03,1.913448682707920398e+03,1.433287794192287265e+03,2.132924551288514522e+03,1.916577541381136371e+03,1.693768768882549011e+03,1.577583901899297643e+03,1.251382716298179275e+03,1.321258923984774128e+03,1.668091940041671251e+03,1.699032809634017440e+03,7.818207117477221573e+02,1.813146593926488777e+03,2.124560913340439129e+03,1.511986839606527610e+03,2.870413330400815539e+03,1.928084462464603121e+03,2.225146457229635416e+03,2.915482589416539213e+03,2.479114796265643236e+03,2.583145232047270838e+03,2.609968670191578894e+03,2.231100780010031485e+03,2.634650781794724935e+03,2.422748709750663238e+03,2.189266305075565015e+03,2.640432072657793015e+03,2.299876035382449572e+03,1.869406311460709048e+03,3.398191612100366001e+03,2.077655638010097391e+03,2.485153996174226450e+03,2.460277351921993613e+03,2.661521252854355680e+03,2.132403167178415515e+03,2.474233535776957524e+03,2.208448128165382968e+03,2.523698149615086550e+03,2.969235937370941883e+03,2.465487822619514645e+03,2.703355949838224205e+03,1.494113818075934660e+03,1.206423342776846539e+03,1.055751529424731871e+03,1.076759727012430403e+03,1.155351515547578856e+03,1.147366997494847965e+03,1.364807244758673505e+03,1.393196784389175491e+03,1.581995155147125161e+03,1.396204075421320567e+03,1.145223041912260669e+03,1.626372280725616974e+03,2.004704868919563523e+03,1.430986744903922954e+03,1.721957668562123445e+03,1.654501258567041077e+03,1.864978086162388763e+03,1.411639917703452284e+03,1.771718240857368301e+03,1.292716486622789716e+03,1.927369541595718829e+03,2.054225385911195644e+03,1.506251494296505825e+03,1.723869445292282535e+03,1.483065686080568184e+03,1.550713130443057025e+03,1.378198453277937915e+03,1.278703014548191732e+03,1.308325418642406476e+03,1.697741863657213344e+03,1.512769591849931203e+03,3.707666571458595968e+02,1.207293491673968902e+03,4.314571529593998775e+02,5.137119660500096643e+02,4.532042873544777990e+02,-8.313759780064593485e+01,-8.850049282361422343e+01,5.605899713647107774e+02,-8.049180445797902905e+01,1.955318050583607828e+03,5.662129823809602385e+03,1.804586924025408507e+03,1.662478361746838345e+03,1.144598104795149993e+03,8.497866206857001998e+02,9.129743007495013671e+02,8.078700008618528727e+02,5.345490520490081963e+02,5.876901381315537947e+02,7.494357034500170585e+02,6.542659384916546514e+02,7.577829739292270688e+02,8.186420195041708894e+02,8.897380946766010084e+02,8.056190991482683330e+02,8.090618265161008367e+02,6.527555364452999811e+02,6.348060958561418374e+02,8.571766397933506596e+02,9.384187483475805038e+02,8.506658453202343253e+02,7.223956932496053014e+02,6.045064435819397204e+02,5.867323307247388584e+02,6.711878178553427006e+02,8.375357685388656819e+02,9.066211763542855806e+02,6.805157298922572409e+02,5.757454400250710478e+02,8.268099812319001103e+02,7.883693039653170445e+02,7.681417142227151089e+02,7.327401662217306466e+02,7.267270367814141991e+02,9.051891352237786350e+02,9.787337090315279511e+02,9.120502157177051004e+02,8.425458002430295892e+02,8.471005608239482854e+02,6.854282972337858837e+02,7.176455929436996257e+02,8.792739756993255469e+02,9.404143275381914009e+02,9.491481759550111974e+02,8.025422268956880316e+02,7.253798125226365983e+02,8.143283660206292325e+02,8.876249260008239617e+02,7.528168939697756059e+02,6.907417897323903162e+02,7.419935605308877484e+02,1.173842246221196547e+03,-9.940789551311631556e+01,-1.677168480405332218e+02,-1.438038490579472750e+02,7.481863978993185356e+02,1.550572243973153263e+03,1.146431756501806831e+03,1.041549577047952880e+03,1.048811524336269940e+03,1.177962312293262812e+03,1.561291301973248437e+03,6.634359659170054329e+02,-1.513447277352224418e+01,2.373015672704406054e-01,1.512700593690927998e-02,-3.319366726993645215e-03,-1.102352976439920740e-15
1.131195203291397169e-13,6.571754833611038293e+02,1.379742003473627619e+03,1.566859787820730844e+03,1.523234681369472810e+03,1.268530650627232490e+03,1.203491288300894212e+03,1.350247203145054073e+03,1.287671984538828610e+03,1.386708273589913460e+03,1.538922297893190262e+03,1.297077032260377791e+03,1.322315555179691955e+03,1.465785911770674147e+03,1.423305208365902217e+03,1.489746233383345498e+03,1.397297923255701562e+03,1.515816237630939213e+03,1.746812013467979568e+03,1.606681338034131386e+03,1.559462883658763985e+03,1.549253667915292453e+03,1.440902576009495988e+03,1.577288509694900313e+03,1.582217332514906275e+03,1.689852224670632950e+03,1.734835597174931536e+03,1.548416924430334575e+03,1.617954565387760795e+03,1.542635053196277568e+03,1.362236337063482097e+03,1.314320274584856634e+03,1.456533162291904318e+03,1.367623740769616688e+03,1.325295338299370997e+03,1.359083490007472165e+03,1.390393472821389196e+03,1.616814789924545721e+03,1.599138041526089410e+03,1.387186402150827234e+03,1.575404577090528846e+03,1.423819846192141540e+03,1.803702984111881960e+03,1.960322656172039160e+03,1.348656915233960945e+03,1.337387454370019441e+03,1.481775761058435819e+03,1.445171938985762381e+03,1.557579329841081062e+03,1.702774512213398111e+03,1.606055901060003634e+03,1.424712981871157808e+03,1.629919965025796500e+03,1.440878044999622944e+03,9.893151026678776816e+02,9.193734722073512557e+02,1.270857426100385283e+03,1.009212919858953796e+03,1.337475619992924067e+03,1.328980183426014264e+03,1.592791085375284865e+03,1.720713343760400676e+03,1.438661831324166087e+03,1.552882997093330459e+03,1.694146050891886716e+03,1.459007625027288213e+03,1.411697597555270931e+03,1.315813460859100815e+03,1.576782256970167509e+03,1.516469209829972442e+03,1.236645887414756544e+03,1.440877385551591487e+03,1.416654908214268971e+03,1.389586311199645706e+03,1.456834529474844203e+03,1.556533338361420419e+03,1.436098937614290890e+03,1.686391868570834731e+03,1.791631763733895241e+03,1.432517185358049346e+03,1.611951197395472718e+03,1.567103910389631437e+03,1.411675353349502529e+03,1.744192129593070604e+03,1.551867682227494697e+03,1.426124373388291133e+03,1.802833113921272570e+03,1.530827816881831041e+03,1.203251790237900650e+03,1.581044772608916219e+03,1.547842108117491307e+03,1.608617993038368695e+03,1.641129479028885498e+03,1.744223168939538709e+03,2.051368072279415173e+03,1.734564638154364275e+03,1.370215747397468931e+03,1.398119932013468770e+03,1.711380213331975256e+03,1.872533314495268542e+03,1.812152352087829058e+03,1.489278980351108657e+03,1.165808477790135612e+03,1.535529172540506806e+03,1.776074171955493739e+03,1.690155287931449948e+03,1.276116983794227735e+03,1.705633479089015282e+03,1.479701199247067507e+03,1.754033406360873414e+03,1.297459825294020447e+03,1.218203670341791167e+03,1.793695911124139911e+03,1.348808720322943827e+03,1.697137862022020272e+03,2.148680511477357413e+03,1.736309337975405469e+03,2.255655443917189587e+03,3.258670373610184924e+03,2.178187371219718898e+03,1.915494322427040515e+03,2.536983987670590068e+03,2.517930973395421915e+03,2.652693846424047933e+03,2.518672203754905240e+03,2.811201915559228382e+03,2.550850095897757910e+03,2.670997998194079628e+03,2.672123088801585709e+03,2.482456442729462651e+03,2.411481427201762017e+03,2.298354083103894482e+03,2.455800734050525534e+03,2.421760325282525173e+03,2.497851985571511250e+03,2.606198085943880415e+03,1.806781606564497679e+03,2.789722647040143329e+03,2.481852064271373365e+03,2.590751429810055015e+03,2.818322582546612011e+03,2.792945918248393355e+03,2.957239854052207193e+03,2.055883681843971317e+03,2.188521457566589106e+03,1.441135776346346574e+03,8.610447506459130409e+02,9.108659551444660565e+02,1.209958799223936239e+03,1.109143520119409686e+03,1.298288564637510262e+03,1.533957435451079164e+03,1.113792831458176352e+03,1.548646984726404980e+03,1.448719182898640383e+03,1.582397250403128055e+03,1.304881112353107483e+03,1.953740654863668397e+03,1.654768797688259838e+03,1.637660113385886689e+03,1.896682348203275751e+03,1.816593825202728340e+03,1.562998059648943126e+03,2.009620455867244800e+03,2.146693601767197379e+03,1.787700185713038991e+03,1.791559057223155833e+03,1.523137960107672825e+03,1.849691092001931565e+03,1.461637765540946930e+03,1.348647700651417836e+03,1.013255392773902713e+03,1.028712695432019700e+03,1.479074696479897057e+03,2.101561755655095112e+03,1.622730613221244539e+03,3.035299181520011302e+02,7.174458454859832273e+02,-1.066418743626264103e+02,-1.297158702290602719e+02,-1.217024504749511351e+02,2.122644772311107175e+01,2.194803766075783358e+01,-1.141285193193500334e+02,-3.000265845620090133e+01,-5.685467524916437014e+02,-5.027543121837061904e+02,8.504684590344677417e+02,1.411123980534543307e+03,9.032707548434317459e+02,8.491406647190686954e+02,9.502697859838053773e+02,8.575589418640475969e+02,5.754216573247505266e+02,6.654049376186346763e+02,7.470476560171518940e+02,6.402795553538769582e+02,7.986403671770162873e+02,7.313833590598723049e+02,7.403514032177660056e+02,9.207093630620911426e+02,8.199978680577129353e+02,8.206272293764994856e+02,6.344580268225616919e+02,7.230247026439069487e+02,8.616137017914709304e+02,7.727710061250984381e+02,7.259029572743820609e+02,8.523285696807814702e+02,1.025614129876201787e+03,9.280785024543760073e+02,7.942725238315383649e+02,7.262278523960952725e+02,7.283206706877090255e+02,6.638947581768659347e+02,8.340686056837186015e+02,6.684012448923595002e+02,6.744423006640654421e+02,7.333812316542597500e+02,6.744078101046198981e+02,9.066368607176939349e+02,1.179873416286575775e+03,1.039053496658529866e+03,8.315565923788335567e+02,8.083298878544774198e+02,7.834560274696978013e+02,8.753818093398228939e+02,7.735314723900859235e+02,6.470475159878964178e+02,6.926572563664987001e+02,6.597694533888977730e+02,6.686315978062032173e+02,6.042058345049890704e+02,7.358776041354808513e+02,8.187120027626714318e+02,7.694771069881663834e+02,9.586925284258550164e+02,1.533796302071853233e+03,6.033399436772305791e+01,8.337999090412228043e+01,7.411953876643865158e+01,-3.481097825592543131e+02,1.196859996971465307e+03,1.022568514837573048e+03,1.190777907901725939e+03,1.218702507593601695e+03,1.218331578770496662e+03,4.246411668169308200e+02,-1.678410151374478687e+02,4.670456373065835720e+00,-7.323060629740028860e-02,-4.668152127970654972e-03,1.024347376787117236e-03,6.890479928255837918e-16
2.123778108476292595e-14,1.057117526826630183e+03,1.179401434171160645e+03,1.324064754050089505e+03,1.436075631638203504e+03,1.241783135306168788e+03,1.211718147559577119e+03,1.410400885864604106e+03,1.537725509677183027e+03,1.680575949854491455e+03,1.529119537020984581e+03,1.383244284125472632e+03,1.407438363224159502e+03,1.388394590112258584e+03,1.529079975954355859e+03,1.501556780447734127e+03,1.503575898379401679e+03,1.394675136866125740e+03,1.117635572662270988e+03,1.231967364210623145e+03,1.455949523084495695e+03,1.542054863387679234e+03,1.591656918197687901e+03,1.471604414050081232e+03,1.555283511533528099e+03,1.603653041413525898e+03,1.533420694798182240e+03,1.694115337656272004e+03,1.784916433968722231e+03,1.517429927264176058e+03,1.432232285880892050e+03,1.399377574364569909e+03,1.380993934268076600e+03,1.353505609856290221e+03,1.662546060192844607e+03,1.453006786224432062e+03,1.247870499740329024e+03,1.431689781370688706e+03,1.703966010778527107e+03,1.544781782035958486e+03,1.913861693578074437e+03,1.921771088753770073e+03,2.039426867912185799e+03,1.604614486980182619e+03,1.341587981056845820e+03,1.517672235001120043e+03,1.525902886407476444e+03,1.438022222766153391e+03,1.206088395470925434e+03,1.438364317288024949e+03,1.349887819290286416e+03,1.297023870278332652e+03,1.372948740471847714e+03,1.459238054872637122e+03,1.142337787170002457e+03,1.155727974297009268e+03,1.157070408602832231e+03,1.217813788172571094e+03,1.140997835252975392e+03,1.438275667075113915e+03,1.700672234255318926e+03,1.917986231099527004e+03,1.707829633670208068e+03,1.511748539220341854e+03,1.414963902560469933e+03,1.460581381102987280e+03,1.655942147702552575e+03,1.380641540001955946e+03,1.105041011563761913e+03,1.204245962255000677e+03,8.433417613256086725e+02,9.970995481715092410e+02,1.110346685058712410e+03,1.519341425625098509e+03,1.888179228278539540e+03,1.636958355978019199e+03,1.599157713699197075e+03,2.233457514703577999e+03,1.332135324525041142e+03,1.607584402732062699e+03,1.754518962358451972e+03,1.582846572372106266e+03,1.377855760609035542e+03,1.228267403944744729e+03,1.584824720493194263e+03,1.749867400459475675e+03,1.438318745822856954e+03,1.107172688171859591e+03,1.373035652663525070e+03,1.488505305426827135e+03,1.677112609252530774e+03,1.175524398561554563e+03,1.233560904353500291e+03,1.250805455320856026e+03,1.967941978446855046e+03,1.614074722848496776e+03,1.540704891311688925e+03,1.118392341279026823e+03,1.406356298404749850e+03,1.519133996188918672e+03,1.760129221620648877e+03,1.483811404489182905e+03,1.121155680032483588e+03,1.275736410303300772e+03,1.804111029445769191e+03,1.287038548565473548e+03,1.534643516138131872e+03,1.436981792011597918e+03,1.665952224785215321e+03,1.335928227393671705e+03,1.295895292413418701e+03,1.471891857539139892e+03,1.641712969797421920e+03,1.403053833194204572e+03,1.961572091071508794e+03,2.011278226814048594e+03,1.691307179886625590e+03,2.339265322367970839e+03,2.834948296872750234e+03,2.013177411391179248e+03,2.131787844438517368e+03,2.064878175034029937e+03,3.182869480317981015e+03,2.559903415391543604e+03,2.246458510657104853e+03,2.070473317895409309e+03,2.330739251805613094e+03,2.298337326123045841e+03,3.570855267609090788e+03,2.093844541389014921e+03,3.099068983473047410e+03,2.558396054537539385e+03,2.446673093805150529e+03,2.723561462744237815e+03,3.056867915901846118e+03,2.420565474887024266e+03,2.249206446282556499e+03,2.804062474204851696e+03,2.690705952920272466e+03,2.128864460535473427e+03,3.303689844233609620e+03,3.450690809288065338e+03,2.789160476045432915e+03,2.799302898471264598e+03,1.789985370880924620e+03,1.942083267984555278e+03,1.476338463594721588e+03,1.181489053423177438e+03,1.273602559060140948e+03,1.153548581985915007e+03,1.513640480935278219e+03,1.850703185497523009e+03,9.924117687424175074e+02,1.495737500690148181e+03,1.251425641479912429e+03,1.685957498555544362e+03,1.340824921037790773e+03,1.442982602142733867e+03,2.014500841338807504e+03,1.660389402417310748e+03,2.143475307941946539e+03,1.726965468447257763e+03,1.759624936443845627e+03,2.279486428471244835e+03,2.361992135805419366e+03,1.333986491850232596e+03,1.612287319028020875e+03,1.833558435304039222e+03,1.980135225516935861e+03,1.754217912785746648e+03,1.809500220904657454e+03,1.750486148895345877e+03,1.520690993530305377e+03,1.655767503140425788e+03,1.899228199413774746e+03,1.830836772649669456e+03,1.480061262391161790e+03,-1.329683802137758448e+02,2.760776778642322071e+01,3.579011793219416404e+01,5.557025992274346748e+01,6.495792905114453397e+00,8.855185342246089775e+00,-3.571477328563521780e+01,1.770762272684052334e+02,3.615509948981289199e+02,4.082503195535897476e+02,7.202117875910602152e+02,8.013210086859421608e+02,7.715912220115072842e+02,7.869033752379064026e+02,6.751282504468291563e+02,6.888598416830503766e+02,6.502234001607035907e+02,6.845326796885211706e+02,6.625109516635538967e+02,7.372906326074901244e+02,9.111379406514065522e+02,7.527446374001816594e+02,8.348737674670735487e+02,8.442166287990261253e+02,6.372903951484028084e+02,9.872714071763987249e+02,8.574245788550219913e+02,8.170653662426842629e+02,7.252829561971747125e+02,7.247656360768488639e+02,6.431244521319757723e+02,8.751549308830506106e+02,1.330125171928968939e+03,1.020561221893743436e+03,6.821681539187030694e+02,5.936254398688394076e+02,7.323909665468650019e+02,6.426799906707473156e+02,7.162966384365296335e+02,6.770489848935033024e+02,7.345409977211771775e+02,7.999191481025452504e+02,6.166720422254082905e+02,5.285445439133505943e+02,8.700544443086795354e+02,7.132958332794627268e+02,6.957397348510864958e+02,7.956481969869115574e+02,9.224050665382733314e+02,9.461511277373666644e+02,8.169266734506759349e+02,8.169046003893122361e+02,7.320386081069788133e+02,8.090606299196851978e+02,7.258164303829873916e+02,6.705160424726398105e+02,7.855698486954577220e+02,8.967956286260043726e+02,1.098808122310649196e+03,1.314897701314505866e+03,2.217526383783325855e+03,-9.695448515673194834e+01,-1.084116952226364106e+02,-1.008274585093616764e+02,5.757196264108966943e+02,1.104432386571198322e+03,1.059197622197468945e+03,1.261367647450061213e+03,1.182741490122312371e+03,9.357525945481186227e+02,3.210396635821117002e+02,4.432423095279208525e+01,-1.233395703458884940e+00,1.933907694542110617e-02,1.232787187764781099e-03,-2.705143892722630975e-04,-2.545334359614916652e-16
-4.017906173390735628e-16,-1.333454771300131370e+02,1.352725531414994293e+03,1.268282740527869009e+03,1.680635883879317589e+03,1.679734663311093527e+03,1.358308711555790978e+03,1.222061099308650682e+03,1.511810983404516492e+03,1.587335397803946307e+03,1.390381420584062653e+03,1.342422767343847681e+03,1.308540259536891199e+03,1.443460979019016122e+03,1.657947425097628638e+03,1.418574116632870982e+03,1.473863366013805489e+03,1.440337246920183134e+03,1.226050026759840193e+03,1.367299312964569708e+03,1.450115291188165202e+03,1.344384479325765597e+03,1.419083477458313610e+03,1.225423949181385524e+03,1.267479792722923776e+03,1.344277251613149474e+03,1.293259247504267933e+03,1.489384739336717530e+03,1.341448137434943874e+03,1.256496039067287029e+03,1.793250644022988126e+03,1.837561894879393776e+03,1.114260168546258456e+03,1.221646562262871385e+03,1.582231464849921167e+03,1.812544907846622209e+03,1.328317835585770808e+03,1.090321532363268489e+03,1.743502433788227336e+03,1.662803437041791994e+03,1.949626349048553948e+03,1.740914361551553611e+03,1.299120921571922054e+03,1.386019427236947649e+03,1.631446591794532651e+03,1.377794243715799212e+03,1.429913250426386412e+03,1.567628430302212337e+03,1.412903435880624329e+03,1.762962724521878272e+03,1.327116975819027402e+03,9.766611999589443940e+02,1.104430167897454112e+03,1.470597030789537257e+03,1.289521798298913609e+03,1.236322920181032941e+03,1.000721340707965282e+03,1.249630470936641586e+03,1.187016921669883459e+03,1.273898100985079509e+03,1.991947781725630193e+03,1.930719712996535009e+03,1.818088487898758558e+03,1.412124258154107565e+03,1.310019696671796964e+03,1.364868919328494712e+03,1.119927287457055172e+03,1.156085796259774952e+03,1.027352099401247415e+03,1.284124926226605794e+03,9.365370031456200195e+02,8.611710574994121998e+02,8.741237891603512935e+02,1.091572907755630695e+03,1.388991410762006353e+03,1.673568583478392384e+03,1.372149379718061937e+03,1.777486274162484960e+03,1.427061027636259041e+03,1.523561000585638567e+03,1.644851420862908299e+03,1.599502694444351619e+03,1.280960761334173867e+03,1.560617686876500329e+03,1.507687970386001780e+03,1.310350808327248842e+03,1.494425726382747598e+03,1.551979209053010663e+03,1.708364639635013873e+03,1.380961837970508441e+03,1.483025097795485181e+03,1.203461387747792742e+03,1.050812258708138415e+03,1.139073124038424339e+03,1.338700470208184015e+03,1.326999939994643228e+03,1.830302169878171298e+03,1.291586845032169776e+03,1.184287753705633349e+03,1.790340284838420530e+03,1.417299424940061044e+03,1.204182425664464290e+03,1.326005105857020226e+03,1.280163936520834568e+03,1.131340663234533622e+03,1.294432589678377553e+03,1.489794348001985099e+03,1.961085200111195263e+03,2.012851980058603203e+03,1.612636247756275679e+03,1.490086961661856776e+03,1.274060486304010283e+03,1.017974725777193044e+03,1.701395067719295184e+03,1.363293079531526246e+03,1.764079903620957566e+03,2.496184075755728827e+03,2.409960060239645827e+03,2.121752675139147868e+03,1.759406390947528735e+03,2.093043908724977427e+03,1.752579658478211968e+03,1.964524690372240457e+03,2.573380499757347934e+03,2.193441023212812524e+03,2.462104265218693399e+03,2.389117898516100013e+03,2.505113717983547758e+03,2.824918819083099152e+03,1.926764918883144901e+03,2.741613569645593998e+03,1.932962107602360447e+03,2.374948820495907967e+03,2.846290876141123590e+03,2.660351452754055572e+03,2.075681768383869894e+03,2.646382900185924882e+03,2.158319947584905549e+03,2.216464863585600142e+03,2.183874845394399927e+03,2.735193886165835465e+03,2.798058779003792552e+03,2.356303124239847421e+03,3.081347823577099462e+03,2.969711863355753394e+03,2.482082229325579192e+03,1.971004433448913687e+03,1.190958627394436917e+03,1.322878899687041439e+03,1.546603698008045285e+03,1.264652094478148683e+03,1.499677867848656888e+03,1.406438039437821089e+03,1.581900236066291654e+03,1.224567535246254238e+03,1.543891027239481218e+03,1.599217835003747723e+03,1.513879459846735244e+03,2.087838173373215341e+03,1.609326781891571500e+03,1.092332876570930239e+03,1.647173801312076648e+03,1.820981664999397935e+03,2.033093317516124444e+03,1.435358626142580761e+03,1.610391108722193167e+03,1.311227784072264058e+03,1.702689569880365752e+03,1.531127917600311548e+03,2.213541832303603769e+03,1.653549328360884374e+03,2.339765109280795514e+03,2.343692732937775872e+03,1.790905490312377651e+03,1.201094167950602468e+03,9.966322885720659315e+02,1.237279097749312541e+03,2.928394117789207129e+01,-4.624830791282298570e+00,-1.078703062811675473e+01,-6.150761609056911539e+01,-2.709888201023240839e+01,-3.301732582219280232e+01,1.543689127352522519e+02,7.090880370653158025e+02,8.743383484422749916e+02,8.216453977242463225e+02,5.526905044409563743e+02,1.012983496673069226e+03,1.067186612873142622e+03,7.661683427114729739e+02,6.154861659813376491e+02,5.926267454175197145e+02,5.938793670981571040e+02,5.268921617114566516e+02,5.655584729456900277e+02,8.270742301608472644e+02,9.201714963006492098e+02,7.351195116821290867e+02,7.686237274305804021e+02,6.187294025705089098e+02,5.541117777524140138e+02,7.021817086739117713e+02,9.542568353297582462e+02,8.089448613111986788e+02,7.492543452262125356e+02,7.397402483913783726e+02,5.199055501876731569e+02,5.788008050913671241e+02,8.373183816900435659e+02,8.152787764187791026e+02,7.501728994783827602e+02,7.018394207149725617e+02,6.604531935903050908e+02,5.831360363949888779e+02,6.396447638054791014e+02,9.118992421391118341e+02,9.472101737425173269e+02,7.596642676102248970e+02,6.821270627906902746e+02,6.117846005445503579e+02,6.859955770704742690e+02,6.381685747241070885e+02,6.969815086378930573e+02,8.340484739674932371e+02,9.785409310836919303e+02,7.834808037176721882e+02,8.531459560618962996e+02,1.055039459365802259e+03,8.958090934284728064e+02,9.452055271626904869e+02,6.570906528309607211e+02,6.786131815667471301e+02,8.272123347356040313e+02,9.708676765438151506e+02,1.767978390503552419e+03,2.311475318409583451e+03,2.432172943500421752e+03,2.006242847015455197e+02,2.144984895606331747e+02,2.022261096919135070e+02,1.792769213557223338e+03,1.270227283984884934e+03,9.452115626496953382e+02,1.036848303875251077e+03,1.088764567267698567e+03,1.331564477482775601e+03,1.146540377212379099e+03,-9.318965617476131058e+00,2.593157716716262828e-01,-4.065951946688266781e-03,-2.591878340470389771e-04,5.687440567974673790e-05,4.465518283533528430e-16
1.342835688673728340e-13,1.439566168451239214e+01,1.298694419370541254e+03,1.229625739307480444e+03,1.509021278665872387e+03,1.593748080889476114e+03,1.465893570728243049e+03,1.122903450162700437e+03,1.158832655737366167e+03,1.274957761244271296e+03,1.066060348404071192e+03,1.291927559087684131e+03,1.317053897360211749e+03,1.219916508633255944e+03,1.318280976575042587e+03,1.211405111161404648e+03,1.323442727707473978e+03,1.421387004063777113e+03,1.410128956950132761e+03,1.548496034586583619e+03,1.666759914993285292e+03,1.209530235650142458e+03,1.095425182771235313e+03,1.219221142389024635e+03,1.316955748932288088e+03,1.469180096332426956e+03,1.361251620485234525e+03,1.325371818864971374e+03,1.357396221657192200e+03,1.378549090326386477e+03,1.290964676983358004e+03,1.846045245513874761e+03,1.558329781722603457e+03,1.678057598414364293e+03,1.283204430454683006e+03,1.830626918302130434e+03,1.773961122003388709e+03,1.557182393069369482e+03,1.691354152052315612e+03,1.507776391077996323e+03,1.780425458625000829e+03,1.415212698301879072e+03,1.603226070295994077e+03,1.891080000878651845e+03,1.476469640527859838e+03,1.332515216681835454e+03,1.371679226236597742e+03,1.790169108174208304e+03,1.864138174615908383e+03,1.313049083750227737e+03,1.153055661562133309e+03,1.189378331204207370e+03,1.483396548267602839e+03,1.233234980185283121e+03,1.411512874068720976e+03,1.165194304971866131e+03,1.172381620095221024e+03,1.145296877723661964e+03,1.224470871524185895e+03,1.164288309580929536e+03,1.040932333007843454e+03,1.206562172159257216e+03,9.950900099161505068e+02,1.267075190334743638e+03,1.555142852971457614e+03,1.134790003158002037e+03,-4.159112907374801438e+01,-4.548307662281212060e+01,9.263647736661899899e+02,1.326226371219343264e+03,1.271184210037633875e+03,1.279148365341545286e+03,1.257609462622644969e+03,1.188589192450059500e+03,1.152172425115284341e+03,1.368871460812880287e+03,1.403951866123693662e+03,1.445075663108116714e+03,1.616726639539644566e+03,1.547099479684772859e+03,1.384112718378408090e+03,1.705452212746533860e+03,1.422705377835745821e+03,1.614804349716793013e+03,1.600111024544170277e+03,1.657256695502432649e+03,1.958870738873263917e+03,1.299418865519815881e+03,1.282915991941961693e+03,1.233461407836216267e+03,1.350192974131773326e+03,1.072509442405548498e+03,1.429051197334531935e+03,1.046405151462207186e+03,9.784025698549928620e+02,1.164399982486242379e+03,1.599835934371838221e+03,1.611373916114647272e+03,1.614135561566449496e+03,1.418096784394649148e+03,1.157250640017264686e+03,1.630650942064940182e+03,1.615203186940980686e+03,1.541259930860089980e+03,1.090296467145313727e+03,1.150601725303797593e+03,1.215006352670606702e+03,1.780947012308222384e+03,1.617120064377945710e+03,1.761965072631491921e+03,1.351394797636487056e+03,1.091614169411053126e+03,1.700744560521258563e+03,1.782472191611572271e+03,1.375508323684518928e+03,1.710133736521168657e+03,1.990328421157402545e+03,1.631565929041112895e+03,1.876255385125826706e+03,1.942697278326381365e+03,1.704298131217683022e+03,1.968420244004450979e+03,2.248942280065774867e+03,2.970209817797802771e+03,2.354088238359252045e+03,3.438114796755258340e+03,2.875911407847093415e+03,3.014065172812955097e+03,2.001980553679937884e+03,2.635769113993912924e+03,2.273357578710768394e+03,3.192458782479960519e+03,4.310030737801836040e+03,1.953442578842846842e+03,2.475309405936517123e+03,2.746853321555671755e+03,1.754131902796221766e+03,1.576493701758622592e+03,1.883871651760053965e+03,2.864444556650303639e+03,2.138776528198300184e+03,2.538019705702541614e+03,2.066458201698803350e+03,2.616496438397671682e+03,2.805891227660164986e+03,1.704208348339577242e+03,1.008716339013226730e+03,1.319443796847442172e+03,1.228239997917416986e+03,1.806900206328875583e+03,1.209733382363662940e+03,1.329153482420298815e+03,1.584488376835338613e+03,1.591433346316891175e+03,1.554781153082022911e+03,1.547950294633652675e+03,1.584782189937989870e+03,1.823539807759306314e+03,1.691066476377902291e+03,1.453194959473209337e+03,1.827048948287671919e+03,1.428954631627883600e+03,1.698652286351181601e+03,1.864012754478165334e+03,1.868938801860149169e+03,1.647737533331347095e+03,2.059229670535563855e+03,2.066228221028900407e+03,1.656113999341223916e+03,1.633662093178280884e+03,1.565360441593307542e+03,1.708059338497046838e+03,1.495807939457525890e+03,1.148754971158821036e+03,-4.466606439546747964e+01,-3.522789397252479660e+01,-4.871469704967890380e+01,-4.548023255309940893e+00,-7.324142019552787319e-01,4.571001874492713668e+00,5.893396546891521837e+01,2.997308762613206312e+01,3.630050403490152178e+01,1.148362061075325300e+03,7.507213036311392216e+02,8.202222265353540251e+02,6.431001020080583430e+02,8.549692420222535247e+02,8.684572079973884229e+02,7.975345036994773409e+02,7.627923378497069962e+02,6.709408927222140164e+02,6.999306618674742140e+02,6.417258488211754184e+02,6.286572166812318301e+02,7.132538863806664722e+02,7.875914480948113123e+02,6.835042719466747485e+02,7.293757493386041233e+02,6.123625072225246413e+02,6.642493534976988485e+02,6.533057557729603104e+02,5.935668082941255079e+02,5.958660754745917529e+02,6.646346594422118415e+02,6.792870435250969194e+02,5.853654396178974366e+02,7.817778113805504745e+02,9.551535668567115636e+02,1.094956548954857226e+03,9.246700936297406770e+02,7.780573932180446945e+02,7.172775969118637249e+02,8.067000044331110757e+02,6.727411441039214424e+02,6.011325714023664659e+02,8.400058967234275542e+02,7.842903323977964192e+02,7.956746918177290127e+02,7.207828896161990997e+02,7.852208071672425831e+02,8.100112290795640320e+02,8.477321767308546896e+02,8.784233701220324519e+02,6.748905245860505602e+02,6.673486064306596290e+02,6.901984586713566614e+02,6.702457517575334123e+02,7.547766917351647180e+02,9.777834487132629420e+02,1.009386600677446609e+03,8.210205784348872839e+02,7.855648786667936747e+02,1.070491507274083233e+03,1.552807326999647330e+03,2.576987424857601582e+03,3.242770336621179467e+03,2.095856693046094279e+03,1.326463597002159759e+03,1.321497314758138145e+03,1.382190475674942945e+03,1.138761145655702876e+03,1.075980390316222383e+03,5.356499716752750828e+02,4.735189907013455581e+02,1.141399033267422055e+03,2.635780065327739976e+03,-5.282005786310216422e+01,1.006044282128637279e+00,-2.799486123943382629e-02,4.389465392638334661e-04,2.798104952091176354e-05,-6.139970140619316795e-06,-5.575267354643570609e-16
1.855729720772901994e-13,5.509689097168745775e+00,1.558094414288182406e+03,1.467702757423725870e+03,1.102974391838944712e+03,1.326395135513919058e+03,1.615935722575006366e+03,1.491402140294031597e+03,1.274443540956588095e+03,1.431391356223421099e+03,1.361180625491389947e+03,1.248259066379547221e+03,1.402525003744359083e+03,1.508309547505422415e+03,1.249605336158856062e+03,1.269416101175075255e+03,1.640536420173296619e+03,1.240013509561638330e+03,1.248114748766209686e+03,1.655653487009778019e+03,1.446063256098371085e+03,1.246236009576956349e+03,1.623261548102155984e+03,1.583274874408764845e+03,1.540087457086664926e+03,1.298026811756318466e+03,1.178818176387231233e+03,1.538564213751717944e+03,1.716120393523506891e+03,1.707373546735303989e+03,1.512176908916612092e+03,1.249396538382522294e+03,1.313854552019896801e+03,1.646154139825459879e+03,1.746163562150871485e+03,1.652274025799832543e+03,1.847626372659685785e+03,1.359916713232807979e+03,1.306554938565263683e+03,1.450306174146151534e+03,1.776592243591971510e+03,1.579727965480087732e+03,1.473896296071563029e+03,1.426435239633264928e+03,1.565804562999963764e+03,1.914688990873990861e+03,1.451366376646432172e+03,1.515772079836882540e+03,1.815766099798900314e+03,1.493315445753539962e+03,1.469990620094242104e+03,1.232574424644367582e+03,1.317309648942554759e+03,1.012464715656124099e+03,1.132991372729475643e+03,1.299047221731231502e+03,1.279461822840602736e+03,1.238966495553857840e+03,1.080970449775397583e+03,1.060560539605615759e+03,1.417015341828963756e+03,1.285449437489232878e+03,1.067822474581090773e+03,1.265461710871024934e+03,5.999565414294382393e+00,5.486831629089849827e+01,-1.591694960394456970e+01,-1.740640021063048692e+01,1.432367937415621327e+03,1.275825801260227081e+03,1.150296373569671687e+03,1.221206066105121181e+03,1.029386566797442129e+03,8.088478139651037964e+02,9.154096762937818994e+02,1.195620293781695409e+03,1.437184278388119537e+03,1.518798271150642677e+03,1.086510747377601092e+03,1.236340248685033657e+03,1.041132277377750825e+03,1.508724803847167777e+03,1.234344670435838907e+03,1.240517799551885219e+03,1.381461558243034915e+03,1.264592871297710417e+03,1.289006292952319654e+03,1.377825721853963842e+03,1.134690343743234280e+03,1.161410272882167874e+03,1.333708419060715187e+03,1.215142942993137012e+03,1.196155618851837062e+03,1.355162431906306210e+03,1.168781463177328305e+03,1.415268688264911134e+03,1.107900090096729627e+03,1.359621710170037431e+03,1.075578511796745943e+03,1.811634605342692339e+03,1.380463180118874334e+03,1.274041072359302234e+03,1.385238843302953228e+03,1.809859884638099629e+03,1.131162939118920349e+03,1.245099769837153190e+03,1.476096726558954970e+03,1.507144487227913260e+03,1.279741338883294247e+03,2.247221293383105149e+03,1.639573586990875583e+03,1.529881944633286594e+03,1.525793880754416932e+03,1.702701900012135184e+03,1.433771364664433804e+03,1.978252675850558717e+03,2.078369748108289059e+03,2.366341118991889289e+03,1.778252156230648552e+03,2.189972793080115935e+03,2.455766971262201878e+03,1.835821633719147485e+03,2.480666866811847285e+03,2.202240797019262118e+03,2.377154232261610559e+03,2.065254888101796496e+03,2.534093165999066059e+03,2.459612394908523129e+03,3.495337846985486067e+03,2.010948972388239326e+03,2.431898455195295810e+03,1.940979821134433223e+03,2.398273954389765095e+03,1.652509072558260414e+03,2.222486736527907397e+03,2.255324152565792701e+03,1.556366848985219804e+03,1.993303357079136731e+03,1.891731465889352194e+03,2.213497145493472544e+03,2.487977526016353750e+03,2.893689327840667374e+03,2.414826629909588974e+03,2.138372761111128511e+03,2.383119372165658660e+03,2.156933292278520184e+03,1.608542686576859296e+03,1.085875736280924912e+03,1.550396747878533688e+03,1.074157357965985284e+03,1.258631342896171418e+03,1.173456679891168960e+03,1.349230669901028477e+03,1.146610204023852475e+03,1.013497047176371098e+03,1.144177233208380130e+03,1.280672173792552030e+03,1.731478441583973563e+03,1.567564274782761686e+03,1.634396153705187317e+03,1.623275337768530335e+03,1.286400988022563070e+03,1.345527490344764146e+03,1.615808896070560422e+03,2.114120316522391022e+03,1.718756669805103911e+03,1.701147551166337962e+03,2.280667119518421259e+03,1.710336615589306348e+03,1.545268616868415165e+03,2.024015712021813670e+03,1.772240040062475146e+03,6.403751789851476417e+01,5.122584141450213480e+01,-1.882081515606402533e+01,-1.610181501695561224e+01,-2.195822701856279480e+01,-6.616286565309830614e+00,-4.611268961571643565e+00,1.372739395633415249e+01,1.326475152773674381e+03,8.476759540962459596e+02,9.808082705534718571e+02,1.236949540194369547e+03,1.152743103279477054e+03,9.973859913463214752e+02,8.373576423189068691e+02,7.437445547570745248e+02,6.036192647191102196e+02,7.133800357823737386e+02,7.566206148858946108e+02,7.995454958310311895e+02,7.178533508816335598e+02,7.860358127551207872e+02,8.110520181276031053e+02,6.049646091017716572e+02,6.464462413075217455e+02,7.118410292299440698e+02,7.258109063770455123e+02,9.277126008572377032e+02,8.821152575196222188e+02,8.642513390712935006e+02,7.247242182910897554e+02,7.324757273770640040e+02,6.902910122900171928e+02,8.401392611472967928e+02,6.883276523608539037e+02,5.955551070734998120e+02,7.611416951207248758e+02,6.929019816202636548e+02,7.156652933756012089e+02,6.742625201376174573e+02,6.917905913857998712e+02,8.518580233637389938e+02,7.641077794673523158e+02,6.583523913786001458e+02,6.145059045608676342e+02,7.558964708085524080e+02,9.040011020515769360e+02,8.027316216830615758e+02,7.453177515497953891e+02,7.464704322256512796e+02,9.010829154414105915e+02,8.928261628003665464e+02,7.808742781888172431e+02,6.624139745943991784e+02,7.002122618849435867e+02,6.993210881262008343e+02,6.351065965557769459e+02,7.204402914361560306e+02,6.923818117303460440e+02,6.132366696228270939e+02,6.465078725042210408e+02,1.273659794652960954e+03,1.571525878464430889e+03,2.303639966776267102e+03,2.826135149888091746e+03,1.611590611067206737e+03,1.191699913699730132e+03,1.263875216417652837e+03,1.461488037260392048e+03,1.290902840169543197e+03,1.061007041772502589e+03,9.569006612214428742e+02,9.991262740995454124e+02,1.216540470757439380e+03,7.781927317456508320e+01,-2.021426726823593967e+01,3.850137395785771521e-01,-1.071364989219821678e-02,1.679850992250203699e-04,1.070836413990000583e-05,-2.349770190784027676e-06,4.218504571908723637e-17
-3.806836120859888735e-14,-4.710633409938481897e+00,1.312803534763519053e+02,2.051059403478656805e+03,1.876122808968053050e+03,1.479881848712665715e+03,1.337625977594548203e+03,1.364385488993496665e+03,1.316789752769547704e+03,1.376830952884331509e+03,1.406613467685193655e+03,1.451331455231950940e+03,1.500053213436028727e+03,1.387871587375812396e+03,1.293694585199396670e+03,1.295187485541604019e+03,1.551296612162208476e+03,1.424003720779319337e+03,1.448239673702095388e+03,1.706281951158393895e+03,1.544691401528049710e+03,1.363971108019332860e+03,1.677432868037577009e+03,1.554198247890251650e+03,1.324085508975422954e+03,1.533270818416689508e+03,1.068134026715965547e+03,1.291847674547449515e+03,1.536877792880138713e+03,1.615093419045455448e+03,1.677633822464885952e+03,1.348165695440738318e+03,1.137131551366099075e+03,1.238387550139839050e+03,1.490668561297698034e+03,1.470656797062381656e+03,1.405306964839964394e+03,1.237156013368948152e+03,1.177353566190874517e+03,1.260382092082517602e+03,1.301805344322062183e+03,1.415280395724772916e+03,1.443166807600838411e+03,1.479181734779707767e+03,1.368784824569616603e+03,1.916381769183613869e+03,2.056859095247357345e+03,1.482007184560784481e+03,1.636722727707409149e+03,1.357316373368157883e+03,1.201590965978710756e+03,1.225086408910335649e+03,1.183947618278672280e+03,1.251753206781352219e+03,9.475844379571615264e+02,1.065717293398579159e+03,1.099300329001142700e+03,9.731228320749667091e+02,8.871194505664055896e+02,1.201626029814421827e+03,1.347806879582256670e+03,1.287957012740692790e+03,1.133138230226381893e+03,1.311945661607151806e+03,1.433069073264503913e+03,-4.656027181507717216e+01,1.359738360275376934e+01,1.486977749331211385e+01,1.643430308407979737e+03,1.459509039925959087e+03,1.323770251485709650e+03,1.432034596714885765e+03,8.096703278670577220e+02,6.925338638149290773e+02,1.188441343108497449e+03,1.316790643840173516e+03,1.608329632441724698e+03,1.220447343350286019e+03,1.376858263502154614e+03,1.134873639045585151e+03,9.264762585777062895e+02,1.259826822071277547e+03,1.459591187924818087e+03,1.083191354394915379e+03,1.192848065319155239e+03,1.107264252138744496e+03,9.840304141489182257e+02,1.075973680347085747e+03,1.041781982917245841e+03,1.006642440511090854e+03,9.364951323245611547e+02,1.210813281991724125e+03,1.238852641863333702e+03,1.361344893364592508e+03,1.566521402179790130e+03,1.068202399751035045e+03,1.165852227328414983e+03,1.517917669745432249e+03,1.281379220637064009e+03,1.268180653904369137e+03,1.359531940113834935e+03,1.611386689854222368e+03,1.393367101537428198e+03,1.413251449878626090e+03,1.159606378638679871e+03,1.824386585812448857e+03,2.002789298621027456e+03,1.478910331302957502e+03,2.011166007989428408e+03,1.779814419616337773e+03,1.389187878288135607e+03,1.271391954276896058e+03,1.527936835947426061e+03,1.261387760973999093e+03,1.190065909947298223e+03,1.940559133967998150e+03,2.409272969313853537e+03,1.945579993426633337e+03,2.121855082149750160e+03,1.937132038631237947e+03,1.216459857849883747e+03,1.545065331767911175e+03,2.628212949778333495e+03,2.359242761426137804e+03,2.309963711010559109e+03,2.181850970376435271e+03,2.160463187145987831e+03,3.038476706186178944e+03,2.510511813412570064e+03,2.262057400148753004e+03,1.575032721384428669e+03,1.279723592475075975e+03,1.732836379916272108e+03,2.292659463527444586e+03,1.653132273083452219e+03,2.167417942675236645e+03,2.424053278930594388e+03,2.500463434330708424e+03,1.685108479710042502e+03,1.636767181848577366e+03,1.837659526418168298e+03,2.137349178089925772e+03,2.924071495768821478e+03,2.333143773274925934e+03,2.783700688696799716e+03,2.825973254676501256e+03,1.995603848151610009e+03,1.207913629659605704e+03,1.158547588965798241e+03,1.162879707826437652e+03,1.433087951390886474e+03,1.221501984199471963e+03,1.078965928417745999e+03,1.191360450554918543e+03,1.365054306955306402e+03,1.484494713673038177e+03,1.106355663333466055e+03,1.477781119089313052e+03,2.479632442286689184e+03,1.859069712121020075e+03,1.741145277030092075e+03,1.405001537285270388e+03,1.580257756366024978e+03,1.157841992754565126e+03,1.639644638150426317e+03,1.619073993708472472e+03,1.876205925083138254e+03,1.748833631018494088e+03,1.527127918632155570e+03,1.642882784617121160e+03,1.537554401388147426e+03,1.209984412074039483e+03,-6.094429760193087731e+01,-5.497481172891037460e+01,3.057066537559709474e+01,3.574132802598618497e+01,4.657631995253277069e+01,4.656630210177593909e+01,4.028201618545183038e+01,-1.122391580377580738e+02,1.254962631030285138e+03,1.426696517028550716e+03,1.501122888670797920e+03,1.395240187976643710e+03,1.305986044931592687e+03,1.819786039279709030e+03,1.508848669994991951e+03,1.248764940546759590e+03,8.660304251097541055e+02,7.733962349472218420e+02,6.782778873630487624e+02,7.347658843251188046e+02,7.749111558688759942e+02,7.935948730395432449e+02,7.138552947591380189e+02,6.836269615070898453e+02,7.481508702546789209e+02,7.351473221353211329e+02,7.964637352413143390e+02,8.468673155527648078e+02,8.300246395216903466e+02,8.189480115121317567e+02,7.831630542573124103e+02,6.379511300439256729e+02,8.467134146426967618e+02,8.658892889305192284e+02,6.490379360868300864e+02,7.401326390853719204e+02,6.602142671073701194e+02,7.274816162932245334e+02,7.226249609065309869e+02,7.023886938016228214e+02,7.757653735210706145e+02,7.592711901089429603e+02,5.691890324334437992e+02,6.268999242977093900e+02,7.354151901418872512e+02,7.165075775699710903e+02,6.733753043092646067e+02,6.474863693300079603e+02,7.135308731020035111e+02,7.351100221332013689e+02,9.314128791518093067e+02,8.527668218619331810e+02,7.196971294587231114e+02,7.240239852205793341e+02,8.585907092755857093e+02,8.145673923247828725e+02,7.580573287069966000e+02,7.908334034373930308e+02,6.677919566386381121e+02,6.513565461960072298e+02,8.469993983085530544e+02,8.849085477113936804e+02,1.042859383438412124e+03,1.871279332225133430e+03,2.641540677449440409e+03,2.085855973189022734e+03,1.568044097792990897e+03,2.575286975889441237e+03,2.238663081670923475e+03,1.514658771156732655e+03,1.149690452040554646e+03,9.606215228930583407e+02,1.115416135373247698e+03,1.353982226410594194e+03,1.500460680352779946e+03,1.726845615108766907e+01,-3.289059549502462154e-01,9.152357140948839259e-03,-1.435047474927510192e-04,-9.147841678368568276e-06,2.007339814333692058e-06,-1.850972653760194642e-16
7.463004664995922151e-14,2.171740371819054438e+00,8.911540822623203439e+02,1.820040827057562865e+03,2.082551083154610296e+03,1.627682162256480296e+03,1.521873478272166722e+03,1.368240210582785721e+03,1.219377573111566562e+03,1.323292963446170688e+03,1.289419961482991539e+03,1.425304298765621979e+03,1.325564736304533199e+03,1.262270735993186690e+03,1.474962945545061530e+03,1.361900497348324734e+03,1.376662328076023414e+03,1.688295701112099096e+03,1.889959727805104649e+03,1.640629249032826237e+03,1.177765756028224359e+03,1.240670528864105563e+03,1.591108037510760141e+03,1.469661446127541240e+03,1.660736597498651236e+03,1.509660459461018718e+03,1.228982264767789502e+03,1.159671800869213484e+03,1.593639525910341035e+03,1.318539783384217571e+03,1.309767243938435286e+03,1.392844889613935266e+03,1.225936764956185471e+03,1.221753516084396097e+03,1.295497711273658297e+03,1.266208642690315173e+03,1.571819776304696461e+03,1.258000727742670506e+03,1.493810754716555493e+03,1.618485016542976837e+03,1.863568718176065886e+03,1.889795911036132111e+03,1.473791598204261163e+03,1.363195531048093244e+03,1.293339073041714073e+03,1.256173122848922958e+03,1.621979774147481066e+03,1.576420911593848814e+03,1.291711494245127597e+03,1.228518316140142815e+03,1.182346562001287111e+03,1.208564387259215437e+03,1.216590358155631975e+03,1.363344762622563849e+03,1.365166875770492425e+03,9.764205433213197693e+02,9.904729293223596187e+02,9.913854228483914994e+02,1.273075299293797798e+03,1.501061945060385369e+03,1.122509888665975041e+03,1.151579765080025027e+03,1.374086272928285780e+03,1.473646615006370212e+03,6.143961828898766271e+02,2.128728978667933447e+01,-6.216704366376242241e+00,-6.798440501467453601e+00,4.227878752283897370e+02,3.985288493438872024e+02,3.689783473126876743e+02,3.998902765388909302e+02,1.219305569652578242e+03,1.217491139394825268e+03,3.501044069320572589e+02,3.591618946949194537e+02,4.341530965282811962e+02,1.877377563923122125e+03,1.347490450827421000e+03,1.147415349754426643e+03,8.983327949873832949e+02,1.074670077584356477e+03,1.282984075222830597e+03,9.820175183187400307e+02,9.908538375894991077e+02,9.920765606955234261e+02,1.279263573551947047e+03,8.908746240205100548e+02,1.057312450914462715e+03,1.189053894345875506e+03,1.035549656031552331e+03,1.260196887688962306e+03,1.314012933339962956e+03,1.293649296685571699e+03,1.245739621969808240e+03,1.059581674206901653e+03,1.296848496484164343e+03,1.831625601420901376e+03,1.844377830658193488e+03,1.280238899818919890e+03,1.636443841224247535e+03,1.785906868943568270e+03,1.590126794222507669e+03,1.536857648565243153e+03,1.490824033098198242e+03,1.701548487250759308e+03,1.491569104259020378e+03,1.600332458911545473e+03,1.941327929633712756e+03,1.447202551770027185e+03,1.789271054145285689e+03,1.296643677350466987e+03,1.513223653802123636e+03,1.314833943035829407e+03,1.570142380318246978e+03,1.894601366502623932e+03,2.262146474384776411e+03,2.016731214501015756e+03,2.194341876498895545e+03,2.169612039577542419e+03,1.699410707536721475e+03,1.669184083389946636e+03,2.513055936317487976e+03,1.987289349981502028e+03,2.766616073455873448e+03,3.029617700138926921e+03,2.102407532474015625e+03,2.789259540310169996e+03,1.646163425198853702e+03,1.872237326409328489e+03,1.694382641965262337e+03,2.315841713267544037e+03,2.199517238470907614e+03,2.264836969953099924e+03,1.659771140690204447e+03,2.191209282968854950e+03,1.793476883586030226e+03,2.438617390448592232e+03,2.050546987917279239e+03,1.660182395735360842e+03,1.393822697776949326e+03,1.529388531324310861e+03,2.410880803791409107e+03,2.087783743109664101e+03,2.944444554480116039e+03,2.281756936356465303e+03,1.398295349129498618e+03,1.822034743147472227e+03,1.209362106759943117e+03,1.114607515112581495e+03,1.224179713566809596e+03,1.354418168684049533e+03,1.500046241972485859e+03,1.537675626659262434e+03,1.293040210699122554e+03,1.681436695244144403e+03,1.425939414694280231e+03,1.430638023894013031e+03,1.647057211664777697e+03,1.567806990200886048e+03,1.625280342971039090e+03,1.321309628108506786e+03,1.407437052120162434e+03,1.227491248323224681e+03,1.617197219814961500e+03,1.533938256143666194e+03,2.059573070957774689e+03,1.709502040176357241e+03,1.383041260919997512e+03,1.162696945859878952e+03,9.173508889348476032e+02,2.189987621940584575e+02,5.892876834212683690e+01,7.895502356419211765e+01,-8.159880760008856271e+01,-1.189268871557353862e+02,-1.510926831622866473e+02,-2.121942950193773640e+02,-1.879908634901850917e+02,9.504168599255192476e+02,1.275679575818292960e+03,1.263030105445752042e+03,1.287348526678524649e+03,1.250860277469789480e+03,1.372327608581457525e+03,1.473996968090044447e+03,1.643651839227007940e+03,1.405306104824048589e+03,8.355097562590727875e+02,6.569340586427204016e+02,1.035184809715972506e+03,8.579616901320940769e+02,6.914932553767813488e+02,7.616922096790517571e+02,7.280679024056310027e+02,7.688287629064220710e+02,6.939314607140365752e+02,8.747495475188882210e+02,8.487931169953916424e+02,7.070668176687599953e+02,7.297190373380899473e+02,6.540852322631668585e+02,6.858237452560347265e+02,8.812494516598438850e+02,7.855716401058373322e+02,7.895731442060684913e+02,7.470672265209238958e+02,7.376236790325694983e+02,7.636721327052249535e+02,7.836904691694900293e+02,8.015413566897411783e+02,6.867707649137832959e+02,6.881227645352454374e+02,7.249484581905057894e+02,7.482388769107819826e+02,7.194494622555629348e+02,7.998646032342435319e+02,7.175763531886682358e+02,6.845211399832819552e+02,4.792093664290258630e+02,6.562970804242895611e+02,7.952940682816134768e+02,7.768928433412233971e+02,6.375170446555274566e+02,7.089926273807247981e+02,8.915861258366667244e+02,8.271960336718223061e+02,7.413680582075502343e+02,7.496672397040579199e+02,7.343870640422369434e+02,8.614668734630607787e+02,7.790913194963694650e+02,7.597406801427528080e+02,8.441372200360374336e+02,1.118615327472875833e+03,2.203649912214307278e+03,3.153167256211317635e+03,1.890616692442916701e+03,2.420927239955168716e+03,8.349785248419618711e+02,3.727306631845234733e+03,2.591305519972057027e+03,1.446115724593788855e+03,1.367860013462067855e+03,1.377993076910984655e+03,1.269084806873870775e+03,1.964694659218380821e+03,-7.895113493253592907e+00,1.503753329318604226e-01,-4.184444615441780708e-03,6.561016563167991109e-05,4.182380152402392288e-06,-9.177528964983426685e-07,-3.321440744405792548e-16
2.292966970043643572e-13,-8.508092379269813765e-01,1.767191728368599570e+03,1.513851331148236795e+03,1.672800537400421035e+03,1.667351247028277612e+03,1.685308554588276365e+03,1.289420118869943735e+03,1.148146601438483685e+03,1.499657110683097926e+03,1.302136606138896241e+03,1.283204066564644108e+03,1.219850706922278050e+03,1.142119111280514517e+03,1.354181600846271522e+03,1.431060997791909813e+03,1.394651868789857645e+03,1.480237779224035648e+03,1.707028574859518812e+03,1.513388833620109608e+03,1.064989096590485360e+03,1.237904933528844595e+03,1.359636499681105079e+03,1.650901626188607679e+03,1.822904839039474382e+03,1.249402348864081205e+03,1.115339982694324135e+03,1.061283724705558598e+03,1.384291466844462093e+03,1.557012091203557475e+03,1.611162977001942863e+03,1.539170994030183920e+03,1.439760142725451942e+03,1.474827974981377338e+03,1.457451335141785194e+03,1.307634227949646629e+03,1.563706915397621970e+03,1.471796804416089117e+03,1.477290626087961300e+03,1.570729915420208499e+03,1.780078045565668617e+03,1.669511100864091759e+03,1.568836306953919802e+03,1.526464180453708650e+03,1.297982726783814087e+03,1.241473436245812536e+03,1.458049404337543137e+03,1.492686934271111795e+03,1.374341440813175495e+03,1.579518522755479353e+03,1.574398870435371009e+03,1.409225174217519452e+03,1.203420678885812549e+03,1.317461728261318513e+03,1.274822947690727233e+03,1.003507981120025875e+03,9.228117112940252582e+02,9.801196867139243523e+02,1.404109410986873172e+03,1.359156025549563537e+03,1.137062903449650776e+03,1.106914908539771886e+03,1.482580682996135010e+03,5.676855637886221757e+02,-2.026954066653515838e+02,-7.677155664647591138e+00,2.242023649794542717e+00,2.451821904081473935e+00,-1.351124943475078908e+02,-1.279844168078199971e+02,-1.186236723655567573e+02,-1.285949329459822081e+02,5.490821188974331335e+02,5.587230938386692287e+02,-1.238713908141579481e+02,-1.252502126308816912e+02,-1.461876022912212534e+02,1.966574571281031695e+03,9.304096485947137580e+02,8.345241856978946089e+02,9.001767250737918857e+02,1.047366992293184012e+03,9.668593179043108421e+02,1.598968355520135219e+03,1.186860577243888656e+03,9.494118333343210452e+02,1.217769772154169459e+03,1.215203538037707858e+03,9.879014919370016514e+02,1.316566039618467130e+03,1.365981359004972319e+03,1.412661479410299989e+03,1.425609170078735588e+03,1.417131748192736495e+03,1.140901804090203541e+03,1.313140620800425040e+03,1.064682589440343236e+03,1.521200447165398373e+03,1.898098206371174228e+03,1.555774631817058435e+03,1.412121626553240276e+03,1.593639850687774242e+03,1.343461913559428467e+03,1.406580610724555527e+03,1.449707034699973519e+03,1.520020690656766646e+03,1.630354993402840591e+03,1.729948753392163098e+03,2.273930531457374400e+03,2.176318993379112726e+03,1.920874986800197803e+03,1.407114603177997196e+03,1.706398835887164296e+03,1.528639001956634957e+03,1.915117815454553238e+03,1.780838955391328454e+03,2.720887883432716080e+03,1.939968738614450103e+03,2.208583643597773971e+03,2.596403672194188857e+03,2.408918164576934942e+03,2.034303200985814556e+03,2.388514378169588781e+03,1.983709927059507436e+03,2.700062659349925525e+03,2.818568409558489748e+03,3.073421661566955208e+03,2.169389244005821638e+03,1.855079973316961969e+03,2.148957575746683233e+03,1.951282838960741401e+03,2.246228827061934226e+03,2.332398391500681555e+03,1.874228571937521792e+03,2.081879765329438214e+03,1.793401846536307630e+03,1.220985909377615599e+03,1.690860000838709766e+03,1.906553949296110204e+03,1.569587236336020851e+03,1.446917044232177204e+03,2.099375471612322144e+03,2.164114173581581326e+03,2.259345413675975578e+03,2.577853853957743013e+03,1.666541324533032366e+03,1.283824056306545344e+03,1.309193956368354975e+03,1.468532952746161527e+03,1.467021796690389692e+03,1.000946721620612379e+03,1.420517850809887022e+03,1.413177186452739534e+03,1.439366143869454845e+03,1.264321056044952911e+03,1.315647910339356258e+03,1.468579472861044223e+03,1.685525634341655177e+03,1.545698018318919367e+03,1.304426988693895510e+03,1.334730303400310504e+03,1.141555437782173613e+03,1.337020935152598668e+03,1.511459215153942068e+03,1.412436231950586262e+03,1.753249224586138780e+03,1.615354077207842465e+03,1.404433384331700154e+03,1.018583943345476769e+03,9.020710281258452596e+02,2.955763590175891409e+02,-3.581089013756637485e+01,-1.375936880763422892e+02,-2.300371732505453508e+02,4.550486033253138771e+02,6.503047705411635206e+02,7.965010383041294517e+02,1.138749898359818644e+03,1.000930037215099105e+03,1.558050361260352247e+03,1.537310308314969461e+03,1.526010067312857927e+03,1.449293686824777751e+03,1.432693324829718222e+03,1.506340456755738614e+03,1.557258039895680668e+03,1.472280556259237073e+03,1.363205067907234707e+03,1.035018839150506665e+03,7.549866785740316573e+02,9.792378608923776255e+02,9.514464933021054094e+02,6.868284262052850409e+02,8.071598391288937364e+02,7.948753782204945537e+02,7.547569452125607086e+02,9.861608814660635289e+02,8.220871338717862500e+02,7.682054975959374588e+02,6.500062570697099318e+02,7.026441520403354843e+02,6.663952843650978366e+02,7.845486504889914841e+02,9.494499827524804232e+02,8.168977746326522720e+02,6.566699633870633761e+02,7.365830692678420064e+02,5.935818091592703922e+02,7.518888890399268803e+02,6.658527485349067092e+02,8.237293562518096905e+02,7.354865250151657392e+02,6.726262297701839543e+02,8.707080842722210718e+02,8.293386071609699002e+02,8.221603031349794719e+02,7.831280102640928362e+02,7.711291493560574963e+02,9.786328287468479630e+02,6.708801047004515112e+02,7.087541261483299877e+02,6.772002126328860641e+02,5.634872233353460160e+02,5.903908537805313017e+02,6.689507811620696884e+02,8.827458320450587053e+02,7.064544413844170094e+02,8.295763677220339787e+02,8.624207278245062298e+02,6.756032682433705077e+02,7.887384443497667235e+02,7.188296468910066324e+02,7.968153712882910895e+02,1.149339529773170170e+03,1.302128521537883216e+03,2.124014686447622353e+03,1.256960433777460366e+03,5.666277188186988951e+02,1.015341307881408738e+03,-2.713820486039517164e+02,1.599605039958993984e+03,1.183975212582656923e+03,2.061058247931171081e+03,1.582310135653549651e+03,1.577845421470786505e+03,1.609639732072827428e+03,5.347653923276265004e+02,2.847333591319626933e+00,-5.423211928856674913e-02,1.509099232677038735e-03,-2.366198138908222565e-05,-1.508354694422860458e-06,3.309830382303322652e-07,-6.820563441694967555e-17
2.185168874747214963e-13,4.781890276803858475e-01,1.729578896720906641e+03,1.570067281883586475e+03,1.504786598295813974e+03,1.416797300567609227e+03,1.318300167502128033e+03,1.358172202777812345e+03,1.360893415617931396e+03,1.387945534699622385e+03,1.236444970854602843e+03,1.358958956335868606e+03,1.404257894207637946e+03,1.054444533042634475e+03,1.174303775664227487e+03,1.362830683449251410e+03,1.430179916797809483e+03,1.294555131448312522e+03,1.438632493883993448e+03,1.682741317362860173e+03,1.613287048278987413e+03,1.423202728770023668e+03,1.274036769781062503e+03,1.630124245228189011e+03,1.454317650148869916e+03,1.249251890518040682e+03,1.303352210697100872e+03,1.292504628140648492e+03,1.359913438595358002e+03,1.803463313589595600e+03,1.672432928296056616e+03,1.617006829133949623e+03,1.674498478109188000e+03,1.643445825720132916e+03,1.425347833773629645e+03,1.272384294021501546e+03,1.275282127069007629e+03,1.414073595532973968e+03,1.323147917562522935e+03,1.264280361385606511e+03,1.281843794281232931e+03,1.368227518205401111e+03,1.395485215523221996e+03,1.623518118016312201e+03,1.633539627244009125e+03,1.651364452834586018e+03,1.835105495215555266e+03,1.596052122690602118e+03,1.644510602023726278e+03,1.530668235497263822e+03,1.659585170039544437e+03,1.497287738942723536e+03,1.224155979205622316e+03,1.424966617182712525e+03,1.024300802888883027e+03,1.026337828796640906e+03,1.023603544493633649e+03,1.262264473999479605e+03,1.267427704081596858e+03,1.393562828603800654e+03,1.315786245779301453e+03,1.131035798188705940e+03,6.676251092953588113e+02,-1.390587708967770197e+02,6.231320232732514341e+01,2.360133177656915215e+00,-6.892493303656963555e-01,-7.537396913185456793e-01,4.162647685847139201e+01,3.949403357923524283e+01,3.642620164691998497e+01,3.954067799132009497e+01,-1.367529298628420236e+02,-1.369015941344563032e+02,7.272841317743595368e+01,7.029848806037503550e+01,6.708611617194769394e+01,7.709236581773218404e+02,1.390052961247662324e+03,8.241342322865438064e+02,9.795606906310617887e+02,1.326430731052059627e+03,9.628247902391715343e+02,1.583476292244534534e+03,1.171071598167306774e+03,9.087127344618260167e+02,1.025549124952874081e+03,1.407444704912335510e+03,1.280007924567274358e+03,1.582123710384060132e+03,1.623313150874827670e+03,1.245540138679949450e+03,1.010198847866381129e+03,1.267084969816119383e+03,1.239727460689246072e+03,1.216370439295305459e+03,1.074326578801971891e+03,1.248209334218156300e+03,1.817918534785067322e+03,1.588714855868777022e+03,1.474829123617263349e+03,2.063961745105998489e+03,1.356184771466183520e+03,1.281296566473333314e+03,1.436030122796415753e+03,1.359273489725062745e+03,1.805312133631837014e+03,1.643258952006541449e+03,2.486809268609891205e+03,2.185769240771968271e+03,1.314125282973941239e+03,1.423618724524508934e+03,1.615441148159924978e+03,1.684723981697317640e+03,1.939458974089793855e+03,2.355691789345387861e+03,2.424734909261609573e+03,2.197077880253914827e+03,1.797186500355429189e+03,2.459999906148978425e+03,2.091722564495326878e+03,2.406353309866226482e+03,2.494618850724332788e+03,2.535485175016139237e+03,2.720451255563450559e+03,2.915980084453696691e+03,2.757110364744741673e+03,1.989224737193445890e+03,1.954923772626465052e+03,2.600541117309132005e+03,1.906374200320116870e+03,1.588857581686947242e+03,1.862268560845126331e+03,1.735235581747214155e+03,1.812145856573589526e+03,1.626571985345394069e+03,1.438135626522160464e+03,1.625083008894488557e+03,1.727815323499501574e+03,1.849932206681474781e+03,2.133086474111159077e+03,1.637722144814567173e+03,1.794250642089623398e+03,2.314716475150755741e+03,1.782981135319819487e+03,1.206211106874116012e+03,1.144749841748956896e+03,2.405639672918000997e+03,1.986012826541870027e+03,1.487714682726158117e+03,9.623756635902578864e+02,1.103241204967667954e+03,1.054511037549546927e+03,1.222660299896601146e+03,1.287934774350479074e+03,1.343262723214099651e+03,1.386784666049308498e+03,1.755416708212160984e+03,1.943842133329024136e+03,1.188955673614598709e+03,1.380388931597290593e+03,1.074889309505162373e+03,1.334864709037420198e+03,1.334005431062457092e+03,1.302764405581290475e+03,1.579235838908314236e+03,1.090074209945563325e+03,1.022881331431079730e+03,7.683843652867408309e+02,1.302020885544381599e+03,-1.510159227915909810e+02,-9.042765279624514108e+01,5.164019257365463318e+02,8.896550859521984194e+02,1.561452386275322624e+03,1.765371244124564782e+03,1.824927564012069979e+03,2.253067062482398796e+03,1.842818389554372288e+03,1.430702097866630993e+03,1.777385020889450971e+03,1.605481936609874992e+03,1.626613030780456711e+03,1.450634103166451951e+03,1.336377329575831254e+03,1.602831455382938202e+03,1.920470403749130128e+03,2.028240159269853848e+03,1.247520201112436780e+03,7.037018001493152042e+02,8.330104978275146550e+02,8.661241468366713434e+02,7.795212588506556131e+02,7.958953369306125296e+02,7.853271976210286311e+02,6.887697593227146626e+02,9.302141242888510533e+02,8.245883143650098646e+02,8.927529707444513178e+02,7.892352607212999374e+02,6.779252684084896146e+02,7.676746732616852569e+02,7.154521738635302199e+02,5.995579555126225841e+02,7.198158064106377196e+02,6.246840477562080878e+02,7.674237293410611755e+02,6.461004632314309220e+02,7.548625104830653072e+02,6.996167643898489814e+02,7.259267786953508903e+02,7.213584937202383571e+02,6.296811409214934656e+02,8.299447646586709197e+02,8.076482350057533495e+02,8.094661015230270777e+02,6.980099947940074117e+02,7.351780058314951702e+02,9.906042859382530423e+02,8.182966044432914714e+02,7.023483606874773386e+02,6.514313978859961480e+02,6.608278476124258987e+02,6.133419087338077134e+02,6.258424019538887251e+02,7.089101345320008249e+02,6.922655026030157615e+02,8.422711464393516962e+02,9.541519013518478687e+02,6.808623466228491452e+02,7.008396438657986209e+02,8.917630355492588023e+02,9.398862592656474817e+02,1.135873940837029750e+03,1.047446754868195740e+03,1.735444545970506397e+03,-3.068073324372887214e+02,-1.314792525019942673e+02,-2.493498170189410246e+02,8.380698741097637594e+01,-3.949556738028253449e+02,-3.033944458983668824e+02,2.374686350328646768e+03,1.684961277957642324e+03,1.381141212965107570e+03,9.289437729218878985e+02,-1.244400438137606670e+02,-8.753354458703425101e-01,1.667219340320835047e-02,-4.639316073573664405e-04,7.274234072974831256e-06,4.637027193249335047e-07,-1.017517533155710589e-07,4.469870872396754932e-17
1.794401770603666182e-13,-7.146804079525939102e-01,1.486532248787362278e+03,1.379616500312121161e+03,1.484098133228553479e+03,1.260073311400517468e+03,1.158781388237714054e+03,1.454437064146440662e+03,1.470911497747374597e+03,1.197942303279243561e+03,1.320096027569387388e+03,1.377497560776224191e+03,1.410669107209457479e+03,1.302954593862170213e+03,1.243937224690446328e+03,1.253317295490569677e+03,1.369749440965762233e+03,1.381781649359546464e+03,1.633822973067241037e+03,1.854919804171908481e+03,1.750595183216834812e+03,1.540350698046120897e+03,1.514240860755056929e+03,1.511725818509285091e+03,1.483488349003479698e+03,1.392848160275546206e+03,1.447193285512039665e+03,1.527058808465490301e+03,1.606140830686847721e+03,1.767115152091282198e+03,1.555904492739501620e+03,1.511567966401431704e+03,1.649860230789479829e+03,1.564264879736591865e+03,1.256969603896569879e+03,1.190201446740823712e+03,1.155277845606324263e+03,1.077249654051064226e+03,1.236088646883350521e+03,1.278511961591320187e+03,1.363811828733880930e+03,1.705662914459818012e+03,1.236893086734899953e+03,1.275278580326280235e+03,1.624416787073001842e+03,1.627483536914699926e+03,1.644829900933348881e+03,1.525687607761220761e+03,1.597628684017849764e+03,1.516175347189087233e+03,1.552324874051994357e+03,1.396279000720789554e+03,1.144725902457855227e+03,1.226168615379461698e+03,1.003354795364571146e+03,8.898375772203390852e+02,1.176601934741730247e+03,1.558528184919665819e+03,1.225666049302757983e+03,1.456016519412539083e+03,1.296881839563871836e+03,1.100723604162838910e+03,-1.168036801101891768e+02,3.655951227728920117e+01,-1.638257170570068411e+01,-6.204953296231507931e-01,1.812084142058401071e-01,1.981459240726263227e-01,-1.118804963756114823e+01,-1.078752368652362570e+01,-9.464070277997498337e+00,-1.041633081297287688e+01,3.592573787189834178e+01,2.926500028120878483e+01,-1.133181239847600636e+02,-1.049205439005185951e+02,-7.784292931726484710e+01,-2.011897906668334315e+02,1.811410472911907391e+03,1.341424027970561610e+03,1.135981525705472450e+03,1.290583800036272805e+03,1.161538293682032872e+03,1.040002868727377518e+03,1.083153939764086545e+03,9.629618277382479619e+02,1.095618094878065449e+03,1.358972940810790760e+03,1.504212130774213165e+03,1.674455459855242907e+03,1.493369690547608798e+03,1.218421166432779728e+03,9.815673140139232373e+02,1.054165437833049282e+03,1.243461558257266915e+03,9.594801346246844105e+02,1.385474158300188492e+03,1.403283283861482914e+03,1.848004439291167955e+03,1.408088723743393757e+03,1.660823758230821795e+03,2.026717796171511736e+03,1.778231784416160508e+03,1.289853647273566594e+03,1.546045471859153167e+03,1.413569953276583647e+03,1.442218612226448386e+03,1.347074538575328006e+03,1.927804583658550655e+03,1.599847114170308032e+03,1.410081696525422103e+03,1.666729927979815102e+03,1.200588219021301029e+03,1.915012605970784307e+03,1.909572645325031544e+03,2.461773913098884805e+03,2.001334492437248173e+03,3.383065775027395830e+03,2.352872199380925395e+03,2.466005143399887857e+03,2.659593399127942575e+03,2.510124724055048318e+03,2.490500476631015772e+03,2.509655795865115124e+03,2.627292248397900039e+03,2.799742550256022696e+03,2.147852230665009756e+03,1.672868644577351688e+03,1.978480238637799857e+03,1.870162012928873764e+03,2.192579701527779434e+03,1.606303166226264693e+03,1.860652680788216230e+03,1.825130002825760130e+03,1.661181027551335546e+03,1.801901274167446218e+03,1.547991163241009417e+03,2.022274164403219402e+03,1.850780966467084909e+03,1.805780959130438077e+03,2.485538939418818245e+03,1.638947930341511210e+03,1.095559986783912109e+03,1.645151770198658824e+03,1.942720316410687701e+03,1.850872449587142910e+03,1.561232959347039468e+03,2.573213571974542447e+03,1.474869950289458984e+03,1.097283987401569675e+03,9.221153285583984598e+02,7.926367835532371373e+02,1.310815710861396383e+03,1.208775579546073004e+03,1.272668563604335986e+03,1.462518334417593223e+03,1.509159905647523829e+03,1.582496300552852290e+03,1.498240596356447440e+03,1.346458519406627602e+03,1.624288243708576147e+03,1.078579724376176273e+03,1.182525112886521811e+03,1.156879535711144626e+03,1.402867214318829383e+03,1.208108747510634203e+03,8.729918697042613758e+02,1.207932102701217673e+03,8.411265888931944801e+02,1.294224755261525161e+03,2.839111438516317776e+02,3.337967560023699889e+02,1.441742878913328695e+03,2.431864480602447202e+03,2.185652169710299859e+03,1.895557177528542297e+03,1.682578937763829799e+03,2.113797279767661166e+03,1.644667826083672935e+03,1.799638609712178095e+03,1.756594211360391000e+03,1.056672361851409278e+03,1.348645455757845184e+03,1.466541686032231837e+03,1.367642551632050299e+03,1.535242074242760964e+03,2.159710569136194408e+03,2.096925812349054013e+03,1.411596679921333134e+03,9.355111652801014088e+02,8.931188838776890861e+02,7.905819375290340076e+02,8.336975708220157912e+02,6.666653907306805422e+02,7.409776034111376930e+02,7.024266394633024220e+02,7.213058044241257676e+02,9.485713220232305503e+02,9.537273340261551766e+02,8.267550175213024204e+02,7.508799448035983914e+02,7.603998825715798375e+02,6.414614922739366421e+02,7.108807055848315031e+02,6.702653908731452930e+02,8.620162731450316187e+02,9.256445236476747596e+02,7.353456085188454381e+02,7.560702348306317617e+02,7.390890456816758842e+02,5.723978743521391834e+02,6.238319800293589878e+02,6.154059983212540601e+02,6.145084353301972442e+02,7.852978018919453689e+02,8.046272621304998438e+02,8.303485305787174866e+02,8.462802040893718640e+02,7.717299209441644052e+02,6.984821942089853337e+02,6.066301008809192581e+02,7.110981490079632295e+02,8.362928042333054464e+02,7.133820204720133233e+02,7.670090337923120387e+02,7.387210689885819193e+02,7.822872237235960711e+02,6.786381404849182672e+02,8.319043295587795228e+02,7.302730925834581512e+02,7.039118849672058786e+02,9.424293694895778799e+02,8.619809329506421136e+02,8.866663037713536824e+02,9.615232718811781751e+02,1.935718859590524062e+03,7.448739714009197144e+01,2.736062441627102970e+01,6.109836128204651828e+01,-2.306095665911864145e+01,9.998278753620127191e+01,1.015891705746041396e+02,2.010286489568351044e+03,1.914166801673536384e+03,1.430608559096482622e+03,-1.690099555762075170e+02,3.271614785789124369e+01,2.301317405127887850e-01,-4.383234911997344573e-03,1.219708270510396457e-04,-1.912446429820999673e-06,-1.219106507648320921e-07,2.675123945820254152e-08,-3.042895027756802511e-17
1.409613195390631728e-13,1.390107173017414377e+00,1.172579238671935173e+03,1.277127395157813226e+03,1.455699856307376876e+03,1.527249852682808978e+03,1.478631340505695789e+03,1.290301808072120139e+03,1.233507278489622649e+03,1.346348023193223526e+03,1.602303793861734448e+03,1.284905391824247090e+03,1.233772278805427050e+03,1.558981082872290926e+03,1.451228410413096526e+03,1.234791100839025830e+03,1.182439428245506178e+03,1.353103025783271505e+03,1.715040137455105651e+03,1.634756297087749999e+03,1.394964813923813381e+03,1.429676864267084056e+03,1.533858362751954928e+03,1.610379306728877964e+03,1.724349129665532473e+03,1.295905961061821245e+03,1.064478403204859887e+03,1.454042598525147696e+03,1.532857973044478967e+03,1.779007044557130939e+03,1.973569426878910690e+03,1.459397900365220949e+03,1.331659081005632061e+03,1.406891357135664521e+03,1.305086405635930305e+03,1.373935772459426289e+03,1.318837755515023673e+03,1.175365951485495316e+03,1.198946703793367078e+03,1.444941394462949575e+03,1.457996459835273754e+03,1.724416397328537187e+03,1.443228485046133756e+03,1.195426725058654711e+03,1.183397027062913594e+03,1.497338835337418459e+03,1.178353714318306857e+03,9.654197827033432304e+02,1.354812971721980148e+03,1.810837163067563779e+03,1.535304077288236613e+03,1.407967683976131639e+03,9.374300177223796027e+02,7.579516453036530947e+02,8.502075059281725089e+02,7.621179798387479423e+02,1.215218669750079698e+03,1.349226641732988355e+03,1.295649102785712785e+03,1.117948862964634827e+03,7.008551183686712420e+02,6.901352501323251545e+02,2.435540582383775998e+01,-7.623233766221749086e+00,3.416024066656568881e+00,1.293830429872677434e-01,-3.778480663035427289e-02,-4.127976863740717706e-02,2.847391458629556560e+00,3.101262414458725303e+00,1.736068765245325274e+00,2.215827418551150174e+00,-7.433021232829930547e+00,8.074009091007187777e+00,2.306723916691901763e+02,2.119619299662589924e+02,1.492210273557168705e+02,1.932676082693758701e+02,1.144561408103816348e+03,1.414468275026590845e+03,1.187747811176190680e+03,9.541171686876315334e+02,1.223181634791865690e+03,1.176315044232301489e+03,1.415776911795741171e+03,1.131305275208926332e+03,1.171579261763795557e+03,1.422094112455760069e+03,1.213854012439687040e+03,1.248938265622393828e+03,1.104054408903497915e+03,1.533311135140244460e+03,1.650995767400610930e+03,1.070053397300704773e+03,1.334084565129839348e+03,1.218447779955076385e+03,1.331326737294650229e+03,1.446951028150884213e+03,1.679913533686247774e+03,1.298071934106582376e+03,1.516681284088701204e+03,1.275640892692342277e+03,1.723410833059104561e+03,1.181007376857565077e+03,1.475332402843098180e+03,1.661578409849994387e+03,1.714260207623628730e+03,1.268236771089778131e+03,1.682994084066465120e+03,1.967751750093439341e+03,2.077651643687648175e+03,1.688089002041507456e+03,1.470361805814713534e+03,2.126248472159025823e+03,2.106475587828450443e+03,1.698660295909590559e+03,2.590596545592329676e+03,3.553235149357496084e+03,3.708172254279362733e+03,2.888404989474904596e+03,3.453569294587242439e+03,2.239218403942904843e+03,2.175482151733880528e+03,2.236556131179951990e+03,2.476876272046856684e+03,2.125384230360066795e+03,2.950637019927019537e+03,1.666889920337728199e+03,2.276593839572787147e+03,1.476893884398769842e+03,2.429980989974362274e+03,1.384032099441217952e+03,2.362748141443184522e+03,1.977541596203092922e+03,2.103295816275664038e+03,1.837452285215606480e+03,1.822466162337233300e+03,1.694742719625500058e+03,1.806391293821063755e+03,1.210399036149011863e+03,1.886429325710692865e+03,2.928568893343042873e+03,1.151699562615320019e+03,1.387748604707665436e+03,2.122659988900626104e+03,2.321741165411117890e+03,1.964323027188192327e+03,-2.972219215305938746e+02,-2.100635078645508713e+02,1.312115686058448773e+03,1.069489293202012050e+03,9.315789360044892646e+02,1.483777921012432671e+03,1.112843033000802052e+03,1.417077099523035713e+03,1.227720295813245002e+03,1.429121262360436731e+03,1.422704484493471455e+03,1.262464857925279830e+03,1.523451665796426141e+03,1.548671872687989890e+03,1.013917452649954157e+03,1.283279241530013678e+03,1.190068275545306506e+03,1.206072594369145236e+03,1.373302935899957674e+03,9.450949995522546487e+02,1.357735941698117358e+03,1.036386814840149555e+03,8.250773144359892513e+02,1.098257587250471715e+03,1.280680499511155176e+03,1.319771629895797332e+03,2.056123735016674345e+03,2.197321564549172763e+03,1.501296005473593596e+03,1.436304263422414579e+03,2.035845687685858138e+03,1.817634302912218345e+03,1.990198540078790302e+03,1.453900451872311123e+03,1.283694066253650362e+03,1.362123389012188682e+03,1.775930660672365548e+03,1.814742384344904622e+03,1.924228300494966106e+03,1.450717416590350240e+03,1.323481110581901248e+03,1.692866146746153163e+03,1.594846119527175915e+03,8.027465930340908926e+02,6.864015426205432959e+02,8.091300368539672263e+02,6.374237742207088786e+02,7.647465739659609198e+02,7.458482970386444322e+02,9.186099679911952762e+02,7.951096267155899113e+02,8.057695212980868291e+02,6.748884317887710722e+02,8.309808661693318754e+02,7.599385124270664846e+02,9.105371561406741421e+02,1.053080773908897299e+03,8.237196723876676288e+02,1.023169446038260389e+03,8.861423539344183382e+02,7.424214772492036900e+02,6.741761305587906463e+02,7.510604458418316653e+02,5.959841071516235615e+02,6.093055462446633328e+02,7.280861534236868238e+02,6.728463775967318270e+02,6.618236089872999628e+02,7.760935045924335327e+02,9.899617621541749486e+02,9.949480294017700999e+02,7.820080313647567891e+02,6.679870543559080716e+02,6.870377742433470303e+02,7.787647282040923074e+02,7.774741622722018519e+02,8.062604850833365617e+02,7.733331527561899748e+02,8.364156946530533787e+02,8.176706139279775698e+02,6.834514793610471770e+02,7.054750051209953199e+02,7.904248467442357651e+02,6.415110997449882007e+02,6.629529697770539087e+02,8.597836019005222852e+02,8.461620255647031854e+02,1.156902028994039483e+03,2.089425114309021410e+03,-2.520886036147407694e+00,9.480059968040103868e+00,-3.347077700444999859e+00,6.973808495452500367e+00,-1.272710913338603511e+01,-6.717285603933889604e+01,1.600940304757138392e+03,1.786189303620117016e+03,1.714463682843010247e+03,3.524123599910650029e+01,-6.821831789203320895e+00,-4.798609023146448854e-02,9.139734724291765072e-04,-2.543283729304980417e-05,3.987751829458854186e-07,2.542028958825969817e-08,-5.578054492161436723e-09,-1.563099705990227859e-17
1.846336090095858006e-13,-1.387009589892385986e+00,1.464486945655029103e+03,1.742421093387610654e+03,1.682112564744028077e+03,1.495444700260476793e+03,1.436364624185646107e+03,1.445887187651949034e+03,1.259431766651754515e+03,1.298962093012144578e+03,1.412404074397766863e+03,1.472944235448929021e+03,1.386508703543187039e+03,1.308335494010776301e+03,1.651506584520899651e+03,1.327475964232673050e+03,1.075275316339810615e+03,1.353287154515819566e+03,1.583330895008234620e+03,1.524441288784681092e+03,1.586812292207795281e+03,1.276904225341260371e+03,1.362866201905206935e+03,1.460293147981061566e+03,1.227078016138702651e+03,1.076565073004131136e+03,1.228688215966766847e+03,1.754352394418653148e+03,1.573037825558009672e+03,1.433207771976544564e+03,1.501894278583383766e+03,1.268366158794963894e+03,1.199813474481612730e+03,1.430411704185644112e+03,1.372489949943826105e+03,1.368804006736211704e+03,1.723091741334350672e+03,1.528602623219193447e+03,1.427187604136918480e+03,1.612515253606994293e+03,1.511100597152920500e+03,1.480485129466810804e+03,1.383395595833021616e+03,1.383644735471957347e+03,1.514788990518903347e+03,1.571674427779908683e+03,1.222054099419210615e+03,9.347015648459685053e+02,1.062532541357507398e+03,1.162795125533902365e+03,1.205922217410313124e+03,1.221263447471768131e+03,1.054347525805700116e+03,9.542306028289890492e+02,9.734777540991319711e+02,1.091505455486324308e+03,1.340661253107283528e+03,1.438235767321624053e+03,1.233731883770726654e+03,9.726545210771146230e+02,-2.294830590369347334e+01,-2.382320749608770427e+01,-2.525622040028502990e+00,7.905188423267792697e-01,-3.542369909341201994e-01,-1.341684336274828922e-02,3.918232407789931822e-03,4.243827236236948769e-03,-8.105123208626706655e-01,-1.174707115835292637e+00,5.764984658929262623e-02,-2.736993718851098989e-01,7.126505570476905360e-01,-1.503373026976040272e+01,1.493848370169844657e+03,1.389691574867252712e+03,1.087031518798853085e+03,1.198646115684557344e+03,9.609576441133823437e+02,9.531258631011612579e+02,1.101013357376347813e+03,1.271186567693778215e+03,1.127482153616391997e+03,1.015938774239278246e+03,1.293487728146595600e+03,9.663872531990734842e+02,1.146326381927751754e+03,1.211608921139576069e+03,1.240852475999663284e+03,1.135294382068870163e+03,1.195735105402186946e+03,1.310021797102204346e+03,1.084988447846182908e+03,1.000703011582421823e+03,1.311114769251090820e+03,1.867720503160338012e+03,1.233140533953986733e+03,1.411502076449357673e+03,1.453354404815714133e+03,1.521668119068964643e+03,2.162668886832723274e+03,1.943535872198993502e+03,1.490032521603342047e+03,1.678580550298939215e+03,1.687405361114772404e+03,1.309587501688901739e+03,1.759254560155780609e+03,1.428128316980096770e+03,1.599582382738732804e+03,2.006351494137215468e+03,1.803454732467952681e+03,1.350207594704093481e+03,2.123108388427838690e+03,2.137962738569207886e+03,2.699841126676068143e+03,2.441335164917092243e+03,2.258528114222132899e+03,2.481221075372444830e+03,3.049325132074434805e+03,2.606369679993632872e+03,2.491134506990969840e+03,2.593398278202417259e+03,2.235567139202860744e+03,2.582332322104072773e+03,3.498312921520970576e+03,2.854055805103354487e+03,2.366032716758041715e+03,2.624581785268637304e+03,2.704553849070610340e+03,2.552081705137918561e+03,2.257425227831025950e+03,1.336346694160839206e+03,2.121803729882186872e+03,2.033898588515342681e+03,1.498224353388601912e+03,2.074728519910943305e+03,2.523995314903201233e+03,1.425723663532144656e+03,1.994572637315172869e+03,1.948759772332914963e+03,1.913577464862348506e+03,1.541746854970182312e+03,1.368332911390634081e+03,1.224078924483019136e+03,-9.491714499538878158e+01,-8.877490754307761733e+01,-7.927956200889136085e+01,1.956706997630748290e+01,6.222727849658937771e+01,1.304315585705397325e+03,1.344236816924144250e+03,9.885231045866788691e+02,1.139219959556379308e+03,1.019071604391269602e+03,1.156245974231364471e+03,1.456253437236019636e+03,1.176380317930878846e+03,1.180981457663996480e+03,1.207383320393727217e+03,1.169520451776563959e+03,1.221826276959468260e+03,1.026816091888242454e+03,1.342432698413235585e+03,9.582859937501957575e+02,1.300988919890611669e+03,1.431515674709424729e+03,1.303647038626418862e+03,1.175219789731899255e+03,1.340430034018255355e+03,1.137785430226818789e+03,1.034211490159564391e+03,1.032849426738592683e+03,1.190632026148750811e+03,1.577185926416314715e+03,2.215647751459756364e+03,1.619707010863614869e+03,1.849439058963377647e+03,1.425069070082261533e+03,1.496865743314191604e+03,1.258360677631107365e+03,1.594265544361245475e+03,2.087762898947220037e+03,1.646780137610079464e+03,1.485396600525274607e+03,1.809090378701251893e+03,1.344159911765898414e+03,1.252412871590036502e+03,1.936495959209381908e+03,1.521249638241119328e+03,1.346407933054837258e+03,8.904354435801574255e+02,5.577630238766382718e+02,7.214850735432439706e+02,7.343726483510572507e+02,8.371537606815899153e+02,6.779519836819082457e+02,5.388677540300881219e+02,6.355591695724210695e+02,1.004034816645947558e+03,8.829089220453582811e+02,7.534735688416118364e+02,9.088915618166010972e+02,8.458372705908410580e+02,6.218269570513400595e+02,5.557187766522054062e+02,7.609208721988383104e+02,7.755100376057481526e+02,8.360211278002408335e+02,7.438630353601826073e+02,1.044190721669162713e+03,8.033842561321763469e+02,6.254513996995507341e+02,6.095131426842658584e+02,8.521623135738935844e+02,7.640989217705587180e+02,6.989649249648111891e+02,6.192512522802858257e+02,7.225421334460248772e+02,8.759174453899137234e+02,7.242194812788216041e+02,7.861822394598808614e+02,1.014924509972898136e+03,8.146772363276938904e+02,5.596613336450276392e+02,5.076452050352151559e+02,6.854341859824633048e+02,7.197780480162418826e+02,7.722469511513864973e+02,7.214302151670202647e+02,6.813174354648631379e+02,7.616941541780258831e+02,8.645554379486777634e+02,9.191252668244936785e+02,8.159625032479416404e+02,9.212548916944556368e+02,1.391540970603968617e+03,-1.276807654110309187e+01,-1.618993518655821973e+01,-9.059218506316883079e+00,-2.891502448642180312e+00,-6.812689154184976559e+00,5.323210215704685311e+01,1.609650275394258642e+03,1.585928689746713189e+03,1.466439797474414263e+03,-3.654467636506217421e+00,7.074145610546657137e-01,4.976091467332018764e-03,-9.477779030556719513e-05,2.637350198984825215e-06,-4.135243734828950788e-08,-2.636049018737335253e-09,5.784365689216108834e-10,-1.669276059076793148e-17
1.318664617531310318e-13,-5.427884362415514197e+00,1.108514801334834829e+03,1.376516385461550954e+03,1.646307668017241895e+03,1.257453203677216834e+03,1.316112275224823861e+03,1.469301216171452324e+03,1.393621283978429801e+03,1.327947597608576643e+03,1.220977910463428088e+03,1.338472116323240243e+03,1.293977699766988508e+03,1.233718254456218347e+03,1.420051658331047292e+03,1.617441151322162796e+03,1.541923543791016982e+03,1.431870747783067145e+03,1.626721519540970576e+03,1.528596431103296254e+03,1.476438877324993427e+03,1.587425668942589709e+03,1.692939874918854457e+03,1.427123856669936458e+03,1.311426053980325833e+03,1.227757593818193072e+03,1.242823092085254530e+03,1.510544024890824176e+03,1.352010913902554194e+03,9.965577325884435140e+02,1.245274736916943311e+03,1.282895294390722029e+03,1.337321986415223591e+03,1.325641301265897482e+03,1.393958218199127032e+03,1.223702095854747085e+03,1.437450442831897362e+03,1.408020030713882079e+03,1.027844583433706021e+03,1.212566638203249568e+03,1.291644880538662619e+03,1.182943050544710559e+03,1.292359534096593279e+03,1.267368281436433563e+03,1.144512351637683651e+03,1.265194823121653826e+03,1.255118899746632906e+03,1.343045495106377530e+03,9.672476793951886975e+02,1.292864295266367208e+03,1.073273049983481087e+03,8.424333622666407564e+02,1.186142844139375939e+03,1.117353805777761863e+03,9.993461972265110944e+02,1.180450077229863837e+03,1.291324534301250651e+03,1.482263333050579149e+03,6.469503843142578603e+01,5.067562347549069557e+01,-9.722988032393198310e+00,-1.009367586216454526e+01,-1.070083036743598726e+00,3.349356277357045109e-01,-1.500869841084461476e-01,-5.684594235232765837e-03,1.660119355605457455e-03,1.654647169065732960e-03,-2.349979576683245419e+00,-3.820091678313331407e+00,9.500452041013147664e-01,-2.870116555125600821e-01,7.550772804936563276e-02,-6.165679933469024832e+01,1.090583812285960448e+03,1.103106306161110979e+03,1.219305364357450117e+03,1.197236056982369064e+03,1.161339732059738026e+03,1.266456704276868322e+03,1.354566259329698141e+03,1.368091985358420743e+03,1.351322289715286615e+03,1.216376196709199121e+03,1.118800551445358678e+03,9.160997574237757135e+02,9.341655501402458412e+02,8.732718956673285220e+02,9.508704574372759453e+02,9.795223951993822311e+02,1.114584684667053580e+03,1.197111437784686359e+03,9.127874695640350637e+02,1.583006057583857000e+03,1.550630847795893715e+03,1.756999129969019577e+03,1.710024295107323269e+03,1.379013549587018588e+03,1.329203681349003546e+03,1.181093599583157129e+03,1.578805322426706880e+03,1.574985540147543361e+03,1.580115700910461328e+03,1.652778424737673959e+03,1.422350833948846685e+03,1.646553113929235224e+03,9.928475538797689524e+02,1.361534925498274561e+03,1.477492922935705337e+03,1.442583484634845263e+03,1.885602767833095186e+03,1.748657575601573171e+03,1.891779834070136985e+03,1.789730395240658027e+03,2.891373086704998059e+03,2.664071052171382689e+03,2.978756744281779447e+03,3.014909848887327371e+03,3.231634535162691463e+03,2.344570580243234872e+03,2.558304570017074639e+03,3.757029215467445283e+03,2.876501674561992786e+03,2.929935661464748591e+03,2.652678700258225490e+03,1.758403352780209616e+03,2.477978154487509528e+03,2.695110357636138360e+03,3.679574392820421053e+03,3.066807386592245621e+03,2.295314092707308191e+03,2.357922610920770694e+03,2.380820997427753809e+03,2.127394457201170098e+03,1.582156869446213022e+03,2.472648325626647420e+03,2.514700337572722219e+03,1.308866189264231934e+03,1.561064505779947467e+03,2.128837866012501763e+03,2.021958252338127068e+03,1.343638462254141587e+03,1.229263491110746372e+03,1.649770074134450315e+00,-8.386038036455727251e+01,-2.443472547215592527e+01,-3.719226323860022632e+01,-3.553921535469385162e+01,1.259928446992874115e+03,1.022794649576959500e+03,1.025514299621956980e+03,1.001129348880010298e+03,1.266788977990769808e+03,1.023927801223046004e+03,1.135503585711191818e+03,1.078750806962739034e+03,1.064823794813054519e+03,1.166742638567335234e+03,1.201940371595097531e+03,1.483439430400332867e+03,1.341804451040787399e+03,1.485946886102738745e+03,1.053480429897573913e+03,1.391221729535398481e+03,1.375284586704590083e+03,1.273326239794950880e+03,1.341905026362428089e+03,1.185033523082642887e+03,1.221983864695354441e+03,1.193191378646137309e+03,8.922920624331381987e+02,1.057591264207185759e+03,1.388717500708076386e+03,1.513833666406146222e+03,1.694418395906446221e+03,1.563064999598404938e+03,1.989570745499214581e+03,1.457646023213771741e+03,1.624062069598054677e+03,1.543629223152587201e+03,1.665865542259554786e+03,1.637478183964418804e+03,1.478942376227497562e+03,1.981038281496901163e+03,1.985521363582855201e+03,1.600233854870144796e+03,1.642348108031454331e+03,2.055807942788082073e+03,1.643082281136271149e+03,1.249883980962433725e+03,8.742798711553341491e+02,7.393009444363171951e+02,7.423935977581422776e+02,6.569919002829055898e+02,6.740812509584951613e+02,7.699636365915520173e+02,5.503737608176560343e+02,7.656337950096727809e+02,8.392083297088239533e+02,9.115932694020186773e+02,9.964257581687320453e+02,9.709479737360654781e+02,6.776664890081718795e+02,6.735902113046114437e+02,5.799301841237535200e+02,7.049409531171163508e+02,7.977967345285459260e+02,7.510644499255957953e+02,6.930046167343301704e+02,9.871419583647103764e+02,8.875976272273218228e+02,7.967550566486727348e+02,6.571470029367588950e+02,7.575902254820974804e+02,7.546588183584199214e+02,8.987793178855519045e+02,7.593349963136940914e+02,8.407728758296898377e+02,8.210010377171051914e+02,6.915271906526295425e+02,6.920671685794173982e+02,7.057493689604123119e+02,8.559490623449759141e+02,7.716317730027213884e+02,7.935508668471892406e+02,8.007233625358810514e+02,7.529931625828703545e+02,9.111583275962038897e+02,9.617786440250657733e+02,7.693041701229860791e+02,8.359609648193404610e+02,7.728822548812748892e+02,6.228912312919439955e+02,6.112905126998784908e+02,7.868352535569758857e+02,8.280550727158267819e+02,-5.615214961485781231e+01,-6.608160241270763890e+01,-4.047050751502251131e+01,-9.669505167376822641e+00,-3.455782007899453134e+01,1.237380453280990196e+03,1.499933474665977656e+03,1.561597730233683251e+03,1.242535492594824973e+03,-1.548364626288155188e+00,2.997251012750359322e-01,2.108324596508906901e-03,-4.015648583040699133e-05,1.117421239634603176e-06,-1.752065076557309335e-08,-1.116869926692261884e-09,2.450783043644556731e-10,-1.361781393005594613e-17
1.278216234181815489e-13,4.387966794713591412e+01,1.350393653610633237e+03,1.219910835147413081e+03,1.302734996228624823e+03,1.345989750498251851e+03,1.518423493877005285e+03,1.684748455435178585e+03,1.725823419679004473e+03,1.409678713878724011e+03,1.120426354735495124e+03,1.130657000976741301e+03,1.425679566515903616e+03,1.429524996078885579e+03,1.531554428020057003e+03,1.595108674246507690e+03,1.546240872422990833e+03,1.333112432717231741e+03,1.192599512086313553e+03,1.322970642154807138e+03,1.402888050801790087e+03,1.382666535577542618e+03,1.512918151152694008e+03,1.708272633922066916e+03,2.024136676834109721e+03,2.106306964984042679e+03,1.869635446392041558e+03,1.258965219742957061e+03,1.299577773508390692e+03,1.350355712708061674e+03,1.333423715347607413e+03,1.222371613287711170e+03,1.470557646941121675e+03,1.465021972627087280e+03,1.247191345402288562e+03,1.378917376844548699e+03,1.498598720451295094e+03,1.618454014096720812e+03,1.132902273743422711e+03,1.128477981641862698e+03,1.076960797559051571e+03,1.255982819562241048e+03,1.318030729153147377e+03,1.227755148365739615e+03,1.139469141258046875e+03,1.102522327828448169e+03,1.089182047470883845e+03,1.497510175061415339e+03,1.170524002638098864e+03,1.163847344664280399e+03,1.165860938930896054e+03,1.223039531932525506e+03,1.012980863967870960e+03,1.149261236881400691e+03,9.696418366082841658e+02,1.102938842642359532e+03,1.585748930038226263e+03,1.592399940866435600e+03,-5.314173741138363027e+01,-4.162374658069795430e+01,8.043017222524790455e+00,8.349656353324327540e+00,8.851904646375690078e-01,-2.770643153462984398e-01,1.241544465589401597e-01,4.702390786115566608e-03,-1.373278309516050722e-03,-2.015717470846652073e-04,1.827339628846371866e+01,3.019750372172021002e+01,-8.318567942674908622e+00,1.629404132693323071e+00,1.780269361321328736e+00,1.150806292787146731e+03,1.018330947359016704e+03,1.146384331283214578e+03,1.224427105829310904e+03,1.018614489483136822e+03,1.295500450283402415e+03,1.978134569787362125e+03,1.712836278556970456e+03,1.838349428456531768e+03,1.060640130720162460e+03,9.236559109269379633e+02,1.060858112043316396e+03,1.299006802942045624e+03,1.187757193323325055e+03,1.018786846259215281e+03,9.315654824234192120e+02,1.102610441156091383e+03,1.307137514602412239e+03,9.806797300045317343e+02,1.419694890954636321e+03,1.449823999745319952e+03,1.110454497217507196e+03,1.194372459010424336e+03,1.836844922972864197e+03,1.438039032852248511e+03,1.476018886205988110e+03,1.757341716017441740e+03,1.337243563330175220e+03,1.469878341586528222e+03,1.204547281891303555e+03,1.480800776143685198e+03,1.267213424049206196e+03,1.141876380086382596e+03,1.697767173889354126e+03,2.119999153299654154e+03,1.402916351666439368e+03,1.395719050067249782e+03,1.364209793908921938e+03,1.333937345790916652e+03,1.834727904800492070e+03,2.121502407655967090e+03,3.216927232783085856e+03,2.496867944245388117e+03,2.480055928685299932e+03,2.997464046902042355e+03,2.325412602784057981e+03,2.240722094995863245e+03,2.783172491998826899e+03,2.168229541329869789e+03,2.379660266363996470e+03,3.402710877472872653e+03,2.986874901723115272e+03,2.235868805408139451e+03,1.958874496590781746e+03,2.753202891403092508e+03,3.253061180106667507e+03,2.582852342889762440e+03,2.636215265576370257e+03,2.576633927605555073e+03,2.223752750704815298e+03,2.009800770309079098e+03,3.515573053219515714e+03,2.425633980407385025e+03,1.597735398007566346e+03,1.608962472806944788e+03,1.946894769355402786e+03,1.421854605340269927e+03,1.474872560999591315e+03,1.507642892665139243e+03,1.252544687365887057e+03,1.257302259312859860e+03,1.094340375887510390e+03,-8.703271980204966951e+01,6.008098547662986988e+01,1.036874444048737359e+03,1.605204409173797103e+03,1.208721746108515163e+03,1.165833498792101864e+03,1.185958591450540098e+03,1.049844857981164978e+03,9.330825359304950553e+02,1.079460122485881584e+03,9.071994129080695757e+02,9.125391087752378780e+02,1.016722216481763326e+03,1.135802614432698647e+03,1.046588369889881733e+03,1.323721579508937111e+03,1.409571454211380797e+03,1.069075215163764597e+03,1.174534597782019091e+03,1.059067115899438477e+03,1.231661745363005593e+03,1.271830374412615583e+03,1.350133959592237716e+03,1.010602715262922516e+03,1.051944081380201169e+03,1.384154979731300728e+03,1.312814978499700828e+03,1.439986102241141680e+03,1.268568235797480838e+03,1.766865510821641919e+03,1.168358111820072963e+03,1.220645593804545342e+03,1.364296261001934226e+03,1.866154334823763293e+03,1.805946376705451257e+03,1.339544363889638362e+03,1.969913005196340464e+03,1.868246365739218163e+03,1.637662897487941791e+03,1.465498639073932281e+03,1.738402234972323413e+03,1.774724202123915575e+03,1.478171971238923106e+03,1.296631269995092225e+03,1.198654144507010869e+03,1.243989301808624077e+03,8.911606971254936980e+02,7.459119788435328928e+02,8.214616539832833269e+02,6.991942611218642014e+02,6.164029615166914482e+02,6.277270645264711675e+02,6.404344355410681828e+02,9.543601276704200700e+02,8.774499447331787678e+02,9.962762358511932916e+02,8.661357436092326907e+02,6.217151809386848527e+02,5.796424523569106668e+02,6.384085532423131326e+02,7.923498543376866792e+02,7.182721804730483655e+02,9.076474052612069272e+02,7.590032113726268790e+02,8.921478863883332906e+02,8.070863469492045397e+02,8.273581335478315850e+02,7.676528531487258533e+02,6.905505808782966142e+02,6.889314233855637895e+02,6.624290084123567794e+02,6.668592296338780443e+02,8.977306909977343139e+02,8.012066795555050476e+02,7.141642371334959307e+02,9.414173610661675866e+02,7.586816773739824384e+02,6.996521705649760179e+02,6.622361289851687616e+02,7.597707791948560043e+02,9.012002722188303778e+02,8.672336502551689819e+02,8.587117734908530338e+02,9.640748221599225189e+02,8.609635411332806143e+02,8.423271054252531940e+02,8.970214302060479667e+02,8.709757213010100259e+02,7.248729131434180317e+02,8.067629227853246903e+02,8.799291570082751832e+02,1.159815399848034076e+03,1.360646192437249283e+03,1.248831660311185260e+03,6.833141658574663779e+02,7.533639765098274665e+02,1.150322372022737454e+03,1.336193880668204429e+03,1.109995604039430646e+03,1.829489698029032070e+02,1.280832940912014717e+00,-2.479375829268423703e-01,-1.744041130557403858e-03,3.321811217531231235e-05,-9.243494122214045390e-07,1.449337327696345771e-08,9.238933702450258078e-10,-2.027328436956462294e-10,-1.816681235320773080e-19
4.924962621928331615e-14,-2.022914067715633735e+02,1.786412824258518413e+03,1.332796102770958441e+03,1.456724921758449909e+03,1.481144578796693395e+03,1.370214465119481474e+03,1.550271259868980906e+03,1.728338554239570158e+03,1.412257787609667503e+03,1.184429160750080200e+03,1.553674332692928829e+03,1.576876456754646824e+03,1.377294796456149697e+03,1.419004420088195502e+03,1.524118390752522146e+03,1.450448062933498022e+03,1.301666671635246075e+03,1.305379756139779147e+03,1.209257610631856323e+03,1.272226718361708436e+03,1.321180494570479141e+03,1.283357250990787861e+03,1.196213190878319665e+03,1.659464390910897464e+03,2.078713012889841593e+03,1.679560201623541388e+03,1.364547917197948209e+03,1.527327539378674373e+03,1.409077102514896296e+03,1.196864134422838333e+03,1.166742881251200743e+03,1.395077718930502215e+03,1.630115418939108849e+03,1.387860417957650270e+03,1.390728784673760174e+03,1.697399329552276413e+03,1.675416991751893875e+03,1.491933487490528023e+03,1.186825896928350176e+03,1.175943839630525190e+03,1.012690462463147355e+03,1.001033892066735916e+03,1.070836915151989160e+03,9.755658123766405652e+02,9.598012277790974167e+02,1.068284591887844726e+03,1.227642227732533456e+03,9.834360096865764262e+02,8.429078659453299451e+02,1.220072204400210921e+03,1.340549176729194869e+03,1.030628777253401267e+03,9.840639864849221112e+02,1.088075203921490811e+03,1.240169374290062706e+03,1.447822084122913793e+03,1.335944522998788671e+03,2.409637561445601150e+01,1.887370419107848463e+01,-3.646993371144444218e+00,-3.786034584958034799e+00,-4.013772030339101682e-01,1.256309284802001880e-01,-5.629609275611818786e-02,-2.132233159645863674e-03,6.226937917628618804e-04,-5.313259037102245619e-03,-8.389980726547801737e+01,-1.388903477245098941e+02,3.865219817496392807e+01,-7.184447981182712439e+00,-9.340053554068370900e+00,4.796828349612604825e+02,9.094187253074215960e+02,9.576194288917020003e+02,1.017542259838509153e+03,8.622733319225487776e+02,1.367138306598902773e+03,1.684043895040345660e+03,2.197440751584326790e+03,1.421125899919877156e+03,1.495140445555957058e+03,1.659770744037546592e+03,1.356781724632627629e+03,1.537138219884761384e+03,5.030796184687096684e+02,9.478168233295060645e+02,9.101492148809016953e+02,1.309846947744077170e+03,1.357017164600497608e+03,1.254791948559643515e+03,1.359675197025190300e+03,1.157116314677491800e+03,1.199918424186887250e+03,1.578595759189054661e+03,1.539607295255731060e+03,1.208204402755424780e+03,1.470346283118911515e+03,2.330934619779523928e+03,1.733695903002658497e+03,1.359572398486684733e+03,1.344655882790968235e+03,1.306622818691623252e+03,1.274710166075867619e+03,1.066132479814890303e+03,2.574885570793581337e+03,1.773894253650735664e+03,1.697271541581415022e+03,1.451892604113344532e+03,1.432911976493028078e+03,1.616406449379195692e+03,1.683227810187058367e+03,3.539493904574751468e+03,2.217118526267051493e+03,2.134313893315720634e+03,2.556561724305045573e+03,2.913881696164572531e+03,2.562873145856454357e+03,2.546952201313777550e+03,2.935213231588944836e+03,2.641922441074174913e+03,2.374688314722783616e+03,3.382558910634611948e+03,2.218512091703356873e+03,2.660164251076131222e+03,2.559415509151527658e+03,2.740880457340604153e+03,2.807642995416513713e+03,2.096928677614151184e+03,2.010850605053295340e+03,2.575116291634421032e+03,2.984578134476478681e+03,2.090783719703132647e+03,2.990632102898860467e+03,3.326692141839204396e+03,2.507327444916348213e+03,1.978800622814717144e+03,1.782733261694585963e+03,1.393353932462918237e+03,1.601120249735355401e+03,1.721327274477028823e+03,1.241748329241346028e+03,1.499761711723037251e+03,1.498326880387674464e+03,9.725768528150205157e+02,-1.629864680307952085e+02,1.370029373058971942e+03,2.146392466393148766e+02,1.526481969829137142e+03,1.069191775589760027e+03,1.229112801601991123e+03,8.715996549005386669e+02,9.512040893880456451e+02,1.026682024358397939e+03,1.048347533671160136e+03,1.033586089908687427e+03,1.044672016856409527e+03,1.393935691780980278e+03,1.006489238678016136e+03,1.141928854986601891e+03,1.148239926467491614e+03,1.065783411180081657e+03,1.085104065794827193e+03,1.188744514743671061e+03,1.210599605507986325e+03,1.288237285672839789e+03,1.075708464008733472e+03,1.245889806025588541e+03,9.468143735569913133e+02,1.467482843574866138e+03,9.973337887651513256e+02,1.230952373757220812e+03,9.891817837318851616e+02,1.191463896486760632e+03,1.446893463476284296e+03,1.510189714877448523e+03,1.171529966414565024e+03,1.299068034276968774e+03,1.507829475124319288e+03,1.636746660077264778e+03,1.878125470078774470e+03,1.715803657802606949e+03,1.882597414378825988e+03,1.403346705684231210e+03,1.662585792589374250e+03,2.207460687690506347e+03,1.312248228978215593e+03,1.370049110358518874e+03,1.006235185850219295e+03,1.348155106691017409e+03,3.369375533112448920e+03,1.970421149012164278e+03,1.044985474508577227e+03,7.102808198785744480e+02,5.853549574548427472e+02,6.285026732449566680e+02,7.176265799628162085e+02,7.905902998074484458e+02,8.689547298931155410e+02,7.115924519832376518e+02,7.022151066040103160e+02,5.838469384635907318e+02,5.225737981319575738e+02,6.434163253857379914e+02,7.293293463887603139e+02,7.463260387084770855e+02,9.351231528490948222e+02,7.027788478956972540e+02,7.452040866317702239e+02,7.713225541689406555e+02,6.318840740862601706e+02,6.677966839335817895e+02,7.033905932158253336e+02,7.751974568441560223e+02,7.221728639588362739e+02,5.858293985111110942e+02,7.664735034613871676e+02,8.056265323546156196e+02,7.239863329286819180e+02,8.404318274501981705e+02,8.050737833812059989e+02,5.862274744253667222e+02,6.583108921697131564e+02,7.860327849244049503e+02,9.957964937003775958e+02,9.685081730251672525e+02,8.336243231322919200e+02,6.886688916745457618e+02,6.166385776159520447e+02,8.084319126421713690e+02,8.502742025869564486e+02,9.316406099756023877e+02,1.007544915901151853e+03,9.076829564990727022e+02,8.589930848082080956e+02,1.192137022168957174e+03,1.436821514991284630e+03,3.577059794407829031e+03,3.469092724446142256e+03,9.837361472521087080e+02,1.215445147977572333e+03,1.142878742814591533e+03,9.774922296204304075e+02,-7.889823013655367845e+01,-5.807757357481840854e-01,1.124238201130441928e-01,7.908109937051143682e-04,-1.506228714287909222e-05,4.191332787592133135e-07,-6.571816917365730107e-09,-4.189264886345735292e-10,9.192636361347515401e-11,3.576327750861399826e-18
5.366250703788545372e-14,1.007940860673699945e+03,1.470295551256196632e+03,1.374745369994209341e+03,1.530267020119464178e+03,1.366028473130518250e+03,1.437738334862614010e+03,1.355830993406418884e+03,1.187330404219560933e+03,1.247269661347674855e+03,1.364975148837798088e+03,1.860768909272896963e+03,1.675615250521613007e+03,1.415744912295405356e+03,1.470343075450926563e+03,1.379257769577705858e+03,1.327551254237489729e+03,1.245752765564268657e+03,1.388728458697483575e+03,1.510082881075728892e+03,1.316480779640379069e+03,1.402113795105920417e+03,1.315560823388920880e+03,1.070948748730824263e+03,1.513303615696876250e+03,1.611355411868121337e+03,1.573162702839101939e+03,1.800298962537639682e+03,1.590302345175038226e+03,1.415021146037120388e+03,1.364464861061894226e+03,1.377969333244393511e+03,1.340980081586639471e+03,1.494228566857704891e+03,1.499255217022647912e+03,1.244382200836508446e+03,1.492924612522378311e+03,1.431300789786305586e+03,1.341798367966192927e+03,1.212169933175818187e+03,1.142228926814439546e+03,8.586119354628308429e+02,8.299347944447098371e+02,8.879494304383138115e+02,1.002276991415182920e+03,9.753554910655631147e+02,1.130189206199628870e+03,9.094884218767879247e+02,7.654125607903074524e+02,8.711895208825802683e+02,1.176359012316401504e+03,1.156134862352475466e+03,9.647676394713701029e+02,9.263196062223524905e+02,1.270865178347672554e+03,1.200856927479242358e+03,1.075807126971189746e+03,8.426092731771474291e+02,-8.650151529868823630e+00,-6.775309441424112400e+00,1.309202919082793626e+00,1.359116133735423171e+00,1.440869649004772601e-01,-4.509917116760348010e-02,2.020925224377892113e-02,7.654321224741920558e-04,-2.235355117952362843e-04,2.206010222825395203e-02,4.804192327057496641e+02,7.336506443087180287e+02,-1.439359593126735319e+02,2.661332163556979324e+01,3.516982893176695768e+01,-2.441280647653915992e+02,1.099881815294078251e+03,9.779999759639022159e+02,9.715894848724718713e+02,1.049933608244848301e+03,1.287884724952440365e+03,1.305901951842512517e+03,1.709361347740824158e+03,1.420803884854021817e+03,1.754595131892511063e+03,1.597055337102277690e+03,1.274503107489054173e+03,1.520842696536190260e+03,4.244921078369476163e+03,1.060736800414279742e+03,1.225153834414212042e+03,1.287969286718588137e+03,1.243551358835301471e+03,1.426499295834292980e+03,1.488850041207301956e+03,1.504465150758135223e+03,1.620641069385159653e+03,1.737515698622215268e+03,1.358130619118353934e+03,1.506909690117410719e+03,1.750010210182729452e+03,1.686063238503748607e+03,1.582596955309340728e+03,1.440715838716429289e+03,1.095259816092126812e+03,1.002513691653933051e+03,1.127175760251992415e+03,1.282023780358921840e+03,1.903768462660681735e+03,1.346040907038780006e+03,1.666657863208337176e+03,1.582212030379163025e+03,1.297573563178798395e+03,1.646281848756144200e+03,2.037819581808786779e+03,3.123087532753434516e+03,1.853732921912449456e+03,2.389816942962157555e+03,2.289741210707262326e+03,2.615080012903700663e+03,2.222388645007030846e+03,2.091555605081635349e+03,3.192274886382194836e+03,2.737714655593505540e+03,2.761048101378085448e+03,3.112341460685242964e+03,2.458939018885248970e+03,2.086724805951307644e+03,2.120657949529538655e+03,2.089842641747345624e+03,2.763116450600080043e+03,1.792780679598038660e+03,1.918993009686734467e+03,2.440393827131334547e+03,3.129357956253209068e+03,2.534373937436454526e+03,2.020367388764896987e+03,3.610401615428492732e+03,2.880266503291990830e+03,2.182760974706083289e+03,2.517194221763310907e+03,1.840511536013989598e+03,1.765408100718276501e+03,1.387723378121604583e+03,1.683621038552754499e+03,1.081797471235986222e+03,1.486696377455274614e+03,1.585487687178022952e+03,8.373051751184275417e+02,1.262882529687883334e+03,8.236469936473304188e+02,1.092677554310493633e+03,1.402153765779401283e+03,1.105224525833579492e+03,7.478066773199687987e+02,8.730764616532055697e+02,1.173962244921931187e+03,1.084378060504393261e+03,1.005526537900818312e+03,9.591259730753893109e+02,1.263456434107605219e+03,8.916015593681814835e+02,1.034301089145239757e+03,1.140618723844908345e+03,1.150871785562299237e+03,1.035115444336275914e+03,1.161185075085843664e+03,9.861746701455282391e+02,1.202653285272139101e+03,8.319163575809851636e+02,9.193721339020721643e+02,1.027818237147646641e+03,1.207466962454297345e+03,1.076092466464641802e+03,1.075474170436928716e+03,9.940633534437055232e+02,1.060654736666812823e+03,1.348740810615585588e+03,1.719434839313413477e+03,1.320830423759993664e+03,1.385009609853394977e+03,1.515908647571714710e+03,1.553856554988613425e+03,1.587028147039526175e+03,1.544542875569842181e+03,1.659818479560130527e+03,1.953280308672316096e+03,1.482727797558110069e+03,1.757267976254484893e+03,1.831325324426456291e+03,1.332869030223155505e+03,1.326193600869669353e+03,1.780969162182942227e+03,2.632217723551841118e+03,1.562597735097674104e+03,1.002698321554453059e+03,6.835618074179084260e+02,8.154389611696589100e+02,6.630979490834432681e+02,6.522495016671506392e+02,6.415865192852013479e+02,7.901544352090156735e+02,7.321556277232559751e+02,6.907616413710849201e+02,7.460229809879415370e+02,6.970771689880815529e+02,7.737842299025612647e+02,7.573946567112707271e+02,9.206289320746824387e+02,7.845373845563317445e+02,6.267844457161594391e+02,6.564931310294043669e+02,7.822024326851666274e+02,6.436950964124725942e+02,6.808451599085483394e+02,6.402269162611817137e+02,7.864050868584350837e+02,8.709673224351230374e+02,5.658112263834130999e+02,6.622020376234659125e+02,7.971825451160053717e+02,6.786270213355495571e+02,7.764531848400384888e+02,7.632489075525968474e+02,6.264732520332457852e+02,6.795897466931173767e+02,7.985692723795486927e+02,8.809094362037767496e+02,7.896050589856480428e+02,7.507771114318119317e+02,6.178110145212885982e+02,6.931742848353160298e+02,8.572216081166627646e+02,6.863056922796132540e+02,1.009418946332141900e+03,1.030486584836490010e+03,8.766393416053905412e+02,8.362337808789818610e+02,8.561750512607829933e+02,1.047457886132951444e+03,2.347557185459095308e+03,2.576102162066440542e+03,1.091329033079575993e+03,1.195758336960336010e+03,1.170122318274731015e+03,3.797534152700661139e+02,2.832299998730955437e+01,2.084877078707021714e-01,-4.035806443469979604e-02,-2.838864664761290581e-04,5.407081474862985756e-06,-1.504610664870128569e-07,2.359160268292549612e-09,1.503868347246940510e-10,-3.299985820050251028e-11,1.620510064459231742e-19
8.909593559325515717e-14,1.043869902206609368e+03,1.240781555352981513e+03,1.379854725349723594e+03,1.367792127648795258e+03,1.914233124000529642e+03,1.749519650398270414e+03,1.280734747007198621e+03,1.169179136783542845e+03,1.228461804355014010e+03,1.344676913205952587e+03,1.522555385978752383e+03,1.421596860704243909e+03,1.312042084489048875e+03,1.276712217848324826e+03,1.064351993249795669e+03,1.196959758152312133e+03,1.558114071483075577e+03,1.536502681967688204e+03,1.721306081826821583e+03,1.257450043212497576e+03,1.437030382453198172e+03,1.281546122772550916e+03,1.253278460116735459e+03,1.621414049611550809e+03,1.356852990775483704e+03,1.472025290108562785e+03,1.765018566224298183e+03,1.511910975689309225e+03,1.497292968141038045e+03,1.683949743970207692e+03,1.427729047539352223e+03,1.278074275216364413e+03,1.435145293247082691e+03,1.601497959901794275e+03,1.185959209065248842e+03,1.213913451681385141e+03,1.185864439003988764e+03,1.025458853591030675e+03,1.211545251467250864e+03,1.202309839353191819e+03,9.658740361940550656e+02,8.269114296532021626e+02,8.712753769678556637e+02,1.086452892138504694e+03,1.135273595340338943e+03,1.152193396929720848e+03,8.480129772947483389e+02,1.086741814312068300e+03,1.227251416052604554e+03,1.346127007870759371e+03,1.242222962164585624e+03,7.904028220532569549e+02,9.114562280463422894e+02,1.150499874242532769e+03,1.171222435031348596e+03,9.082858310370028221e+02,2.794207671420451220e+02,2.649140537399771844e+00,2.074963294910785461e+00,-4.009481820410773500e-01,-4.162342865495864963e-01,-4.412715995736974511e-02,1.381178610778144820e-02,-6.189157409399320686e-03,-2.344163869041648884e-04,6.845856817151920609e-05,-7.110556159713055102e-02,1.385428203639243065e+03,1.373344676724339934e+03,5.607176701932019114e+02,-8.489398336310819104e+01,-1.123652812706188229e+02,4.316941727638235307e+02,7.007157087845805563e+02,5.973731704171393631e+02,1.068110354381589559e+03,1.413671704855093822e+03,1.414777658280093419e+03,1.439165361781626189e+03,1.419676587004714293e+03,1.547169455737172257e+03,1.403289002342565482e+03,1.495593658494030251e+03,1.141432361334586403e+03,1.481253859999613496e+03,4.299145130102438998e+03,1.199600503522645340e+03,1.393466742960426473e+03,1.001483676063832036e+03,1.145836186360040756e+03,1.150661274069670071e+03,1.515270592195251766e+03,1.640429600491972224e+03,1.559491302959105724e+03,1.414795744932336447e+03,1.525198283464985707e+03,1.906494959177684450e+03,1.805254285478193651e+03,1.800058358902194641e+03,1.533392626015797759e+03,1.334187312702372765e+03,1.007484024048440233e+03,1.083180308362846745e+03,1.044526379774887801e+03,1.118807610776515048e+03,1.238108502830241378e+03,1.467291449759155057e+03,1.604500848806605745e+03,1.383781101457851037e+03,1.154134295692511614e+03,1.255512287384657839e+03,2.374138789388827718e+03,2.405293359937756122e+03,2.968751677412440586e+03,2.815921411612886459e+03,2.429210933063077846e+03,2.432878395060781259e+03,2.170466416397965986e+03,1.955031354807140588e+03,2.997122168077640708e+03,2.384261805281337274e+03,2.365148818295759156e+03,3.088274495317650235e+03,3.230230752029317955e+03,2.225768865614776587e+03,2.208780966934631579e+03,2.338314259757090895e+03,2.664671977819633412e+03,2.048690801738977370e+03,2.159319210465072047e+03,2.753728050386442192e+03,2.630805767471645140e+03,2.850921273046638817e+03,2.668670830274882064e+03,3.014255238348754119e+03,2.443440755273137256e+03,2.539155680628522077e+03,3.049246082403150012e+03,2.949547324682277122e+03,2.196842421685366844e+03,1.477838963833833077e+03,2.182007141197200326e+03,1.815304983488238349e+03,2.075067534408141455e+03,2.100543129493194101e+03,2.058688946499363738e+03,1.288289997640550155e+03,1.791772154029152489e+03,9.113434184269357274e+02,1.365154358862057506e+03,9.773659273308978754e+02,1.013288391724041617e+03,9.960548689637328152e+02,1.014785704924545485e+03,9.466514975119901010e+02,1.056099653011400960e+03,1.029538289182377412e+03,9.732366340881055748e+02,7.765697437037690634e+02,1.040459072335761448e+03,1.132050824089605157e+03,1.064085118645620014e+03,1.135789497165342027e+03,1.189044166962199370e+03,1.288977873938460334e+03,1.148207594232726251e+03,9.373983714878585261e+02,9.373486582844011537e+02,9.293254663267171054e+02,1.120490626504504007e+03,1.317518309227222517e+03,1.231022951091268396e+03,1.305589849334012115e+03,1.135367317297648015e+03,1.074863158574588851e+03,1.329874836546559436e+03,1.350183059641154614e+03,1.863513110294631588e+03,1.490036838232588025e+03,1.528109528050938934e+03,1.631502020303314112e+03,1.905110784320481798e+03,1.384376194896674178e+03,1.982385547283311325e+03,1.566901324162550736e+03,1.491362408907970348e+03,1.723155305321153037e+03,1.087404779488774693e+03,1.460352009565283652e+03,1.597488114688617316e+03,6.800752867411704301e+02,5.261540561000346088e+02,8.248368409437765649e+02,6.642038428260302680e+02,7.406044598384219171e+02,5.929424472794844405e+02,6.565256906682911904e+02,7.630376691645598157e+02,7.047263202186355784e+02,7.525365123977425128e+02,8.276247903104884927e+02,8.281848975685603591e+02,7.861476598984249904e+02,7.984051939187490916e+02,6.875098339068791802e+02,7.975000079605533756e+02,7.007301837009845258e+02,6.057605903419176911e+02,6.960424848653171921e+02,8.101920015902435352e+02,8.365735215663902409e+02,7.347885848377702587e+02,6.460993379652629756e+02,8.527282681530821264e+02,9.070228664349373275e+02,7.470035132555099153e+02,7.477763523093107096e+02,7.081263107631281173e+02,6.749929355241912390e+02,8.234578645715745324e+02,7.676448493355544542e+02,7.839569770904830648e+02,6.551380705128472073e+02,6.997518584503917509e+02,6.761834774546921381e+02,6.638455481014309498e+02,6.487902360113432678e+02,6.206083504717528285e+02,8.188580620549007563e+02,8.752734995420166797e+02,7.478130698519378257e+02,9.987058871067314385e+02,8.682935920788132762e+02,9.123105291744719807e+02,9.229752838818516238e+02,1.017339823701033765e+03,1.161822289899894713e+03,6.388658790464959338e+02,6.469368265649097793e+02,1.279191272715767127e+03,1.121144142071525266e+03,4.610415213380771320e+02,-9.241731795781539915e+01,-8.674022329654736296e+00,-6.385012302154445540e-02,1.235980483159019802e-02,8.694126859423736650e-05,-1.655938476661356676e-06,4.607925184659235363e-08,-7.225014698057124073e-10,-4.605652003411614159e-11,1.010632727861630101e-11,-4.351781794965332636e-19
1.058513919013304519e-13,-1.991722026833513723e+02,1.357080967340852339e+03,1.493349956280190099e+03,1.653095754982113021e+03,2.333911918695355325e+03,1.640416131691070177e+03,1.183225363212657157e+03,1.508559335268112363e+03,1.473104464613533082e+03,1.325679503384128338e+03,1.200484389898215341e+03,1.277156978723685597e+03,1.220672640512479347e+03,1.166711643016744574e+03,1.157158631066859925e+03,1.387376416994653255e+03,1.863086384633467105e+03,1.735118260786954579e+03,1.613380373045704118e+03,1.260761284363620689e+03,1.400211019177711705e+03,1.235624441712509451e+03,1.262943874114428127e+03,1.282983552847781993e+03,1.311065951234955492e+03,1.364126152227779130e+03,1.558254652057752992e+03,1.475041788091438775e+03,1.434904308374901348e+03,1.625156527780688748e+03,1.397138735239168454e+03,1.169109073070364730e+03,1.314757104735142548e+03,1.469323688871738796e+03,1.216443782492136734e+03,1.194328397154761205e+03,1.103228563808298759e+03,1.005094782558189650e+03,1.109889563301092949e+03,1.316723798402523926e+03,1.085051027913743610e+03,9.953603448384961894e+02,1.158641311751632202e+03,1.122300848371431357e+03,1.221393473026476840e+03,1.292415599737352977e+03,1.175538007349154668e+03,1.290399583620266412e+03,1.273821958938024409e+03,1.249406577831137156e+03,1.335908585580679983e+03,1.100887844582699245e+03,1.058512691737010755e+03,1.120450014727391135e+03,1.308994785288607545e+03,9.587607573655559463e+02,-4.544778392638163922e+01,-6.933422307148437991e-01,-5.430665833335942549e-01,1.049375477440398774e-01,1.089382799283101361e-01,1.154911322103962558e-02,-3.614868524369044961e-03,1.619847725548580848e-03,6.135226910067696792e-05,-1.791721356052085857e-05,1.927043429393577034e-01,1.020914428736907212e+03,1.155131501565438612e+03,1.359255976468191193e+03,2.570578848946547623e+02,3.371218358596163398e+02,1.213713960563944283e+03,-2.202586675761947674e+02,-1.875079316978955148e+02,1.237598517518704284e+03,1.678384647165371689e+03,1.505134717175285459e+03,1.586625167038341260e+03,1.625789046068012112e+03,1.081360302182064061e+03,1.405109961285278359e+03,1.754648490920507811e+03,1.487077520827441276e+03,1.362168436417554403e+03,4.234567446310053924e+02,1.035997629186325184e+03,1.218414938370210393e+03,9.507448567258929870e+02,1.253328756696863593e+03,1.358418075446495550e+03,1.242036628653081380e+03,1.441534467697504169e+03,1.293544299647294338e+03,1.462181833273908524e+03,1.579719508441181688e+03,1.556734166012510059e+03,1.456825857544459723e+03,1.984723979053090034e+03,1.557182627789529533e+03,1.063300879227925407e+03,1.223221362559355384e+03,1.392008668725757843e+03,1.309249606923126748e+03,1.314351106028516142e+03,1.508903306484413633e+03,1.543662991256906707e+03,1.440109748417896753e+03,1.039097201612255503e+03,1.172778721084809831e+03,1.583776661931043918e+03,1.934665316892900137e+03,2.789629547143586478e+03,3.390645706948977931e+03,2.856543446532852158e+03,2.825607826224450491e+03,2.804678696533608672e+03,3.073318070028888087e+03,2.648513563525330937e+03,2.552582895622621436e+03,2.422019232584367728e+03,2.812007532076255757e+03,3.464907008443449286e+03,3.526445087446242269e+03,2.589332595083125852e+03,3.161052015687857420e+03,3.204890633401817468e+03,2.632864740351910768e+03,2.642334467084122480e+03,2.180898067208398970e+03,2.734863793556862674e+03,2.698231517871307460e+03,3.654098174648276199e+03,3.452944256751469766e+03,2.556700061024348543e+03,2.345212171796565599e+03,2.658469899425761014e+03,2.540347346587516313e+03,3.595496614112499628e+03,2.427996746210734273e+03,2.301246696146730756e+03,1.898097306255558124e+03,2.363188217491289379e+03,2.558246636311067505e+03,2.564090707236237904e+03,1.957954921260106630e+03,1.077042391826376843e+03,1.535555714492041261e+03,1.128791321815121591e+03,1.096981666539654952e+03,9.801029244505459701e+02,1.160370437019043266e+03,1.171729052835739594e+03,8.879762681527257655e+02,9.600637024599734559e+02,1.244036001293211484e+03,1.248421494839381239e+03,1.013427609155055166e+03,9.849174417333784959e+02,1.225611356988334137e+03,1.018661694365416793e+03,9.953677311777760224e+02,1.302961327109969716e+03,1.265980663356344394e+03,1.534042577361096164e+03,1.257763700808763588e+03,1.457587999585835632e+03,1.347036187832837641e+03,9.509425354412834395e+02,1.280080838226389687e+03,1.161371409571813501e+03,1.183551419556101337e+03,1.273649634449262294e+03,9.752543716466021806e+02,1.092311576332147752e+03,1.211193079222144888e+03,1.351126173787473590e+03,1.734549987348326113e+03,1.579902972827240319e+03,1.838853192689831758e+03,1.951060028119273056e+03,1.837322166955781768e+03,1.759441110871484852e+03,1.498083910401545381e+03,1.846727870546706527e+03,2.006627814042742330e+03,1.231686724437919111e+03,1.069898327442674599e+03,1.201562079846300094e+03,8.599120721807712471e+02,7.519734204603943226e+02,7.216239576863749789e+02,8.115294462372344242e+02,7.595636033240841698e+02,7.721727403548679831e+02,6.612218581973937717e+02,8.404116479217668711e+02,7.353292362176040342e+02,7.655137418661435049e+02,6.826241944381101803e+02,8.697691499385207408e+02,7.479836164751861816e+02,7.141326907790254381e+02,7.004919688807149214e+02,6.523548332855585841e+02,6.770682201297329357e+02,8.006469424594027942e+02,7.724943019727134015e+02,7.952934669211002756e+02,7.460125605813065022e+02,8.181623515540958351e+02,6.631439682990289839e+02,6.776654298329585799e+02,9.168569469679547410e+02,9.288513144825367363e+02,8.709177705565533643e+02,8.056334168222531389e+02,7.006608425228847636e+02,7.172115587312347316e+02,7.410575293338642950e+02,7.760408458630615769e+02,8.954959998943294295e+02,7.012345253117689481e+02,7.687639893125572144e+02,7.088817237998193832e+02,7.416330468928987329e+02,7.368201736779049043e+02,6.590966833755917378e+02,7.424674266630046304e+02,7.626837093400230287e+02,8.583712470433333692e+02,8.647645093684801623e+02,7.584099010660355589e+02,9.151785008345581218e+02,1.052441688596137737e+03,1.205072960695643815e+03,1.195252071273582942e+03,1.107717437026572725e+03,1.118722452674847773e+03,1.056170075084481823e+03,9.888814383312985683e+02,2.010829715980584069e+02,2.418778072550956537e+01,2.270195183695201901e+00,1.671107546798730747e-02,-3.234850953075949376e-03,-2.275457010910225349e-05,4.333979567039870290e-07,-1.206002149328922302e-08,1.890955858947907393e-10,1.205407106932754268e-11,-2.645062698152074860e-12,3.954473632462359926e-19
1.272693694714800024e-13,4.117893017657640087e+01,1.180301241413163780e+03,1.449298260957026287e+03,1.886374009905493949e+03,1.517703461325522994e+03,1.314913354782265287e+03,1.257411263520140210e+03,1.342751372236477209e+03,1.577773364070302705e+03,1.432556978345763582e+03,1.365985430684743505e+03,1.481693155599788724e+03,1.386436561736293697e+03,1.608024613331106821e+03,1.661850827327426714e+03,1.499453864221331514e+03,1.458943736913215389e+03,1.490428384234201985e+03,1.494478278220673928e+03,1.535495136470741500e+03,1.417334233814718118e+03,1.552225616481412544e+03,1.437455479045121365e+03,1.252173417823402588e+03,1.378331051517930291e+03,1.543960941337399845e+03,1.642231420152296550e+03,1.362633918006971271e+03,1.393401062541697456e+03,1.467818762307535735e+03,1.441079903764988103e+03,1.163839895513612419e+03,1.021564298608757099e+03,1.004155796197647760e+03,1.158416921702416175e+03,1.303116104508909302e+03,1.130534171562893789e+03,1.026611391860782533e+03,1.115683388049527139e+03,1.124162278860355400e+03,1.064175921318534620e+03,1.274295312815614125e+03,1.448891740946700793e+03,1.257617726611224498e+03,1.148042182814401258e+03,1.376731825226332148e+03,1.486887685449227092e+03,9.855460379488661147e+02,1.016130808466817825e+03,9.207490348070721211e+02,1.088546186935085416e+03,1.402558061961705107e+03,1.263602436489890806e+03,1.470289348008444449e+03,8.853186138657370066e+02,7.130891825483361117e+02,9.396734331676894314e+00,1.433546598751917756e-01,1.122838524742588856e-01,-2.169677305003336193e-02,-2.252395994483884223e-02,-2.387882043363055793e-03,7.474062730071098044e-04,-3.349179489219085578e-04,-1.268512823176038775e-05,3.704543499195792716e-06,-4.033083155944204856e-01,-1.179581166304148923e+02,1.155015322843295962e+03,9.373837483949230318e+02,1.087611560859205156e+03,1.255232550619920858e+03,1.143750740457701568e+03,2.420845078384876103e+02,2.078746528774471471e+02,1.376114168133684188e+03,1.652318429964963343e+03,1.481437313341838035e+03,1.617716189167103494e+03,1.426000608689482988e+03,1.091088832756627880e+03,1.901488799331893915e+03,1.266292330668630484e+03,2.045454339723331032e+03,1.352937637960116945e+03,1.395903952953816770e+03,1.152129815462125862e+03,1.440542060206193128e+03,1.505556610269603652e+03,1.642284417144762074e+03,1.870119481474310305e+03,1.384433119661958472e+03,1.402168670730967278e+03,1.312111771983092922e+03,1.571513041392130390e+03,1.527387259484663900e+03,1.174218287563045578e+03,1.263038476761605125e+03,1.258883411519290348e+03,1.018864576535503829e+03,1.087666682029944923e+03,9.584881428536150452e+02,1.370270301407548459e+03,1.483695001324813575e+03,1.700660264588284917e+03,1.516765440873661191e+03,1.605610877940231603e+03,1.092651236144268978e+03,1.088013799176755128e+03,1.134445222976954938e+03,1.876250619176717692e+03,1.614787465192686113e+03,2.575785292343699439e+03,2.461515717826272066e+03,2.871834433982234714e+03,2.263217550367270178e+03,2.820988290124803370e+03,2.887187003395224110e+03,2.842642000414368795e+03,2.505766545254538869e+03,2.041815685675041323e+03,3.734728532029353573e+03,3.753586502062595628e+03,3.742749614981508785e+03,1.999671338009421561e+03,2.628631652987383404e+03,2.873355156452581014e+03,2.462845353828555290e+03,2.658057422349952049e+03,2.467379316733316045e+03,2.205977132825532863e+03,3.018575068787896726e+03,4.177211007526215326e+03,3.181272829833412288e+03,2.376035670523971930e+03,1.802928802139671234e+03,2.367206231921315066e+03,2.246104296613838414e+03,2.568197806018966276e+03,1.907882387095683271e+03,3.086693146937719575e+03,1.585285161294186310e+03,2.193317553334489276e+03,2.409576882494069196e+03,2.104674059702935665e+03,1.814947516858491326e+03,1.007745668412294094e+03,1.462820431794294336e+03,9.926869028750430743e+02,1.464753424320910426e+03,1.237212539888475931e+03,1.053017539255075008e+03,1.062663372921372684e+03,1.073673971014012750e+03,1.026988185392958258e+03,1.209764308649913119e+03,1.189837131316691966e+03,1.084942217575476661e+03,1.169480012981344771e+03,1.346681206835938838e+03,1.022118494828590883e+03,1.103702502645996219e+03,1.277046725938268310e+03,1.133872561836693876e+03,9.695167928092809007e+02,1.158438178688608332e+03,1.699868116176024159e+03,1.010453151115874903e+03,1.219376847151265110e+03,1.565132250071399312e+03,1.025703172163278850e+03,7.696300621412083274e+02,8.933221845296892525e+02,1.106099138510094463e+03,1.033398406381017139e+03,1.304259830438361178e+03,1.460404462419133552e+03,1.529920168739205792e+03,1.918177903391481323e+03,1.724467876314619161e+03,2.060749236393632600e+03,1.416276281937792191e+03,1.909664616358125613e+03,1.434624136467577500e+03,1.784317233805032856e+03,2.056370706338673699e+03,1.512403669212805198e+03,1.353640191299443813e+03,1.266564233893373057e+03,9.015481648465329272e+02,7.384815867909622966e+02,8.837456561100085537e+02,8.383043511608065046e+02,9.401876144408552136e+02,1.151839963481234008e+03,9.482336357036460868e+02,8.336490610597376190e+02,6.986225527135526363e+02,1.045470409253428898e+03,8.036575830678006014e+02,7.553239175078008429e+02,6.849172943425178346e+02,6.808413993647066036e+02,7.469540094107552477e+02,8.021092923969183630e+02,8.201936473279271240e+02,8.298767271809057320e+02,9.838354115951441372e+02,9.226983338412286457e+02,6.789009873643070705e+02,6.209756206785319819e+02,7.059010454551895464e+02,6.358605107763429487e+02,7.281452416028370180e+02,7.964952202794586356e+02,6.426231346400287521e+02,6.806004316793071212e+02,8.395618114556344835e+02,7.493407962567583809e+02,7.550269608308714169e+02,7.729854066111074644e+02,8.447636094586546278e+02,7.619502915102840461e+02,8.908387126650449090e+02,8.289991601121574831e+02,7.348649627778146396e+02,8.698976196054527463e+02,8.589661335553728350e+02,8.119252082513031610e+02,7.384563711823489029e+02,8.110494037628176329e+02,9.346566955157911707e+02,8.180795432298906462e+02,8.389706262812486557e+02,1.178529699650160637e+03,1.273373703112953308e+03,1.249848265843337458e+03,1.346222316943286614e+03,1.281256536966528984e+03,8.042159096422335551e+02,6.841813196035876672e+02,7.242163599362484092e+02,-5.001039160425452934e+00,-4.693830800068214404e-01,-3.455163736457835064e-03,6.688342547041587925e-04,4.704710096837547261e-06,-8.960888876686521876e-08,2.493516891765563136e-09,-3.909719835408267846e-11,-2.492286530276844519e-12,5.468900424060963904e-13,-7.206149696328397418e-19
1.414036743413738549e-13,-4.087280290789833792e+00,1.204589649584318067e+03,1.119316084276381616e+03,1.293786656906012013e+03,1.176568520274017601e+03,1.324360144186858861e+03,1.502917517295122252e+03,1.314339265065983454e+03,1.355056125756525944e+03,1.333271180055379091e+03,1.578441575056893498e+03,1.336058732786773135e+03,1.297281455946705364e+03,1.434285247075696816e+03,1.549702159304172937e+03,1.066943879789991115e+03,1.129994726101491096e+03,1.387261267174825662e+03,1.405309362141745396e+03,1.406738888239779271e+03,1.588585217778473179e+03,1.845951486255050440e+03,1.457378050877876603e+03,1.653039318507498365e+03,1.363623346934293068e+03,1.215328232464719576e+03,1.330403327036037808e+03,1.249281424480120450e+03,1.501202478278730268e+03,1.556156872757740302e+03,1.242518257125130958e+03,1.415308945005633859e+03,1.336881602846774967e+03,1.103061494915282765e+03,1.067412783803466937e+03,1.358802555600772621e+03,1.127656213687127547e+03,9.520133370137643851e+02,1.341846643410231763e+03,1.098492207080825665e+03,9.453304200538540272e+02,1.121768474142772902e+03,1.280789533765709393e+03,1.134331954020086641e+03,1.076534913962223300e+03,1.200465986615232623e+03,1.229708065620691059e+03,9.737194387574068060e+02,1.121752108275155024e+03,1.284010323566117449e+03,9.182844741634684169e+02,8.879191427145137823e+02,9.823925895370862236e+02,1.146824501892046328e+03,-2.931545916046687239e+01,-2.428570574421489070e+01,-9.330587094232736245e-01,-1.423452918017527151e-02,-1.114934131452369540e-02,2.154404023397424577e-03,2.236540293385582290e-03,2.371072492804103245e-04,-7.421449147272935322e-05,3.325602987250709120e-05,1.259583155563378306e-06,-3.678465862137748158e-07,3.880220722885059370e-01,1.547375141269822230e+01,1.264782900976905694e+03,9.683641327647808339e+02,1.039095639655656441e+03,9.297624449845677645e+02,7.731640067644966621e+02,1.407591713130309699e+03,1.423979645121456088e+03,1.359354011012103456e+03,1.333361644667830205e+03,1.824646926609142383e+03,1.731619195978206335e+03,1.743820813171878854e+03,1.717005816411698106e+03,1.864797058113701951e+03,1.418634238998244882e+03,2.293294636808063842e+03,1.607496472739801220e+03,1.682054550312735046e+03,1.636510041442438933e+03,1.773047041265839198e+03,2.096208078488237788e+03,1.995473436979679491e+03,1.505963002569185164e+03,1.618564185442965254e+03,1.210740926090677476e+03,1.383125725117889488e+03,1.425833386533980502e+03,1.767007096241334466e+03,1.461416612024754386e+03,1.240505551319893357e+03,2.167401785446974372e+03,1.032464489665039764e+03,1.016916008399745806e+03,1.172668672176400150e+03,1.369969128957176963e+03,1.156075755817694926e+03,1.094147464867135113e+03,1.230523864753317184e+03,1.597189137137223952e+03,1.501657695704036996e+03,1.159027779388220551e+03,1.564547588004410045e+03,1.100452055967379465e+03,1.937506048017630292e+03,2.319632809501409156e+03,2.158382473306549855e+03,2.660529162256568270e+03,2.205672835650408615e+03,2.301047206919369728e+03,2.445106879920751453e+03,2.609272901127297246e+03,2.474071470516519184e+03,2.831726261329894442e+03,2.452446256052855915e+03,3.327070133516721853e+03,2.956322808536904176e+03,2.161363775768151754e+03,2.516545460750196980e+03,2.700513860019689673e+03,1.949931217720246650e+03,2.220252754531478786e+03,2.833736497955728282e+03,3.169892322751088614e+03,3.273118406031027007e+03,2.691080242872545114e+03,2.617234086951827976e+03,2.678837975163022293e+03,1.609059208274981529e+03,2.627554183990957881e+03,1.914418950858695098e+03,1.890240358455309888e+03,2.052993370350543501e+03,3.563861079709929982e+03,2.330917362880230485e+03,2.822260365520280175e+03,2.532648433217384991e+03,2.317758936192671626e+03,2.481216700438789758e+03,1.438853006702987614e+03,8.774229469809390594e+02,1.298756754640467989e+03,1.262549713741972937e+03,1.395500994554908402e+03,1.586440540532919840e+03,1.060702021593250947e+03,8.564973102526809043e+02,8.341013783243756734e+02,1.132228056120617339e+03,1.182325764798989439e+03,1.124605303475934306e+03,1.353509250662844352e+03,1.074243013063311537e+03,1.015063899256655532e+03,7.889568072071771212e+02,1.385401873127945692e+03,1.374113611226135845e+03,1.055645796460734573e+03,8.796699645464404966e+02,9.305826864335800792e+02,9.475654413360166473e+02,1.035073907605357135e+03,1.614997293212835530e+03,1.051557742300551581e+03,8.393908590251700161e+02,1.094967819790533440e+03,1.098672891191182998e+03,1.143253342191216234e+03,1.160011181490672698e+03,1.086256306253887487e+03,1.474425154692385377e+03,1.348000365516303418e+03,1.715889380617423740e+03,1.516171599111321029e+03,1.787866544117418243e+03,1.722670301863851364e+03,1.552731916767146004e+03,1.587648844319716773e+03,2.008780932759672169e+03,1.747147292685033335e+03,1.771828888117290035e+03,1.543913715579194786e+03,1.242907286984639086e+03,1.114987263500863719e+03,8.654797305768673823e+02,9.255716438098630761e+02,1.256447527061581013e+03,1.184415242546870786e+03,1.092422129111917229e+03,9.490765714538842985e+02,1.155972176094428960e+03,1.413594300981309289e+03,9.409354413956104963e+02,7.659208504301149105e+02,6.937966008422731647e+02,7.406153881050632890e+02,8.482865421889781601e+02,6.678550349838139937e+02,6.527981967136852290e+02,6.109737004198116210e+02,7.779192054432841132e+02,9.284931263418168328e+02,7.844556581854075148e+02,7.167350495549768539e+02,8.826978856708626608e+02,7.167184878808080839e+02,6.425768824165724027e+02,6.533107683308261358e+02,6.065013142699302762e+02,6.930749334583704240e+02,8.300447577613080057e+02,8.273879912284243119e+02,9.557435124408872298e+02,8.291711615255600236e+02,7.878479429075745202e+02,7.679738493001684674e+02,7.117111774604901484e+02,7.054225567212963597e+02,7.028277571166336202e+02,7.384595858116139198e+02,8.154623308544765905e+02,8.634854509829767721e+02,8.917266015957130776e+02,8.336380134159325053e+02,9.255467209949429161e+02,9.622246209069013503e+02,1.024801409907445304e+03,1.144422457764275578e+03,1.211107725867874933e+03,1.425999859306368535e+03,1.579920411190351388e+03,1.183672147073963060e+03,1.043241256883592996e+03,1.019269821336582595e+03,2.203831538148824620e+01,4.965834415411162772e-01,4.660788643998823449e-02,3.430841159824297797e-04,-6.641260053532536652e-05,-4.671591357585160400e-07,8.897808747438960234e-09,-2.475964067114290512e-10,3.882193865254626801e-12,2.474749404421289955e-13,-5.430455373274433839e-14,5.899928713647883487e-21
1.665761792011845932e-13,-1.912796970686041487e+00,1.372524213688026975e+03,1.263120992699867884e+03,1.362955245300631532e+03,1.502555899530607803e+03,1.305162383477224921e+03,1.410438517778121877e+03,1.261291914901978998e+03,1.161550205236921556e+03,1.555277460340924563e+03,1.597373781933508553e+03,1.626227576573932538e+03,1.681107813413700796e+03,1.392349338336724031e+03,1.245301719889163678e+03,1.207959562762869609e+03,1.269582699780103667e+03,1.418271378138181262e+03,1.543504375311001468e+03,1.371798990423976420e+03,1.377414075124569763e+03,1.488472949799198659e+03,1.592210133956602476e+03,1.608625190247336150e+03,1.591441389314473099e+03,1.671818504500775134e+03,1.499040903908338123e+03,1.314468101616294916e+03,1.701856201361868898e+03,1.598678516596715099e+03,1.692795515880819039e+03,1.933788651771189734e+03,1.567117259671767897e+03,1.432123650055094458e+03,1.242423394719882708e+03,1.085330638753635640e+03,1.055151826887087509e+03,1.000821472185727430e+03,1.081361191845190206e+03,1.156121525871730455e+03,1.215775423748404137e+03,1.201536457309532352e+03,1.245449907729012921e+03,1.240094931163934916e+03,1.312081044357459632e+03,1.459874995766182337e+03,1.178070467910390562e+03,1.152444782493153070e+03,1.066315409891315767e+03,1.073782329027483001e+03,9.827138945414109230e+02,1.062297363285191977e+03,1.012190230422581294e+03,5.832413751529343671e+01,-1.376962233569249427e+01,-1.140711647096423498e+01,-4.382626961620126327e-01,-6.685931565352973630e-03,-5.236892653927993288e-03,1.011934789380194597e-03,1.050514072625669156e-03,1.113704091497569885e-04,-3.485891259716052370e-05,1.562052167530937513e-05,5.916324452212264105e-07,-1.727794138440368900e-07,1.685363661552020442e+00,2.351394897132199802e+01,2.145363658757606572e+03,1.101212799937124601e+03,7.847405463844313545e+02,9.054801527622995536e+02,1.385252392028941358e+03,1.058456450552121623e+03,1.557180608902990116e+03,2.043401487587005022e+03,1.625823497123951711e+03,1.431424245138289962e+03,1.815462306693299524e+03,1.784894425587111300e+03,1.879682479128562818e+03,1.258841902697911792e+03,1.711789676363559465e+03,1.585527247249816355e+03,1.255282645518158461e+03,1.965866072866625927e+03,1.575797154298373925e+03,1.460624697764922075e+03,2.146784281420952084e+03,2.020685521420010446e+03,1.561877594401950091e+03,1.832439880400042057e+03,1.746586035258822676e+03,1.469232371596663143e+03,1.803659413152182879e+03,1.472921695861533863e+03,1.558320707932504092e+03,1.811753367607150494e+03,1.795398098414713786e+03,1.130133461173461228e+03,1.170160252980311952e+03,1.530497036047334632e+03,1.300959556984616029e+03,1.077190798622783404e+03,1.102680504979748093e+03,1.158531555316115373e+03,1.277825047802848076e+03,1.472401861750557600e+03,1.364548559322020083e+03,1.113647679936508666e+03,1.120724591463263778e+03,1.954973656546047778e+03,2.672949495829315765e+03,2.666643568344115920e+03,1.934033625072700033e+03,2.149846821877879847e+03,2.780778574300628861e+03,3.047171935414775817e+03,2.433831485287754731e+03,2.507626562265741086e+03,3.120641325699948993e+03,3.199042591166255079e+03,2.748566402870832462e+03,3.389332571621130228e+03,2.855865018896609399e+03,3.266317286335819063e+03,3.462368682330348747e+03,2.241035728262982047e+03,2.065340556371412276e+03,3.599024033000669078e+03,3.576904630135043590e+03,3.575968221849172096e+03,2.482449978192305934e+03,2.745292424749035035e+03,3.133376425188730082e+03,3.005808210778599459e+03,2.870824413766797534e+03,2.118595848082578414e+03,2.323501686481401521e+03,2.257653668230389940e+03,2.484163060143157509e+03,2.718871952446566411e+03,2.509277376063781048e+03,2.223599820948025354e+03,2.395465818722073891e+03,1.890460591547658851e+03,1.452707452502879278e+03,1.536006475989302999e+03,1.557048042447370790e+03,1.209018644800606126e+03,8.467066767569176591e+02,1.123167345423081997e+03,8.223197427840866567e+02,1.231818643570886252e+03,1.008095834955006126e+03,9.320196721355998761e+02,1.192384959416913944e+03,1.167866065429942410e+03,1.234764204228362132e+03,1.107843729351538741e+03,8.735991519304585609e+02,8.856515566325522286e+02,1.084227055070753977e+03,1.100702523662454496e+03,1.505870189846825497e+03,1.132771901762424704e+03,9.388551646656799221e+02,1.239727801221956270e+03,1.214581348679148732e+03,1.095505391631353177e+03,1.318283903696783682e+03,1.096874336439751914e+03,1.191644052101428315e+03,1.316167657271199005e+03,1.015727474175071279e+03,9.890117624987783529e+02,1.175902287485843317e+03,1.152263481252401789e+03,1.165208592304153399e+03,1.754481812749734672e+03,1.519761567345012054e+03,1.705163669330499033e+03,1.368558981136970033e+03,1.310797799560094063e+03,1.670773265476030701e+03,1.999744142387124839e+03,1.682739503342162607e+03,1.603288566191661175e+03,2.206217978212484468e+03,1.693496912694414732e+03,1.157373655504557064e+03,1.056362913567157193e+03,1.579992395332234764e+03,2.070483184854874253e+03,1.908311203572800423e+03,1.694444547886157579e+03,1.281787601455316008e+03,1.393921746318889745e+03,1.564160827478266810e+03,1.494931903346525814e+03,9.771713997183300080e+02,1.165544547902562044e+03,9.594032447066908844e+02,9.466566302083356277e+02,7.532800057081577734e+02,7.211456780468394072e+02,7.070110260553278749e+02,7.243337836594009786e+02,6.358142287893306275e+02,6.378192145850084671e+02,1.122769810572005781e+03,8.947134098376110387e+02,6.733685199489532351e+02,7.627118352211721231e+02,8.451552952765329110e+02,7.633003322341071453e+02,8.471021177537784297e+02,7.685458166190060183e+02,8.734183809937424030e+02,1.074827872746333014e+03,9.421845972525425168e+02,8.969039770778159664e+02,7.139737480196687329e+02,6.523001108078960897e+02,6.050041641430331083e+02,6.512069205798004532e+02,5.843803284149329329e+02,6.353132254739939526e+02,9.355765192107229495e+02,8.766963813123260252e+02,8.258963535653707595e+02,8.777609711281974114e+02,8.000499717222830895e+02,8.015338487549765887e+02,1.042396999310843285e+03,1.171624226516534236e+03,1.092188380345464338e+03,9.748007077373338234e+02,8.911285439108128230e+02,1.238932707680357225e+03,1.208758556340284258e+03,1.189041362397508919e+03,2.332476977979757449e-01,2.189195470880501634e-02,1.611483056207496374e-04,-3.119432684184372351e-05,-2.194269552254261910e-07,4.179344802882126015e-09,-1.162972325568573098e-10,1.823486743190478430e-12,1.162409937880357281e-13,-2.550702035454074807e-14,-1.014110079707038374e-18
1.966365876587972027e-13,1.479480972777407644e+00,1.544293725398106517e+03,1.549335058112486195e+03,1.384995356691899133e+03,1.351393261369785023e+03,1.535671910990908600e+03,1.540657170500563097e+03,1.315375201687026447e+03,1.184821259152374296e+03,1.290620334134328459e+03,1.290655960838352712e+03,1.276548098486932986e+03,1.584702579138802321e+03,1.667545016925747859e+03,1.458128062570735210e+03,1.112659917821538556e+03,1.218494454583459856e+03,1.613306735618650237e+03,1.617357565464136769e+03,1.549890364737202390e+03,1.472524659988800749e+03,1.456249298536466995e+03,1.587924350272760194e+03,1.434927652869105032e+03,1.790178655789450886e+03,1.846173462739911429e+03,1.409082515895277538e+03,1.232939668108976321e+03,1.268230376364587983e+03,1.366056108437499006e+03,1.432637623512501932e+03,1.384855887633022803e+03,1.033302943158822472e+03,1.173181808806666140e+03,1.255914550092399395e+03,1.020213456098726738e+03,1.029618365479949489e+03,1.100085196518938801e+03,9.328595027370946582e+02,1.033499032996413689e+03,9.784290145326544916e+02,1.243338773019040900e+03,1.262067222261643337e+03,1.176988975933075153e+03,1.376810572646296578e+03,1.514496296145080123e+03,1.640643023764838517e+03,1.971368451232891402e+03,1.082391150811609123e+03,1.055323986970344095e+03,1.243711070684192691e+03,1.290609256383297179e+03,1.065695264095750872e+03,-4.641376718578862182e+01,1.104984103946878271e+01,9.153940730815111948e+00,3.516985255264442056e-01,5.364531544437635240e-03,4.202416874144124757e-03,-8.120578973826047837e-04,-8.430126659040684031e-04,-8.937178177449603238e-05,2.797343392042858504e-05,-1.253509435052510505e-05,-4.747707854635127848e-07,1.386512073698607729e-07,-1.323650153675921182e+01,-1.473141348385156277e+02,1.675054905353354343e+03,8.066804491004280635e+02,1.026722121077326619e+03,1.149212255844862511e+03,1.453368659975544688e+03,1.641769544987051859e+03,1.328584564080963901e+03,1.905398064788777674e+03,1.668740295130750837e+03,1.809190438511397588e+03,1.777018493170710144e+03,1.607814426386719106e+03,1.559619468845813572e+03,1.867309738124191426e+03,1.915696790793831724e+03,1.601635549384579917e+03,1.364197310542061814e+03,2.133315021001187233e+03,1.470817787690392151e+03,1.649836925807496527e+03,2.133028113073471104e+03,1.671453363932244883e+03,1.420725473932966224e+03,1.567410952168877657e+03,1.858646333037089562e+03,1.540447763001250678e+03,1.546088610617148333e+03,1.625407325567935686e+03,1.562266112171193072e+03,1.742796270142807771e+03,1.367910991062695075e+03,1.186318394767820337e+03,1.167414085945017860e+03,1.201323897720210425e+03,1.297356756409946684e+03,1.609799239685691191e+03,1.176063449109788507e+03,1.229604755736828565e+03,1.271719453672203372e+03,1.120382096681908024e+03,1.049481464193457668e+03,1.279477480160183859e+03,1.576610484243346036e+03,2.930873142508124147e+03,3.281809441435307235e+03,2.947793202278153331e+03,1.896940698618412171e+03,3.257708913999738343e+03,2.688081170083706184e+03,3.247857695259055617e+03,3.416641342460905889e+03,2.582030568913909519e+03,3.639682822333564218e+03,2.943435627409889548e+03,2.145882289523023246e+03,2.900911657021874362e+03,2.986119579848573721e+03,3.965409793503440142e+03,2.554338494422320764e+03,2.129196892413683145e+03,2.560065723222314318e+03,2.264720800260826309e+03,3.122736818952957492e+03,3.233453250351257793e+03,1.997809346987427489e+03,2.496684973312650527e+03,2.772141249163169050e+03,2.509712597703575284e+03,2.541823910654212341e+03,1.821711628273501901e+03,2.567288959280365816e+03,3.525412418702981086e+03,2.323785776803258159e+03,2.034631711222718877e+03,2.292723714427386767e+03,2.321531377959769088e+03,2.575522433787429236e+03,2.593023496696039729e+03,1.525704782599663986e+03,1.548057221390430641e+03,1.226567258688607808e+03,1.319980985981606636e+03,8.987898011225571508e+02,8.974439684778204764e+02,9.021951398119379064e+02,1.281670493467227743e+03,1.351310513871566855e+03,1.406163595160611294e+03,1.043473010268739699e+03,1.048410195158623083e+03,1.341933298430614514e+03,1.222027885716180208e+03,9.420689658155469033e+02,1.193731593770333802e+03,1.016114473352883124e+03,1.254250846572245564e+03,9.039048669983446871e+02,9.292562075498650529e+02,1.195148646774831377e+03,1.270649511333059081e+03,1.028558402749474226e+03,1.027543593076609113e+03,1.216464313441440936e+03,9.944010391754437705e+02,9.076988901817325086e+02,1.246677202850908316e+03,9.551149307651589879e+02,1.063010468375652408e+03,9.698263088895211013e+02,1.161533271331975129e+03,1.349276960045242959e+03,1.829116819150920037e+03,1.881829670534871411e+03,1.877293798999815408e+03,1.960616446370625681e+03,1.565426907414521793e+03,1.294089423910996857e+03,1.783473266912310464e+03,1.620102875117037684e+03,1.548047541446668220e+03,1.700634007947619466e+03,9.424506337308077946e+02,9.503572827136690648e+02,1.240883612892551355e+03,1.442707163410605972e+03,1.740950381050637134e+03,1.728359433889867205e+03,1.852159803114250508e+03,1.490144470568327733e+03,1.690090030457614830e+03,1.812202102666994961e+03,1.556240770642664984e+03,1.099634932060994288e+03,8.148440305096999055e+02,7.488205373960934139e+02,7.929489050230050680e+02,6.573854593395449228e+02,6.298972515146234628e+02,9.303075473284440022e+02,1.067024693771242482e+03,7.278387208109833182e+02,7.172332792908449619e+02,8.743981548099329757e+02,8.124763369487807267e+02,6.847846281408789082e+02,6.690566606471488740e+02,6.909723039122360433e+02,6.927951049454063650e+02,7.315920155247741832e+02,6.942395629604266105e+02,7.544808438835705147e+02,7.954453418728079441e+02,9.612736018646828597e+02,1.126701556609245927e+03,9.282422704677359206e+02,8.226528292402682609e+02,6.877367596334712516e+02,6.570768898841358805e+02,7.780136817832013776e+02,6.243226658559075304e+02,6.983849184621019504e+02,8.507752879628351366e+02,8.356140946866828472e+02,8.995762294737181719e+02,1.068735808917004988e+03,8.263510982993367406e+02,9.536524234977961214e+02,1.254304624657258728e+03,1.190779852846990934e+03,9.457702901885576239e+02,1.012209185125477234e+03,1.212374398610014850e+03,1.398224874263328047e+03,2.634317787308150969e+02,-1.871756863645396007e-01,-1.756776888758896163e-02,-1.293176524188653740e-04,2.503269953999834625e-05,1.760848723150387015e-07,-3.353823999751435884e-09,9.332577150180501890e-11,-1.463298724352294867e-12,-9.327887118551844101e-14,2.046863369106352490e-14,3.389723115511452437e-20
1.472625928958334060e-13,-4.103938680285878493e-01,1.452245576043666688e+03,1.499648614645958560e+03,1.425356470306597885e+03,1.353680493158178024e+03,1.731341704613505954e+03,1.714770158578375913e+03,1.313340230495170090e+03,1.394992212925795002e+03,1.434147803480313087e+03,1.321861806799138094e+03,1.236016320894140790e+03,1.296847936058937648e+03,1.529326484218830956e+03,1.368214551513837932e+03,1.277484367222430592e+03,1.188046260102472388e+03,1.253822308458220277e+03,1.425339612441395275e+03,1.575934984347664795e+03,1.565448840166519858e+03,1.789235846590815754e+03,1.455990262798524782e+03,1.335823509464335530e+03,1.535399443068656865e+03,1.452845931763421959e+03,1.455626287930213266e+03,1.645392236115706737e+03,1.447714299659965036e+03,1.139312027586675640e+03,9.670193299692555229e+02,1.074487319626491626e+03,1.312508766933256538e+03,1.209526268730196989e+03,1.400569875871225577e+03,1.110914863019563654e+03,9.175473220004271298e+02,1.031869561696494657e+03,9.743773795632621386e+02,1.023828656417263346e+03,1.045443023831928258e+03,1.191252174626077021e+03,1.298559535089593055e+03,1.500115322164512918e+03,1.755957236952921676e+03,1.863840149033549551e+03,1.618393812645053913e+03,1.574590475520347809e+03,1.253456298706719281e+03,1.433740768606958000e+03,1.108172731046528270e+03,1.011152068600710209e+03,1.101894639577694534e+03,2.087320683018746692e+01,-4.970248130467470382e+00,-4.117294529143510573e+00,-1.582025322749699425e-01,-2.409339881630516780e-03,-1.889878495054220708e-03,3.652698241463129777e-04,3.791735101359380595e-04,4.019645105078403628e-05,-1.258191726094787827e-05,5.638063232350551250e-06,2.135432820660926167e-07,-6.236277508057695227e-08,6.057380451769044072e+01,1.173862922103632627e+03,1.533076702453873168e+03,1.264813909124465454e+03,1.238844995013087555e+03,1.010564657612976362e+03,1.288390955092822196e+03,1.668871669834573595e+03,1.726630722752982365e+03,1.330008046990541061e+03,1.740621811119497352e+03,1.720795420078427924e+03,1.771590596010465106e+03,2.454069342546516509e+03,1.767587306885138332e+03,1.613822494400731557e+03,1.331103969427497532e+03,1.263918121880589297e+03,1.707765548125547184e+03,1.891873919985866678e+03,2.523347947076910259e+03,1.943295140588728600e+03,1.886648286985798677e+03,1.354139784824564003e+03,1.416238158784586631e+03,1.408008562502988525e+03,1.480507640790564210e+03,1.436872875879933872e+03,1.477339328766708832e+03,1.501457057761492933e+03,1.517911446829770057e+03,1.324464187083230172e+03,1.362623186538598020e+03,1.062026321772725396e+03,1.028745631676894618e+03,1.048336588188115456e+03,1.258252290824588272e+03,1.566918492649609107e+03,1.468468115297077702e+03,1.068700660988088657e+03,1.246946439146504417e+03,1.161309673869536255e+03,9.649794061352129120e+02,1.361757832731811504e+03,1.486145105453535962e+03,2.493021223925912636e+03,2.749682962033183230e+03,2.118129820081359412e+03,2.918254491028916163e+03,2.649531562304127874e+03,2.645480473380100193e+03,2.917888277629375352e+03,2.913329817686401839e+03,2.439096750160447755e+03,3.480575114560642760e+03,2.638633587495594838e+03,2.378735400261996347e+03,2.901194343619557458e+03,2.215806013489179350e+03,3.138313603133198740e+03,2.942286291516886195e+03,3.634425486558950070e+03,3.398381716315081121e+03,2.429144315206902320e+03,2.632466996976813789e+03,4.201804057913131146e+03,3.319276374004188710e+03,2.621829593117781315e+03,2.801191628778070481e+03,2.089497387003615586e+03,2.502636253412091719e+03,2.352842608514563835e+03,2.452377689627134259e+03,2.670368075753585799e+03,2.614055775030696168e+03,2.313049969048674484e+03,2.188735513467835517e+03,2.620153683500742773e+03,2.745626357178593480e+03,2.448095379429575132e+03,1.457210578034113496e+03,1.496189375997895922e+03,1.032234726335533423e+03,1.181310686402698593e+03,9.567592659742358592e+02,1.198549915763165245e+03,6.680721675783007640e+02,1.369358688289833026e+03,1.334666362848787230e+03,1.298392658820007682e+03,1.020056057414423321e+03,9.917842985791110095e+02,1.209241398106800943e+03,1.120593917079557059e+03,8.422270975431811166e+02,1.183008957788969383e+03,1.064419133229128875e+03,1.312439653942229370e+03,1.092183068484454452e+03,1.182790858426165187e+03,9.475206989473075510e+02,1.190650530837870519e+03,1.037374536599622388e+03,1.263452886617801596e+03,1.087116642448314906e+03,9.934176806990445812e+02,9.700961130839801854e+02,1.161200038583959667e+03,1.160217177313452339e+03,1.057550274863221603e+03,1.245287134419385893e+03,1.229015424438683567e+03,1.439772033438661310e+03,1.466359596330900104e+03,1.561660027523157851e+03,1.752248930391868726e+03,1.851152016227700187e+03,1.796722413106041586e+03,1.620991002267182012e+03,1.384885436646048447e+03,1.303554824230359827e+03,1.267161773126406842e+03,3.508468423915961694e+02,1.297846624911969911e+03,1.447383896593627696e+03,1.641399525875576046e+03,1.951278507208462997e+03,1.749490066619300251e+03,1.436707466494500977e+03,1.467589497210235095e+03,1.882159514797122711e+03,2.362429688143371095e+03,1.947587626610476264e+03,1.557238923340141355e+03,1.539395924642590217e+03,1.152622738419395091e+03,9.608159222804240471e+02,8.076366732894762208e+02,6.594247245148573029e+02,6.547245265910931948e+02,1.044926436098279964e+03,1.035466905862017256e+03,7.720180712963557426e+02,7.011519921962388935e+02,7.603150083442217237e+02,7.065176707619403942e+02,7.449649062548057827e+02,5.914898487055585292e+02,5.731870474277104677e+02,7.944578827195890653e+02,7.280806660419483478e+02,9.031405591412600415e+02,1.117078716776782585e+03,9.404201708059013072e+02,1.012068395965534364e+03,9.820674247161613266e+02,9.670790795186485411e+02,9.516174403628680238e+02,7.017191986267500852e+02,7.593950049537866107e+02,1.060800786197019306e+03,1.138032218734549815e+03,8.561397989588563178e+02,1.042975956286245491e+03,1.099108361726765679e+03,1.214365722335420742e+03,1.350170595221341728e+03,1.396899493616903783e+03,1.258228877786209750e+03,1.124435132315576539e+03,1.229194923941367733e+03,1.140088038182992932e+03,9.669860226558755585e+02,1.221934382980771716e+03,3.854012737446696519e+02,-1.141449016975610533e+02,8.418829653715254047e-02,7.901670165236275578e-03,5.816478133734160201e-05,-1.125926327762676755e-05,-7.919984529734693378e-08,1.508490468353254269e-09,-4.197626194785346209e-11,6.581681583442754613e-13,4.195544737795928733e-14,-9.206282718772260752e-15,2.111865599945522641e-19
1.774382450353823739e-13,-8.002661197645610791e-01,1.445142724843260339e+03,1.337780446454756657e+03,1.393530756638274852e+03,1.510067772961082028e+03,1.553773123226062580e+03,1.456582493516188833e+03,1.212287498102502695e+03,1.325880869855527180e+03,1.392450134289315884e+03,1.353862129925686531e+03,1.424787910797222366e+03,1.400394899408166111e+03,1.494649717418814134e+03,1.386489196818552273e+03,1.397548234713341344e+03,1.303979363325862096e+03,1.238691587323848353e+03,1.319923998025414221e+03,1.559198887213989792e+03,1.537902635243477107e+03,1.731299561662109909e+03,1.385710962250469038e+03,1.091639300346829259e+03,1.304881609024083900e+03,1.506347180537216900e+03,1.461929511332647508e+03,1.546671836206371609e+03,1.633972934604260900e+03,1.324274028610584764e+03,1.013334081651565725e+03,1.081738340814668391e+03,1.243184111443189522e+03,1.191883834342746695e+03,1.358844162796242472e+03,1.149997243310356680e+03,1.118082913228279267e+03,1.240417394917004458e+03,1.234857223384032295e+03,1.026744772584497468e+03,1.263025793611418521e+03,1.511432286400510293e+03,1.571839133993829819e+03,1.766589027090950822e+03,1.736348480960179813e+03,1.821899272084664972e+03,1.518021772231888917e+03,1.071148614854942025e+03,4.959552455365021615e+02,6.069516230498343248e+02,1.323951093256405784e+03,7.555286464898676968e+02,1.089160345559855614e+03,-7.448155995954297559e+00,1.776912241795540526e+00,1.471332377307963624e+00,5.658713687452671809e-02,8.478461068300953071e-04,6.742396989307265342e-04,-1.306023950430886351e-04,-1.354993984564721609e-04,-1.435868420554910905e-05,4.495899854475453269e-06,-2.014712887030430304e-06,-7.630724106046734982e-08,2.228510277665580213e-08,-2.244322397004933975e+02,1.856645188833203520e+03,1.473048762342210011e+03,1.602475883825992241e+03,1.155805162715780170e+03,8.618481317910744792e+02,1.146946266050133545e+03,3.919297521571172638e+02,7.845907428560108201e+02,1.550638685655953395e+03,1.926765678163321127e+03,1.936132855639742957e+03,1.608238387615929923e+03,2.283702107783966312e+03,1.724439822201481775e+03,1.819655701178424351e+03,1.424972723916783934e+03,1.695619649705609618e+03,1.917329326097280045e+03,2.431679727162851577e+03,2.666517418472243662e+03,1.899016444948099661e+03,2.165585203735368395e+03,1.400815546893797546e+03,1.367813551189931559e+03,1.124376053653134022e+03,1.536860546963316210e+03,1.592898855757919819e+03,1.397338077832561567e+03,1.661383810606612542e+03,1.910996190308633459e+03,1.272670180523460658e+03,1.346665123475966539e+03,1.241439382573223838e+03,9.401014467107629571e+02,1.152552403411294790e+03,1.195840921201245465e+03,1.003918843557456057e+03,1.169160724226238699e+03,1.250114347112630185e+03,1.544483492480275800e+03,1.266776793452900165e+03,8.889307020743615340e+02,1.435359008867155580e+03,1.810538842680095740e+03,2.359872759303821567e+03,2.281526362556710410e+03,2.518812384763641148e+03,2.867786181568882057e+03,2.474158037726738257e+03,2.425309139560705717e+03,2.681109486195978207e+03,2.360251862724443072e+03,2.796325957931560424e+03,2.703563459061786034e+03,3.052439853975509777e+03,2.379247180486470370e+03,2.320116891695890445e+03,2.473643121995191450e+03,3.312496924239473174e+03,2.931141138252249675e+03,3.753936013689156425e+03,3.364972454677354563e+03,3.149057071793358773e+03,2.741531794258830359e+03,3.475760026433338226e+03,2.862091216468955736e+03,2.809642624828172757e+03,3.032694371749447782e+03,2.373568451685975560e+03,2.657662241265105877e+03,2.690516571792423292e+03,1.940821068110423312e+03,2.253901598071234730e+03,2.621616937836438865e+03,2.866841329186618168e+03,3.579421246326747678e+03,3.029905054506713441e+03,2.468345529640921541e+03,1.898488436520257892e+03,1.148447371968759171e+03,1.488575340512940102e+03,1.208022961385036069e+03,1.102249530242766696e+03,8.630763876631771154e+02,1.234664309032002848e+03,1.104130037086422590e+03,1.054550513239876636e+03,1.047685023870972600e+03,9.704513919787083296e+02,1.136324125203172571e+03,9.757827937212880443e+02,8.331576571887258069e+02,1.257043746161535864e+03,9.202963246506249106e+02,8.351087572409568338e+02,1.007073927290506617e+03,1.278280868983332311e+03,1.176547755670295601e+03,1.335632829797945078e+03,1.012614605214715084e+03,9.939545500269887270e+02,1.259697664725284540e+03,1.137570446858456080e+03,1.031719828755995195e+03,8.877952498827814907e+02,1.270407730766927443e+03,1.002035153848539380e+03,1.301238895597913597e+03,1.357051600309615651e+03,1.197934454267325464e+03,1.081539951160858891e+03,1.188065130419934349e+03,1.342715626400050041e+03,1.752725314333067445e+03,1.385604880730069908e+03,1.385556642965753554e+03,1.442045789194904046e+03,1.546276602492479697e+03,1.449076430103386201e+03,1.402978189577921285e+03,3.919490576292631658e+02,-1.049882793626200908e+02,7.074808505202850029e+02,1.488962812616922974e+03,1.752453687109997190e+03,1.878930695679105611e+03,1.504253821032724090e+03,1.494756927286862265e+03,1.547324989494746433e+03,1.797997924785482610e+03,2.162646684079365969e+03,1.979488676565216110e+03,1.709455353729206536e+03,1.704622374311372369e+03,1.881961976355931483e+03,1.483950573249512445e+03,9.772247763999902190e+02,7.981672267669471239e+02,6.396106053392207968e+02,7.740291262658644200e+02,6.864422769588491064e+02,6.111752896956431869e+02,6.222173004353354600e+02,6.371865904752156666e+02,7.085750112440312023e+02,8.366600458726964007e+02,7.588636321249331331e+02,8.602145875536378981e+02,9.813126095505232342e+02,9.777916672280485955e+02,9.932897263831526971e+02,1.204645480941750748e+03,1.252983469722692007e+03,1.190978969631448081e+03,1.095307719750659771e+03,1.056772326593587650e+03,8.761583447423702182e+02,8.372216477066432390e+02,9.314843378797130526e+02,3.293001766884378299e+02,4.249565696682604425e+02,2.589754425087852496e+02,2.906377467367040595e+02,3.206887473103026309e+02,3.848333166702335575e+02,4.001237326738542492e+02,5.016620325587601315e+02,3.898450215857269541e+02,1.351274666713752595e+03,1.225323218454850803e+03,1.237309176501638603e+03,9.598039454478819152e+02,1.500790408806247456e+02,-1.219072107196077894e+02,4.078864311752710137e+01,-3.008392254980948172e-02,-2.823590012425459053e-03,-2.078465593055024133e-05,4.023395392649252133e-06,2.830134489989510245e-08,-5.390453393710748707e-10,1.499983873906771820e-11,-2.351906693951143559e-13,-1.499237408601024560e-14,3.289890740414454271e-15,-4.789482736807764402e-20
1.972785176334648002e-13,3.256060536412993756e+00,1.447245597577143144e+03,1.439206923103302188e+03,1.377475403616484073e+03,1.547551037267015545e+03,1.497485000030985475e+03,1.244481019378374640e+03,1.272601462971065303e+03,1.196850394011111121e+03,1.317422231473947249e+03,1.447675505824024867e+03,1.453243430671712986e+03,1.499414012745687842e+03,1.552392069454581815e+03,1.337223388347579885e+03,1.323006938667296708e+03,1.502581905097832760e+03,1.431734406800140050e+03,1.325992113705838619e+03,1.466017979369377372e+03,1.526455706704206932e+03,1.497099404275179040e+03,1.485725844452444335e+03,1.396225559919850411e+03,1.299571067966103783e+03,1.615615219617462571e+03,1.799579489177278219e+03,1.374114930702169431e+03,1.363820917424647405e+03,1.482899541934753188e+03,1.485472334260428624e+03,1.225584285209489508e+03,1.053875089166072257e+03,1.027929751803592808e+03,1.167923283386027151e+03,1.200699775447040565e+03,1.104643505125982074e+03,1.056270105189213837e+03,1.197968270497397725e+03,1.152567644764123997e+03,1.496883950010906347e+03,1.511102995355611938e+03,1.678334197015231894e+03,1.483531383044654831e+03,1.306538836568199713e+03,1.518555959652862839e+03,1.327003719845189153e+03,1.264538455645481918e+03,-1.197536778141935656e+02,-1.489206764233189517e+02,5.645602164163718726e+02,1.356729883561716861e+03,1.163209072986335514e+03,2.238335480941190614e+00,-5.447863811832797110e-01,-4.490614587318561557e-01,-1.743875391494361868e-02,-2.169703872046546559e-04,-2.022324790087095126e-04,4.008886102632857072e-05,4.135593008513636942e-05,4.364293198784465985e-06,-1.371225069394601188e-06,6.146745612051473158e-07,2.327863560272175096e-08,-6.798868556780845815e-09,8.377004721624239210e+02,1.232402213815111281e+03,9.291825267200885037e+02,1.222815443908229099e+03,9.656077575104820880e+02,9.711890954922853325e+02,9.776524635551041911e+02,3.113182456508770883e+02,-2.735272955335240113e+02,1.797506039592375828e+03,1.825543431331272586e+03,1.876194217221055169e+03,1.515061137655290850e+03,1.379457469213879222e+03,1.854109175467973046e+03,1.868283070118950945e+03,1.832098276175596993e+03,1.759666752430464840e+03,2.142759917829443111e+03,2.574050003158601157e+03,1.887081232232917728e+03,1.811157643718278905e+03,2.200990284812230584e+03,1.611814576385976579e+03,1.525026709701621940e+03,1.394649507745011761e+03,1.737544513371337189e+03,1.821110452031279010e+03,1.136288096035020772e+03,1.827014402513243567e+03,1.735751231633883890e+03,1.598559261995416591e+03,1.209499461994901594e+03,1.136197907876631234e+03,1.304470263871722636e+03,1.607137420088091403e+03,1.415630720694682850e+03,9.352037951135666844e+02,1.256048488379908576e+03,1.380263178818125880e+03,1.346671691479588844e+03,1.390805772546834760e+03,1.439663538849364613e+03,1.527308767084395186e+03,2.158034993441389815e+03,2.742948883351608401e+03,2.119672557985936692e+03,2.853712623721092768e+03,2.475345192673728434e+03,2.671280666132201986e+03,2.619044737813559095e+03,3.634519399747955504e+03,2.584222015005062076e+03,2.763778104926991546e+03,2.669521698706215830e+03,2.966880799351263249e+03,2.758705761142840402e+03,2.715220263150844858e+03,2.839279022618964973e+03,3.360647474173468254e+03,3.128046071028506958e+03,2.360368419624142916e+03,2.739231338585877438e+03,2.789001823439876716e+03,3.147642668397664693e+03,2.118022475745753127e+03,1.670193903672847227e+03,3.050524383120898165e+03,2.847921593629190284e+03,2.188369467094142692e+03,2.619581664990105310e+03,2.499712666254318719e+03,3.075699214572682649e+03,2.669722414482241220e+03,2.472145366715166347e+03,2.513816581350332854e+03,3.256346348597046017e+03,2.958206333173739495e+03,2.178631406075818177e+03,1.729659566380420074e+03,1.103973141278805087e+03,1.132821771688652007e+03,1.302644903620051764e+03,1.235979334044476673e+03,1.337048187012850121e+03,1.198730375265762632e+03,1.293533595946214291e+03,1.045038422276971914e+03,1.369124014899271515e+03,9.110663845030632046e+02,1.083482684996507260e+03,1.155447420736605636e+03,1.062393978151475039e+03,1.232644281257120838e+03,1.107915320190014654e+03,8.447607365410509601e+02,1.039684626902012724e+03,1.281650048640768546e+03,8.757888655419989163e+02,1.077207304176025673e+03,1.063951228526203749e+03,8.705942213556163551e+02,1.146824733651589440e+03,9.177983816598232352e+02,1.114533233076883334e+03,9.969162432069579154e+02,1.226345429896472524e+03,9.801369382082775701e+02,1.121423152708361840e+03,1.171766858020604559e+03,9.452093747650042133e+02,1.042016867101236585e+03,1.115704736897030216e+03,1.611133261611013495e+03,1.686121353098610143e+03,1.500611550159028866e+03,1.438689692296568865e+03,1.387588308306140334e+03,1.348096406384696820e+03,7.973810871966223885e+02,7.931444500710765624e+02,-8.904880419285125015e+01,2.240850443796995961e+01,-2.667632517196205413e+02,1.419586276362355420e+03,1.811799779867265215e+03,1.465356718340455473e+03,1.288695880918865896e+03,1.386807540026785091e+03,1.661304510580225042e+03,1.622171325773800618e+03,1.875643764624031064e+03,1.733447569226150335e+03,1.452018282961453451e+03,1.662231249905738196e+03,1.779343174428488737e+03,1.514799612336946211e+03,1.236801942793113312e+03,8.794119951679025462e+02,7.804736089966975214e+02,6.813101019946736869e+02,5.906368145820883910e+02,5.908016969441822539e+02,6.188401083106297165e+02,7.036808244738904250e+02,8.542122949865751025e+02,9.309878378035920150e+02,8.700625599762054208e+02,8.991518816032307768e+02,8.951345614944369800e+02,9.644842180891374710e+02,8.287942742984718052e+02,8.761196756821617555e+02,1.203853844176938537e+03,1.247648997635957357e+03,1.258912495205557889e+03,9.987619176111397792e+02,7.683520209790067383e+02,9.952336756644252773e+02,9.646749750795571572e+02,2.293641296462361368e+02,2.374414671583697327e+02,3.205899897583880147e+02,3.567920400112766401e+02,3.677952110476082339e+02,3.134857750963763579e+02,2.782642518724493357e+02,2.878144855143203245e+02,3.738547220002326981e+02,1.446931510122071359e+03,1.177217734286532504e+03,1.335933267101197544e+03,1.134508407132242610e+03,8.825720747079145667e+02,3.719258738367095418e+01,-1.244417917902530846e+01,9.178283316245445383e-03,8.614471420786633899e-04,6.341176435395614911e-06,-1.227494943423249314e-06,-8.634437965487040789e-09,1.644569660050594889e-10,-4.576290473034502091e-12,7.175436710361994681e-14,4.573905048141236543e-15,-1.003761473730529824e-15,-4.367170731465018816e-20
2.255839594821080225e-13,-8.956619917924752983e+00,1.485534184742674825e+03,1.544054581053939728e+03,1.485899320597815404e+03,1.454321718796480354e+03,1.498971311482119518e+03,1.303675069362312115e+03,1.430761980410170963e+03,1.549533722074277421e+03,1.613965546106524926e+03,1.486639284650807440e+03,1.458812248409494259e+03,1.505420966724560685e+03,1.400643903485381770e+03,1.226696957898978553e+03,1.243614368629914452e+03,1.604090834109762682e+03,1.491228455207186698e+03,1.316251471732478421e+03,1.332196461479742311e+03,1.441817350267607480e+03,1.455492153776268196e+03,1.614995057626336575e+03,1.986226233159970889e+03,1.696573367173895804e+03,1.421248322385862366e+03,1.929866628353495116e+03,1.621250637210852801e+03,1.456236997191896307e+03,1.305750716658781585e+03,1.564340756330535214e+03,1.389902372520312156e+03,1.176911050443310614e+03,1.062574661546522293e+03,1.121136863544790458e+03,1.225096860163433348e+03,1.012998923230078844e+03,9.261014871563729685e+02,1.234451408686512877e+03,1.500892191444375158e+03,1.560325465665355523e+03,1.299403581906710087e+03,1.488957476999073378e+03,1.330620996932919979e+03,1.336403701238976964e+03,1.354004449214904753e+03,1.166401750296139653e+03,8.444825862438010518e+02,3.081151394786757081e+01,4.167022746031835112e+01,3.691203176409824778e+02,1.644224738621388951e+03,7.414717850830263615e+02,-4.915849295149239961e-01,1.491217119992488127e-01,1.174632970954491706e-01,5.013487382010101134e-03,-5.572739595025252867e-05,4.334461522989872746e-05,-1.109993965779833658e-05,-1.081907423653847200e-05,-1.092928918609947604e-06,3.561040575082984021e-07,-1.601630252244585042e-07,-6.059515703789792138e-09,1.771620136345783990e-09,1.291326718470787910e+03,9.043094624475893397e+02,7.369823635093307530e+02,8.334652403271087451e+02,1.112533270199665367e+03,1.150726424004600403e+03,9.112234144308976056e+02,1.235360810210008140e+03,3.133140096972319384e+02,1.312087153092627432e+03,1.602839349190617895e+03,1.362228106829797298e+03,1.561336419390785977e+03,1.364790560325461684e+03,2.011605584172738418e+03,1.460248048016878329e+03,1.793059403076033277e+03,1.639490003494350049e+03,2.083790224902215414e+03,1.636056217961011953e+03,1.573203409395747485e+03,1.558229592146153209e+03,1.938250268325331717e+03,1.695426290653869501e+03,1.649191750040002717e+03,1.879069200263767925e+03,1.773488828427327917e+03,1.996189978135668071e+03,1.408531716769486593e+03,1.451036637373334997e+03,1.587029512708169250e+03,1.646523878788473212e+03,1.428631293429998095e+03,1.167221379179753285e+03,1.561404926676567811e+03,1.751563497524388822e+03,1.393369733778398995e+03,1.187805612836100408e+03,1.416928654907713963e+03,1.181372696496810249e+03,1.038641445010463940e+03,1.447478353849443465e+03,2.040637063935880633e+03,1.740476777643503738e+03,2.290351691237893647e+03,2.254624870204634135e+03,2.720181049998187973e+03,1.994995594515973153e+03,2.919525145960644750e+03,2.477820673813332178e+03,3.090214482433939793e+03,3.551168923198495577e+03,2.793030674227755753e+03,2.563181706114678491e+03,2.763865045833212207e+03,2.637644511291850449e+03,3.019694839367311943e+03,3.564690070684757302e+03,2.478901249276345425e+03,2.482727147864856761e+03,3.156700956656156905e+03,2.116503577590476198e+03,2.282923846941395368e+03,2.766184552694026934e+03,2.915141769423231835e+03,2.269572647045356916e+03,2.629485879157208728e+03,3.142020517930559436e+03,2.425744187648851039e+03,2.026640762502494681e+03,3.441065564972321681e+03,2.403936979911758954e+03,3.874579351249924457e+03,2.513074923252303961e+03,2.142138355769850477e+03,2.185861158403703030e+03,1.658753223659092100e+03,2.754321083891371472e+03,2.803446629684518484e+03,1.715700361517385772e+03,1.361399886909673342e+03,1.156812844323950230e+03,1.157937689843220824e+03,1.450882849802652572e+03,1.492316941397559276e+03,1.147416337273428326e+03,1.159969963180422610e+03,1.213694635428293850e+03,1.472957561845538976e+03,1.118602418604370541e+03,9.202009532829235923e+02,1.303294226172039771e+03,1.299380645399192190e+03,9.351787781235976809e+02,1.165311321394089191e+03,1.030883221223508826e+03,1.068959155367640506e+03,1.177096354924020261e+03,8.436259999614327398e+02,8.692205118230065182e+02,8.601407264095330447e+02,7.898914605180440276e+02,1.004840824533432055e+03,9.674284658788417346e+02,1.234559334340942314e+03,1.177595220240815024e+03,1.009321560063196330e+03,1.084931268891426043e+03,9.547856038859141563e+02,8.049992219741077406e+02,9.762877489583593160e+02,1.024246400079452769e+03,1.214183857495728034e+03,1.513702194984439529e+03,1.288674574710244542e+03,1.577812014986131317e+03,1.513668171788694508e+03,9.877546166607494342e+02,8.956706941982162107e+02,-1.489969067353398771e+02,-1.459516935296566942e+02,1.618431007012615197e+01,2.006584652654487044e+01,3.390176093216467734e+02,1.424804761069922279e+03,1.677390187540112947e+03,1.454677267672275320e+03,1.515252385097814567e+03,1.285415801730219528e+03,1.384248344585655332e+03,1.702497371321774381e+03,2.004901878765618221e+03,1.509303386238956818e+03,1.266587298642876931e+03,1.883182355279178410e+03,1.369647173202716431e+03,1.291057844990198419e+03,1.121388207346118861e+03,9.466672552281622757e+02,8.651245487060576806e+02,7.127374051115237990e+02,6.840590279676921455e+02,6.848209131830844854e+02,6.797660662591863456e+02,8.614269143096220205e+02,8.729449520514302776e+02,8.218767448381106533e+02,7.395478299867858141e+02,8.010100273308054284e+02,8.565086670165204623e+02,8.574028305510133805e+02,9.661161183601514040e+02,9.511753312679588817e+02,1.070280822702316982e+03,1.151264392348194406e+03,1.146815156322075381e+03,8.919787527401798570e+02,7.758723031912386432e+02,8.898221029336071979e+02,8.006404230180962713e+02,8.833339340259663004e+02,9.478744411971159707e+02,1.045208004584552782e+03,1.132125182376873909e+03,1.247579259229307581e+03,1.100646335434922776e+03,9.811691093608740175e+02,1.123672839557298857e+03,1.279503917982970961e+03,1.213898170114503273e+03,1.105378263236900466e+03,1.291800245880825287e+03,1.386498394633616499e+03,1.662969892027563219e+03,-9.689931883853251549e+00,3.242131216936084748e+00,-2.391254451521952849e-03,-2.244362308565360129e-04,-1.652091775003010725e-06,3.198041122117115231e-07,2.249564225152439810e-09,-4.284663518059807376e-11,1.192280163227784580e-12,-1.869370813117555435e-14,-1.191359744802276099e-15,2.615469657044189010e-16,-1.196910384584016981e-19
2.335415393883935228e-13,1.860358379728806355e+01,1.706298726310388702e+03,1.427282223360177795e+03,1.549080911030077232e+03,1.416126757997876211e+03,1.263304651102475418e+03,1.238762398843421352e+03,1.468993324372184134e+03,1.897084646881498657e+03,1.711786197497173134e+03,1.354825722470056917e+03,1.467715171389698753e+03,1.552556961553121710e+03,1.485685416017371381e+03,1.495612493033125247e+03,1.274627831275699009e+03,1.448196156755472884e+03,1.500440201137664417e+03,1.333627892487997315e+03,1.340536310372785692e+03,1.391630120631900354e+03,1.611096943815933400e+03,1.763877854989274056e+03,1.812512902586966902e+03,1.967014547407246482e+03,1.501781776003790355e+03,1.512369075268220286e+03,1.687298391463418739e+03,1.790764224021889049e+03,1.172932564560826449e+03,1.198217849216486002e+03,1.223586991053132806e+03,8.683374022990942649e+02,1.092830530548864544e+03,1.085328050650328350e+03,1.179075892603113061e+03,1.362345904431612325e+03,1.445716458386850491e+03,1.656204397319243753e+03,1.650927488711759906e+03,1.289299416519563692e+03,1.625756347263162070e+03,1.582418184383396920e+03,1.601111823394644261e+03,1.725666711596645200e+03,1.137215790059571873e+03,9.282420368520824923e+02,-9.137686002391676254e+01,-5.512388090895959714e+00,-1.447913522819286314e+01,2.463586008838940415e+03,1.086491090103279248e+03,-8.264826112380060863e+01,-8.861711881059824991e-02,-4.542721966610385742e-02,-2.504376634104435104e-02,-1.999785185295990374e-03,2.435634614767537276e-04,1.043818299376268953e-05,3.630606036552992551e-06,2.309549459424825590e-06,1.327880450264541248e-07,-7.062081097647631697e-08,3.286933467507890818e-08,1.231287934009826341e-09,-3.636840103059627924e-10,-2.077002379122843578e+01,1.068138694483594691e+03,1.036667336982276311e+03,8.608720297827328523e+02,1.456025034690349003e+03,1.162064970153340255e+03,9.561498222296359017e+02,1.056453233513895839e+03,1.060976313916968820e+03,1.179918423569879678e+03,1.448018812389058212e+03,1.483562927203592608e+03,1.357885180577048004e+03,1.646554609279640545e+03,1.672728890937158440e+03,1.860660823920665734e+03,2.006061278402245534e+03,2.399839988361590258e+03,1.802648959012343084e+03,1.313412850777945323e+03,1.813283039733568557e+03,1.278927888066832111e+03,1.902369071237170147e+03,1.553747796060469909e+03,1.405697340709853961e+03,1.726600872832615551e+03,1.749681196135036089e+03,1.987896368329594679e+03,1.981930811548947077e+03,1.432873030964160762e+03,2.192314236950907798e+03,1.489626525705139329e+03,1.785685981191289102e+03,1.487008274196029561e+03,1.159404608511592414e+03,1.302386505720226296e+03,1.180015895055403007e+03,1.173815176706837747e+03,8.937107687678126240e+02,1.143501717913224411e+03,1.449780572377492035e+03,1.300267459496873471e+03,1.773239959310862332e+03,2.134142489597516033e+03,2.916687542814499466e+03,2.325387192097422485e+03,3.645273385297410186e+03,1.791472040253600881e+03,2.953761137888385747e+03,2.772305466711171903e+03,3.044538625280490578e+03,2.088276975382215369e+03,2.625251455668380004e+03,2.933291725422020136e+03,2.320545235991365189e+03,3.263738920240974494e+03,2.402889143054554097e+03,2.785173502732760426e+03,2.580446256637217630e+03,2.233717238349818672e+03,2.237679871245993127e+03,2.347666229908987134e+03,2.377387290492051761e+03,3.398018482654166746e+03,2.459398440384125934e+03,2.475065682291800385e+03,3.209253610775155721e+03,2.732596979219300920e+03,2.461095968557365268e+03,2.327105950416429550e+03,4.151034918247699352e+03,2.412694173032191884e+03,2.605914031400369367e+03,2.701487042073047178e+03,1.957323579890491828e+03,2.830028420293062482e+03,2.143485005376276149e+03,2.665561569856637561e+03,3.189809952148275897e+03,1.933661301836210441e+03,1.417569489965562980e+03,1.587962689786740157e+03,1.002886351498781664e+03,1.521311441951678717e+03,7.900936604998602206e+02,9.207972699402212129e+02,1.494589113774839689e+03,8.955977520447348752e+02,9.285799065517625195e+02,1.332109888073307275e+03,9.683332539651210027e+02,1.148163629398328567e+03,9.420941838539005175e+02,1.044083002399822817e+03,1.195367806544283667e+03,9.659459973185967101e+02,1.087757203213412822e+03,1.062139008459246270e+03,9.002291932715893381e+02,9.243161664057969347e+02,9.522239387419855348e+02,7.985462075215516506e+02,1.146349516749184204e+03,1.080418749385147748e+03,1.203255128783247301e+03,1.071357868168362756e+03,1.179254516865436699e+03,9.994826800161913525e+02,1.016300693810605139e+03,1.210177433963838666e+03,1.139493150767284305e+03,1.019457575850551507e+03,1.152287152057036110e+03,1.176371275789017545e+03,1.533572928217451590e+03,1.247763760803661171e+03,1.282408352591679431e+03,-9.852498272894892750e+01,-8.441665986982191328e+01,4.619913176374451069e+01,3.983117154644922664e+01,1.119134623557028618e+01,-5.768164583705669912e+01,1.181729789962806080e+03,9.969472071489387872e+02,1.259038766883855942e+03,1.404747753756051452e+03,1.534496503851293255e+03,1.543789964551400544e+03,1.385628419882524668e+03,1.586797492087041064e+03,1.621123152216147218e+03,1.614372630525358773e+03,1.629740665297864098e+03,1.972819596642966872e+03,1.357364262619978035e+03,1.340817482405741202e+03,8.186474239525401799e+02,9.619706866902478168e+02,6.637098871490686633e+02,5.585953288980789466e+02,7.013609104865544168e+02,6.617427750431429558e+02,6.369659086655067313e+02,6.211015848952370106e+02,6.940890688417007368e+02,6.076823048181846616e+02,6.134015506612995523e+02,9.492510469692613242e+02,1.053458320530096671e+03,1.096859646494938261e+03,1.232672493934833710e+03,1.248361697389948631e+03,1.092924870920155399e+03,1.067781450808074624e+03,1.056865272527290244e+03,1.010723237702180768e+03,8.997120179884386744e+02,7.887009676760882257e+02,7.645624042647950773e+02,7.148095501182324369e+02,6.973959278643578727e+02,8.276359618918414753e+02,7.826257083748229206e+02,9.141131409240814492e+02,8.389248279318054529e+02,7.458249920904116834e+02,9.381619057910165793e+02,9.763872120241782113e+02,1.101639537037143100e+03,1.175573718064038530e+03,1.236954669204736319e+03,1.493474457218072985e+03,-2.025293517679643287e+02,1.986183157516400621e+00,-6.645522893991330227e-01,4.901447578649386402e-04,4.600357020089689502e-05,3.386356995676746345e-07,-6.555149701080428119e-08,-4.611019707887409891e-10,8.782441212447274688e-12,-2.443859183280350438e-13,3.831990901089400352e-15,2.443068621584213474e-16,-5.361220688077960248e-17,3.816198288254824628e-20
2.014004525436205333e-13,-1.705435073257469725e+01,1.675149746041639219e+03,1.435912668977875228e+03,1.460870649777296421e+03,1.494994776955304815e+03,1.305059573344198043e+03,1.217284186681549954e+03,1.427347375635262551e+03,1.480215438002820747e+03,1.459101173200290987e+03,1.500518684477914348e+03,1.339783448464578441e+03,1.301125331850419343e+03,1.768566822300204876e+03,1.588270704707566892e+03,1.487974232152304239e+03,1.252635568920102969e+03,1.178158724967474654e+03,1.428648695930038684e+03,1.391934466979260151e+03,1.564875648158622880e+03,1.870577990856945462e+03,1.851804609326573882e+03,1.417753014468260517e+03,1.355573594418030325e+03,1.607520808677418017e+03,1.700461293397710961e+03,1.780721467532677934e+03,1.496647505894967026e+03,1.195110228355572872e+03,1.247517807832369272e+03,1.092135112638630972e+03,8.105793178686011515e+02,1.007189214079362387e+03,1.046792014059040639e+03,1.205474321342510166e+03,1.355394938782409554e+03,1.350839891072172804e+03,1.390717324353143113e+03,1.439350034637988301e+03,1.419477658477797377e+03,1.698159502328910548e+03,1.757514703522005448e+03,1.547457372588836279e+03,1.796240366345548409e+03,1.181656733047486114e+03,-3.034024121847805233e+01,8.599448235309852251e+00,-2.102260928872727308e-01,6.786948947116985487e+00,2.997074337990303320e+03,1.420798232363343459e+03,1.045604416431510053e+01,1.811058792536297812e-01,1.785690572686137595e-02,3.254420290134558795e-03,1.076044517767541907e-03,-2.347833817189916934e-04,-1.861085416005581241e-05,-1.580072828965604882e-06,-3.026392699987844161e-07,7.062309717287744358e-08,4.528165482602781922e-09,-3.150663966949829042e-09,-1.067063982015361333e-10,3.507285525003881947e-11,1.139199557704336030e+03,1.012931861097246269e+03,1.109201312099134611e+03,1.052481252355281413e+03,1.243231532386525942e+03,1.041760345906720886e+03,9.886677346004852325e+02,8.858698159231735190e+02,1.134121258915330372e+03,1.378728957151440909e+03,1.303685566942255036e+03,1.499742205473071181e+03,1.277792130539647133e+03,1.545444376898676865e+03,1.892834220162404108e+03,1.872168866143759487e+03,2.335995426892401611e+03,2.092694462140239921e+03,2.079084422144251221e+03,1.856332814340256391e+03,2.220028806849814828e+03,1.513908686175978119e+03,1.411433802293868439e+03,1.569260722542720032e+03,1.526047213976293278e+03,1.775805690366624731e+03,1.453997700763373132e+03,1.644216665672760428e+03,1.826720963036968215e+03,1.945426142622370662e+03,1.801468299889115315e+03,1.728666996596228046e+03,1.741245537332615868e+03,9.184695157969124466e+02,1.156887566801973207e+03,1.340928596852119199e+03,1.672099303561350780e+03,1.323206371284694114e+03,1.422616764429489194e+03,1.377242181602926394e+03,1.421624678818496477e+03,1.355048086522180483e+03,1.772888075311882858e+03,1.900346048771431924e+03,3.035680647609760399e+03,3.434026361634094428e+03,2.884150143416261471e+03,2.026660480289014004e+03,2.593815857020316344e+03,2.824377965279441014e+03,2.887086988465976901e+03,3.084486357952545859e+03,2.136568711813244136e+03,2.678844999858610208e+03,2.901242524730264449e+03,3.888547497547374405e+03,3.200192902650065207e+03,2.823143903538143604e+03,2.680425908196266391e+03,2.520745312054265469e+03,3.184579774652926972e+03,1.881129334910552188e+03,3.050534859159080497e+03,3.002585448993108912e+03,2.726034792059390838e+03,2.525572069825747349e+03,2.004759726895920949e+03,2.260795531600677350e+03,2.850176154915529423e+03,2.320619299788343142e+03,2.731446837918543679e+03,2.723188463573924309e+03,3.201814797868962614e+03,3.007363186977089754e+03,2.334601791932376727e+03,3.142770063780492819e+03,2.113497057928329923e+03,1.952651901894960929e+03,1.883461584760182632e+03,2.077675860485153407e+03,1.421567487298385913e+03,1.278360725044415631e+03,1.214913830153612253e+03,1.308561836485622507e+03,8.613756254055812178e+02,1.081528953464397318e+03,1.076449143795211285e+03,1.026542957128887338e+03,1.290200689852039432e+03,1.030696040946038238e+03,1.083401883316809517e+03,1.040523601930958421e+03,1.152004304111176907e+03,1.331319567669239404e+03,1.165134854401131861e+03,1.111416340460152014e+03,1.388397836046230623e+03,1.125053837422467950e+03,1.092452681467999128e+03,1.163746361790078254e+03,1.035009574167724168e+03,1.113496505478893368e+03,1.132394847633784138e+03,1.120432326057953333e+03,1.141479441043499264e+03,1.153086207918746140e+03,1.344217781568290548e+03,9.600413386690333937e+02,1.032476920354236881e+03,1.190061214553546961e+03,1.414759394542657219e+03,1.363302309762931600e+03,1.213609887942281148e+03,1.295157592944070302e+03,1.278290896611841845e+03,1.301629593689722469e+03,1.219026449526622855e+03,4.949197667837496595e-01,-3.378468937356122748e+00,-1.865733655141588443e+01,-1.281582125497402558e+01,-1.429194178508048196e+01,5.450980047436880227e+01,1.179553923544700410e+03,1.002291452307400277e+03,1.394204327010878842e+03,1.470748811033636230e+03,1.609643966180763073e+03,1.576417319014630493e+03,1.625791019983404112e+03,1.541885901985905775e+03,1.361926658817430507e+03,1.555985468416925187e+03,1.711036179302678192e+03,1.694961322137262187e+03,1.301230943561629829e+03,1.287826176059586487e+03,1.122987777437339901e+03,8.115122789468239262e+02,8.153565049659581518e+02,7.536326232144508595e+02,7.544218660183810243e+02,7.064496160009645109e+02,4.927458503869262358e+02,5.384524099377148332e+02,6.726478452433126449e+02,6.859467364557825704e+02,6.171818675651073818e+02,7.251698680122091218e+02,9.169108297877033920e+02,1.078883073303415131e+03,9.622254276183484762e+02,9.644040511539843692e+02,9.702734954494590056e+02,9.965072331993757189e+02,9.449657869174233156e+02,9.290432015441398335e+02,1.013071623353510745e+03,9.091734086051931172e+02,9.486856605074644904e+02,8.188233387352041746e+02,7.305831110826907207e+02,8.961128282624707708e+02,8.620428184443014743e+02,8.540993479766164000e+02,9.516643540672775998e+02,9.723738414679977495e+02,1.260135471685242010e+03,1.199971023390238770e+03,9.997034814646451650e+02,1.192085026037902026e+03,1.407234105781928292e+03,1.323081813652637265e+03,1.918779024754746132e+01,-1.881725561601431396e-01,6.296020713149379222e-02,-4.643670027523278738e-05,-4.358414461573040134e-06,-3.208261274300729465e-08,6.210400455441445654e-09,4.368517273794911596e-11,-8.320536723183889759e-13,2.315331937084322113e-14,-3.630534789992552635e-16,-2.312677902962959588e-17,5.080259076682254882e-18,1.810768849931500568e-20
1.618648411316294413e-13,-8.231677220436058917e+01,1.501143638437839172e+03,1.391872516900147957e+03,1.249418928235681278e+03,1.260122818720369878e+03,1.294180767129617607e+03,1.394864262503040436e+03,1.241613490097554177e+03,1.166225153088145817e+03,1.221588019036093328e+03,1.171418091926357192e+03,1.264524713579538002e+03,1.445798052414344738e+03,1.460213578115260589e+03,1.542815629659755587e+03,1.441734398505415584e+03,1.310132107875750535e+03,1.416899048661147162e+03,1.701409225848067308e+03,1.571912855128981846e+03,1.371659931840036961e+03,1.393552510273074631e+03,1.310536822976334179e+03,1.364253236094807562e+03,1.654523263537396588e+03,1.536432896977521295e+03,1.357307571629369249e+03,1.676301270590385002e+03,1.447963015611733226e+03,1.159725238988419051e+03,1.135619209728386295e+03,1.412679698171216387e+03,1.262135312655940197e+03,1.089490938514806203e+03,1.186566278328015414e+03,1.108585281616151406e+03,1.274288719520546692e+03,1.547837571386667605e+03,1.187378579372928471e+03,1.414793843710260262e+03,1.899834099350405495e+03,1.507919737615481381e+03,1.239851109820866441e+03,1.574020367867105278e+03,1.803687240872075790e+03,1.166090504426355892e+03,-1.576165933273771635e+01,4.209848167410012998e+00,-3.626419949079167093e+00,2.954029905230749975e+01,2.342986402372209795e+03,1.384720977012137155e+03,1.806270969154328299e+01,9.237029341531366455e-01,7.438752052744029841e-02,5.931432779346809681e-03,4.818061578636640557e-03,-1.138943956371802615e-03,-9.431608539820473928e-05,-6.759156886431077198e-06,-5.603864931427790378e-07,4.363219420696804068e-07,-8.020056282544238908e-09,-1.819423673134423626e-09,-8.489522199531463592e-12,2.118763215916377975e-11,1.365903721242807023e+03,1.153730621523069885e+03,1.394378157546384955e+03,1.138182673098989426e+03,1.007943033763955214e+03,1.265443691862348942e+03,1.097352267393269585e+03,9.425774194611636858e+02,1.288002312468596074e+03,8.311247520919911835e+01,1.891050246768190391e+03,1.441399864948140475e+03,2.035658089478959027e+03,1.667882768418180376e+03,1.637893263277325786e+03,1.682400187956845230e+03,2.266635021715108451e+03,2.307695195448253799e+03,2.123125383238158975e+03,2.104138157436059373e+03,1.780795623188083027e+03,1.299434961081146412e+03,1.851759206145684630e+03,2.274650014125908911e+03,1.671684196303068802e+03,1.562833985205614226e+03,1.651418935213696386e+03,2.173353735893691010e+03,1.698547523668516305e+03,1.553576228103194580e+03,1.749963144693298545e+03,1.594641697108538438e+03,2.159777555465092519e+03,1.609800373633498793e+03,1.746241852026501192e+03,1.207080102984770065e+03,1.440302037764178522e+03,1.528799296745168931e+03,1.396989369140976805e+03,1.754484668418000865e+03,1.647350674361355459e+03,1.413734768140491497e+03,1.402923270254226964e+03,1.411055087434847110e+03,2.059962189810344626e+03,2.272253877257039676e+03,2.962087763459790494e+03,1.993046290114556996e+03,3.165386204029763121e+03,3.322982355565107355e+03,2.207465751903051114e+03,2.944986618071197427e+03,2.793175850408126735e+03,3.225930631701708990e+03,3.386409940391545661e+03,3.606239275186129362e+03,4.490673056787096357e+03,2.930973178468430888e+03,2.381711016212700542e+03,4.436488807516914676e+03,2.602653565685327521e+03,2.724592477622349179e+03,2.795355140623371426e+03,2.453497155758504505e+03,2.074925312091884280e+03,2.810746522930669926e+03,2.282719219301095109e+03,1.786903461998256489e+03,2.310842027386715927e+03,3.229984214995275124e+03,3.118248046558337137e+03,3.159420432659705966e+03,3.050229498396511644e+03,2.348539697768394490e+03,2.254199238391950985e+03,2.189463889262968223e+03,2.125844453953181528e+03,2.177435602187721088e+03,1.779177853451061083e+03,1.779457358894674144e+03,1.718094351549772000e+03,1.301030317380131919e+03,1.957299383152807422e+03,1.322292282195612415e+03,1.039956478251561975e+03,1.172202801855021335e+03,1.047175301956202247e+03,9.413482629571706184e+02,1.036573436172150423e+03,9.220883470771061639e+02,1.054692847087182599e+03,8.729772304663906652e+02,1.200390509524637537e+03,1.191137520680115131e+03,1.153506790396998667e+03,9.658405262152336945e+02,1.319514527229917576e+03,1.149509022516518144e+03,1.353349789962830982e+03,1.128849378281708141e+03,1.164470022084862421e+03,8.666028286907074971e+02,1.324209631347255481e+03,1.119237975778208011e+03,1.031596601330983958e+03,8.825302834546148461e+02,8.452994506774031152e+02,1.076116068574948258e+03,1.151426495059003855e+03,8.394867913236921595e+02,1.027083713682336111e+03,1.104422712304669631e+03,1.001652407066942033e+03,1.100365096368744162e+03,1.140428414674065152e+03,8.759654633431935054e+02,1.008983463634933287e+03,-4.218134612141623307e+01,-5.638167011738125467e+01,-7.829703167955160836e+01,-5.009969353406318504e+01,-7.098427526133400534e+01,1.603458636987595355e+03,1.420018619238431711e+03,9.432499647203812856e+02,1.109725395329857747e+03,1.107781650149087682e+03,1.706581581289364522e+03,1.396690474077005547e+03,1.573001659031483769e+03,1.763069240415359445e+03,1.696490915899429865e+03,1.515997969552795212e+03,1.880829635685060566e+03,1.851263920843188316e+03,1.712979492238770263e+03,1.181271579847702014e+03,7.629474310152987755e+02,9.194144326801425677e+02,8.962441558978531475e+02,7.039674097869270781e+02,7.008583430802860903e+02,8.556303377340933594e+02,7.988772815889789172e+02,7.064966430306213852e+02,7.191733165594588399e+02,7.736304411107417991e+02,6.451259737475947986e+02,6.947033283315890912e+02,6.644546982560123070e+02,6.826117420125760873e+02,9.945941878711762456e+02,7.816499623437207447e+02,9.390889079080636748e+02,1.089484123942099586e+03,9.997666762309443129e+02,1.030798368837415410e+03,8.191012659911585843e+02,7.011814085920185562e+02,8.513854608154313155e+02,9.766007816806967412e+02,7.203259477878787038e+02,6.794175653838960898e+02,9.090939357822834381e+02,9.457134343908891196e+02,8.098294088420334447e+02,8.811958614716331795e+02,1.240149013294867018e+03,1.383967955251112926e+03,1.466257516599545852e+03,1.140849687475336168e+03,1.015282180689148163e+03,1.342124538019662850e+03,1.001113453405517362e+01,-9.817809925127642112e-02,3.284917626019220188e-02,-2.422811839058099532e-05,-2.273981159618112665e-06,-1.673894424536127184e-08,3.240245664646492657e-09,2.279252763358158270e-11,-4.341206284038001361e-13,1.207966723606325811e-14,-1.894333330642860797e-16,-1.207280053470606490e-17,2.652987065781513762e-18,2.131977772132690604e-20
9.135672996764708209e-14,1.578604455294811032e+03,1.325469141982725660e+03,1.260372148027380717e+03,1.404035728767659293e+03,1.463945220192038960e+03,1.616141962881254130e+03,1.616483023125356112e+03,1.637205066378734955e+03,1.453161485236380713e+03,1.400937259514668995e+03,1.388833075830041025e+03,1.494380636518174470e+03,1.678813884615694633e+03,1.468614375753986906e+03,1.474068728572252667e+03,1.505487143208066072e+03,1.314905730015891322e+03,1.099443763476112963e+03,1.538728639479619233e+03,1.805874028746968861e+03,1.209159866405155753e+03,1.098759341596336299e+03,1.394280660999416341e+03,1.525815536174123508e+03,1.871440839509270290e+03,1.868594103852375383e+03,1.572560151518236125e+03,1.389292505664965802e+03,1.231345921939135224e+03,1.106474678733791961e+03,1.138954861982831062e+03,1.423767989871917962e+03,1.409757815463678980e+03,1.082683147373899601e+03,9.507362624981468571e+02,1.041554741981063671e+03,1.227750890481950591e+03,1.371127204382178206e+03,1.660406526574859299e+03,1.407022988706236674e+03,1.652860093927593198e+03,1.674082773007973856e+03,1.301791989329472699e+03,1.538294916301686726e+03,1.441686941851686925e+03,4.766605408636038987e+01,1.176552171128446922e+01,-1.152527675447334365e+00,2.988417760100032439e+01,-2.230627331309467252e+02,2.098885007579647663e+03,1.209520815681171371e+03,-1.110805605456357341e+02,-7.099910601478869765e+00,-5.586344308042191509e-01,-3.719570550609229559e-02,-3.650592408838392727e-02,8.708263002182959484e-03,7.244703788023501177e-04,5.093034462080476150e-05,3.533542529338576576e-06,-3.413634435333739765e-06,8.613363705400559217e-08,2.769297746382071696e-09,-3.554815187150378311e-10,-3.796830006610954126e-11,1.327441097746293053e+03,1.044835313188545115e+03,1.006499640732488842e+03,1.032355829411380000e+03,1.424921305315124982e+03,1.235153412655788316e+03,9.606183279439799207e+02,9.315131435425021209e+02,2.050796837182342358e+02,-6.102968281056818967e+01,1.783480806986508469e+03,2.103935386279877548e+03,2.289166877242284954e+03,2.114665484244195795e+03,1.652911549382680278e+03,1.830675134127327055e+03,1.756264056054197226e+03,1.901890320018501370e+03,1.933645949989529072e+03,1.940406778127520738e+03,1.499506236717857973e+03,1.967053807941275863e+03,1.766821802062443794e+03,1.726689452123770479e+03,1.971513340622253054e+03,1.746394890164033768e+03,1.757268063730525910e+03,1.816976444515201138e+03,1.726211819548823541e+03,1.783539591534908595e+03,1.408440182862788333e+03,1.904555180642747700e+03,1.474212519871681479e+03,1.607059612529267724e+03,1.685111421922801583e+03,1.767392685270482843e+03,1.451911985635646715e+03,1.704062886146941310e+03,2.110413849907944268e+02,2.971242220876097235e+02,1.483699352382331426e+03,1.739799640301456748e+03,1.426656180301173436e+03,1.872107169129248632e+03,2.039098752912172586e+03,2.184227191125780337e+03,2.344323043922935540e+03,2.177692628495916779e+03,2.614264777038373722e+03,2.993961489554181753e+03,3.058176327906602182e+03,2.958532429971803140e+03,3.563163680165155711e+03,4.377407175006656871e+03,3.018624751080715669e+03,3.358845942322882365e+03,4.738154029093394456e+03,2.903480312220346150e+03,2.752444387930956509e+03,2.698737314893706298e+03,2.365465578485552669e+03,3.252145469033023801e+03,2.769464718900694152e+03,2.015804231317611993e+03,1.722500359455933904e+03,2.891639584326527256e+03,3.062441403418000846e+03,3.352947967041055563e+03,2.583436872632583345e+03,2.971272274940049556e+03,3.043793976977447073e+03,2.829581160194238237e+03,2.594899143189660208e+03,2.411481119032559945e+03,2.987452960271295524e+03,2.567680386599812209e+03,2.150253366425182321e+03,2.162029407933714083e+03,2.186121493203422688e+03,1.831970858031772877e+03,1.473854907523598740e+03,1.253218829361343069e+03,1.355109752631911533e+03,1.356085451170490387e+03,1.093991886085509122e+03,1.268267443908436235e+03,1.172485851443691217e+03,1.197518441243214966e+03,8.904593208049361692e+02,1.407622381425591811e+03,1.368261768032097734e+03,1.100691146017855544e+03,9.376426474508247111e+02,9.772375801543017815e+02,8.956594211441342850e+02,9.893877106195155875e+02,1.271384761877029405e+03,9.968102996912821254e+02,1.196480882325014818e+03,1.026806305178411094e+03,1.236972762568364033e+03,8.434675850022815666e+02,9.932500829354382859e+02,1.390057891727461538e+03,1.136708517859624180e+03,1.055331366902657919e+03,9.962351068728640939e+02,1.109269981266988452e+03,1.131407520408685741e+03,1.284161136257097951e+03,9.435973751633370057e+02,9.852792763830286731e+02,9.649549513865081281e+02,8.882246255866207321e+02,9.964354464935430542e+02,8.737506094106844330e+02,9.796687442090675404e+02,9.230647713557037832e+02,1.196812950490720823e+03,1.470418509667561466e+03,9.626227446442800328e+02,1.391034912301769737e+03,1.879719480934289550e+03,1.477398168784602149e+03,1.391321755495819389e+03,1.065831322020923835e+03,1.358167477429656856e+03,1.660559358562937632e+03,1.438748329067040686e+03,1.409236644162795073e+03,2.042329571930330303e+03,1.723781555659335254e+03,1.373472509740061241e+03,1.549264301829983651e+03,2.096941862365383258e+03,1.556797192656478956e+03,1.040171384738751385e+03,6.844729739678566602e+02,9.255495872336372258e+02,8.322618035964529781e+02,9.133982330676304855e+02,9.872571306005121414e+02,8.347714808294502973e+02,8.981796302827227692e+02,6.343269904767056460e+02,6.591094358747850492e+02,8.527058193125889147e+02,7.040737577428028544e+02,6.612940223797197632e+02,5.987599283206042173e+02,7.608155926619102729e+02,8.143797418485353319e+02,9.467132392069069056e+02,1.100188582078587388e+03,8.494817272641060981e+02,8.991141503381530811e+02,9.265384692303476868e+02,8.135469288066359468e+02,6.801734323058357177e+02,7.807626636416759993e+02,8.822244139099278755e+02,8.122564257263111358e+02,9.111757450317094253e+02,8.308736948774239863e+02,8.981132381898942185e+02,9.700024599719230309e+02,1.278626353771273443e+03,1.386588661422985297e+03,1.065644327327423298e+03,1.012721174955739912e+03,9.864316725581703622e+02,8.244167654981032456e+02,2.173223539440540435e+02,-7.806283547832995495e+00,7.655536725987949209e-02,-2.561447789234795949e-02,1.889212070201371331e-05,1.773159841146289296e-06,1.305236134434099791e-08,-2.526614398855398321e-09,-1.777269618897382079e-11,3.385107810902089259e-13,-9.419489141304980750e-15,1.476436694855899409e-16,9.400581693038526417e-18,-2.062654147809206708e-18,4.699623983520532562e-21
8.396164226160265663e-14,1.838049342217150070e+03,1.207059177707124491e+03,1.240391611967162362e+03,1.596231036946212271e+03,1.449508643030608937e+03,1.516265889826141802e+03,1.909584186651327400e+03,1.701173833125396413e+03,1.655031439076421748e+03,1.549993416892474443e+03,1.398723526300759886e+03,1.385438276237249056e+03,1.615259286245724752e+03,1.649410703281891074e+03,1.707757938696658357e+03,1.586834567296351224e+03,1.330588665975607000e+03,1.278001342266132497e+03,1.476262022582646068e+03,1.777975491208060248e+03,1.496433593310430297e+03,1.373015261872615156e+03,1.604503044772800649e+03,1.645634955676716118e+03,1.877370725450058444e+03,1.870885754785537074e+03,1.822655404810132040e+03,1.482292302915978098e+03,1.390214405075528930e+03,1.403847952462309877e+03,1.401980700131061667e+03,1.311853474181549927e+03,1.438744795043375461e+03,1.077839749496788045e+03,1.289152968488660463e+03,1.226959493817503699e+03,1.166717872548321793e+03,1.364551725827979908e+03,1.631836914058544380e+03,1.735445256632438713e+03,1.613642460995795091e+03,1.776438506913103993e+03,1.195639142447235827e+03,1.454582642710070331e+03,1.539791396251648848e+03,8.871079387990478153e+02,-2.855716766250377070e+00,-9.204788668556654230e+00,-1.367841122520015062e+02,1.688426252465228345e+03,1.804841365345438817e+03,1.069834668718185412e+03,8.873699888973078487e+02,3.227623532187431010e+01,2.533475817439869271e+00,1.652059347156520364e-01,1.657120208762768998e-01,-3.956649188493097102e-02,-3.293225935451237624e-03,-2.310561560642126512e-04,-1.570534360857839476e-05,1.554613173619623132e-05,-4.028989165985145656e-07,-7.398353442640613443e-09,1.812041464826533910e-09,1.153537119503243452e-10,3.525125411818158909e+02,1.070757101187097987e+03,7.552400538568043658e+02,9.068280587789603260e+02,1.126313174974580988e+03,9.215710562657152423e+02,9.120307055725886585e+02,2.102726560035694092e+02,-4.958399407287124916e+01,1.230861642286403246e+01,1.747719463993921636e+03,1.783099933330405293e+03,2.165936077458156433e+03,2.601304863402715455e+03,2.333122495068878379e+03,1.933241822326882357e+03,1.241362179877186236e+03,1.617396936309609373e+03,1.456346570433146780e+03,1.967477705389433368e+03,1.920879575449122740e+03,2.233307281362328922e+03,1.666761021184835272e+03,1.495516000840604192e+03,1.882851450132720629e+03,1.753927192086863897e+03,1.691130714273214153e+03,1.516741816387479275e+03,1.668927068109693892e+03,1.939584605522186394e+03,1.720892492528332468e+03,1.780386424475683725e+03,1.253693320410949809e+03,1.446034667390978711e+03,1.540962310556698640e+03,5.474991630510503455e+02,4.027795114746351715e+02,4.647605329695613818e+02,-8.923891322737465259e+01,-1.262759899822857506e+02,1.560863807231264673e+03,1.342166874372789152e+03,1.296349934369170796e+03,1.738732816833530478e+03,1.975341094995432968e+03,1.836415887992678790e+03,2.373253817854883891e+03,2.220456966656564418e+03,2.041239299281238573e+03,2.627909471163905437e+03,2.549896141334719232e+03,2.484229842258607732e+03,2.896254150289072186e+03,4.240160816151559629e+03,3.239202846786656210e+03,3.340507359883751633e+03,3.357247265825633349e+03,2.981014533254658545e+03,2.988086688040932586e+03,1.651167680015775886e+03,2.267540122039032212e+03,2.870923415107959954e+03,3.068524958100941149e+03,2.579264038261370843e+03,1.998228040195917401e+03,2.335668957724219581e+03,2.909066717153570607e+03,3.160492568080564979e+03,2.448859397785160127e+03,2.494281967060601346e+03,2.657021660735393652e+03,2.416998116551238127e+03,2.762055583692980690e+03,2.585126478973037138e+03,3.563389400754016606e+03,2.556050118721424951e+03,2.282633991134286134e+03,2.475180096814349781e+03,2.105657573027162471e+03,1.587051242253193095e+03,1.520785672490520255e+03,1.239618768009654787e+03,7.718630826410857253e+02,1.360926077014729344e+03,1.140322291852313811e+03,1.090310537521421111e+03,1.184298360558298782e+03,1.238769298196407817e+03,1.467519321932021739e+03,1.224912109113620772e+03,1.169175829865147534e+03,1.267915393836578914e+03,1.138799387617331377e+03,1.241618142560609158e+03,7.158223942801057547e+02,1.213736651379891782e+03,1.075448278698907870e+03,9.929363324438594418e+02,1.143500446250726100e+03,1.193554285539903731e+03,1.085614217576312058e+03,1.107554980318638854e+03,8.938933367136985453e+02,1.177610051027950703e+03,1.320155945541411711e+03,8.499993978546173139e+02,9.852667164931335719e+02,1.011117244583538195e+03,1.345983778249268880e+03,1.435889996666676325e+03,1.030836648165032102e+03,1.014650531909826441e+03,1.016166895410498455e+03,1.113380025614784472e+03,1.210869499809837635e+03,1.075110176575615696e+03,7.747534670067507250e+02,1.185667862180498560e+03,1.553906221207666704e+03,1.685355396370327071e+03,1.311201363235217059e+03,1.739874014088841250e+03,1.463896225037967042e+03,1.560154904223490803e+03,1.542846491536889744e+03,1.435395905271635684e+03,1.545468135193990747e+03,1.355013006275118641e+03,1.367230321986400668e+03,1.486743739197933110e+03,1.624059244798873578e+03,1.722975292429784076e+03,1.496124144217479852e+03,1.502185256427577770e+03,1.666216287153580879e+03,1.323523949452813895e+03,9.465145644315557547e+02,8.857122827690018312e+02,7.357982373651726675e+02,6.619952759798881061e+02,7.604099501602797773e+02,8.414185188912367721e+02,7.545578253830194626e+02,7.707288703533861280e+02,7.482527208862824182e+02,6.598987068755949394e+02,6.315333515104131266e+02,5.416186982578661855e+02,5.634540000550808827e+02,7.953462571637660403e+02,8.246539958499538443e+02,7.011147467655588343e+02,8.435029531895171431e+02,7.651732434406142147e+02,7.652641274788577448e+02,7.984648440148481541e+02,8.918171560237838094e+02,9.072725432600560680e+02,8.654728344350501175e+02,8.757117810434382363e+02,8.484530365161996315e+02,7.793752025303094797e+02,9.570676925088506550e+02,9.252164696508499446e+02,9.986249472660756510e+02,1.077969104447905238e+03,1.194677475043736194e+03,1.133974712853661003e+03,1.037522037251727170e+03,1.100787575191576025e+03,1.141242922466266691e+03,1.273869848225386704e+03,-9.219428849388285130e+01,3.483414336957634472e+00,-3.416146265378603580e-02,1.143000237912697101e-02,-8.430270781993287781e-06,-7.912408478549050450e-07,-5.824382718253947273e-09,1.127456457527403605e-09,7.930748176804270005e-12,-1.510542482930640378e-13,4.203381247286673326e-15,-6.591157940235508975e-17,-4.204154499799450030e-18,9.226420933492203495e-19,-5.645070264317328605e-21
1.507192593343826900e-13,1.508774503893545898e+03,1.352669064222321595e+03,1.366224323729103844e+03,1.486576963295392716e+03,1.408590798976981432e+03,1.307501275717371300e+03,1.550708733717618543e+03,1.414377003426798410e+03,1.460477739746120960e+03,1.385409052801958296e+03,1.301099441187942148e+03,1.285289685587059012e+03,1.400800217478665445e+03,1.620306597281556378e+03,1.663732154751779035e+03,1.358964373421055143e+03,1.348840049396000040e+03,1.568896355958047252e+03,1.563437103432161393e+03,1.501796048227730125e+03,1.421320043581554273e+03,1.613613480103186021e+03,1.624436667312475038e+03,1.689409787524645253e+03,1.621012059801496207e+03,1.656116998903471313e+03,1.628245952032988498e+03,1.525649080136307930e+03,1.342344889725988651e+03,1.289640550257764744e+03,1.373352462391731933e+03,1.179261748184073667e+03,1.311530681759561048e+03,1.413988618348225145e+03,1.785473830709082904e+03,1.701681909857220944e+03,1.259108203837794008e+03,1.613141512150217977e+03,1.489175008678946824e+03,1.807854608838013291e+03,1.707667205074584672e+03,1.427398693308261272e+03,1.253580393867201110e+03,1.673961210575050700e+03,1.502526391271322382e+03,6.707315619611729289e+02,-7.835791987857334107e+00,3.920337904902642379e+01,7.386306801931831387e+02,1.776823222608971946e+03,1.218953650408021304e+03,1.130275752890951935e+03,1.542667570498448413e+03,-1.190865036490553308e+02,-9.345314581433292744e+00,-6.081342599199542898e-01,-6.113230299838028348e-01,1.459769207224687892e-01,1.215061713455557746e-02,8.523337356026206317e-04,5.781652123232240980e-05,-5.736912083348305678e-05,1.490650272505640558e-06,2.541328607973816543e-08,-6.756630369809905476e-09,-4.042151424397836796e-10,-1.103081890907693889e+02,1.114639794751156614e+03,8.440213091778186936e+02,9.341336403717243684e+02,1.047483285491441166e+03,1.129940259429037269e+03,3.113752649490081694e+02,2.715433962363688636e+01,-1.203322192352578526e+02,5.079476101729105153e+01,6.585555770406017473e+02,1.558439151912239140e+03,1.857698715597359296e+03,2.263374753482870801e+03,2.141981465357811430e+03,1.951353516894142558e+03,1.637388405061714366e+03,1.550593570401871375e+03,1.495873888944656755e+03,1.985643547039144323e+03,1.714058093495697449e+03,1.896388206489766617e+03,1.536530741336417350e+03,1.408532764384698794e+03,1.522459392330343462e+03,1.690127511860065397e+03,1.760728605052609510e+03,1.389499444555161517e+03,1.973800689281061750e+03,2.009457279348406473e+03,1.644224294702974703e+03,1.305622308695764787e+03,1.559420448066313838e+03,1.213607429209456313e+03,1.486108243592847884e+03,-1.733795699563638095e+02,-1.264988280079746374e+02,-1.457523512443453058e+02,3.169056188870405322e+01,4.488452184017684488e+01,6.295342483924017642e+02,1.524760730604623632e+03,1.218570082942571617e+03,1.403132208460489210e+03,1.535284477751323493e+03,1.814206257891510404e+03,1.853598296091540760e+03,2.136782926001792021e+03,2.584027641905733162e+03,2.728393743039146557e+03,2.142432551155806323e+03,2.833225307678526860e+03,3.287241041331901670e+03,2.986916059463394959e+03,3.048794838071455615e+03,3.434514022330328316e+03,2.660966946168007780e+03,2.919184658612677595e+03,3.116521608100944377e+03,1.492001119305262137e+03,2.177110845761240853e+03,2.150416038486814159e+03,3.081888031323918767e+03,2.139035196885232835e+03,2.033673999145830749e+03,2.585931088465978064e+03,2.682651674390060634e+03,2.631193660510251448e+03,2.585543230583996319e+03,2.384758786449619492e+03,2.457958643279432181e+03,2.149256092566988627e+03,2.702573451627352370e+03,2.459293755798311395e+03,2.687016026147342018e+03,2.643059949641666663e+03,2.195039753861579811e+03,2.121288751703469188e+03,1.881142277936879964e+03,1.431585711783319312e+03,1.323647589967845988e+03,1.287989943909890826e+03,1.155107047894377956e+03,1.119039829090486592e+03,1.144201227234845192e+03,1.060627916434744748e+03,1.170215229209275549e+03,9.298260612619820904e+02,1.367003614979439590e+03,1.169304024266057240e+03,6.974033086637303995e+02,1.725232516055950100e+03,1.273284387995495763e+03,1.108863260071772174e+03,1.380394934260925083e+03,1.091137840062051964e+03,8.837864209233364363e+02,8.622921766199610829e+02,9.152137083290202781e+02,1.110835340380335992e+03,1.111069857861590890e+03,1.284578276248369093e+03,1.059493682386320188e+03,8.752614663561419093e+02,1.106006872975416172e+03,1.116375158095702545e+03,9.813149126473336992e+02,1.087744454075082103e+03,9.725220731480595759e+02,1.025522780329934676e+03,1.021819538351262167e+03,1.100225063153059182e+03,1.026791258225181991e+03,1.258263478239039841e+03,1.073057719692367073e+03,1.208828981311040025e+03,9.511621065084716520e+02,1.144020880379785240e+03,1.296150790966466275e+03,1.360155470351119675e+03,1.342970144552830334e+03,1.164212745178905607e+03,1.439071821639012114e+03,1.823797951298377257e+03,1.635605552522525613e+03,1.514009681530901616e+03,1.368851938074006284e+03,1.694360042412797384e+03,1.653388392243961334e+03,1.391046571895717761e+03,1.324485742923057614e+03,1.580806731104444907e+03,1.588225247861452999e+03,1.581120105120183780e+03,1.260733255117584577e+03,1.185823661569778551e+03,8.873341468452039180e+02,8.817300499355650345e+02,8.148707266503537312e+02,5.957205089652985635e+02,7.053358529092901108e+02,7.248264875911023637e+02,6.876591110953348789e+02,6.842741551983806403e+02,7.676887556801104893e+02,7.087550233020532460e+02,6.479031090994553779e+02,6.382929733701796522e+02,6.332503208977573195e+02,8.389766676732459700e+02,9.653734084786043468e+02,8.242049877189868994e+02,7.938276675117756440e+02,9.161649481203178311e+02,8.678790824385405358e+02,6.985374109829061808e+02,8.276526432729185672e+02,8.109980685884072500e+02,9.167253977176657145e+02,9.053035620290336283e+02,7.984343382150893831e+02,8.638582131649221765e+02,8.216395081839343675e+02,9.934393533116020762e+02,1.028611458080988541e+03,9.418701402223431387e+02,8.283122381800524181e+02,8.929705441978147746e+02,9.879672965655886401e+02,1.176010786923237902e+03,1.080113876392108750e+03,1.322232992382413386e+03,3.279560054136835134e+01,-1.239129527232243566e+00,1.215200747687350015e-02,-4.065911222229198763e-03,2.998838621662768346e-06,2.814623247519137348e-07,2.071865080188703684e-09,-4.010618460527810524e-10,-2.821146211666846344e-12,5.373347862769775231e-14,-1.495230768970027606e-15,2.341706030794171768e-17,1.495257655845590309e-18,-3.263055250007872893e-19,-4.985326646978137098e-21
2.546067170199371951e-13,2.201758911390752928e+03,1.563520154992527978e+03,1.480129968446157591e+03,1.269404305711497273e+03,1.291274029372546465e+03,1.248248473604541005e+03,1.070966167217071643e+03,1.348011080535356541e+03,1.493544020657436022e+03,1.247251193432051650e+03,1.281030110874279217e+03,1.389134111594315300e+03,1.406684801442205526e+03,1.486944414020217664e+03,1.400968797209692639e+03,1.343138772428391121e+03,1.439873924939041444e+03,1.327110162552602787e+03,1.387172531073862501e+03,1.282455170819780051e+03,1.232017262380248212e+03,1.718848038008513868e+03,1.653780483184654713e+03,1.918824370001475472e+03,1.899040191714798993e+03,1.611852046386994289e+03,1.411953903347779033e+03,1.446826423756169561e+03,1.208435300364524210e+03,1.134021784927383806e+03,1.233605536306882186e+03,1.198932346474932729e+03,1.264701796787029934e+03,1.440148003033965097e+03,1.510240413179832558e+03,1.667726580883769657e+03,1.408868947573356081e+03,1.671031572459516838e+03,1.622524185364126197e+03,1.800827260053817781e+03,1.541932660704821274e+03,1.185304079373730247e+03,1.516323609145611954e+03,1.697177839040297613e+03,1.206185020329285635e+03,-1.681058633479745197e+02,3.042737639285740769e+01,-1.257539194158221250e+02,1.790434337379109365e+03,1.039576266929620488e+03,1.129139073950453621e+03,1.408077807518666305e+03,1.302434729449191536e+03,4.577159488333725221e+02,2.959491438101288097e+01,1.925463880461045774e+00,1.935966056545891156e+00,-4.622905649123285055e-01,-3.847964993340563522e-02,-2.699195154228483870e-03,-1.830588923475278686e-04,1.816847995177694715e-04,-4.721982708340343997e-06,-7.990562633793532937e-08,2.141895045146535344e-08,1.274247829479243555e-09,3.352591755484850466e+01,1.020127726987840333e+03,4.393998822791676844e+02,4.744475913785461216e+02,2.196322131022354824e+03,8.361990552979036693e+02,1.501909963004714221e+01,-2.983634634515917128e+02,5.792291324756378117e+02,-1.902508792812697322e+02,-1.034036469489473831e+02,1.492829613392136935e+03,1.811198879181471966e+03,1.709288416809962882e+03,2.111322937898881264e+03,2.045021474991843888e+03,2.187138192702328524e+03,1.909887396158121874e+03,2.077808277141989493e+03,1.849984307888807734e+03,1.775213378129991270e+03,1.726213855979664231e+03,1.935564644801640497e+03,1.571048305130766494e+03,1.657988645552890148e+03,1.456276127924107868e+03,1.591875977969870746e+03,1.513291144054298911e+03,2.253061190606309538e+03,1.989224506478647072e+03,1.453613054493359186e+03,1.310853767692406791e+03,7.909005819701260407e+02,1.210605483707131953e+03,6.858978777141757064e+02,5.269579773612334606e+01,3.846075692755707820e+01,4.431059394072708812e+01,-9.461411617509545735e+00,-1.353174526430919222e+01,-1.521136659950176977e+02,7.838443419321091596e+02,1.309165081976452029e+03,1.572538223898028946e+03,1.472728836695629298e+03,1.816940680243589213e+03,1.515762491822160655e+03,1.749752401940184882e+03,2.285341256056431575e+03,2.534709160485125267e+03,1.995621328721789496e+03,3.177365081722950436e+03,3.205805761322048056e+03,3.402125214513860101e+03,2.665735437192023710e+03,3.144044813983794484e+03,2.790106779156335961e+03,2.643966477257636598e+03,3.253477350787275100e+03,2.028596087210746646e+03,2.109866159403155962e+03,1.648732284753950125e+03,2.352053661412052406e+03,1.811669482166338867e+03,2.299281226898149271e+03,2.712123951846179352e+03,2.846986550675597300e+03,2.444810710601660048e+03,2.758624874872235523e+03,2.601524570494503678e+03,2.438705272460778815e+03,1.896858648326167895e+03,2.641095866443759860e+03,2.889019025172857710e+03,2.247799328995207816e+03,2.252553902160380403e+03,2.102014454672433658e+03,2.280157110720339006e+03,1.845493293440526713e+03,1.685054191161075551e+03,9.667134136141216914e+02,1.269984937462068729e+03,1.370114946676940917e+03,1.014477729564630636e+03,1.053639669040313265e+03,1.268482190108608847e+03,1.008267467450591653e+03,1.080902187287721063e+03,8.906210503371246432e+02,1.248843085884510401e+03,7.472672450349006112e+02,1.653426322508222256e+03,1.121783371887948988e+03,8.551482375409493670e+02,1.443938088946826383e+03,9.820701101738681018e+02,8.656137089554888462e+02,8.778130356914080039e+02,9.764946019135516053e+02,1.030486474993424508e+03,1.187514683881323208e+03,1.254274727979585577e+03,1.139681029084714282e+03,1.004121873868702778e+03,8.737645852924257497e+02,1.177949193640352178e+03,1.512658431492664022e+03,1.100950555853446986e+03,7.463309228188417137e+02,1.322422712207437598e+03,9.225292003142352542e+02,1.069589773365663177e+03,1.207086693318586413e+03,1.215697207235113865e+03,1.081000442530198825e+03,1.095433532530173807e+03,1.053822740310577274e+03,1.304658381247630359e+03,1.326563847131393686e+03,1.288574453939375871e+03,1.153695008242326821e+03,1.002333064029816683e+03,1.298092656469630128e+03,1.553924662701454508e+03,1.540449390127562992e+03,1.376366378226898405e+03,1.619141547256969261e+03,1.739556191980190306e+03,1.633311984424639832e+03,1.461830936299690848e+03,1.429560642263165391e+03,1.342506013823518970e+03,1.640290728140842930e+03,1.400967478768489855e+03,1.085269981921759609e+03,1.008770275168598573e+03,9.628013284820631270e+02,9.076614781664842440e+02,4.680614070626302805e+02,9.037819527920664768e+02,7.657929813943266026e+02,7.698111176425813937e+02,6.537097295816396354e+02,7.364622942918464332e+02,6.954845418988691108e+02,7.742277208268135382e+02,8.041330916723757127e+02,9.288082017660545944e+02,6.841076719695187194e+02,7.294756921825369318e+02,8.462857314660226393e+02,8.166583538559746103e+02,9.273665068819942690e+02,9.978750854759496178e+02,8.456341148802177941e+02,7.064524632068804522e+02,7.911781858977319644e+02,7.379430274284180769e+02,8.211940236994576026e+02,8.393582918498809704e+02,9.748187187004734824e+02,4.713227744091676641e+02,9.393291092194798466e+02,9.965641325570996969e+02,1.137739729684417625e+03,1.089157626847420033e+03,8.958809442753480425e+02,9.362293181345351059e+02,1.088567911779492988e+03,1.356517243195445417e+03,1.274783853842525787e+03,1.195120648269752564e+03,-9.967551901371363599e+00,3.766080715500061959e-01,-3.693354085061750867e-03,1.235750541686602994e-03,-9.114356531327586715e-07,-8.554471584614544319e-08,-6.297009949379208123e-10,1.218945377416514107e-10,8.574296100141691735e-13,-1.633132827249091092e-14,4.544028853733664082e-16,-7.151526738930071766e-18,-4.569944068178023201e-19,1.006771248229473039e-19,-5.186724155324494864e-21
3.394251324847916462e-13,2.441348044491688597e+03,1.713963700914925539e+03,1.722363019263838396e+03,1.465412029665300452e+03,1.343307447180432746e+03,1.387510394014812846e+03,1.234979897651749070e+03,1.346771405616815628e+03,1.618379970618740799e+03,1.590623098596787031e+03,1.319178037429261167e+03,1.456734067540195156e+03,1.551423088918862959e+03,1.457049470063771196e+03,1.281727912334168195e+03,1.444871913446571625e+03,1.664010536068280544e+03,1.334507685419548579e+03,1.507221039936893703e+03,1.450971202451779391e+03,1.322097525190815077e+03,1.626497156693025318e+03,1.587091682395941689e+03,1.870479932302177758e+03,2.108539858910526164e+03,1.641495545262463793e+03,1.430245591677310813e+03,1.494063880297882861e+03,1.400668210888393560e+03,1.455003535779831054e+03,1.479198073962846138e+03,1.509059932823586450e+03,1.514974275152606197e+03,1.266309320903077833e+03,1.419712992402844066e+03,1.421734571401982066e+03,1.493554348932358607e+03,1.616864739524482275e+03,1.715073426068977597e+03,1.723018137553405495e+03,1.462985160059641430e+03,1.296605339696634019e+03,1.433718576164176284e+03,1.336964108800768372e+03,1.136287382487802688e+03,3.849922491867467755e+01,-8.301563472126345289e+01,3.778852044765323512e+02,1.769863322568202875e+03,1.537676840279034877e+03,1.416277865272135614e+03,1.387787765622652842e+03,1.156658371226752934e+03,1.137189117561511694e+03,-7.934095362409318852e+01,-5.161873249368217564e+00,-5.190132353391959441e+00,1.239356056439222531e+00,1.031602444180702571e-01,7.236269823402045366e-03,4.907531262195798409e-04,-4.870803114331730653e-04,1.265950572570402075e-05,2.140714221146277847e-07,-5.742781569558562719e-08,-3.414082728921224777e-09,-8.694546228043041225e+00,5.451351605047082103e+02,-7.632056852301909089e+01,-8.211974781826104675e+01,1.578680494852566881e+03,-4.076748277320173202e+02,-2.377612388905064051e+02,9.384218878743928371e+02,1.522734612066329419e+03,5.617713481313121520e+02,-1.152056810923928936e+02,1.689647303560707769e+03,1.858501319849569427e+03,1.923479101515413277e+03,2.258841902678058432e+03,2.167602571139408610e+03,2.023744063465346926e+03,1.926118267045526636e+03,2.290763659860811913e+03,1.629394261612719902e+03,1.981834765716251241e+03,1.782248640686590306e+03,2.203790164761594497e+03,1.633989959526104485e+03,1.752233509489723701e+03,1.660136211192712608e+03,1.822259792323386819e+03,1.691640165858886576e+03,1.920031871078030008e+03,1.887874930990957637e+03,1.559521576896341685e+03,1.554755606666521317e+03,-1.012129146482941451e+02,8.283500004814515023e+02,-1.167823416153802469e+02,-1.366769762592723580e+01,-1.001190811043694318e+01,-1.152396427791410360e+01,1.997568576036923060e+00,3.214681274094197239e+00,4.151532802253193211e+01,2.261512202910257088e+02,1.372889962863302799e+03,1.661162864701969738e+03,1.842549181362817308e+03,1.592929957574106083e+03,1.616208421880237893e+03,1.647866461494907981e+03,1.857139655311252682e+03,2.221522112357465630e+03,2.414874480737896647e+03,2.932918201186384067e+03,1.968368570243887689e+03,4.006538059747821080e+03,2.667851193675849572e+03,2.952370897761416927e+03,2.993594364249255250e+03,2.309599788955394615e+03,2.910076306685751206e+03,2.465149285466209221e+03,2.333710391676724157e+03,1.599776479552270757e+03,1.919147451421300502e+03,2.313826962105953044e+03,2.479353623193464955e+03,2.256458650707971628e+03,2.599728752542742768e+03,1.997082484434127309e+03,2.136487356368474138e+03,3.029665452193606598e+03,2.272960787114985123e+03,2.104155410510730235e+03,2.548138095683714710e+03,2.991444515159217644e+03,2.675737454440332385e+03,2.342250111926264253e+03,2.450342534526733743e+03,2.623542183410319467e+03,1.878026695307961063e+03,1.610496189303233677e+03,1.150311485504165148e+03,1.195732611194032415e+03,1.034162430085510323e+03,1.122421625172350332e+03,9.936148407851899265e+02,1.196779889062014036e+03,1.080331302818151244e+03,1.392254994295881943e+03,1.078454425776298194e+03,1.031806537594811516e+03,1.108377711032115030e+03,1.220880051539491888e+03,8.707838423301249122e+02,9.958193635549131386e+02,9.376555479274295521e+02,1.176190160592342181e+03,9.770507731159135574e+02,9.518428095148191233e+02,1.210514765271328088e+03,1.107259162698036107e+03,1.050660137158254201e+03,1.184678726425958985e+03,1.213888274374886805e+03,1.065227412259055200e+03,8.600845902501374667e+02,8.493599062420177006e+02,1.406871017109585182e+03,9.894656040793591956e+02,1.107474269952710756e+03,1.644449076011169836e+03,1.038551038699418541e+03,1.050974364591261974e+03,1.355520124524142147e+03,1.101892637172348714e+03,1.126595956090826348e+03,1.089805286656034014e+03,1.029569566101507235e+03,1.235347293834498259e+03,1.343716993946560251e+03,1.089994662070784216e+03,1.059929423858779046e+03,1.107874305634026541e+03,1.317973838796582868e+03,1.251211995265622136e+03,1.251175205549680641e+03,1.704042794300061132e+03,1.878287974019219519e+03,1.327406757185596007e+03,1.322822143254906223e+03,1.573193259375519801e+03,1.514782965507823974e+03,1.497545035779035288e+03,1.711439361074777025e+03,9.956281896460899361e+02,7.996545126749183510e+02,7.893832352048901839e+02,7.641271514726132636e+02,9.771923456136840969e+02,-8.255217683902817782e+01,7.174485255108112369e+02,8.293127914796802997e+02,7.497589459769807263e+02,7.100440367344432389e+02,7.548060353869029768e+02,7.119680229479984064e+02,8.533485224134703913e+02,7.679108228107653531e+02,9.349622165930020401e+02,7.283908182439560051e+02,7.881209977793962480e+02,8.469555797978636065e+02,8.697159912754761990e+02,1.028080378524078014e+03,8.510813732687972788e+02,9.002210281120272839e+02,8.462715185893059697e+02,8.815737311429297733e+02,8.167369083624605537e+02,7.334274119772744598e+02,7.635714168530521420e+02,7.315081930107614880e+02,-8.276369297504800215e+01,6.559827068475925671e+02,5.919559880011414634e+02,7.744303440920813273e+02,1.194729132564416659e+03,1.014952629407659629e+03,9.077498060762583236e+02,1.331518388072084917e+03,1.665078321804621737e+03,8.905002049183869985e+02,7.676833443968414485e+02,2.584965516381921624e+00,-9.766880451496656734e-02,9.578272623179966052e-04,-3.204771410991494557e-04,2.363699491662363489e-07,2.218500024755987415e-08,1.633054564170240526e-10,-3.161189489358617695e-11,-2.223640065665012330e-13,4.235078951836429112e-15,-1.178565156059055157e-16,1.842958339962953436e-18,1.156605615528232787e-19,-2.478280954758735382e-20,-3.171597240661296773e-21
2.929392328423394129e-13,1.729887978072439864e+03,1.680429434844637626e+03,1.905246778227659661e+03,1.746495044211254026e+03,1.561632726441887144e+03,1.447991571827005828e+03,1.475060915963557591e+03,1.306770670659002690e+03,1.571479686289203073e+03,1.959416937767383160e+03,1.501105324860604469e+03,1.499564967390009542e+03,1.532185534914454365e+03,1.388630621163355727e+03,1.223777978327490018e+03,1.300273362004107412e+03,1.720845340291833509e+03,1.627836315362670121e+03,1.853433114232650269e+03,1.689248181891351123e+03,1.350917602326307360e+03,1.349352194772099892e+03,1.481543918627779703e+03,1.512925797712719941e+03,1.528142317551642009e+03,1.611147284569994099e+03,1.424523852815197415e+03,1.462154613799097888e+03,1.358724319380392217e+03,1.487027844157252503e+03,1.614643091033232849e+03,1.694869438234405152e+03,1.704731891811542255e+03,1.478870900001229757e+03,1.870029010882824196e+03,1.620602369842723419e+03,1.537538785312240634e+03,1.593771111165057846e+03,1.623338452532813335e+03,1.442156839482492387e+03,1.590804870498951004e+03,1.419896885471187488e+03,1.328461052810438105e+03,1.256336128115148540e+03,1.133157680471094636e+03,2.616677833440333778e+00,1.782577752154696213e+02,1.753497590692141557e+03,1.453907206708291596e+03,1.573585510581981225e+03,1.385598526729920650e+03,1.091545258483907219e+03,1.326314014121669061e+03,1.013050800705755478e+03,1.689144242886746667e+02,1.059705138925945711e+01,1.065508650639775468e+01,-2.544337249549097901e+00,-2.117829352230092554e-01,-1.485570536582425660e-02,-1.007490144693404602e-03,9.999522139733266028e-04,-2.598941009853963170e-05,-4.394488454753337407e-07,1.178975602250534711e-07,7.008783156893229851e-09,1.766381203653659915e+00,-5.535764912809187877e+01,1.550526204750806514e+01,1.668341440906774764e+01,1.851724537739972050e+02,6.137875193718074343e+02,5.448708306277910651e+02,3.315195420817319246e+03,1.501754021379748110e+03,1.604144547452448933e+03,3.254346284955890383e+02,2.199062497793170223e+03,1.603219849126469853e+03,2.244582654698966508e+03,1.770921077534221695e+03,2.112803121015372653e+03,1.739258707106888778e+03,1.512396101881995946e+03,2.113583911332558273e+03,1.853024558267883776e+03,1.647251188670127021e+03,1.785878084613478677e+03,1.562057853351892163e+03,1.388523741967908109e+03,1.337300271622610808e+03,2.233416006247801761e+03,2.265541036848756903e+03,1.592128393904578616e+03,1.635781394119687548e+03,1.955331873178797423e+03,1.449577742184152157e+03,9.954071012738717172e+02,-5.055102921357937618e+01,-7.442062542305386330e+01,2.372400521653345962e+01,2.780149054935870279e+00,2.110955933214861524e+00,2.407845539141819202e+00,5.282923056526921401e-01,-4.975253695079467214e-02,-1.266614604731987370e+01,1.608188309968089925e+03,1.305392952735366180e+03,1.283928634695566871e+03,2.106230185197579431e+03,1.700722336431034819e+03,1.376406741130712817e+03,1.933417083771575790e+03,2.398541813873856881e+03,2.525216215615198053e+03,3.511869044212474364e+03,2.819313675970543500e+03,2.213805000418889449e+03,2.744687765373691946e+03,2.234702979941873309e+03,3.262059359848256463e+03,3.325000852032595958e+03,2.366214446625033361e+03,2.262530281859669230e+03,1.687363572917176498e+03,2.543325569113086658e+03,2.072977243360242937e+03,2.283946627042561431e+03,1.997672477810017654e+03,1.966540527826806283e+03,2.486285596085228917e+03,2.248932901115182176e+03,2.140937970004937142e+03,2.167200120262412383e+03,2.695837993439435650e+03,2.344561995629877401e+03,2.675652556713763715e+03,2.215359740517379578e+03,2.134644031035162698e+03,2.538120952770997519e+03,3.750224678777405188e+03,3.017098017776228062e+03,2.018686120309426087e+03,1.755279297805077931e+03,1.341821513688679943e+03,1.324813138647439473e+03,1.222450113435605772e+03,1.138647208955411088e+03,1.217586395340658783e+03,1.078134511617317003e+03,8.419846515666114328e+02,1.419832168526462965e+03,1.181761085242642139e+03,1.325084200430056853e+03,9.926143090837260843e+02,1.192829624325636132e+03,1.221191226952389343e+03,7.674511047850212435e+02,1.003233658187687979e+03,1.218408289047879180e+03,1.153060968979485779e+03,1.151209623393535139e+03,7.927035412141328834e+02,9.614235802384365570e+02,1.025880865694074828e+03,9.605964492122375304e+02,1.129235769200163077e+03,1.259455577797068827e+03,9.211393278893774550e+02,1.119639971983619944e+03,9.641752233075873164e+02,6.206248304935070337e+02,1.048602111981407688e+03,1.145578386129288901e+03,1.034478316465819489e+03,1.323068107052610458e+03,1.174323760041089827e+03,1.126850595216289321e+03,1.017392946405664475e+03,8.592300956084336576e+02,1.281349051484254915e+03,1.160641529045351263e+03,9.605726106779159181e+02,1.132197218565918547e+03,1.006011210765209739e+03,1.300199232795764829e+03,1.078339981041172678e+03,1.787347606412637333e+03,1.580517729168620463e+03,1.415425473683943892e+03,1.949476061524050920e+03,1.375576562790974094e+03,1.683249897110675647e+03,1.612173737962414407e+03,1.555043746025617565e+03,1.605083853068781764e+03,1.818562868997800933e+03,1.444003426854732197e+03,6.915748990025820149e+02,7.054936213838058165e+02,7.166426429776837495e+02,5.324577138305389781e+02,5.744485124014214534e+02,1.677412606876836421e+01,-7.856561156534324653e+01,7.044840210656250292e+02,8.679815655199956836e+02,7.634995800524516198e+02,7.254521620043041139e+02,6.832440819013646660e+02,7.812659053458695553e+02,6.835474096559199779e+02,7.484847334173520039e+02,9.002583226142277226e+02,9.475673303211747225e+02,1.252910332095632612e+03,1.072009811168884426e+03,1.024397232634479906e+03,1.133569693345527185e+03,1.021562711584619137e+03,8.866922991672155376e+02,8.766799685889425291e+02,8.633435839638649441e+02,7.896773410551688812e+02,7.305929230206696730e+02,-8.226404936734608953e+01,1.736912088065392368e+01,-6.985658714457208873e+01,-6.100467093824962461e+01,-8.550975029326899346e+01,9.735114938087677956e+02,9.672454026761821524e+02,1.072221151760264092e+03,1.263598212628209239e+03,1.322044966689714329e+03,3.471133415107900788e+01,-8.136013139072922229e+01,-5.251607592987943551e-01,1.984236277576247390e-02,-1.945918772099920443e-04,6.510803246337693094e-05,-4.802084249469019671e-08,-4.507097467463020908e-09,-3.317707555202728608e-11,6.422262674372478967e-12,4.517568908215750580e-14,-8.604925666426671880e-16,2.393821757354452322e-17,-3.743888108903647878e-19,-2.380354898787988630e-20,5.137008689084817493e-21,2.340938556623023312e-23
4.407103427416361308e-13,2.021471127509404141e+03,1.315646136496574400e+03,1.574339083206690248e+03,1.471867197811301594e+03,1.179761055319717343e+03,1.096039183092547773e+03,1.387547859871901210e+03,1.568736887353648854e+03,1.752975913043296941e+03,1.609927973627711935e+03,1.512375863732208018e+03,1.491049956810500362e+03,1.412757621995347336e+03,1.315695254681177403e+03,1.378079348138022851e+03,1.528624683287407379e+03,1.431860322728505253e+03,1.119284076256233675e+03,1.263059756677615496e+03,1.392763957968265913e+03,1.426316358288103856e+03,1.401426841195422412e+03,1.567395751113723463e+03,1.750134745175492299e+03,1.614445640984638658e+03,1.543599198353019574e+03,1.345344155916458931e+03,1.271598234342823162e+03,1.068626434311647017e+03,1.005037670922377742e+03,1.120955721646208531e+03,1.436990386134596974e+03,1.609492434034417101e+03,1.435529542995430575e+03,1.460999815194539906e+03,1.528026616820119443e+03,1.476368996830197830e+03,1.401371712488223920e+03,1.516429229360917589e+03,1.698701583553633327e+03,1.624464322014250911e+03,1.563633940119821318e+03,1.591708917085572693e+03,1.420250950650716959e+03,1.034784393944331214e+03,-9.266125293679948527e+00,1.590319736508533651e+03,1.965898968963085508e+03,1.512782770239401316e+03,1.552273589173503296e+03,1.242952116536764152e+03,1.203356630816677580e+03,1.363713667780798687e+03,1.352761251639004740e+03,1.248294762357917534e+03,-9.214741320388458945e+00,-9.265207939209700427e+00,2.212446971762078718e+00,1.841573933248241424e-01,1.291788654459219768e-02,8.760702183068252600e-04,-8.695157422658809877e-04,2.259928627300039329e-05,3.821234337792663896e-07,-1.025187721648295011e-07,-6.094520264628531388e-09,-1.590168287908725886e-01,4.983520980838620495e+00,-1.395846824013585286e+00,-1.501902814159063571e+00,2.743758618217744697e+03,3.860085001306329104e+03,3.601772693414758123e+03,1.857063417795529176e+03,1.640416434849034886e+03,-5.389059155070746954e+01,2.297130898361140225e+03,1.527195143658626421e+03,1.561893605605616131e+03,1.746206109768259921e+03,2.135966863012623435e+03,1.900028017292735967e+03,1.826402553352613722e+03,2.138718309178671916e+03,2.279827776393286513e+03,2.508926575215063167e+03,2.138505407408103565e+03,1.938619837767081435e+03,1.608017133418426738e+03,1.986775050013080090e+03,1.379158443536060759e+03,1.673727976637339907e+03,1.533701473640807080e+03,1.687378756213520774e+03,1.696637660367607168e+03,1.535900575061594964e+03,1.266622678715822985e+03,-2.441471302451222414e+01,6.622806488681266046e+01,-5.241896573375174562e+00,-2.134470524801410640e+00,-2.532426228653231748e-01,-2.566012714164022102e-01,-2.744181174800819911e-01,-8.557091842764943390e-01,-5.175004648574221822e-01,4.801483031686771596e+00,9.936595801424793990e+02,1.265769067723662829e+03,1.117122642880251078e+03,2.015176447033159775e+03,1.415470482592012331e+03,1.960448768245094016e+03,1.530311689890455455e+03,1.653568478102466315e+03,2.900293657068851189e+03,2.420606648997085813e+03,2.369867954085000292e+03,3.011453451514147218e+03,2.675234533171731528e+03,2.061897786405300394e+03,3.156665632583988554e+03,2.768437667287568729e+03,2.694079995165805485e+03,2.266343726505191626e+03,1.970297077743501632e+03,2.153483146911222775e+03,2.773211542291116075e+03,2.046487696551498175e+03,2.016501970099461460e+03,2.141384616786297101e+03,2.886150914407863638e+03,2.829063048910632915e+03,3.041217522332082808e+03,3.001463051841357355e+03,1.542390380354450372e+03,2.982172449605835027e+03,2.512697511030273290e+03,2.567714392711163782e+03,2.374205396254491461e+03,2.656695197822139562e+03,3.225828196333879077e+03,3.302773956269526479e+03,2.241715719242960404e+03,1.445751449833091101e+03,1.658846415792608013e+03,1.003608183881281889e+03,1.247957125390435976e+03,1.463196072291074870e+03,1.484916552380616849e+03,1.233048970068903827e+03,8.910147832776282257e+02,1.357280991052690069e+03,1.130921715479184513e+03,1.057861704654067807e+03,1.066986242029413688e+03,1.041734647098945970e+03,9.019051525156427260e+02,1.025735282610834702e+03,8.668372726062575566e+02,1.168503873892432466e+03,1.007336429000264161e+03,1.202257237031529712e+03,9.761993264753970152e+02,9.183759464340455452e+02,1.080739833425644974e+03,9.677183936231285770e+02,9.514318265191241153e+02,1.087081206909905404e+03,1.155763518356938675e+03,1.706051866767132879e+03,1.114643619308014877e+03,9.512267924547224993e+02,1.100195136591238906e+03,1.154729507106415895e+03,1.043104389806975405e+03,1.194510105423421919e+03,1.172196583987252325e+03,1.013242425659257947e+03,1.227437087881288562e+03,1.269886839706359297e+03,9.938425843382926814e+02,7.554885740418199020e+02,8.813199170766515635e+02,1.005971213754027190e+03,1.048056641377095730e+03,9.772108298469755709e+02,1.153948158678973186e+03,1.476027292484494865e+03,1.488694838357799654e+03,1.684771547365577135e+03,1.423334248263651034e+03,1.202777407834224050e+03,2.077016937623741796e+03,1.762471691893413890e+03,2.093865469005338582e+03,1.779120693523779209e+03,1.569176366280939192e+03,1.039989161535761014e+03,6.897759916440955976e+02,9.145534855574653648e+02,9.186893269190313731e+02,8.658356839565666405e+02,-1.592969338258171241e+01,-1.512542955053060467e+00,7.070966520920919152e+00,-2.174023366920817324e+01,7.970097381112755102e+02,7.858522314413582990e+02,8.734277800264524103e+02,7.331782939092917104e+02,6.347110955080601116e+02,6.321804368221824006e+02,6.899457760242210043e+02,8.233062734619890080e+02,9.384152328203734896e+02,9.361107594598527157e+02,8.172467019291009365e+02,8.972063362348289957e+02,9.787658405593097086e+02,8.599476172114193560e+02,8.456451908866680469e+02,7.653776501824038405e+02,8.521645338971006822e+02,9.611851527942295661e+02,8.686642071890630632e+02,9.703816665774457562e+00,-2.043688694788448057e+00,5.819834829006911292e+00,5.023676512397256211e+00,9.982384235224637692e+00,1.205264259726147202e+03,1.367010925598528729e+03,1.645293253440118633e+03,1.241461305035530586e+03,9.891597472918978156e+02,8.167351057763156632e+02,7.324370311562253377e+00,4.727710991187907691e-02,-1.786290291595728306e-03,1.751795312885075570e-05,-5.861290190577780117e-06,4.323031782241327533e-09,4.057472594886197453e-10,2.986733513850828900e-12,-5.781579398746141558e-13,-4.066827924287482132e-15,7.742386948161435640e-17,-2.171111454645322132e-18,3.079655469618391794e-20,1.251528253072923625e-21,-8.552371972417066410e-22,6.077200991619088062e-22
1.316664161286546535e-13,2.388405172919748111e+03,1.539413471923106954e+03,1.646229284156045424e+03,1.698218067270445772e+03,1.442929595580830664e+03,1.476488503791454605e+03,1.505887488763398551e+03,1.472448304405874978e+03,1.288104557944155431e+03,1.489777162645361159e+03,1.273657163223769885e+03,1.303480725457384551e+03,1.341483367151721268e+03,1.724957834023479109e+03,1.704747963023241255e+03,1.580462074924277431e+03,1.323886520215452265e+03,1.001263115334367285e+03,1.116228098709264714e+03,1.197694303939937072e+03,1.428383069665585026e+03,1.381834858299518601e+03,1.316080712615204902e+03,1.612823386262213262e+03,1.632458815488464325e+03,1.414427615518350649e+03,1.429330607873439249e+03,1.268811236128098244e+03,1.423715194042762732e+03,9.502815598768000882e+02,9.529887971695898159e+02,1.352081618522797498e+03,1.553069297923497061e+03,1.453557064690095785e+03,1.544574239372557486e+03,1.558266115314598210e+03,1.449178946226541257e+03,1.488414881754646785e+03,1.714869495269323124e+03,1.726402466075203847e+03,1.775144104388245069e+03,1.551370205934465048e+03,1.506069025630121359e+03,1.363259843506983316e+03,1.168658453457210044e+03,-5.371017001577975947e+01,2.119325809152515831e+03,1.548894792502619794e+03,1.610600571704366075e+03,1.069816101038084071e+03,9.100510348867252333e+02,1.165259580585634012e+03,1.265378523484564994e+03,1.176092120427238115e+03,1.182579905077641797e+03,-4.956079554371663676e+01,-4.983222745139592291e+01,1.189948045808519872e+01,9.904767580739344268e-01,6.947788591197978647e-02,4.711878010425955311e-03,-4.676625354884836154e-03,1.215485729816577216e-04,2.055220902840686175e-06,-5.513896024654814521e-07,-3.277888768668137719e-08,-9.240466758001565639e-02,2.895923601430000716e+00,-8.111264653825868143e-01,-8.727230414563328376e-01,1.958735484479505430e+03,1.778772264490571160e+03,1.961897145502871354e+03,1.607258662339393140e+03,1.035480055690532737e+02,-1.621934308514166645e+01,1.506740257748955401e+03,1.520407337962437623e+03,1.730927820277529236e+03,1.379967653581064496e+03,1.642355699224736327e+03,1.900253490489393926e+03,1.891822567852720340e+03,1.847351941360210958e+03,2.259831600673052890e+03,1.758284381009166964e+03,1.591340464447487420e+03,2.182438997542189099e+03,1.812793156278147535e+03,1.681087943350290971e+03,1.277082362458262423e+03,1.516284783604589848e+03,1.976823459445275603e+03,1.666624997863876843e+03,1.643923375204007925e+03,1.161805962302438644e+02,1.040410459197680666e+02,5.520024425841872251e+00,1.677307187322111758e+03,-6.694935776962488205e+01,-1.233592458642910783e+00,-1.630114652983146450e-01,-5.053199934629183376e-01,-4.679909465027179416e-01,-4.821940733115499533e+00,-3.094009911354261622e+00,2.238260982818071909e+01,-1.276315701758482035e+01,1.934132555361564528e+03,1.514117737714725081e+03,1.571097537558583554e+03,1.612219056290137814e+03,1.711294409591986323e+03,1.873342566847829175e+03,2.353591745300306684e+03,2.900557018626045192e+03,1.879571446674249273e+03,3.106130096947593302e+03,2.993420851904322717e+03,2.647376358098633773e+03,3.248367896440719960e+03,3.077678190391196040e+03,1.629489095449584966e+03,1.989976712553739844e+03,2.631280368296464985e+03,2.560210603289146547e+03,2.745344467608088962e+03,2.911701843694523177e+03,1.831523695276626313e+03,2.908543654352453359e+03,2.689108674695576610e+03,3.204192571366155789e+03,2.838118349366477560e+03,4.248120333811326418e+03,1.525928803841429726e+03,2.028847348518889021e+03,2.284432647030574117e+03,2.033287722231043972e+03,2.574946831750351521e+03,2.858606712138085186e+03,2.639806121801417703e+03,2.213764652013066552e+03,3.208657497715030331e+03,1.577976616874512729e+03,1.417995819225648347e+03,1.276417076175028569e+03,1.258362023811761674e+03,9.027257817154077202e+02,1.128792488555930277e+03,1.336552956137280489e+03,1.335328252384110328e+03,1.369247779050977215e+03,1.591639163181011554e+03,1.220758724396484922e+03,1.144282886675107648e+03,1.010292294264428506e+03,8.188171146054952487e+02,1.179683093630149642e+03,8.348106352632098606e+02,9.934836736798126822e+02,9.575222282104427904e+02,1.347281303824624956e+03,9.844365232026426611e+02,1.140064684008734048e+03,1.006086256787846082e+03,1.061793625547648617e+03,8.238056120505323179e+02,8.407531773939772393e+02,1.085992068248411670e+03,1.131381913634242437e+03,1.258918164224985048e+03,2.011898840637643161e+03,9.668209753428448039e+02,1.146369509890010477e+03,1.364872990930662127e+03,1.172298788666139217e+03,9.345326207339073790e+02,1.259113310573460694e+03,1.291083309718773307e+03,1.251428949859366867e+03,1.084601692300431068e+03,8.919191398307937106e+02,8.719126475850251836e+02,1.119406283817076883e+03,1.188122802228492901e+03,1.230344706584949336e+03,1.429331539475622549e+03,1.368009612667187639e+03,1.248512639902452520e+03,1.502296932715127468e+03,1.459204460983025228e+03,2.025373937084113095e+03,2.146512594520183484e+03,1.617717221758488449e+03,1.610327511055047580e+03,1.917321496282288990e+03,1.846943750231039303e+03,1.378814035442493605e+03,1.202313549131190939e+03,6.266877073029586427e+02,7.888397975024402058e+02,7.927245839471399904e+02,5.873166946353980222e+01,-9.268963741778776466e+00,-8.921447547245517917e-01,4.099146470328779657e+00,-1.264770026914038148e+01,4.850128038643426720e+01,9.204556078461309880e+02,9.437598043501839129e+02,9.570451464936404591e+02,9.358152484697899354e+02,8.668953436895881168e+02,7.483108601682213248e+02,6.742158545956201579e+02,8.506653493466089913e+02,8.331538009354951555e+02,7.862819998411712277e+02,9.102303498765179484e+02,9.670628945143297415e+02,1.062104744874690368e+03,9.005740616431767194e+02,8.268773973338792302e+02,7.939168644719667327e+02,8.453372645900184352e+02,1.045885758441716462e+03,1.793665697785051805e+01,-3.756497674499431838e+00,8.724492064558249105e-01,4.136933019748956775e-01,1.802562778531538612e+01,1.300832467675061025e+03,1.572605508805470663e+03,1.463589418542492695e+03,1.200894839945777676e+03,1.005489773399373803e+03,6.464677237760855633e+01,4.256190940797508482e+00,2.747272439194650695e-02,-1.038013130592020444e-03,1.017968101543908280e-05,-3.405995211678772153e-06,2.512113395203340692e-09,2.357797053129315408e-10,1.735592670947642591e-12,-3.359674301464080422e-13,-2.363062545198012094e-15,4.501236858431057249e-17,-1.251754289339218906e-18,2.001259035598957587e-20,1.091159920016630976e-21,-4.915626679748732906e-22,-1.307608729816195605e-22
8.841170276881796450e-14,2.642566497316309324e+03,1.916871806345852974e+03,1.819821792790772179e+03,1.766491559726328887e+03,1.754063570794733550e+03,1.402756354475444141e+03,1.352808872053645700e+03,1.252111665141808999e+03,1.634268201332904709e+03,1.956517095130690677e+03,1.491352625582571818e+03,1.434241054878081513e+03,1.544157154606870336e+03,1.683778850811706661e+03,1.401959843496599888e+03,1.302258389588125283e+03,1.333622985193075237e+03,1.369949585459191894e+03,1.295915570655912688e+03,1.297298488728295979e+03,1.373189249004778731e+03,1.478309869572165098e+03,1.689169829728905142e+03,1.524137263234957800e+03,1.460008052204885189e+03,1.529884407635322759e+03,1.736826666246512787e+03,1.463066919793206125e+03,1.321227974594220996e+03,1.171704598735087302e+03,1.218000468956045324e+03,1.477186232511126036e+03,1.596775462001088727e+03,1.697385356695150676e+03,1.476040982757816664e+03,1.480579016775142009e+03,1.517202112128656381e+03,1.544059127615189936e+03,1.706077189500549594e+03,1.276514150167103253e+03,1.387917817826012197e+03,1.396367967078511583e+03,1.640268517404848581e+03,1.637270968998726630e+03,1.338639320939136041e+03,1.056758471938231423e+03,1.225472080647770099e+03,1.406599224352323517e+03,1.234914991529363760e+03,1.084670277416169711e+03,1.115963452860326242e+03,1.351656364033849513e+03,1.677334832029838708e+03,1.395480860631269934e+03,1.214471694804813069e+03,9.008161414019805306e+02,9.161551289210415234e+02,-8.860824857729798509e+01,-7.375482576958159342e+00,-5.173598802315793055e-01,-3.508651143062381517e-02,3.482400626660906579e-02,-9.050988601326111996e-04,-1.530398843210090693e-05,4.105865607505746655e-06,2.440845473034296773e-07,7.011910889918109013e-02,-2.197502950935309673e+00,6.155040782251033349e-01,6.620011280605275772e-01,2.259716964226481082e+02,1.166282371866512761e+02,1.661722449177379303e+03,2.745961521578188922e+02,-8.630050523665030937e+01,-1.008802001701827180e+02,1.015960949028649338e+03,1.598250006800957408e+03,2.366252351471836846e+03,1.940533234134607255e+03,1.695381490857880635e+03,1.742301383933038323e+03,1.393568640413435787e+03,1.664208273250632146e+03,1.858352888655110519e+03,1.889836971971208186e+03,2.146243155968871179e+03,1.803444817375446974e+03,1.277485325952560061e+03,1.262275077541018845e+03,1.598957885572169516e+03,1.597226971535471421e+03,1.405949799387982921e+03,2.392673338804440846e+03,4.216303611307207575e+03,-2.909133622390911569e+02,-2.804610812700236693e+02,-1.519477287637508027e+02,2.302110272761672434e+02,1.293005182268678254e+03,8.854870310285921642e-01,2.425513965847383990e-01,3.054175418059707159e+00,2.668343797949430218e+00,3.608395056440586757e+01,2.329088920343700764e+01,-1.638816970421028714e+02,1.184833029165772814e+03,2.125912071076925713e+03,1.500023906531469947e+03,1.691514682581660963e+03,1.693121283747575035e+03,1.710128914404005855e+03,2.441525911372736118e+03,2.344799557617127448e+03,2.088595843825815791e+03,3.085564063050274854e+03,3.019314584323126837e+03,1.962862994385481443e+03,3.219342329875726136e+03,2.545524552028935886e+03,2.358639395727641386e+03,1.724839326501782125e+03,2.505292925910103349e+03,2.024409992904156979e+03,2.110559298896290784e+03,2.491442814891057878e+03,2.551845013853103865e+03,1.884660869280553925e+03,2.166479126729855579e+03,2.909312532121574804e+03,3.032572146170001815e+03,1.918317937381832508e+03,2.836557665987555083e+03,2.424506084083207952e+03,2.122199111764109603e+03,2.179173749703844351e+03,2.468119999359906160e+03,2.907936062093018791e+03,2.339068310002081034e+03,2.218148918600704746e+03,2.513515965751454587e+03,2.876291718568507349e+03,1.631814332508046391e+03,1.472987003575772178e+03,1.231295548679138165e+03,1.182075105903510575e+03,9.476724082613603741e+02,1.382448447589951911e+03,1.099145862309427912e+03,1.189718978415581432e+03,1.391050268961171923e+03,1.063051627534857516e+03,1.402409632010191444e+03,1.771567052548687116e+03,1.209720986223497448e+03,1.379177906741127345e+03,1.085447382159383324e+03,1.087564366508725243e+03,1.061533575756775917e+03,1.067034810371115782e+03,1.316806074523329926e+03,1.011883391723344971e+03,1.182666989391150310e+03,9.329987488523819366e+02,8.010842037317000859e+02,1.052399482143227488e+03,1.117218175910879836e+03,1.113128067489921705e+03,1.046254358154303873e+03,1.007990204951760802e+03,1.203382746908254830e+03,1.504206016551524499e+03,1.318053517292986953e+03,1.090053287869702672e+03,1.143906257009537740e+03,9.503165753923047987e+02,1.018380415363768179e+03,9.513727528978841974e+02,1.364554720229717304e+03,1.296938940259403807e+03,1.203360788927878502e+03,1.088808865735227300e+03,1.046380858111530870e+03,1.132365481022365202e+03,1.026332071135022716e+03,1.595187277351800503e+03,1.573812980911724935e+03,1.481953741837889766e+03,1.910397453933951965e+03,2.027496275673901437e+03,2.988013159694647584e+03,3.765938856924591619e+03,2.293394858698164569e+02,2.115946529677305989e+03,1.551370156619959062e+03,1.754549256361097832e+03,1.853601987633357112e+03,1.169840138695899213e+03,1.258307455588303355e+03,8.730851504321215089e+02,1.167573114889728032e+02,-4.506920827053075129e+01,7.125156874235644366e+00,7.759979923079014519e-01,-3.037126620850104430e+00,9.705766289852627793e+00,-4.719526463604795197e+01,1.798228617203776025e+02,9.481940411955567924e+02,1.010293384056081095e+03,1.061127646235599514e+03,1.165556328309533001e+03,9.097611428613075759e+02,8.383408225893042527e+02,8.025839534390787549e+02,1.272945770676920574e+03,1.030286013875803974e+03,8.545005961020392533e+02,9.965803367307653389e+02,8.881200894729664697e+02,7.072089453430132835e+02,9.019182564249235838e+02,9.874063780010940263e+02,9.045674673470261951e+02,9.252438144067471057e+02,-1.058150017939446883e+02,2.211128229248944876e+01,1.815295088722481509e+01,1.847188895676126563e+01,-1.053359017059458722e+02,1.702806834458996491e+03,1.343458290736983145e+03,1.414497170530239828e+03,1.233065405904141016e+03,1.237224489926874412e+03,-4.873605495691516865e+01,-3.229709565582521424e+00,-2.084702542612996284e-02,7.876716490649143245e-04,-7.724609540839678161e-06,2.584558697911039616e-06,-1.906257654124353209e-09,-1.789158361920893694e-10,-1.317013921626789272e-12,2.549407625050030271e-13,1.793438122677379075e-15,-3.413961833983126026e-17,9.526373965106854452e-19,-1.374252944905675305e-20,-7.106727701326753295e-22,3.245040480200359152e-22,-2.895584014283784153e-22
8.078163197378066833e-14,2.104940172634399005e+03,1.403793673084385546e+03,1.373048554378739254e+03,1.589830001211764284e+03,1.570913960006990010e+03,1.344275541849163346e+03,1.399698204138840083e+03,1.403083286934434682e+03,1.622181616023450943e+03,1.648024764686933850e+03,1.437107252857538469e+03,1.217363496123300138e+03,1.416422457983481991e+03,1.668842272948686059e+03,1.427765235876892348e+03,1.516069985318470344e+03,1.652959461089538763e+03,1.472256099615796757e+03,1.446927593513001739e+03,1.558062957230507891e+03,1.562121355100349547e+03,1.490436235767395601e+03,1.791685229499903471e+03,1.523594508100833082e+03,1.458989848843685422e+03,1.781680982914013612e+03,1.824646219860730980e+03,1.385485624720916348e+03,1.312394087921070195e+03,1.432264199950896455e+03,1.626938063656320764e+03,1.525159372052442222e+03,1.477650542447743419e+03,1.574147044767641546e+03,1.476060191988428642e+03,1.684516421778756239e+03,1.459746213870807651e+03,1.370860800807815394e+03,1.228378504529006932e+03,1.349076825940189337e+03,1.840289116353711734e+03,1.479414735662918474e+03,1.667766106030226183e+03,1.630125187188989003e+03,1.336792311282338915e+03,1.586909866579097979e+03,1.010498704982250160e+03,1.173429605295477359e+03,1.142228732540861074e+03,1.145011804559985876e+03,1.145731716997588364e+03,1.432692832266063078e+03,1.371319292960815574e+03,1.365577803492895100e+03,1.167497933947312504e+03,1.028294081101406391e+03,1.090073128090702767e+03,7.109622737593152806e+02,3.327254929777362946e+01,2.333932992145527852e+00,1.582835656945028591e-01,-1.570993427457632596e-01,4.083115394455322580e-03,6.903991710504549836e-05,-1.852253253200435032e-05,-1.101123220215561292e-06,-3.104747255095634609e-02,9.730119579819130893e-01,-2.725333218363608645e-01,-2.920157439067114225e-01,-9.320113563012039037e+01,-4.577516808255679592e+01,5.231855833692407032e+02,-1.156012074838910308e+02,7.621462903687296375e+01,1.006296507137141134e+03,1.288212511632900714e+03,2.225534882854397438e+03,1.659229784199166261e+03,1.812655972327927657e+03,1.846428925180101487e+03,2.131661604446229376e+03,1.573198996166749339e+03,1.586927846609473818e+03,1.706216100471990330e+03,1.776015859471442354e+03,1.794627792223674305e+03,1.402283682373763213e+03,1.528232355546927010e+03,1.114885271650783807e+03,1.640002822822618327e+03,1.348495219425768937e+03,1.609880254424084342e+03,3.921593836575886598e+03,1.197110668906220099e+03,1.733372336752095180e+03,1.720989564099530980e+03,1.250668190420216661e+03,8.819292280392789962e+02,1.329380460641667241e+03,-1.628747657275439187e-01,-6.458172191432330900e-01,-1.345097328418838600e+01,-1.166060073070042691e+01,-1.628653611834525066e+02,-1.051868979013929817e+02,1.279266906174618953e+03,2.101396888220740038e+03,1.470891581824252853e+03,1.263259125452939543e+03,1.507842479662270307e+03,1.491088174437631324e+03,1.784686990800293643e+03,2.433921848375523496e+03,2.460435881941931257e+03,2.571349340153470166e+03,2.856444137331388447e+03,2.753579571126073006e+03,2.745086383287371973e+03,2.246779472718653324e+03,2.390064969153502716e+03,1.952571689833244818e+03,1.990818851634373914e+03,2.019969997285771569e+03,1.693726344130979214e+03,2.050221531931166737e+03,1.834139289727849246e+03,2.581784219094741729e+03,2.924669926407721960e+03,2.052652825136373394e+03,2.261043916414460455e+03,2.402075803190934039e+03,1.800170392944830155e+03,2.030537169025066760e+03,3.463486148303976279e+03,2.080783012680878983e+03,2.379287974165586547e+03,2.595046930912415519e+03,2.644001224702381023e+03,2.902360527723637006e+03,2.234597665201296877e+03,2.533198427115919912e+03,2.366460326008502761e+03,1.469653721110210427e+03,9.852834764908116085e+02,1.370830662648336329e+03,8.528333885214910879e+02,1.152174784153006840e+03,1.182552754010105900e+03,1.083064052500260004e+03,1.090044112551754552e+03,1.433306210081298104e+03,2.098776390208779503e+03,3.935889347010570987e+02,5.472176374990935983e+02,1.570090135934596447e+03,1.815904886472847693e+03,1.381052485654314296e+03,1.221453643584891552e+03,1.216778458847906222e+03,1.086743087531436231e+03,1.162178257764639056e+03,1.172242730221744068e+03,1.263408596208815197e+03,1.184931798854113367e+03,8.561047520414483643e+02,1.145828616066120048e+03,1.310545015452125426e+03,1.002912865960321710e+03,1.054168864525218623e+03,1.023590693688533747e+03,1.403566915846885195e+03,1.469860453038581454e+03,1.258002606381179476e+03,1.003873028643664611e+03,1.063459039570916275e+03,1.248729387711284289e+03,8.431494539798084134e+02,1.000126171123783365e+03,1.039578826919307403e+03,1.335463111997641136e+03,1.143760874646611910e+03,1.239461089799464162e+03,1.259225797582150335e+03,1.197236674215287849e+03,1.038822638015063603e+03,1.249905009557803623e+03,1.125532522700081699e+03,1.229249115441268941e+03,1.491113296728258774e+03,2.783280207214049824e+03,3.451420018618726431e+02,1.173856779013365667e+03,-9.575975915477182809e+01,2.528200093808887232e+03,2.217452723511797558e+03,2.075361410458453975e+03,1.460794683049484320e+03,1.199423396616268519e+03,3.037891892028115990e+02,2.549425808975280461e+02,-4.639277481895900479e+01,2.380016800705403313e+01,-3.569945639521628244e+00,-7.921449148583886712e-01,1.012211035723977082e+00,-4.788402394470608670e+00,6.943984930122178412e+01,-1.684132679820142187e+02,1.323123538680274351e+03,1.175630487802442303e+03,9.559184526843041567e+02,1.103066196335349332e+03,8.640970089279234116e+02,9.520949685150488904e+02,1.024821907211607140e+03,1.085959808809068591e+03,1.049927979127250865e+03,7.699435474802269255e+02,9.162154891541830466e+02,8.476904411408776241e+02,7.522372245344186013e+02,7.824409231189753200e+02,9.134584574937446178e+02,9.051635600610568417e+02,9.519084077138129487e+02,8.104978338901919415e+02,-9.704351868104498635e+01,-9.327148812471168071e+01,-9.328052873939178369e+01,7.949952031456537043e+02,1.386926287556066427e+03,9.973110631708092342e+02,1.216993297829065341e+03,1.026628809708463223e+03,3.563934555047123922e+02,2.157938603712094050e+01,1.430053162183542392e+00,9.230661156179820193e-03,-3.487658285158600976e-04,3.420308259034120701e-06,-1.144392789359640023e-06,8.440541635716270413e-10,7.922048373301886924e-11,5.831470701504869727e-13,-1.128830270503544418e-13,-7.940171714859481478e-16,1.513553969994369517e-17,-4.151124191203509592e-19,6.916676663918990586e-21,4.997208991067422254e-22,-1.472906709190122060e-22,-5.789976204170143248e-23
5.889128539798737379e-14,1.636896389687259671e+03,1.072967930311577220e+03,1.285640867559807475e+03,1.459178448029139645e+03,1.541493774448305430e+03,1.551891469498184506e+03,1.333412421105273097e+03,1.286368033462828635e+03,1.354104616264675769e+03,1.258801042250805040e+03,1.230832822319889829e+03,1.048609551397901441e+03,1.099817338778022304e+03,1.435712557485435354e+03,1.524615166918780005e+03,1.736214439817854554e+03,1.629734200457648740e+03,1.313432235957985995e+03,1.353240861601787401e+03,1.565130214846089757e+03,1.792931563710102182e+03,1.682248127634760067e+03,1.413497789939550785e+03,1.483333970409508538e+03,1.514140247155926772e+03,1.845283731247479636e+03,1.837222382335133489e+03,1.201741436943761300e+03,1.076650455885717747e+03,1.267432197779390663e+03,1.288999453110718150e+03,1.155878716186034808e+03,1.254683454369390120e+03,1.319610209171540191e+03,1.369630378886374956e+03,1.575972701774419193e+03,1.356384138965129296e+03,1.385960647432013047e+03,1.495022488616749342e+03,1.772413798668250365e+03,1.850204554055605740e+03,1.736387406335076548e+03,1.489220581416726418e+03,1.240313040439702490e+03,1.516055828182735695e+03,1.480458728440590448e+03,1.222434023905296726e+03,9.844702973454726589e+02,1.232364909428449209e+03,1.195999996204724312e+03,1.077858891440115713e+03,1.279574708607547791e+03,1.197767793769226728e+03,1.352007282492698323e+03,1.143504927482453695e+03,1.320288563360227272e+03,1.221967822260645789e+03,1.226367612724502806e+03,-1.222384369952708738e+02,-8.574525458141051715e+00,-5.815104667498127711e-01,5.771598063736567141e-01,-1.500076352540269387e-02,-2.536424689141738155e-04,6.804905166332379113e-05,4.045364247075180800e-06,1.099502102389120391e-02,-3.445688447561183199e-01,9.651105588200613317e-02,9.934064159355263102e-02,3.302668423705276268e+01,1.623752124166501432e+01,-1.646452010617569499e+02,4.094794332652179492e+01,-1.668773181681511062e+02,1.778567804699107910e+03,1.538209255570652431e+03,2.009092897857021626e+03,1.566487239283906774e+03,1.892923268387723510e+03,2.433333337048499288e+03,2.056752839361636234e+03,1.576101543373107916e+03,1.731265487990708380e+03,1.363259333786631259e+03,1.955535540785111834e+03,1.557374328452538521e+03,1.223525147159326480e+03,1.400100004782363385e+03,1.560068348179371014e+03,1.771662967854144199e+03,1.305499139929372859e+03,2.023144256442594951e+03,1.565278651484564762e+03,7.793645421339590484e+02,1.883958184348050736e+03,1.901938773178062547e+03,1.558884943453048436e+03,1.637011539025174216e+03,7.334495094381526314e+02,-7.860185377512884930e-01,2.210636477164084734e+00,4.929869894799872299e+01,4.270314378966097024e+01,8.384891463680960442e+02,5.665292610884112037e+02,1.864062007831348637e+03,1.814894871779523100e+03,1.626223258392595426e+03,1.300827459486677526e+03,1.677487891647851029e+03,1.777076963787905015e+03,1.818388919089928095e+03,2.591181324112982111e+03,3.140282044933280304e+03,3.057340965711170156e+03,2.194738129600407774e+03,2.572775525854418902e+03,2.711591815372864403e+03,2.497901564947119823e+03,2.407967992224560930e+03,2.801721227555077348e+03,1.907854003917491582e+03,2.134500783139609666e+03,1.737884623552537732e+03,1.808304551663412667e+03,2.078730034968285963e+03,3.044536723720201735e+03,3.081359171303691710e+03,2.417052685297411699e+03,2.197827231760234554e+03,2.681407691599249119e+03,2.016005118715193703e+03,2.424426605561493488e+03,2.941551102198246099e+03,2.794155165526538894e+03,2.038529248499679397e+03,2.082044736162117260e+03,2.035891236903294612e+03,2.838471599057671938e+03,2.440947304359978261e+03,2.217355536372915594e+03,1.716905812050225450e+03,1.236716104853818251e+03,1.026395237190155967e+03,1.147300117937842060e+03,9.212191379500286530e+02,1.088257755013190945e+03,1.050049558117709466e+03,8.971341817242223442e+02,8.936443086841396735e+02,1.981995072200764525e+03,1.120665698944538690e+03,-1.227628856442855039e+02,-1.719457024712116890e+02,6.465668695145769789e+02,7.065397202711999398e+02,4.002125864752705979e+02,1.140280158429311086e+03,1.307090410819030922e+03,1.099172728420525118e+03,9.868752844356423566e+02,1.215596055120773826e+03,1.140100149586693533e+03,1.330598574674379506e+03,8.250070233271294455e+02,1.174451412860431446e+03,1.229188503120677979e+03,1.078424395613189290e+03,1.066830276421774215e+03,1.144927037103533394e+03,1.363422657080229783e+03,1.114695790817526813e+03,1.140016594715972587e+03,9.010132989812989308e+02,9.876238126518293257e+02,1.256780209874824550e+03,1.084274558659428294e+03,9.854698411141677070e+02,9.349433190815910848e+02,1.156053708451578814e+03,1.044998301227007687e+03,1.138261806461039669e+03,1.259452871242882566e+03,1.275851476929804676e+03,1.301609344779830735e+03,1.203796375865307027e+03,1.010423950345639923e+03,1.272457140791211032e+03,1.770621270610767624e+03,2.791208878449595431e+03,2.198115498399105945e+03,-3.773312824198343947e+02,3.409611183031648096e+01,9.737147688250610145e+02,2.249023788305439211e+03,1.944958254101672992e+03,1.304404235812913385e+03,1.143077438490375698e+03,4.458559869125919022e+02,-8.518283822365870606e+01,7.503708098973085328e+00,-2.257954289392204572e+01,2.792068006239602163e+00,1.931633554788592777e+00,8.657472597199612485e-01,3.502623145132364613e+00,-2.032771368681745230e+02,5.536733449825501339e+02,1.333991870088819724e+03,1.157936319577418999e+03,1.121899427152160570e+03,1.014322398066850951e+03,9.183418209590192873e+02,9.666467999254474535e+02,1.320063265135772781e+03,1.196214937231239219e+03,8.506419595536457336e+02,9.425256202909833974e+02,9.784261496899551958e+02,8.382877901341678353e+02,7.587748776834031332e+02,7.056723860583925898e+02,7.702368312794551457e+02,8.444807123465159293e+02,9.066967719451139374e+02,1.241295993874981150e+03,5.062488611248408574e+02,5.065206299440994258e+02,5.046052763534464134e+02,1.127089704842943320e+03,1.124661484337823140e+03,9.755295838341569379e+02,9.632502820405035209e+02,7.879813113179789070e+02,-1.113932413944455675e+02,-7.641822327339803600e+00,-5.064190503501029283e-01,-3.268817398143490649e-03,1.235070585781857541e-04,-1.211220188339305844e-06,4.052592763482183529e-07,-2.989015464618284525e-10,-2.805403619501031054e-11,-2.065080531510074011e-13,3.997489940377816461e-14,2.812329360389834059e-16,-5.350403171271120061e-18,1.508880444725139654e-19,-2.684426277962391023e-21,-1.686322498469095602e-22,4.775128530025942246e-23,7.812955307106473288e-23
3.707761244915715947e-14,1.568182813650566459e+03,1.390251721631771716e+03,1.478477228396134933e+03,1.395465672386510960e+03,1.414494356455731122e+03,1.572664133075934615e+03,1.410809192190370595e+03,1.206549802390854666e+03,1.397806406547194001e+03,1.374691439179107874e+03,1.305294696675743353e+03,1.248889548180387919e+03,1.157461296792739859e+03,1.226159449646978373e+03,1.349707133336002244e+03,1.464937902688660188e+03,1.308801656658947650e+03,1.302594180036576745e+03,1.259887292966868927e+03,1.460595238179985472e+03,1.852596541132186985e+03,1.825908124668948631e+03,1.321491714740120415e+03,1.365867803015557001e+03,1.528893846655764719e+03,1.706033890318456997e+03,1.540576716626348798e+03,1.076552349665967085e+03,1.062892165257700526e+03,1.162248135560471837e+03,1.290843296739062680e+03,1.182510164207739081e+03,1.309534420491302626e+03,1.117777337265645656e+03,1.142344525181030122e+03,1.334367972428388612e+03,1.397416686710867907e+03,1.363293292298983033e+03,1.691278547198668093e+03,1.720350471478100417e+03,1.460875711648598781e+03,1.760790268513774436e+03,1.358571861161668267e+03,1.281409900102742995e+03,1.597731725490582221e+03,1.490976494009438511e+03,1.215686183811185401e+03,1.147112628568915625e+03,1.220924730283819827e+03,1.081917533930008858e+03,1.055104777392144797e+03,1.133155587537089332e+03,1.237699500548813603e+03,1.367697073038118106e+03,1.258973080945912443e+03,1.569895449280277489e+03,1.355641924107460682e+03,1.448790083474901849e+03,4.720151736920935832e+02,2.704999212193386171e+01,1.834486773776957236e+00,-1.820761777631327627e+00,4.732279788160590611e-02,8.001640229448171802e-04,-2.146738405992661342e-04,-1.276188070634798045e-05,-3.329962769177863009e-03,1.043264493911531393e-01,-2.922076695584024941e-02,-1.723310798831893462e-02,-1.006822498328195437e+01,-5.002597435002871684e+00,4.977093652770549426e+01,-1.243126122408573586e+01,6.079648000782331110e+02,1.596934051949511741e+03,1.642088108645945340e+03,1.868269894850523997e+03,1.835555095307262945e+03,1.873842322894825202e+03,2.493738499806534492e+03,1.587994859364325976e+03,1.385449563664070865e+03,2.213939823754001736e+03,1.548474969979103889e+03,1.966155766803243978e+03,1.503807223958378927e+03,1.313754193062012064e+03,1.347996414691615428e+03,9.432559554856267141e+02,9.472968804930643500e+02,1.751260848875655256e+03,1.813458291482201275e+03,1.508343098515960605e+02,1.885448526046314100e+03,8.502951139250294545e+02,8.670930016692282152e+02,8.337792260315347903e+02,1.038513284637107063e+03,2.101038740790266274e+03,2.900812711256548493e+00,-6.924594153682017250e+00,-1.554862845274087988e+02,-1.346738622433396415e+02,1.614696602287592441e+03,1.446528297214456416e+03,1.323183281329886995e+03,1.483820056962241097e+03,1.735976017333688560e+03,1.708689355723625795e+03,2.023515139730851388e+03,2.051635685622465644e+03,2.146714962614839806e+03,2.463489668194431943e+03,2.757624395741605440e+03,2.799085903976800637e+03,2.666453121510696747e+03,2.164544131126727279e+03,2.783839255855819829e+03,3.088390689390772877e+03,2.483876095147306842e+03,2.846268238328278585e+03,1.927935123943399731e+03,2.673704241463606650e+03,1.741670433527860723e+03,1.799669222404631228e+03,2.419146868273361633e+03,3.005796734674456729e+03,2.240273074238881236e+03,2.681035142185300174e+03,2.028183886670355150e+03,3.151050642897831494e+03,2.065801210068711498e+03,2.615200476297025489e+03,2.019602821527134893e+03,2.508770748081895363e+03,2.339759427180657894e+03,1.825444252630533356e+03,2.086592102877165871e+03,1.967209641666179323e+03,2.353778013083449878e+03,2.128062503871768968e+03,1.367637761760487592e+03,1.154216450367445077e+03,1.378950133047764211e+03,1.026802938951013857e+03,1.072085967138441447e+03,8.772077889801392985e+02,1.050810466714952554e+03,1.068509905449215466e+03,1.196938243205988329e+03,1.147946739365278290e+03,-2.749076492500572044e+02,3.716926056884259566e+01,5.206048383687054582e+01,-1.544732652697574338e+02,-1.676210599279042697e+02,5.708018351458439383e+02,1.464890702780210631e+03,1.087693676957909929e+03,1.354352686699965034e+03,9.076457636510272096e+02,9.909993389008899385e+02,1.174050041568861843e+03,1.144336906093318476e+03,8.423878102243102148e+02,1.187897444195456501e+03,1.249001304806947246e+03,1.137563244026318671e+03,1.024929838169877257e+03,1.281578454393601760e+03,1.013707360705984456e+03,1.010349105702675502e+03,1.129716468859054203e+03,7.783495327683466485e+02,7.629393169621228026e+02,1.000876563892349395e+03,1.062032626992242740e+03,1.165064201196094245e+03,1.089639912460765572e+03,1.018978671877938496e+03,1.027965339131400924e+03,9.187471492318987885e+02,1.023802050440784001e+03,1.078554477697125549e+03,1.247801517653476822e+03,1.205940790674083019e+03,1.197982619680381276e+03,1.466223406904872490e+03,1.857410252460712172e+03,1.951328941671077700e+03,3.482263050341175131e+03,1.401697419364933239e+02,-1.090758328147951239e+01,-2.314349564233650369e+02,1.494008691714746192e+03,1.376514187143992103e+03,1.360557573635177050e+03,1.367444109689733750e+03,1.350387931807937548e+03,4.278504522741021532e+01,2.589721084503361226e+01,5.149996110500357105e+01,-5.667500428432417969e+00,-5.796000091994996772e+00,-4.125867068986739383e+00,-6.763415959603364946e+00,7.556017007989224794e+02,1.063616759207298401e+03,1.033465745520983091e+03,9.417119420755117289e+02,1.185186826006472756e+03,1.078935321230304453e+03,1.045081064091850294e+03,1.006352233869512702e+03,1.355671023716172158e+03,1.452808087779349989e+03,1.060807945266829392e+03,1.173117031263131594e+03,1.072409569896515677e+03,8.278442402322714315e+02,7.421498667063926860e+02,8.959452034163913368e+02,8.113621886955440914e+02,8.442197913682753097e+02,9.809546085301694802e+02,1.028119342169362426e+03,1.084847537288025251e+03,1.253775668260393559e+03,1.234598444625146158e+03,9.444908255517915450e+02,1.084463553023661234e+03,1.046948237323061221e+03,1.027251177180327431e+03,1.023543065108605674e+03,3.372698332335632898e+01,2.313745528614223890e+00,1.533305490708146146e-01,9.897130965418952757e-04,-3.739473286554184753e-05,3.667260471114432873e-07,-1.227019941632879814e-07,9.049963483946284197e-11,8.494034391492735401e-12,6.252502539569591722e-14,-1.210334643901931059e-14,-8.512496942542010229e-17,1.621177717119201809e-18,-4.548829088495806955e-20,1.075150297456809293e-21,-1.143658035639443702e-23,-4.953099227974332962e-23,5.792800343674086692e-23
1.033871855659088684e-13,1.748853319470208817e+03,1.547636445873446291e+03,1.436233931185989832e+03,1.315844155129711908e+03,1.318359217134942128e+03,1.459196145423928101e+03,1.454840036561336092e+03,1.579560338800348291e+03,1.672587626420695415e+03,1.434708712685863475e+03,1.352324584133283224e+03,1.380084660304912404e+03,1.367853693738392394e+03,1.242154708706080100e+03,1.349002265432657168e+03,1.396751490787672992e+03,1.383597423177773408e+03,1.573290091222878800e+03,1.535285801851309316e+03,1.574532059101374216e+03,1.620908212433370863e+03,1.579529363669070790e+03,1.561995291289465968e+03,1.536512341375402002e+03,1.750758723563172680e+03,1.764470825837382790e+03,1.345099178878613657e+03,1.255066569856982142e+03,1.304056158039148158e+03,1.345863001835660498e+03,1.581283736869723725e+03,1.301857783952645605e+03,1.315769050281390037e+03,1.186938783096061570e+03,1.293665575664545258e+03,1.327639373559844216e+03,1.577384951005156381e+03,1.359204480862360015e+03,1.329078882815445695e+03,1.605429712433415716e+03,1.681169129928349321e+03,1.582735195361037995e+03,1.536131884384189107e+03,1.461618214599069233e+03,1.587264990814728208e+03,1.354779326779968187e+03,1.082018300836367871e+03,1.191404675071509473e+03,1.245928912850442657e+03,9.835406085203015891e+02,1.046467078982974044e+03,1.123906930403224123e+03,1.144121056647429896e+03,1.320579082959443667e+03,1.432838349088218138e+03,1.400498704101415569e+03,1.471789219380409577e+03,1.688208380904805836e+03,1.320547499319112148e+03,-7.215469339359579237e+01,-4.893414759597200181e+00,4.856803921256700463e+00,-1.262315329440185374e-01,-2.134403199805148983e-03,5.726332591248837860e-04,3.404176923007171774e-05,8.621283512301022769e-04,-2.693020167420972361e-02,7.542177750086084993e-03,-2.978392489223469566e-02,2.781797005072028650e+00,1.521339203099870252e+00,-1.263614311107239807e+01,3.297660809695920126e+00,1.845725717492311787e+03,1.448667021249319987e+03,1.440186486414844467e+03,1.861716115878969049e+03,1.396485204789470799e+03,1.440352731559191625e+03,1.790306862635307880e+03,1.485198462086711743e+03,1.743071835160951423e+03,2.177072436486099832e+03,2.001190466178527231e+03,1.580171995212910360e+03,1.231546327463026500e+03,1.250881596224876148e+03,1.063904749507493761e+03,-1.656917217380900240e+02,-1.635586923211658359e+02,1.227017902912331920e+03,9.164497655156994824e+02,9.315938162209919255e+02,7.495592903117186552e+02,9.024084608296963097e+02,8.652612668340375421e+02,7.734150214278074600e+02,1.083822173042756049e+03,2.228287112839493147e+03,-7.845521660299064060e+00,1.845845155295950946e+01,4.533401235599780534e+02,3.955329326446164373e+02,1.604605407080804753e+03,1.749538201150802024e+03,1.519482566288733096e+03,1.484968689584151207e+03,1.502464709910666670e+03,1.818500165538406009e+03,1.969947300978290741e+03,1.938454637414398348e+03,2.758549449160485892e+03,2.262088636141703319e+03,2.427970293291956295e+03,2.194091104790356439e+03,3.319248343120526442e+03,2.369924721009725545e+03,3.138266401844141456e+03,2.280977910185855308e+03,2.496748131483984253e+03,2.034305713678234952e+03,1.827088171324122186e+03,2.174146737110332651e+03,2.034059748189546553e+03,2.438381505231444862e+03,2.223133897005300241e+03,2.385852056666604312e+03,2.156392864428332359e+03,2.707313379421746049e+03,2.123705557493384276e+03,2.643959532006635982e+03,2.243969321201148887e+03,2.600294627870449858e+03,2.019126935241651154e+03,1.903475560279174488e+03,2.794491675988513634e+03,2.921403182307755287e+03,2.431582680802937375e+03,1.841714305449843323e+03,1.943005980014040233e+03,2.000403432106688570e+03,1.339771722350074015e+03,1.257749929386266331e+03,1.299075787697022406e+03,1.331442558745656243e+03,1.109609664767428967e+03,9.275222260962289056e+02,1.355335415921750837e+03,1.348478376180867826e+03,1.020682867321000117e+03,-2.003304545644352004e+02,7.096396981370368451e+01,-9.594287197682165313e+00,-1.343808604563003328e+01,3.987564310239876164e+01,4.326964254306061974e+01,2.153133288163903217e+03,1.780438013304469450e+03,8.683746292414583650e+02,1.433160877811522369e+03,1.060907835848027162e+03,9.962638521692509812e+02,1.346290407690277107e+03,1.147720297881814759e+03,1.064675098146501796e+03,1.191011510978921251e+03,1.342283396841107788e+03,1.086848551045231943e+03,1.109727917014197601e+03,1.384600222035657225e+03,1.233581009173276470e+03,9.855154735930727838e+02,1.060894275711245655e+03,9.461182490813043842e+02,9.759851953320045368e+02,9.870094503976633860e+02,8.316236528943003350e+02,1.289739298123228082e+03,1.080021461331876480e+03,1.142530010253738965e+03,9.968207376446395074e+02,1.102564814967975735e+03,1.133502953947361448e+03,1.062567180935903934e+03,1.122706392768294563e+03,1.334727535018562548e+03,1.274166931917885677e+03,1.359095970288277840e+03,1.367213254497602065e+03,1.522944290386371677e+03,9.737546061707688523e+02,-1.052720074117679445e+02,4.372496873255243166e+00,6.153496806591130053e+01,1.532718328319547936e+03,1.251918198471271353e+03,1.338156152927105495e+03,1.489396186320289644e+03,1.089415668013682080e+03,-5.633488322390630287e+01,-8.175876840082472086e+01,-1.323268860214983533e+02,1.431448947932230098e+01,1.538443159030525820e+01,1.136231790032867828e+01,1.694475172862962253e+01,1.857855785159846164e+03,1.002904770486240864e+03,1.029520910521004225e+03,1.027175388364770470e+03,1.212185392485709826e+03,1.172233254635308867e+03,1.159516929094384523e+03,1.235286125008067984e+03,1.452138059142500424e+03,1.546251951200658368e+03,1.330202207398630435e+03,1.021125989139873241e+03,9.229528020457485127e+02,9.268827968997721882e+02,8.910042393551101441e+02,9.828792956476369227e+02,8.408204647916290924e+02,8.212897051794260506e+02,1.041629695744850096e+03,9.939750956709601724e+02,1.053430309112718987e+03,1.140429275949296425e+03,1.154572167590082927e+03,9.990546444093348555e+02,1.028982894763060813e+03,1.083670101971777058e+03,1.154166913819324463e+03,8.067543275946479753e+02,-8.706129345113332363e+00,-5.972596970996459920e-01,-3.958004722714576068e-02,-2.554800158197835665e-04,9.652905450792187157e-06,-9.466498581368645738e-08,3.167373203355252041e-08,-2.336116562236352074e-11,-2.192610608810546099e-12,-1.613991564612256146e-14,3.124347336069963267e-15,2.199467203994192924e-17,-4.143454901893474489e-19,1.349114810581472572e-20,5.202734882815331463e-23,-2.970367542788742921e-23,6.464560478113303427e-24,5.838765515564947781e-23
2.215623855909129955e-13,2.073839286917297159e+03,1.408114322704722326e+03,1.502803510147954285e+03,1.432307355438521427e+03,1.632521598403171993e+03,1.581665873898120481e+03,1.306574586532517515e+03,1.684380064875289918e+03,1.760200985982834709e+03,1.373275823481059888e+03,1.192682743081257286e+03,1.261006578520049516e+03,1.250125993541481648e+03,1.195361407957358779e+03,1.523337138970372735e+03,1.665389737777814844e+03,1.626911752719784090e+03,1.754830298571037474e+03,1.944232606599204928e+03,1.800263285623033653e+03,1.471955720089204760e+03,1.333891725268838400e+03,1.521098058242343768e+03,1.928249913996395662e+03,2.023542679219939146e+03,1.844121026168367507e+03,1.605853546909694160e+03,1.539370224980316607e+03,1.137256579618879414e+03,1.222409611050836475e+03,1.099455686260963830e+03,9.140119308089922470e+02,1.154151921410047862e+03,1.565033583093488687e+03,1.637860019521181357e+03,1.472811332614616049e+03,1.812609802688708442e+03,1.528077708421739544e+03,1.671473547560693078e+03,1.842029328938348499e+03,1.649370733660832911e+03,1.464145691297225767e+03,1.742071090688088361e+03,1.210307636719079255e+03,1.582708202553730416e+03,1.135935016675710813e+03,1.065153572711118841e+03,1.029796662642668934e+03,1.320670208511950932e+03,1.191596551137870392e+03,1.058690630934732553e+03,1.146593140868307273e+03,1.159827048582369343e+03,1.311446065899616769e+03,1.610055947486470814e+03,1.405513916905489623e+03,1.786713139298602755e+03,1.500356707694519400e+03,1.259004832427413021e+03,1.521289477392582796e+02,9.946495497496091076e+00,-9.872079255137316878e+00,2.565818422824832079e-01,4.338449295567009534e-03,-1.163950822364173037e-03,-6.919427863941918406e-05,-1.787235476205450643e-04,5.421150834974716552e-03,-1.516859308191115382e-03,7.540286892337891289e-02,-9.307124184093142905e-01,-7.725813608395258880e-01,2.115028292610219740e+00,-8.437341988395467007e-01,1.329217263541248258e+03,1.382864520830645915e+03,1.285014550106390516e+03,1.196236943351018454e+03,1.416160565505203294e+03,1.486654048867004803e+03,1.856034353783601773e+03,1.578271738997106695e+03,1.899490315200135001e+03,1.724915167314539531e+03,1.522569621067173784e+03,1.577225094807254891e+03,1.392195801943693823e+03,1.039936871165074990e+03,-1.148966498816949269e+02,3.347807045400520565e+01,3.298861357820756268e+01,-1.283581866235846292e+02,-9.028711887670456804e+01,5.534426024497724228e+01,1.146010387531825472e+03,8.988542241616844422e+02,9.185065486772443819e+02,8.996721482692919380e+02,1.110039621541774522e+03,-2.342671832812254706e+02,1.596816992067337893e+01,-3.751670575903231253e+01,1.553601037349783155e+03,1.526362033944673840e+03,1.977296476730446102e+03,1.750617242545370345e+03,1.781848928639039741e+03,1.571439542442540869e+03,1.787205195354986245e+03,1.690561248870126519e+03,2.035193733890429030e+03,1.978381431077814341e+03,2.628141177729560695e+03,2.580046414102120252e+03,3.182503525354605245e+03,1.883904079164193263e+03,3.032759260675056339e+03,3.159183519736101971e+03,2.301786474974253451e+03,2.107927201888113359e+03,1.737304744538372688e+03,2.019838345199135802e+03,1.564247524144189128e+03,1.793911114861649594e+03,2.733359284726544502e+03,2.552838086394534002e+03,2.097375411920476381e+03,2.112019061360697378e+03,2.778303038898288833e+03,2.436170824284832179e+03,3.018089506952746888e+03,2.022007870421568668e+03,2.510622512013717369e+03,2.412521756041690423e+03,2.464076600262151715e+03,2.543891906233286136e+03,2.431611988978202589e+03,3.830899512056396816e+03,2.132085964635047276e+03,2.102628787647975514e+03,1.507402617776602256e+03,1.761604683061583728e+03,1.347208905500710443e+03,1.347547719121693490e+03,1.285832223466388768e+03,1.414349716010326802e+03,1.171405275367720151e+03,1.136450615273958419e+03,1.861611282820294491e+03,1.356641824253160621e+03,-1.111081638496992383e+02,4.031212804107116909e+01,-1.428726841008021964e+01,1.930632128209806897e+00,2.704135871276248437e+00,-8.028828554997323508e+00,-8.712270079822546975e+00,1.456568577700536707e+03,1.596836104167335861e+03,1.190116490641479004e+03,1.164844604062274129e+03,1.138486122438478105e+03,1.318664761536529113e+03,1.188839567811132383e+03,1.288846645779967275e+03,1.304530658267191029e+03,1.251262878388027502e+03,1.196208653196591058e+03,1.102780240285030459e+03,1.178096753760428783e+03,1.316913847588910585e+03,1.155973977478930237e+03,9.200371928515244235e+02,1.004111195709127401e+03,1.107455869760158294e+03,1.401210420472897113e+03,1.179833260429175652e+03,1.003895889537992616e+03,8.203233375893904622e+02,1.042640007061636652e+03,1.373230239706727843e+03,1.080847232299513507e+03,1.417178494900077339e+03,1.290965959700541589e+03,1.271896712393776625e+03,1.169378125099927274e+03,1.750717349634850962e+03,1.448250464605730031e+03,1.454432317151765346e+03,1.640702485113694820e+03,1.928072965879269077e+03,1.479312942590874172e+03,1.657371029907003219e+02,-4.036822730340315246e+00,-1.602408949662732951e+01,1.885775385676790847e+03,1.528611834193749019e+03,1.658484820051220368e+03,1.004871073677960339e+03,7.460175812544532619e+02,1.070152642135718253e+02,1.746715062989313481e+02,2.764957070373706074e+02,-2.893842445233585892e+01,-3.125589666868069827e+01,-2.316536990582486766e+01,-3.422727340469997870e+01,1.178765276919913504e+03,1.170662197698823547e+03,1.183431004875641065e+03,1.256242880032294806e+03,1.404764979584741241e+03,1.207459482765694247e+03,1.304586684076042275e+03,1.557177658437342416e+03,1.656693979225284238e+03,1.686509130297663887e+03,1.049398844403642215e+03,6.728049081557417139e+02,6.875666661566546054e+02,8.840865727936395615e+02,9.208728017635668266e+02,7.369740617704152328e+02,7.358921914040597585e+02,7.801516792773296629e+02,7.238758597878789942e+02,8.926573002161143222e+02,1.383991838092582384e+03,1.129890609097907600e+03,9.055090237066839336e+02,9.650966919028389839e+02,1.172220783685801734e+03,1.275773302494916834e+03,1.133386779855369014e+03,-8.678156989383866460e+01,1.752675677075534511e+00,1.202374215347095238e-01,7.968062881063647102e-03,5.143199600685133841e-05,-1.943276044415113924e-06,1.905749525440790956e-08,-6.376401918018169444e-09,4.702954299125443029e-12,4.414062149037279103e-13,3.249617220484835338e-15,-6.289155628726210933e-16,-4.441474708048720857e-18,8.387848901545648426e-20,-2.797034808820135090e-21,1.183851733085561482e-24,3.573057764632424921e-24,1.728317752232564131e-23,-3.631951442440512534e-23
-9.605579767967897367e-14,2.195375090912779797e+03,1.525920503237722869e+03,1.648035472623641454e+03,1.993967628144485843e+03,1.927403592601329819e+03,1.817040913097152043e+03,1.762460726016263607e+03,1.367757106535118282e+03,1.481447552501532073e+03,1.557042764345759679e+03,1.313405717116168944e+03,1.261819819424140633e+03,1.193164029715806691e+03,1.380844166562854525e+03,1.456057957613317058e+03,1.470279584330531634e+03,1.528054566879249251e+03,1.595017813809951122e+03,1.890268062541445943e+03,1.984875002965597332e+03,1.896328172963211728e+03,1.496155445218198793e+03,1.423182830194766211e+03,1.870473417426428796e+03,1.767972782810580384e+03,1.379888117801441240e+03,1.411050919018466857e+03,1.257213500636948311e+03,1.096391029765567737e+03,9.843839942160775536e+02,1.052456332224171319e+03,1.131932705829191264e+03,1.462204908256008594e+03,1.607149255095455601e+03,1.460604539087592002e+03,1.835183506831241857e+03,1.907687587840383912e+03,1.402922381285776055e+03,2.248367877222656716e+03,1.748679942689321251e+03,1.096468957555153793e+03,1.432617188627859605e+03,1.443818082233449786e+03,1.206554217998285822e+03,1.169441507287415334e+03,1.468304600142450909e+03,1.296751679020118672e+03,1.281794419435605732e+03,1.324047814915483741e+03,1.220400139083345721e+03,9.664207352575447203e+02,1.083658542359071589e+03,1.032863737897194596e+03,1.048699816842084147e+03,1.607619772350843732e+03,1.268695331055914494e+03,1.433911066820271344e+03,1.603528324236157005e+03,1.373159246858972665e+03,1.201003861487840368e+03,-8.166504004943975659e+00,8.105405043866902304e+00,-2.106648158764410084e-01,-3.562054952562391207e-03,9.556540848777952306e-04,5.681150248050041381e-05,1.943391684805440207e-05,-4.612872553085710001e-04,1.279186960264786443e-04,-6.311142466503946724e-02,3.820226121352880422e-01,4.466612704519926091e-01,1.701950335539406944e-01,2.187472384988033425e-01,-3.583155456666678873e+01,1.503493359231449404e+03,1.328353852817946972e+03,1.675459024286666136e+03,1.919376891672774491e+03,1.843103678071531249e+03,2.204546399980630213e+03,1.658912703734301431e+03,1.442312156466493889e+03,1.859950281031529812e+03,1.018397789473639591e+03,1.035759332757768107e+03,1.046967237576279103e+03,1.077359122685007151e+03,9.793151590854531463e+00,-2.949706175254107610e+00,-2.858989892118729781e+00,1.028286247998018510e+01,7.897890419052264299e+00,1.602211623161042098e+03,9.178931925505946765e+02,9.696321019907763912e+02,1.196724069305571220e+03,1.260055181397525075e+03,-4.283771842231573856e+01,8.287880807799698601e+00,-1.311226970147745519e+01,3.088701552293512620e+01,9.309646927363758095e+02,1.327592560619808410e+03,1.692952914830651707e+03,1.491195082101104163e+03,1.337963955724129164e+03,1.914424173083091546e+03,1.536648875647359546e+03,2.096998684444587070e+03,2.463288019079774585e+03,2.194413379367744710e+03,1.867101825168693040e+03,2.250705476928040753e+03,2.295919003430900375e+03,2.749079443754664680e+03,2.506687320769850885e+03,2.868230242189773435e+03,2.803686167164608378e+03,2.955028500131747023e+03,1.640117757221890088e+03,1.777202888991713053e+03,2.008830481215332838e+03,2.332322238131064751e+03,3.112596379309140048e+03,2.555272134486711821e+03,2.109480030452112715e+03,2.328212453866473879e+03,2.705834036234643463e+03,2.538000086884000211e+03,2.396206522016423150e+03,2.289426107922586198e+03,2.521455818215164527e+03,1.748716066771609576e+03,2.333707106070606187e+03,2.437116489099915270e+03,2.577270788986532807e+03,2.195431003177450293e+03,1.565167100839160639e+03,1.883216425130036896e+03,1.392050404619919618e+03,1.714376735568776212e+03,1.444706621722578802e+03,8.561972669828218159e+02,1.414507267801192938e+03,1.112552409864647643e+03,1.087646547661934846e+03,1.177311627789674048e+03,1.333944581266062187e+03,1.935387763298694153e+03,9.412130458142886624e+00,-3.417798694826938988e+00,1.217304249460412713e+00,-1.636785034463145994e-01,-2.292777172600775903e-01,6.845734884142864463e-01,7.429047147214324909e-01,-3.833938306552470010e+01,1.864363135232948480e+03,1.662619785560980290e+03,1.277978550915411233e+03,1.131219416998817451e+03,1.133360506071966938e+03,1.112276822227200228e+03,9.793352739862112912e+02,1.526416548627336624e+03,1.158678693069917472e+03,1.049840003566651376e+03,1.080288218735349119e+03,9.539561002207559568e+02,1.015079599798624713e+03,1.023067975497360408e+03,9.432534294201949479e+02,1.174270773828317033e+03,9.778001210756683577e+02,8.358266936125631901e+02,1.202191671970674633e+03,1.029214663323595460e+03,8.880956225916365838e+02,1.070596652185417042e+03,1.173123399596823901e+03,1.068701343479508523e+03,1.069020818112152483e+03,1.076245937529903586e+03,1.108780797085712720e+03,1.013418103091297098e+03,1.490899487565268373e+03,1.334935154558373824e+03,1.505780315752943579e+03,1.510525369849783829e+03,1.740336096197968118e+03,1.432659077384363172e+03,9.512008680578375106e+02,2.921984287593502039e+00,4.334273901042053900e+00,1.406276805102307662e+03,1.502859722918949728e+03,1.512666140458245764e+03,1.026464421211694798e+03,7.626262794858924963e+02,8.462770361075025676e+02,1.311651933281191532e+03,1.838669083480747304e+03,2.380746908730457889e+01,2.572678817437497401e+01,1.907927441261951529e+01,2.815952814231364343e+01,1.013142597012284568e+03,1.253350156476135453e+03,1.116920631807006430e+03,1.101908938304130970e+03,1.095737758851909803e+03,1.159394022917270831e+03,1.356562885653559988e+03,1.575469158592977692e+03,1.446454168225730200e+03,1.254787582625181585e+03,9.165734964189144875e+02,6.950033247897168849e+02,7.228941013714945711e+02,7.289040037374401209e+02,8.000978937957825110e+02,6.963277528435354498e+02,7.453120857136826771e+02,8.738183999037456715e+02,7.341260552287437804e+02,9.954317690246748498e+02,1.526809309261280760e+03,1.526487784364556546e+03,1.172048271064265691e+03,1.085597926910834531e+03,1.115195920075726008e+03,1.328147023677593324e+03,1.284773916331710780e+03,7.388276874582262010e+00,-1.492166273256076425e-01,-1.023659012012447835e-02,-6.783727788220717241e-04,-4.378738794031418158e-06,1.654436705566966581e-07,-1.622487931186928626e-09,5.428643760284371440e-10,-4.003926535517341074e-13,-3.757969669639683389e-14,-2.765441708675639718e-16,5.355723214202607068e-17,3.705972322665700446e-19,-8.816769515597833658e-21,1.324522801613313827e-22,-8.063585714429537210e-24,1.064908629634518684e-23,4.344691453717637776e-24,-2.637354137320761820e-23
1.023808275477425254e-13,2.244039591147472038e+03,1.779113059213519591e+03,1.668062342950600623e+03,2.417507437466378633e+03,2.984741585503146325e+03,2.185810383919874312e+03,1.734333240337826737e+03,1.538378954241326483e+03,1.594586165111828223e+03,1.505423486341377384e+03,1.530959275691655876e+03,1.462093912932847388e+03,1.507356929374545189e+03,1.748247513024020236e+03,1.559504634955091660e+03,1.517885624332557200e+03,1.712794622490226629e+03,1.627519926889219278e+03,1.555070082805857282e+03,2.131866164149607357e+03,1.943416404598776808e+03,1.689100357855980519e+03,1.761300519183286951e+03,1.801806039386642851e+03,1.306125903574603853e+03,1.182551074428248967e+03,1.277447020967798835e+03,1.101319258755864894e+03,1.043474075130441634e+03,1.171792981135039781e+03,1.179392047575816605e+03,1.190628024212192258e+03,1.417364031423148845e+03,1.480825344676703253e+03,1.292170158129697711e+03,1.671529207792561238e+03,1.516961442119900994e+03,1.717280427267138748e+03,1.867147079880650381e+03,1.819954838983108857e+03,1.589107275920092889e+03,1.641054117845400015e+03,1.188241248935005615e+03,1.084527653723475396e+03,1.290892106674460820e+03,1.426936017242468097e+03,1.068828142280664679e+03,1.236021390443361952e+03,1.395799807259678118e+03,1.222534646476829721e+03,1.068475532521312289e+03,9.485380600655762464e+02,1.211122314442651714e+03,1.068089522158927366e+03,1.494636195914260497e+03,2.078598429522564857e+03,1.954758949548300052e+03,2.060518740450755104e+03,1.499128385309898022e+03,1.305829998899977227e+03,-4.911922299479714837e+01,4.875172994121125214e+01,-1.267089572469212166e+00,-2.142475794155269953e-02,5.747990336203364324e-03,3.417051969019405892e-04,3.787040399523553463e-05,-2.980862906622096112e-04,7.576641563691561101e-05,-3.803437892062768722e-01,2.060567601774889734e+00,2.570059747060608135e+00,2.207185185143392125e+00,1.021492862932147805e+00,-2.328876000417966807e+01,1.722878482704136559e+03,2.784221619102565981e+01,1.891589673693679060e+03,2.036730642740929625e+03,2.643180036371360984e+03,1.464206096596901261e+03,1.535470638703329996e+03,1.633648250126719631e+03,1.023843013864486124e+03,9.234251162957442602e+02,5.729648802255103135e+01,6.051619614543253078e+01,6.840079941700174970e+01,6.427587558873244511e+00,-2.511312468044295532e+00,-2.158810705934573360e+00,2.816702215737813209e+00,6.393340778692738091e+00,1.804078118352088950e+03,1.160667092943266880e+03,9.416928861526654373e+02,1.244589974295743559e+03,1.463188986077593199e+03,-8.271487952208201477e+01,-6.439461923862694448e+01,-7.886767296023039364e+01,1.074289931176526352e+03,1.498404637587022535e+03,1.728561547352957177e+03,1.585929517453182143e+03,1.546511367635073839e+03,1.759914442467940489e+03,2.019872132258502916e+03,1.701803685681857360e+03,1.957175881859216588e+03,2.763674371191759747e+03,2.598646737165803643e+03,2.949169036987686923e+03,2.162706265695223919e+03,1.593244906101492234e+03,2.906500311216506816e+03,2.883121465647902369e+03,2.617202757891398505e+03,2.459304629116714750e+03,3.610852230819250508e+03,2.361950538783746651e+03,2.064378562536027403e+03,2.713342286777922709e+03,2.811025251740697058e+03,2.812573506466868821e+03,3.599974194123810321e+03,2.468975369909823257e+03,2.440235534458393886e+03,2.218504199293340207e+03,2.327509890638157685e+03,2.280045526910521858e+03,2.867482591986537500e+03,2.015412538552848218e+03,2.181938421098450362e+03,2.564619961728106318e+03,2.780752069914152344e+03,2.016387807773048280e+03,1.591850174229993627e+03,1.523966657795097490e+03,1.393514315920720719e+03,1.450931760449555668e+03,1.609522965045453702e+03,1.354322806742478178e+03,9.220908673071310204e+02,1.064513508108001815e+03,1.227759933108198084e+03,1.373405623020652229e+03,1.407738069628132280e+03,1.182799354246406438e+03,1.817199874413387988e+03,5.830055499381978201e+00,-2.134503224904860552e+00,7.961905746009301232e-01,-1.021792122780446344e-01,-1.432615019805895118e-01,4.507491679265846485e-01,4.895031734355721476e-01,-2.489385370791056218e+01,2.118922239992066352e+03,1.573517589355123164e+03,1.695707160281792994e+03,1.620081936065986383e+03,1.080477191511280580e+03,1.264121627729454531e+03,8.756326032847852048e+02,1.015861890176727115e+03,1.053052662841823349e+03,1.058882306478640885e+03,1.339077978208801369e+03,1.128630143548088881e+03,1.031363170297838451e+03,1.205528846908322294e+03,1.009180873638145158e+03,1.191574318495385342e+03,9.413036162387755894e+02,9.868017840179647919e+02,1.229233347854573594e+03,8.933094310939172829e+02,9.036931132432276854e+02,1.221188965482736876e+03,1.033206911508992789e+03,9.936808934460824503e+02,8.856616246546593629e+02,1.126083693836453222e+03,1.341642724763082470e+03,1.367107182131778927e+03,1.284212163456149710e+03,1.064820298862768141e+03,1.094231835743554029e+03,1.139208740441641794e+03,1.404556885580141625e+03,8.831715620540111900e+01,7.376125921298637422e+01,1.733133541319581994e+01,2.059347234367638890e+01,1.319294637023401492e+03,1.053144447547994105e+03,1.362226282509753446e+03,1.354767736322260589e+03,7.669048363718488872e+02,8.820652286634648362e+02,1.103949245173646659e+03,9.235240568833660291e+02,7.804941622739681861e+02,8.450323895760321875e+02,6.817207553028969187e+02,9.576378586169819300e+02,1.135885101792057185e+03,1.164929537835412930e+03,8.695075319909078644e+02,1.131117154384178548e+03,1.110506234244624011e+03,1.254046505292136317e+03,1.648739822487006222e+03,1.530419045015882602e+03,1.548161731295813524e+03,1.248065707487752661e+03,9.953462167278069046e+02,8.863478193325069014e+02,9.731256075432908119e+02,8.272025129036179578e+02,8.356955156574524608e+02,8.836058787011384084e+02,1.008549945514806836e+03,9.666517514800312938e+02,1.116104857887508388e+03,1.359670550939834129e+03,9.765179810417721740e+01,1.029088171131080003e+02,1.214655132496903661e+03,9.861764995861994976e+02,1.098800647002866071e+03,1.170630743420786530e+03,1.302176493633164455e+03,4.798352317962294222e+00,-9.690946370318004321e-02,-6.648203196055804502e-03,-4.405724976151531537e-04,-2.843793187141064599e-06,1.074481956753964407e-07,-1.053732702091584363e-09,3.525659030361342192e-10,-2.600365053262091684e-13,-2.440638197553181772e-14,-1.796709532333777489e-16,3.478596164430762495e-17,2.421138056143251714e-19,-5.470737235984791689e-21,5.138703179651952078e-22,-8.537238820040227412e-23,-1.645721969734033876e-23,2.101961577080397725e-24,-2.834657356331446837e-23
2.293239215833429201e-13,3.706057779710399132e+02,1.960945404029488827e+03,1.415768561109504844e+03,1.731061738309000930e+03,2.456552523597397794e+03,2.536005252459496660e+03,2.059137723553015803e+03,1.783721853678823436e+03,1.642273890288034636e+03,1.342578637708634233e+03,1.395488752936664014e+03,1.431526705467958436e+03,1.440255528390613108e+03,1.880320233848140106e+03,1.486839214653764429e+03,1.316855676239663580e+03,1.508316554968988839e+03,1.366808848630513012e+03,1.579496934398854819e+03,1.912731371824354937e+03,1.809398521887150082e+03,1.367145124214773432e+03,1.412195314612819175e+03,1.390782484008101846e+03,1.186726206248140670e+03,1.118073434234793012e+03,1.073083292120266833e+03,7.336202445168003123e+02,8.473890280024204458e+02,1.233447693609680982e+03,1.382724528541707969e+03,1.253569676002952974e+03,1.326842257866820546e+03,1.449529404334225319e+03,1.304331097855658754e+03,1.495314755324162888e+03,1.273678738208168852e+03,1.796794120743796157e+03,1.575574383788333989e+03,1.430601777170043079e+03,1.454782128246242337e+03,1.476135902079593052e+03,1.074240882128490284e+03,1.113682013920348027e+03,1.228990754614605748e+03,1.097464349061339362e+03,9.971456992261799996e+02,1.222238518071808130e+03,1.373891239083073060e+03,1.145804736484962632e+03,1.102078684257944360e+03,8.464058568046440314e+02,1.025404686027173057e+03,1.394165158262979730e+03,1.357014975521788983e+03,2.119903623294736008e+03,2.265737434899721848e+03,2.051052316686494578e+03,1.909432675446830217e+03,1.396946232286118402e+03,9.476572555313068733e+02,-3.542238875778468241e+02,9.206512154761266942e+00,1.556695743437729318e-01,-4.176416888394458848e-02,-2.482786629275252413e-03,-2.127357511184422125e-04,2.094586272591450829e-04,-2.536614582028395243e-06,2.764119351220188037e+00,-1.478444004194422234e+01,-1.858170636630698169e+01,-1.697211078846359555e+01,-7.189608994746246928e+00,1.735142667022516960e+01,2.942697022812425303e+02,1.051924727608426792e+03,2.018164428506782542e+03,1.740919926608901733e+03,2.027470566405763975e+03,1.740174796021884958e+03,1.595488279630112629e+03,1.172538365393151935e+03,9.603870784421361577e+02,1.227464864696211180e+03,-4.897578436874606211e+01,-4.909744738543766118e+01,-4.314738497335855527e+01,-5.245965821856267475e+00,6.214777423541392842e+00,3.806119600393805147e+00,2.616984921348629101e+01,-1.397575195008654170e+01,2.831103478345335134e+02,1.486038313825753676e+03,9.033040139326571989e+02,1.274406186567947998e+03,1.216459417595813193e+03,1.142700922335478026e+03,1.332193357027959564e+03,1.375190054748676630e+03,1.445609139033460679e+03,1.100737735380696222e+03,1.403335135963698576e+03,1.252972081132108315e+03,1.393375019782218715e+03,1.851077154573541975e+03,1.798625133947089580e+03,1.644150439147194902e+03,2.597580901263278520e+03,2.302948827254207572e+03,2.256796834031659728e+03,2.528889391692187928e+03,2.583882277761402293e+03,2.302062647509014823e+03,2.601118735675286189e+03,2.316131563422118234e+03,3.077810305517973120e+03,2.947928059544929965e+03,3.343054327465814367e+03,2.667929653951150613e+03,1.909555227860632840e+03,3.242128490566955861e+03,2.845872326633839293e+03,2.519722350279522743e+03,2.770369613963208394e+03,2.332461115440298727e+03,2.585750646053135824e+03,2.449933184946460642e+03,2.148663069704384270e+03,2.304036259306441934e+03,2.073304295340374210e+03,2.051381430187853766e+03,2.625726933779751107e+03,2.372647444876419286e+03,2.562599390867629154e+03,2.810391355259557713e+03,2.257497901771661418e+03,2.121675891482331735e+03,1.542218355330879376e+03,1.950596339294483869e+03,1.741877116892839467e+03,1.706649105355548272e+03,1.289257085991140912e+03,1.143145705261091507e+03,1.118811585238191583e+03,1.140031368229511827e+03,1.096451670897411987e+03,9.076801799765074747e+02,1.798017085929684754e+03,-2.242808548997965890e+00,9.550209294524845127e-01,-6.297772435736148644e-01,4.539583077293365965e-02,6.464344663811677494e-02,-3.783080564271559254e-01,-4.133344390079999875e-01,1.836547400326664814e+01,3.587350325035488368e+02,2.409322743194299619e+03,1.675901851627719452e+03,1.257903477240465463e+03,1.320764016273969219e+03,1.274262238190506196e+03,1.300604950271944972e+03,1.120688867696775105e+03,9.418028650261251187e+02,1.063799725275013088e+03,1.106691550015759049e+03,1.133301289114144083e+03,9.926411842943873580e+02,9.242634368180924866e+02,9.475525696302254346e+02,1.051889343602625786e+03,1.067466013030576960e+03,1.376644037123930957e+03,1.284203173534545840e+03,1.017219770220065698e+03,1.038033993687017983e+03,1.260538120410176589e+03,1.037678970983929958e+03,1.053780150384799981e+03,1.151613221985442351e+03,9.261115809883488055e+02,1.107888282640799389e+03,1.158089357090554586e+03,1.296124101747161831e+03,1.332541797692071441e+03,1.202741945545708177e+03,1.229435506484687039e+03,1.173948574613535584e+03,-7.189887940003769984e+01,-6.243616844994060955e+01,-1.257348568933836788e+02,-1.453034986343047024e+02,1.740650788372332869e+01,1.113960936253736918e+03,1.351689780305018303e+03,1.409345090488536925e+03,1.123337598851395114e+03,6.672244649516799200e+02,6.818751686205339411e+02,7.676192196219890320e+02,8.379707328816211884e+02,9.645139418373393028e+02,9.955729111314295778e+02,1.156274573682630944e+03,1.164684667661203775e+03,1.177727643400939769e+03,1.123683134921847341e+03,1.067559575960937082e+03,1.209904451905047836e+03,1.339050704560960867e+03,1.511598942924648100e+03,1.491203572065655408e+03,1.374910308602642999e+03,1.233550190829706935e+03,9.303934914923978567e+02,8.541599677316942234e+02,8.095534766049133850e+02,7.790646962751355886e+02,7.733835153933868014e+02,7.354712373759992943e+02,8.772301531474752210e+02,9.477296516881041271e+02,1.046143823043681323e+03,2.354113022151877885e+02,-6.952022774355566526e+01,-7.300618222166859539e+01,1.996230551641877753e+02,1.229106989693448895e+03,1.453561817328890129e+03,1.365199644376297783e+03,1.113751574707949430e+03,-3.548233712925030758e+00,7.166156285061148212e-02,4.916141447618593840e-03,3.257897889593598596e-04,2.102897451536911721e-06,-7.945463056214487714e-08,7.792028759781675896e-10,-2.607116233860065053e-10,1.922899653820581667e-13,1.804786622779069745e-14,1.328279463578853874e-16,-2.569940925796279537e-17,-1.770566165300078466e-19,4.652611210822916508e-21,3.446693791095660584e-23,-3.336325967428081448e-23,-1.102753332749686301e-24,2.619096971775886439e-24,-2.302211466147881756e-23
2.106859398333852641e-13,-1.542620104842339401e+02,1.624425309855870410e+03,1.292578769802454644e+03,1.879894319999908475e+03,2.003316246994352923e+03,2.276010360115291405e+03,2.068306422461935199e+03,1.699919039636693014e+03,1.306511196297285778e+03,1.343347993076687999e+03,1.434444062240498170e+03,1.219447973835686071e+03,1.261561658757518217e+03,1.456893446753350645e+03,1.165278186400544882e+03,1.144662420528110943e+03,1.458789946421298282e+03,1.499333238944368532e+03,1.278401322100316975e+03,1.434057812927083887e+03,1.307029344503051561e+03,1.187779673194892666e+03,1.367652763921209498e+03,1.429289770981483798e+03,1.544551999600563704e+03,1.046773580451323141e+03,8.750482546215441744e+02,7.693511402876893044e+02,8.883971155005971241e+02,1.355584737700178266e+03,1.547372991036288340e+03,1.348132996749108770e+03,1.231572424273308570e+03,1.461961396490315565e+03,1.455798667134050447e+03,1.569995627511238581e+03,1.596003248570744063e+03,1.503893800612288487e+03,1.248644647393213745e+03,1.184532144858434322e+03,1.097892709000732793e+03,1.160102763340160436e+03,1.035409777279377749e+03,1.029521893651912251e+03,9.848261154023532526e+02,1.083816688905251567e+03,1.048005445166809750e+03,1.287102691326332661e+03,1.289010412951839498e+03,9.190347021528493769e+02,1.044895509944351261e+03,9.544225002382232788e+02,1.078664355829484293e+03,1.332333850173404926e+03,1.642997507872299593e+03,1.957965472776191291e+03,1.888997115911168976e+03,2.105536986799542319e+03,2.172169810165361014e+03,1.669189254564460725e+03,1.616169509550533348e+03,2.588197533899462996e+03,-4.124545264921489718e+01,-6.974043969732474091e-01,1.871047386002843982e-01,1.112295912224555566e-02,9.244829475378229600e-04,-4.270681801501265444e-05,-2.395075003661211452e-04,-1.238360815164717010e+01,6.614895092069308191e+01,8.320447676623075495e+01,7.646362113740656241e+01,3.210325558188843331e+01,-8.209897440098185228e+00,-1.227230968261475681e+02,1.705884340535794991e+03,1.649429865084477569e+03,1.487959531889139726e+03,1.715094015999159183e+03,1.532225214987896607e+03,1.188521531621178383e+03,1.212677065598821173e+03,1.260512178822606757e+03,4.082221727717679300e+02,5.334010174340721022e+01,4.324344162888350240e+01,-1.232988753438652907e+01,4.522756878046480189e+00,-2.233388039550692383e+01,-1.161287224959026965e+01,-1.385923479161132832e+02,4.774303442127463626e+01,-1.283382233976202542e+02,4.813210624347702833e+02,1.284291873252722780e+03,1.384251093720890367e+03,1.209059208461573007e+03,1.523032448409022436e+03,1.298614744460885959e+03,1.482934066871210689e+03,1.600861135744421517e+03,1.079585324830457694e+03,1.412485128743429414e+03,1.356947417887239453e+03,1.334136914061878088e+03,1.798844032415525362e+03,1.679664743341609437e+03,1.875765157552516712e+03,2.568725298286094130e+03,2.544053043103478558e+03,2.421071889450352046e+03,2.788256449019497268e+03,3.213380372610226004e+03,2.961987495100009255e+03,2.747357277883880215e+03,2.409639263859845869e+03,2.539505873974802853e+03,3.115895524809439848e+03,2.558520743778934047e+03,2.639988500152139750e+03,1.962115162528534483e+03,2.928498711877221922e+03,2.431117560279213194e+03,2.185282741152287144e+03,2.179219785672274156e+03,1.997452016028658591e+03,3.087256053782965864e+03,2.884039248994807167e+03,2.398140618712232936e+03,2.426426531333037474e+03,1.770610202684485330e+03,2.267970984906993635e+03,2.862683258996167297e+03,2.910671772252244409e+03,2.309274309061137501e+03,2.655433363803220345e+03,2.905861848838846072e+03,2.283740556862685935e+03,2.149183694046921573e+03,1.785515653651022831e+03,1.465744374147435565e+03,1.416689259124144883e+03,1.451437262644856446e+03,1.641458110229761814e+03,8.693921188302045948e+02,1.408827291570108628e+03,9.398691060631086884e+02,1.282115331583981742e+03,1.500624661966241092e+03,-8.318719078546799039e+00,2.384562249379556853e+00,4.612590968520924317e-01,1.157359543249103923e-01,1.573521849072207768e-01,3.686347707851546085e-01,4.126766052506719018e-01,-7.877850979294098721e+00,-1.502527546808267402e+02,7.750174842738152847e+02,1.273151266176586205e+03,1.226264116081849579e+03,1.227690501514058496e+03,1.131311369514273338e+03,1.076531682975886724e+03,1.058427906737667172e+03,9.510715971875359855e+02,9.079872645660321950e+02,8.470203398231227538e+02,8.084785120554706737e+02,1.026069396161775785e+03,8.523603222669416937e+02,8.630271098278353747e+02,1.133490998848251365e+03,1.159705023393766623e+03,1.009693120284541692e+03,1.253218542113193735e+03,1.122496138685647566e+03,1.156418707475687825e+03,1.029623955517879949e+03,9.960266851677081377e+02,1.015032929846901425e+03,1.100344477984860305e+03,9.108810238585388106e+02,1.164162419271844783e+03,1.212374074577015108e+03,1.931492643144053318e+03,1.879544445086832638e+03,1.432573993291707438e+03,1.334228108006354432e+03,1.469354050203642601e+03,6.411447537210604253e+01,6.479375651522687463e+01,9.958448737375015298e+02,1.095264304866580915e+03,1.396233312500217608e+03,1.659832630881541945e+03,1.558008406806513676e+03,1.161756963111409277e+03,1.228336601509845423e+03,9.839996826079361654e+02,8.222854915222549153e+02,1.115784885872725454e+03,8.327433356588205697e+02,1.233588039390381937e+03,1.163544228656429823e+03,1.024763425557786832e+03,1.072481140432359553e+03,1.370441038090850043e+03,1.310050541984993970e+03,1.021391763341448609e+03,1.276198119070715620e+03,1.635727796743499766e+03,1.495892114353236366e+03,1.261942808434656399e+03,1.021356498759391798e+03,1.007308834458790557e+03,8.429544065095435599e+02,7.902143903201073272e+02,7.535536599496333565e+02,8.022652174853778888e+02,7.911236400663082122e+02,7.727448878134628103e+02,8.913969836976665420e+02,8.303684198061381494e+02,8.743955413796021503e+02,-6.642225622950937236e+01,2.148999835797788904e+01,2.119711889412706185e+01,-9.299891871756932460e+01,3.623726022779092659e+02,4.735155743703376174e+02,1.262617677605937843e+03,1.106452518869031792e+03,1.559177325603379183e+00,-3.148977574588059797e-02,-2.160268148814810645e-03,-1.431596937966185339e-04,-9.240625871291402229e-07,3.491423291015584625e-08,-3.424000510717955923e-10,1.145628194633826971e-10,-8.449651394993910403e-14,-7.930356840043300106e-15,-5.828714268843366692e-17,1.130880774853791250e-17,8.036973069085721948e-20,-1.636036243069104698e-21,3.576259763998326578e-22,2.810209607714966581e-23,1.324591217567508036e-23,-4.873338442143506294e-25,-1.791402169924189778e-23
2.323171124606674840e-13,5.441846840586208600e+01,1.879017860712717720e+03,1.429614553746631827e+03,1.845674035298562103e+03,2.036273630183101432e+03,1.983087354536542762e+03,1.832094065337723123e+03,1.493264077579500508e+03,1.335171084626584161e+03,1.503781806733775738e+03,1.187373712494581696e+03,1.069219272438096823e+03,1.377751457988896618e+03,1.296320880693206163e+03,1.186205405298499954e+03,1.279230240000681533e+03,1.517507825480394104e+03,1.581762608011460088e+03,1.220201107287364493e+03,1.412204596442069032e+03,1.417730288071164750e+03,1.194527222269245158e+03,1.326054974366656779e+03,1.526338605164189630e+03,1.418319240078438497e+03,1.137798427193416046e+03,9.888217799878769938e+02,8.720282738258844120e+02,8.864901626846838099e+02,1.097375013894568383e+03,1.238588806245901424e+03,1.112703021944429793e+03,9.167587154749345473e+02,1.213207664756496115e+03,1.336390054216604995e+03,1.399212745057776829e+03,1.433609916498568055e+03,1.393899401455298857e+03,1.046878678570371903e+03,9.910895522797053445e+02,1.077560104995679012e+03,1.239285157900420018e+03,1.123402282893396659e+03,9.170586657836548738e+02,1.048973628078202637e+03,1.204937076299207320e+03,9.592011835328120242e+02,1.196021351021134024e+03,9.921650845276166137e+02,1.135116547926241083e+03,1.133381630736038460e+03,1.115152987607348450e+03,1.072530037652124292e+03,1.311940409866285336e+03,1.495715901909626609e+03,1.688590748286223743e+03,1.625209860429090213e+03,1.871629271636185877e+03,1.641802133904610628e+03,1.751820818403174826e+03,1.990398765903155208e+03,2.506155369732829058e+03,1.508961767163201273e+02,2.551448714199656465e+00,-6.845212717242913358e-01,-4.069326186314584093e-02,-3.371938709547872386e-03,-1.657768166626910514e-04,9.664315931155973436e-04,4.530543385581896842e+01,-2.419745940287985491e+02,-3.043878026364930633e+02,-2.798954762925155251e+02,-1.174112605609275448e+02,5.039699797894989786e+00,4.347986429231092131e+01,5.883536083652030584e+02,1.651438283830752880e+03,1.370664585339898167e+03,1.585494167625170121e+03,1.256250212251129369e+03,1.104117912748273511e+03,1.492281470036989049e+03,1.180387973092954098e+03,-2.408446160606213766e+02,-1.354366066476598007e+02,-9.467206431965462343e+01,1.190389468284205634e+02,-9.722883527462956366e+00,7.972787231275327713e+01,4.053025865138776140e+01,7.251431367709458300e+02,-1.693218053479745890e+02,8.473796509658365039e+01,-3.141833225124801743e+02,1.260406553989106214e+03,1.170780992907143172e+03,1.319569818898157564e+03,1.375582400128197833e+03,1.014089565465186865e+03,1.401840872755689134e+03,1.227577077883831635e+03,1.605383946849806762e+03,1.797638085540068914e+03,1.596977941858964414e+03,1.502724339180723746e+03,1.698570598423892534e+03,2.359769091383403975e+03,2.918871287689569272e+03,2.395357983376733046e+03,2.707252669268487352e+03,2.321911029109056471e+03,2.906652553183438158e+03,3.061544588775105240e+03,2.269949505710236281e+03,2.844329535254583334e+03,2.664603663896666603e+03,2.572619285592368669e+03,3.002952523453459889e+03,2.452992648895623006e+03,2.544624555313752808e+03,2.409095212648157940e+03,2.177873667997028406e+03,2.637766098041956411e+03,2.459056052733713386e+03,2.647633773439941251e+03,1.965663531060360356e+03,3.032388034755586432e+03,2.743967398717512424e+03,3.001747025221704916e+03,2.731741753411689842e+03,2.213389921510248769e+03,2.267901668994210468e+03,2.816560001768246821e+03,3.040565813866063309e+03,2.728550992653292724e+03,1.993298513351338670e+03,3.094994017712623190e+03,2.270635399394327578e+03,2.042669115481688095e+03,1.812549623160739657e+03,1.293990065285824357e+03,1.346908766496995895e+03,1.366731147069266626e+03,1.248754660708360461e+03,1.348238783717911701e+03,1.413505410410341256e+03,1.076667293369934214e+03,1.473658270529871970e+03,1.547939291642832586e+03,3.703725540878161837e+01,-1.111946443142115726e+01,-8.389700564368465230e-01,-5.381481302054770266e-01,-7.363649802264674582e-01,-8.718434736694448128e-01,-9.923876694311223323e-01,2.072211046313062077e+00,5.580720118270859587e+01,-2.516912376578899284e+02,1.366030630469592779e+03,1.521144552527963242e+03,1.477337771501844827e+03,1.053124897765640299e+03,1.175903256563414516e+03,1.158840980047790026e+03,1.066878597310199666e+03,8.422465404065719667e+02,9.652982905625406147e+02,1.101414684503580702e+03,1.114751052044989592e+03,8.392012228011120669e+02,8.992818222209197074e+02,1.018461549161948028e+03,1.010880882392012268e+03,1.039322150572083501e+03,1.110257492916835417e+03,1.092857979956145527e+03,1.001241863712160352e+03,9.424225203037805159e+02,1.126306434175415689e+03,1.105254145599828234e+03,9.669787667569373752e+02,9.894235294630641420e+02,1.277105389723392136e+03,1.432211196448779219e+03,1.992833575901250015e+03,1.765014651292198778e+03,1.640095559226850810e+03,1.622013867266385205e+03,1.633825375357587973e+03,-1.418061723663238070e+02,-1.597770648738153056e+02,1.717770530673829626e+03,1.435440625293002768e+03,1.895217541225922105e+03,1.588380082656441346e+03,1.313551024493255909e+03,1.222455410418411020e+03,1.091361407015275972e+03,1.124120041231730966e+03,1.041210487990804495e+03,1.208392408807709444e+03,1.068366527982995649e+03,1.164179430324931673e+03,1.093533962843671816e+03,9.086362888359590215e+02,9.154661543605097904e+02,1.066612060743058464e+03,1.042686693196554870e+03,1.149169439701301826e+03,1.261831732042064459e+03,1.412487550332057253e+03,1.406232377245764155e+03,1.322222001417232150e+03,9.167125686374464522e+02,9.198315750188262427e+02,9.410238488626861226e+02,8.385199029535319823e+02,9.440340400303537081e+02,1.034288423486957299e+03,8.932139300216258562e+02,9.554401188039452109e+02,8.442304070436092616e+02,8.899972492910407027e+02,1.011608670291444014e+03,-9.290897632903811143e+01,2.562854238961174147e+01,3.242014224376371345e+01,6.915342794963765982e+01,-8.723838576176733284e+01,-2.524711238521763619e+02,1.319066822730604372e+03,1.263558737790619261e+03,-5.496882791479746899e-01,1.110172676082500989e-02,7.616029695456028774e-04,5.047097878760357567e-05,3.257784506680733466e-07,-1.230901983312947120e-08,1.207132070628841174e-10,-4.038914640391047752e-11,2.978830321844454094e-14,2.795815781862942862e-15,2.057577230013373563e-17,-3.999444027332671979e-18,-2.957484783526473387e-20,-4.438867649626186763e-23,-1.096447525270707271e-22,-1.478824699923965949e-23,9.462075031002398931e-24,-4.526037524753659161e-24,-1.875828272280680255e-23
2.378166622487247870e-13,-1.651873492125171694e+01,2.035648485297814887e+03,1.641044684794861951e+03,1.563738044189632319e+03,2.032971517709598857e+03,2.185859730837382813e+03,1.872872367062686408e+03,1.403047643977713733e+03,1.470528333183594896e+03,1.487803054557496353e+03,1.098780276879655958e+03,1.063449876894185309e+03,1.429471389381539211e+03,1.578021094737855947e+03,1.310073203041465831e+03,1.416001956479568207e+03,1.551459892826055011e+03,1.471637600616182908e+03,1.243266109619867166e+03,1.335993927910307548e+03,1.627410450150742463e+03,1.301613356115206898e+03,1.279188140823285039e+03,1.284125854679337863e+03,1.075391240162472513e+03,1.167229441026556060e+03,1.091792244954072430e+03,8.597726441784070630e+02,9.038694918698707852e+02,9.041331721629161393e+02,1.004844295536823779e+03,9.204815210534291055e+02,9.436012759080226715e+02,1.156168742942275912e+03,1.206085387944092645e+03,1.100857903082076518e+03,1.129259952701800785e+03,1.154698589675507492e+03,8.883865893460267671e+02,8.331915287690457035e+02,1.060820728050693560e+03,1.209347976953971738e+03,1.159253326269034915e+03,1.004033344755975349e+03,1.361247665982843500e+03,1.253819165911630307e+03,1.019892953125794861e+03,1.080416378922305512e+03,9.480280164779361485e+02,1.174695124910669847e+03,1.022695127546675394e+03,1.060919338869874082e+03,1.046284491837531732e+03,1.335427486256440034e+03,1.151937685640396239e+03,1.383476285588027167e+03,1.336336944661810548e+03,1.577673104698916859e+03,1.730217619129005243e+03,1.689428805986357702e+03,1.860709797436270492e+03,8.843904507943268527e+02,-4.741957391070175731e+02,-8.018003737086566218e+00,2.151128527199274831e+00,1.278797899707357355e-01,1.059330509055757784e-02,6.185170203160190094e-04,-3.064365509194321574e-03,-1.423737075182179979e+02,9.061928420626428533e+02,1.142497451144385650e+03,1.049145769873635800e+03,4.494517072115689871e+02,-8.264618118176711548e+00,-1.378670380481902669e+01,-8.725150632577515353e+01,1.844093548936651359e+03,1.596212732886848926e+03,2.151161299845902249e+03,1.396679727445749450e+03,1.308605412108109022e+03,1.286842849125780504e+03,1.230470052652308595e+03,5.077171301706446798e+02,4.961168742581207312e+02,3.500490658145284328e+02,-3.964811902168236202e+02,2.848718939238376890e+01,-2.499472216138591989e+02,-1.267751591276302463e+02,1.484230085569972744e+03,6.140654831169238150e+02,-1.497173583008245146e+02,7.267715760708415473e+02,1.119424439657704852e+03,1.389738280761512442e+03,1.445568072403159704e+03,1.338535528627741996e+03,1.512199089914531442e+03,1.499498794178192384e+03,1.282689432922353717e+03,1.752950106198608637e+03,1.820182320727480146e+03,1.902144542764327525e+03,2.006520087228068405e+03,1.903693451176361577e+03,2.646904942644170660e+03,3.300567803465229190e+03,2.399460850632101938e+03,2.521748996770957092e+03,2.553710328972007119e+03,2.496003408522464724e+03,2.685567807278151577e+03,2.308298890413232584e+03,2.691526897064003606e+03,2.466078550172646828e+03,3.046586177155077621e+03,2.350378646154291346e+03,2.454974293024251892e+03,2.397690389253792091e+03,2.781249823464881956e+03,2.261052409617970625e+03,2.588806476952108824e+03,2.464146973416655328e+03,2.791465048322359962e+03,1.902937927684612077e+03,3.061667054306190039e+03,2.456473499032352720e+03,2.516873803232271712e+03,2.631638199678342517e+03,2.475103955639686774e+03,2.190131314883925825e+03,2.233302632640080446e+03,2.661054282495377265e+03,2.722303786941769431e+03,1.999168085367550702e+03,2.417470704254752491e+03,2.684087071304735673e+03,1.456519523589444134e+03,1.810555080064685853e+03,1.439348450619029563e+03,1.368814932556446593e+03,1.109426133216325525e+03,8.264469657829591824e+02,1.361192655129939340e+03,1.039688803117151565e+03,1.042389367175586813e+03,1.184733120348070543e+03,1.526431888454762884e+03,-1.183912000146928563e+02,3.566900393678247383e+01,2.379415393024918224e+00,1.725904661731716860e+00,2.362732257553787019e+00,2.595342423682408750e+00,2.961861347186004245e+00,1.591798539867169682e+00,-2.574733769951120266e+01,1.049257134642264049e+02,1.551938546769426921e+03,1.536302883472485746e+03,1.543669928977144309e+03,1.127178928802310111e+03,1.487973324757418595e+03,1.322125499532251752e+03,1.004751755220494033e+03,1.064891996912450622e+03,9.487546410438969815e+02,1.260162967202349137e+03,1.236191893493659109e+03,1.115972544591214728e+03,9.087491627903044673e+02,8.765610750965780653e+02,7.721698844738464231e+02,1.350498389725357129e+03,1.045361769280634235e+03,1.089678047194646524e+03,1.024700689661856131e+03,9.411139595661671819e+02,1.113566273633713308e+03,1.030685227601142515e+03,9.995061947764191927e+02,1.117104447780191322e+03,1.212015597199011154e+03,1.368294391822433681e+03,1.627272182579299397e+03,1.946138920098600693e+03,1.726617798721873669e+03,1.795080147372435022e+03,1.689269085906817509e+03,5.113788973180328412e+02,5.840417038456525916e+02,1.736100878314190595e+03,1.286408485572504333e+03,1.253743768919936656e+03,1.362952785919246708e+03,1.269237445879705547e+03,1.168672247676620145e+03,1.068427878221048331e+03,1.239823928848401238e+03,1.028721233795695753e+03,1.144938879930047506e+03,1.138951248842435689e+03,1.054557860465215526e+03,9.085592314815421560e+02,9.423971548328355539e+02,9.243027495546855334e+02,8.541191136610432295e+02,8.464508589628489972e+02,1.233600280673667157e+03,1.471449519562018850e+03,1.176813765476839535e+03,1.351621637855522749e+03,1.278822462007261947e+03,9.752232709598342808e+02,9.084483822988323709e+02,9.703137856575771139e+02,1.018561574538437412e+03,8.998493582289346477e+02,1.042001312234320721e+03,9.912919948118594675e+02,8.934177910411825678e+02,8.536136339371064423e+02,9.484740122043822339e+02,1.093142270575579460e+03,4.796724257612797260e+02,-1.121217159508380377e+02,-1.351974733864638551e+02,-1.351900612753859434e+02,-5.306886816432367482e+01,4.793974226966915921e+02,1.261505631092756630e+03,6.505696815658857304e+02,1.657983867648081255e-01,-3.348531262305575341e-03,-2.297166384926102448e-04,-1.522318590096640222e-05,-9.826213054815531225e-08,3.712678146947854370e-09,-3.640982549958438010e-11,1.218227818891959120e-11,-8.983882376620772240e-15,-8.433430625646253136e-16,-6.227331645298794853e-18,1.193720207689071319e-18,9.010719470125661371e-21,-1.052460071055597490e-21,-2.648275018156061822e-22,-1.060562403014986472e-22,-1.164706399324053214e-23,-7.134968231634506209e-25,-6.372334483998473849e-24
1.731307214759848676e-13,4.522221754753496192e+00,1.491523056575727651e+03,1.557678066833461116e+03,1.775201380325478567e+03,2.232406744396188969e+03,2.458062961890515908e+03,1.932202598914582495e+03,1.483468369661316274e+03,1.402716004549886975e+03,1.373472301855811111e+03,1.464561529050191893e+03,1.219914406738497973e+03,1.293151744214894961e+03,1.585163927344923650e+03,1.251143001911402507e+03,1.331588256275938193e+03,1.465425363223905833e+03,1.416940608884511676e+03,1.311928398443955075e+03,1.241144255509516370e+03,1.495515811895173783e+03,1.519111447510964354e+03,1.485418713209553744e+03,1.193397693777611948e+03,1.218666370542450295e+03,1.190887040613507679e+03,1.030831187705774482e+03,9.878752558390833656e+02,1.039975422795091617e+03,9.867012375054010818e+02,1.094330157778841567e+03,1.032846987946333456e+03,1.184177952052306409e+03,1.286482368258476299e+03,1.313062469639263782e+03,1.197124470134901912e+03,1.177449234146001572e+03,9.405198580629123626e+02,9.509022762138991993e+02,9.980714671333461183e+02,9.733328120755464852e+02,9.721137117040404974e+02,1.148903760203483444e+03,1.233838633894330542e+03,1.318032966179815503e+03,1.301523576329454272e+03,1.216528568321992225e+03,1.092741862458625064e+03,1.192269952652427492e+03,9.933397386633154156e+02,9.640954376478541690e+02,8.879913807858395103e+02,1.144872577710624455e+03,1.174605200338708528e+03,1.229722055766377707e+03,1.419248278409745581e+03,1.252582537664477968e+03,1.458987944231857682e+03,2.232013181369992708e+03,1.790387377830636751e+03,1.482500429122715104e+03,1.525960833642178613e+03,1.369191203386870939e+03,2.127916519347692414e+01,-5.708929651772153058e+00,-3.393831263894228067e-01,-2.811302467966374577e-02,-1.666324446569536401e-03,8.139544452843780128e-03,4.135762396003240156e+02,1.989095736345138221e+03,2.576438443164634009e+03,2.326040302206849901e+03,1.246997297385162256e+03,2.000644579343770957e+01,5.324479082695519949e+00,-1.055361784006343555e+02,1.619889322652166811e+03,3.584668547817941089e+03,1.836996354287755366e+03,1.310425878339050769e+03,1.215575186631314409e+03,1.296609507186647306e+03,1.154982612604937685e+03,1.217984322240667780e+03,1.374293392229745450e+03,1.263966146391667280e+03,1.151002951126855578e+03,-7.507670755058066447e+01,7.236763202289972696e+02,3.710126558171382385e+02,9.847025544877431003e+02,8.762000941456363989e+02,4.056300839684084849e+02,1.807475376549616385e+03,1.585547795781472587e+03,1.588944026902284122e+03,1.476502830435035321e+03,1.322614792000187208e+03,1.670261236140331903e+03,1.206995043991565581e+03,1.904117652738538936e+03,1.674006117172660879e+03,1.645968045222246019e+03,1.747405171760850862e+03,2.301510013246324434e+03,2.339629730447150450e+03,2.387745932136186184e+03,2.733019365732498045e+03,2.405605223386928628e+03,2.777888467727674652e+03,3.193674843569711811e+03,2.440735081567470388e+03,2.471524534409737953e+03,3.086975608974870738e+03,2.667582309813642041e+03,2.498002553615793204e+03,2.844175728443711705e+03,1.721775711738142945e+03,1.995438652259761056e+03,1.953567529556405134e+03,2.532482725191538066e+03,2.614516495029624366e+03,2.397381663544471849e+03,1.863770093925201081e+03,2.346387257755294740e+03,1.944243816516537436e+03,3.155881363347687511e+03,2.215992392260019642e+03,1.843138660774175150e+03,2.493295135370823118e+03,2.521570854919304566e+03,2.232541828436077594e+03,2.078489000835846127e+03,2.519850166896797873e+03,2.091349004296655949e+03,2.242375139038837006e+03,2.151334014781959468e+03,2.700202324939074515e+03,1.537732046449277959e+03,1.632802003830029207e+03,1.385164579460461255e+03,1.069674981794543100e+03,9.879159600631597868e+02,1.051698938906282137e+03,1.128650379681869936e+03,1.092147507433849569e+03,1.168159638968720856e+03,1.120852287449671167e+03,1.539010722028949658e+03,3.485380584763906882e+02,-9.484749181649775096e+01,-6.249362372577982327e+00,-4.589263882175760756e+00,-6.282899199026082293e+00,-6.851077344299473459e+00,-7.820661443589330908e+00,-6.286859841989376640e+00,3.025219253952725751e+01,-1.038777133805224651e+02,1.472543713705433674e+03,1.454997987179045822e+03,1.337084976851616602e+03,1.265352691686598291e+03,1.363220796237225386e+03,1.144565675146204285e+03,8.709562556911699858e+02,1.227204442740887771e+03,9.346561477411215719e+02,1.036727665749560629e+03,1.151519975582011057e+03,1.313532131646717517e+03,1.050091220152198503e+03,1.008133946854950295e+03,7.338247917015352186e+02,1.165770317898372696e+03,1.151368321667125429e+03,1.051885450942435227e+03,1.205381030181640881e+03,1.068788049483151099e+03,9.368659261330227537e+02,8.761712319639342468e+02,1.158219780564636721e+03,1.381694727637883716e+03,1.467625252454897691e+03,1.341066084628884255e+03,1.411184419457586728e+03,2.044281221748656435e+03,2.014511981902263869e+03,1.889576574629393008e+03,1.836021949557540438e+03,1.499961811772285500e+03,1.651767526457613940e+03,1.675429646263909262e+03,1.585298651007596163e+03,1.381722072325931777e+03,1.313047223089608678e+03,1.408889148419737694e+03,1.064176039317932691e+03,1.029054050114766142e+03,1.299240033160643634e+03,9.634505907554230362e+02,1.081856611955344761e+03,1.037450942975188354e+03,1.150025530479149666e+03,1.010061673005694615e+03,1.153910430017210956e+03,1.087310241676029136e+03,9.605289486564719255e+02,9.333839172212881294e+02,1.248237012226282332e+03,1.631210846078842678e+03,1.277076110806165161e+03,1.244186770680506470e+03,9.026072855445714822e+02,9.452778421982159216e+02,7.933548789242103112e+02,9.393002219745836783e+02,1.021760693383820922e+03,8.044079780289986275e+02,9.145679737175094033e+02,9.289779890900562123e+02,7.990911477896659108e+02,9.025650139914075680e+02,8.386639615852269571e+02,9.605366357277571296e+02,1.302890855915047268e+03,3.366697679007374973e+02,4.030774976107289262e+02,3.705150419137201538e+02,2.483620461696937411e+02,1.162888774456854435e+03,1.099113191705443569e+03,-1.103517940409795699e+02,-4.259787356442008149e-02,8.603238796335530318e-04,5.902011782525208534e-05,3.911228335611752506e-06,2.524607081955032704e-08,-9.538826006229348506e-10,9.354620848572393360e-12,-3.129938284193888047e-12,2.308189484793199952e-15,2.165609859069101263e-16,1.577209869556835648e-18,-3.027285174645834310e-19,-1.340404717655810101e-21,4.833800178152150650e-22,3.580040587667376575e-23,-2.127930338916096532e-23,1.553589653568319844e-24,-4.570901250443364073e-24,7.353147623092299841e-24
1.562357353798034471e-13,-1.460076192147408136e+00,1.396391986360398278e+03,1.484214381631405331e+03,1.989217674600339478e+03,2.445450422708398492e+03,2.279113711256694842e+03,1.768931760852691013e+03,1.668253103124475047e+03,1.548037445978824508e+03,1.394406622065114789e+03,1.484691496848907718e+03,1.465583178001347505e+03,1.317119937767293322e+03,1.298274444395418868e+03,1.287914253644866903e+03,1.302524816017405783e+03,1.329318738188721454e+03,1.403380499957298753e+03,1.650808775773122761e+03,1.663553886997481641e+03,1.541329573250055773e+03,1.593760854184749178e+03,1.545194328582148046e+03,1.266032485917674649e+03,1.376792984428354430e+03,1.342023926184324409e+03,1.059270316435655332e+03,1.110874868838260682e+03,1.166847852991482796e+03,1.143740456930216624e+03,1.218750853027081803e+03,1.152974088630448932e+03,1.147863184409194218e+03,1.143911125088383869e+03,1.265423384346798230e+03,1.381592566921189700e+03,1.128483597182331778e+03,1.177882019990593562e+03,1.256789560072308859e+03,1.199071241408017613e+03,1.058211028052094434e+03,9.718976690289180169e+02,1.023357493937255526e+03,1.214378710829272904e+03,1.197994744348566428e+03,1.423578095277013290e+03,1.198291925553533702e+03,1.125588980278402914e+03,1.232776483775688803e+03,1.227866497979429823e+03,1.207456416542681609e+03,8.950545454247849193e+02,1.063443082188201743e+03,1.223404956155127365e+03,1.267588276195107483e+03,1.611164909906702405e+03,1.702420418160548707e+03,1.508436547381047376e+03,1.799378499093603068e+03,1.877103179219540834e+03,1.559579349847058666e+03,1.573664281666298393e+03,4.517575353078516855e+03,-4.281352585281214829e+01,1.148632500456182193e+01,6.828363858999667579e-01,5.656304760206486149e-02,3.357456272751738278e-03,-1.637805538433989572e-02,1.517093279402287408e+03,8.561717684361924512e+02,1.271852872873849037e+03,1.044841148501750922e+03,1.076577693941558891e+03,-3.987840189717328343e+01,-4.638731490862885387e+00,2.852754557668934012e+02,1.728033464524311967e+03,5.123268343094883676e+03,-2.454845371647666070e+02,1.070416592567964472e+03,1.102300690233786781e+03,1.714238820464343007e+03,8.144582979905426328e+02,1.018556986872145103e+03,1.252651963136187987e+03,1.453629487721423175e+03,3.796598008232712345e+03,1.563834541455582610e+02,2.519149755887766787e+03,1.537278951188621022e+03,7.854704381170286069e+02,1.224667760303773463e+02,1.687190921632807431e+03,1.408732132600104251e+03,1.774188076888014166e+03,1.245844867916963722e+03,1.193790350178160679e+03,1.376200804188126995e+03,1.529751727631963831e+03,1.385893679603858573e+03,1.926211763209094215e+03,1.709232879962021116e+03,1.488901243547788908e+03,1.628484571936501652e+03,2.101599990185554361e+03,2.137491254692410621e+03,2.554146873355751723e+03,2.436681635950978034e+03,2.700355673096652026e+03,2.779742189243692337e+03,2.756359895001339282e+03,2.576883785055977114e+03,2.513664044916891726e+03,2.789588861826342963e+03,2.623628551030695235e+03,2.441579501617812639e+03,2.734221887787417472e+03,1.964892799716335503e+03,1.987727465616716017e+03,1.665527395416180980e+03,2.451426273383363423e+03,2.275701636628383312e+03,2.669582172952601923e+03,1.812078715000786133e+03,2.115767220558845111e+03,2.333664788199288523e+03,2.611238130875989555e+03,2.007313674444561912e+03,2.682887280315610042e+03,2.910383162409131273e+03,2.578164056047151462e+03,2.008922468094336182e+03,2.568151007473785285e+03,2.371680528491158839e+03,2.127952413047025857e+03,2.262884249638222627e+03,2.875214513643401006e+03,2.043373777718680003e+03,1.969534649440928433e+03,1.809106197814272036e+03,1.437266335061991640e+03,1.255548996957650616e+03,1.445773971513259539e+03,1.123123249133169793e+03,1.794410198449707877e+03,1.274482704868624069e+03,1.604097667593896858e+03,1.436665207115700468e+03,1.884483141658083241e+03,1.525584580211028651e+03,1.974120469030065692e+02,1.256096123942573151e+01,9.235284152898108445e+00,1.264355461798048630e+01,1.377717573533117523e+01,1.572736400971138160e+01,1.304979211083014512e+01,-5.346910472807908121e+01,1.805713708522286822e+02,1.373653159711690250e+03,1.406932876731186525e+03,1.457165406473539633e+03,1.309506693847799625e+03,1.373103200333981022e+03,1.101400377907251368e+03,9.934805941024036429e+02,1.068197177202495368e+03,1.288845358419898730e+03,1.109816218144198501e+03,9.702768854203025057e+02,1.030720300899427002e+03,1.408701146131392989e+03,1.038882679699835762e+03,9.125890202389060732e+02,8.458288612914714122e+02,1.101406116817774546e+03,1.028846445466523846e+03,1.102946808891825413e+03,1.302060132867861739e+03,1.049149048411791227e+03,9.489109325239210193e+02,1.313770908046294835e+03,1.435606054475445944e+03,1.814267193510060451e+03,1.772023484051155719e+03,1.227718710626802249e+03,1.274246101407509514e+03,2.240797171254406294e+03,2.132288997937967906e+03,2.007966601897669079e+03,1.514489899942198008e+03,1.547392002720653181e+03,1.229599665330963944e+03,1.385086865166983216e+03,1.233612729486988201e+03,1.047243505907997360e+03,9.810790248938194509e+02,1.300301784258666203e+03,1.022715962673240938e+03,1.026635896732759875e+03,9.719671616846019333e+02,1.108766134178888024e+03,1.037042729093190474e+03,9.488950504736891389e+02,1.133350553989863556e+03,1.175693211041533914e+03,1.223110329522109168e+03,9.400734281268727273e+02,1.004044246779514424e+03,1.260475986225555062e+03,1.391817293179072522e+03,1.126601965114612995e+03,9.614153457691510312e+02,8.797422072511870965e+02,8.639713373753514816e+02,7.587931216067711375e+02,9.382525125298216153e+02,8.047997857019586263e+02,8.895945394806649347e+02,9.673472764853356693e+02,7.461907664307443611e+02,8.511951469012725511e+02,6.809324110140904622e+02,7.246731800020786523e+02,8.487474655231275165e+02,1.019575613520678985e+03,1.364908461650078380e+03,1.541464710997763177e+03,1.404623773622027329e+03,1.079776575918865092e+03,9.548971514027672356e+02,8.000070686458690261e+02,2.200846997745570732e+01,8.495684457089145922e-03,-1.715822786605861541e-04,-1.177092318729198896e-05,-7.800521246550077482e-07,-5.035055437163349253e-09,1.902415471508229188e-10,-1.865681429519614900e-12,6.242332984500287697e-13,-4.604123056631026720e-16,-4.317098589505425616e-17,-2.985609064807500127e-19,6.129942783602265772e-20,4.524838571283976669e-22,3.766970501203414269e-22,7.923701384474648393e-23,1.774682761952809021e-24,1.644058431876989910e-25,-9.532361136249004105e-25,3.657424340548311715e-24
1.949356325275192938e-13,5.449445059892737975e-01,1.789384944460900670e+03,1.900938082030857231e+03,2.042781212181580258e+03,2.052490519078873149e+03,1.998324140037920415e+03,1.910393958254952395e+03,1.879876855256886302e+03,1.810916812741042349e+03,1.345052594929216866e+03,1.171258328250941531e+03,1.505900338370846384e+03,1.392989149752634148e+03,1.297834924217021353e+03,1.316698649269130783e+03,1.491451346346532773e+03,1.627454027981420040e+03,1.619071986993049677e+03,1.469377437732628323e+03,1.632276680296340601e+03,1.367348304245118470e+03,1.440985660889913788e+03,1.470269028270037779e+03,1.137490593932899401e+03,1.126700233662550545e+03,1.162309216561621724e+03,1.070471329035257895e+03,1.125340088844151751e+03,1.406605927679512433e+03,1.642693920047139272e+03,1.499715436692584944e+03,1.203258635266152851e+03,1.288955662648155112e+03,1.113187132604514773e+03,1.084153719487272383e+03,1.150868434531472758e+03,1.192263124398184118e+03,1.176842614440649186e+03,1.071740137805537415e+03,1.131938835780466661e+03,1.137454739123476656e+03,9.335680853011617728e+02,6.671612034476770532e+02,9.288355482241894379e+02,1.602460052631920689e+03,1.498107970724541701e+03,1.153576985779372080e+03,1.161115533033698284e+03,1.270482163806901099e+03,1.194226159021440481e+03,1.139711979967434900e+03,1.073903224985029283e+03,1.029951766957656218e+03,1.438292448396525970e+03,1.147564497789230472e+03,1.482907457198181419e+03,1.601970020927605901e+03,1.954964452223516219e+03,1.777424405751816494e+03,1.574439694773947167e+03,1.420555486132728220e+03,1.278296156458417045e+03,1.362731051579437690e+03,3.307444982644646103e+01,-8.855002365049983837e+00,-5.264101276678962993e-01,-4.360539909018455729e-02,-2.588686536983777521e-03,1.262622281394717820e-02,9.987216875828802358e+02,9.734965229009736731e+02,1.437279502536197924e+03,1.282116922341166401e+03,1.280217965596784097e+03,3.076343409719593680e+01,3.114351576993999782e+00,1.671671819156309766e+03,2.088503025176777555e+03,2.308432551995768335e+03,5.591258518589692983e+01,1.094733964713452451e+03,1.186534381936109639e+03,1.435007821438091241e+03,1.138872644756305590e+03,1.323415429631179450e+03,1.268446947678620063e+03,1.063622985850752684e+03,1.108667778651102481e+03,1.263041731822539987e+03,1.174224739933669298e+03,1.249996315095690761e+03,1.404781623688568516e+03,1.763629551241338504e+03,1.412930197400290581e+03,1.254646664272827593e+03,1.173615182209722434e+03,1.616708506468582300e+03,1.049279245800107674e+03,1.338014314852317739e+03,1.636380103781998059e+03,1.829598241415138091e+03,1.910714069712621949e+03,1.654086150989381167e+03,1.489806695507004633e+03,2.810044593294333481e+03,2.238130770751347882e+03,1.644686341148411884e+03,2.354180103458810663e+03,2.373501946125477843e+03,2.745873142246585758e+03,2.081360430180716776e+03,2.159081739241522428e+03,2.625930287191047682e+03,3.199688831125999513e+03,2.668040566512351688e+03,2.574457513691422264e+03,1.980691107380287576e+03,2.864565190640002584e+03,1.955593011338516817e+03,2.404258274172626898e+03,2.241131705368817620e+03,3.434146037685643023e+03,2.225623747848899711e+03,2.095608810005212945e+03,2.052283072864942824e+03,2.138731487742076297e+03,2.535794251197742142e+03,2.524939035207978577e+03,2.365458765812898037e+03,2.899149242929144293e+03,3.011648667716870477e+03,2.385662898557096469e+03,1.707816837288559327e+03,2.218233150968523205e+03,2.539586716713185524e+03,2.508962813934640963e+03,2.106571133122727588e+03,2.448314680442222652e+03,2.214775097040802848e+03,1.771508237223941933e+03,1.552965426106320137e+03,1.878242187388928187e+03,1.665955780792619862e+03,1.969292251716934970e+03,1.486063254623899411e+03,1.792580437448084922e+03,1.353970309369854931e+03,1.528049854790113386e+03,1.665571872407425644e+03,1.407192075140744919e+03,1.548543607618194528e+03,1.514588776676548832e+03,-9.682491433389987634e+00,-7.119767507450832866e+00,-9.747313234998035369e+00,-1.062051505502306270e+01,-1.212390199553581560e+01,-1.009076323402020670e+01,4.073932949390183467e+01,1.261528628005147311e+03,9.936822466981014941e+02,1.151268878069313359e+03,1.172683761792363612e+03,1.233891432949508726e+03,1.446478931568225335e+03,1.234606129886977669e+03,1.132642644877729026e+03,9.854374963588837772e+02,1.272266474252609441e+03,8.955612813154555170e+02,1.300729345451029303e+03,1.159178345136582720e+03,1.365732795452759547e+03,9.310966935937683502e+02,1.072400433245526528e+03,8.680183288544272955e+02,8.666879671077554121e+02,1.235216431214176055e+03,1.154034410777992662e+03,1.147292372101131605e+03,1.095238180493356822e+03,8.323369923462685165e+02,1.173800003510515126e+03,1.213466016054376041e+03,1.656320012534562238e+03,2.144033895805642260e+03,1.389842512993750006e+03,1.579420910209961903e+03,1.503823196458121402e+03,1.807418239215993026e+03,2.294250481916184981e+03,1.655128487041705057e+03,1.655268490321163654e+03,1.262426087530371206e+03,1.538516581851312594e+03,1.299003344785168110e+03,1.109652616222973620e+03,8.928508904650715294e+02,1.126361335348913371e+03,1.320521885782729441e+03,1.211996928825019722e+03,1.005036837984766294e+03,1.191889428191806928e+03,1.131584979997199071e+03,9.612721730549463928e+02,9.224489310057917919e+02,9.722128675333187857e+02,1.377653627948770918e+03,1.198025112416012917e+03,1.139955364416904558e+03,1.167697966620867874e+03,1.394744943321594974e+03,1.218662741623750435e+03,1.143056400397832022e+03,1.110895258681293171e+03,8.771937112578068536e+02,8.439871282471306131e+02,7.668423995510394207e+02,8.769926661069341662e+02,7.009110971765635441e+02,8.356302010286037785e+02,7.395185822575551811e+02,7.436824050600934015e+02,6.222729148282453480e+02,6.883524194666381391e+02,8.351573366399015868e+02,9.151449120617130575e+02,1.063244453913315510e+03,1.096745217909159237e+03,9.962628716348517628e+02,9.798799296497734304e+02,9.195091836624052348e+02,1.092204756962408574e+01,-1.762170331725475103e+00,-6.802309798670876269e-04,1.373821993125265596e-05,9.424722230654502477e-07,6.245707755203485316e-08,4.031459649503103968e-10,-1.523222840986270295e-11,1.493811503430574051e-13,-4.998107265223254555e-14,3.689627319865346992e-17,3.469601778595991267e-18,2.159877354903748608e-20,-1.133647507765758332e-20,2.950425905700525251e-22,1.834035383625186360e-23,-3.420683208519995603e-23,-1.551540120482867530e-23,-5.143832021545773560e-25,-2.119729600841780058e-25,-1.326017772095358279e-24
2.242037611361801034e-13,3.276381986999629792e+00,1.899851119940964509e+03,1.666382134116463703e+03,1.773280397338065313e+03,1.894100739427412009e+03,2.212617152079250900e+03,2.289036621132382606e+03,2.273799599525388658e+03,2.117708101686907867e+03,1.402173129311917819e+03,1.177793185301379026e+03,1.429360442857405587e+03,1.351360384328093232e+03,1.210633672266262693e+03,1.258041208051846525e+03,1.573155841341985479e+03,2.005658032140167961e+03,1.861588950842006852e+03,1.446593623138767953e+03,1.268330398231069239e+03,1.362940067771708982e+03,1.415121867858018504e+03,1.484210499744784556e+03,1.540701774644050147e+03,1.013435234082173110e+03,1.005814941462323873e+03,1.178533830930031399e+03,1.345892070999040698e+03,1.411554476900747204e+03,1.335870326201081753e+03,1.189012809020398436e+03,9.816416520037531654e+02,1.068829781883075384e+03,1.136205499307327273e+03,1.201189492439636297e+03,1.133320227878045671e+03,1.206928648885184202e+03,1.221572450439917020e+03,1.107673103952461588e+03,1.267604115565620077e+03,1.217657400686595111e+03,1.173288545118596403e+03,9.791778586821463932e+02,1.205589219191458824e+03,1.249879299461097389e+03,1.181939520776545351e+03,1.155149520280264824e+03,1.168362185957573502e+03,1.239487885397265472e+03,1.181688862637630564e+03,1.528675999953580913e+03,1.228588861771965867e+03,1.209907119770176223e+03,1.256485245099479471e+03,1.390896633187899852e+03,1.295759329308655197e+03,1.480256228319083903e+03,1.632517358186266620e+03,1.912791940928151007e+03,1.353014334750018179e+03,1.405646050213246781e+03,1.264429104122081526e+03,1.346318762469803914e+03,1.134728662577861087e+03,-5.983047905716240678e+01,-3.556788447987517809e+00,-2.946280234734879877e-01,-1.749120073210611720e-02,8.531150685252890387e-02,1.214923559260098045e+03,1.192253509871816050e+03,1.632566760241264774e+03,1.789113928777814635e+03,1.993661887129041816e+03,8.565332323029248300e+02,2.072014291133863750e+01,5.346789873399330162e+01,1.115465838426867549e+03,1.212011361489267529e+03,1.379006133799399549e+03,9.913450635491091134e+02,1.318925519317288263e+03,1.117845621549571433e+03,7.865802126104890704e+02,1.790274799596058074e+03,1.173502347638582478e+03,1.143114882611246230e+03,9.704865325590631073e+02,1.311370563571377261e+03,1.242593361141865898e+03,8.516581338628940330e+02,1.257646981959291907e+03,1.363632092292753441e+03,1.003807317132591834e+03,1.142788580232062486e+03,1.375611660772680580e+03,1.084288824346184128e+03,1.341816673581893156e+03,1.056960639352301769e+03,1.320592627064781254e+03,1.873264574345241499e+03,1.813369559913838657e+03,2.005031027860650511e+03,2.613729390775403772e+03,2.269582107270544384e+03,2.285441878564737635e+03,2.446974042576612192e+03,2.325344789462029439e+03,2.935067202596390416e+03,2.106687469841446728e+03,2.742979109319772306e+03,2.542619311795741851e+03,2.190235873864970017e+03,2.473097376233368777e+03,2.244109849845596727e+03,2.970321906290623701e+03,2.739679551410448767e+03,2.560610542563469608e+03,2.184798727229918768e+03,2.226098095896951691e+03,2.239183112976071698e+03,3.049663178666978183e+03,2.191903624791666516e+03,2.612768898994537722e+03,2.174473807276267507e+03,2.508688610820674057e+03,2.998262677803078986e+03,2.327123826359336817e+03,2.406116816396800004e+03,1.934761683801069694e+03,2.815692592729915759e+03,2.143315966023014880e+03,2.769160532446631805e+03,2.404314409050849463e+03,3.179426987784003359e+03,2.420366512037187931e+03,2.109377763451939245e+03,2.111234141641014958e+03,2.710895635909295379e+03,1.859777676258752308e+03,1.369520603824032378e+03,1.293287289313879683e+03,1.442449280945978217e+03,1.579990644604502677e+03,2.175402726630717552e+03,1.700901079946431537e+03,2.060001929352223669e+03,1.428851851539225891e+03,1.349622766937306778e+03,1.412155281531599030e+03,1.403625845476528639e+03,1.355247468939821601e+03,-6.542088868672550461e+01,-4.810613157423527042e+01,-6.585967210429751617e+01,-7.175911636328864063e+01,-8.191699902665511956e+01,-6.820140575025968133e+01,1.354173525737932778e+03,8.521926506564004740e+02,9.426420644217951121e+02,1.097010219230960274e+03,1.094963808791956808e+03,1.231122019738645577e+03,1.084562664715406981e+03,9.808328008450860125e+02,1.042564443383600519e+03,1.157874741597771390e+03,1.093480749450586018e+03,1.041032751963250121e+03,1.428776152899726412e+03,1.016480949882769551e+03,9.888904002359446395e+02,1.055388969610350841e+03,1.030708192453056881e+03,1.442879993753427016e+03,1.208774508958803153e+03,1.160397493983823551e+03,1.390434689296770784e+03,1.250108913145807719e+03,8.343967066171773013e+02,1.059753031748792409e+03,1.143217491471619041e+03,1.443083813259499266e+03,1.856000753606318312e+03,1.569944671785508945e+03,1.446045317723968083e+03,2.077689829002522856e+03,1.482057768827365635e+03,1.484846461866666232e+03,1.846698146972433506e+03,1.884810736670705182e+03,1.925315691369640263e+03,2.142327159055343145e+03,1.659406077499332469e+03,1.272737487262793593e+03,1.090125841957830517e+03,1.154353065937781594e+03,1.076922909704064296e+03,1.152267977554711933e+03,1.139409812362407138e+03,1.009996629525945423e+03,1.128440159334573536e+03,1.344709306029038089e+03,1.011585090548807671e+03,1.030978667159036604e+03,1.166944567241194818e+03,1.369976151403822314e+03,1.097163386256592275e+03,1.278891465061019971e+03,1.338077192273305400e+03,1.569202299247234350e+03,1.729623991518102230e+03,1.208432566035076206e+03,9.519361378607814004e+02,9.652287121202024309e+02,7.861796173748916772e+02,9.678301971525397676e+02,9.470367568069029858e+02,7.636238083404629151e+02,7.521047935429784275e+02,6.940559090725988654e+02,8.153801513197702207e+02,7.421341803225058129e+02,9.211413389501933580e+02,1.018859744794273638e+03,8.954407883766588157e+02,8.975691122474728445e+02,1.138907708903758476e+03,1.046612199687298698e+03,9.363928730044879103e+02,9.928222316092926576e+02,9.673930792040914639e+02,-1.284722735422252127e+00,-4.959272037751903629e-04,1.001594634149969901e-05,6.871160349462860322e-07,4.553477365275907938e-08,2.939163756579885077e-10,-1.110517483527919897e-11,1.088983225203839931e-13,-3.644036635832321382e-14,2.672019327856023258e-17,2.551799709311052071e-18,5.004295481885433690e-20,-9.702361850671980602e-21,6.381887351946403911e-22,1.053368133918359111e-22,1.067886749377850094e-22,1.324089598888406869e-23,1.392864189665421256e-24,4.658897133646406562e-24,8.767772350251228428e-24
1.879523915589276684e-13,-2.294455352394577830e+01,1.671704060620297923e+03,1.856004916643952129e+03,1.917438752704994158e+03,1.925234523381631334e+03,2.110868662583115565e+03,2.356298346696692988e+03,2.660750511542333697e+03,2.035313806945271381e+03,1.434692780718816039e+03,1.762608972759941253e+03,2.058206535867088405e+03,1.225170985524597654e+03,1.083268998288071998e+03,1.232446424619336767e+03,1.671714000810531161e+03,2.167437629925235797e+03,1.811617506153985005e+03,1.464448702905627442e+03,1.318839009861475688e+03,1.347519449780904324e+03,1.487525316816415398e+03,1.424856525753149526e+03,1.374410437465515997e+03,1.186633175059911082e+03,1.140237588731019059e+03,1.325131213750787992e+03,1.266593122579412011e+03,1.307853258910727845e+03,1.309379676103626707e+03,1.168266590554597315e+03,9.596707023553212821e+02,1.020518911587509592e+03,1.241014381980480948e+03,1.053219747067118988e+03,1.131428615795758105e+03,1.097990203875016960e+03,1.092857985962443536e+03,1.277990935954945598e+03,1.099704896497249138e+03,1.303771218202911996e+03,1.274484070107534535e+03,1.020269756421139391e+03,1.263861485018687517e+03,1.152107914505603958e+03,1.184130007112648855e+03,1.116806049428094639e+03,9.989274110223974503e+02,1.090694664946065586e+03,1.274971944659906285e+03,1.388386162190296318e+03,1.357950328209116606e+03,1.150243501526708542e+03,1.261976602080338125e+03,1.742590280176314309e+03,2.035668716412322738e+03,1.744567109937066334e+03,1.651716212754538219e+03,1.598961573089807644e+03,1.316140695476477276e+03,1.681170789317220169e+03,1.688330672392419956e+03,1.721310430141587176e+03,1.067995628661405817e+03,1.074258840683315611e+03,2.524789504467448253e+01,2.091419689485157107e+00,1.241616445488912118e-01,-6.055845601838064640e-01,1.088856084831536919e+03,1.070404491491443650e+03,1.177346539091922068e+03,1.214849725444081969e+03,1.630325796305842459e+03,6.358162621133617165e+01,-1.468333306143729260e+02,1.359871101951458058e+03,1.175511540870960062e+03,1.061333548487367580e+03,1.137585590391100141e+03,1.218750663637696562e+03,1.187374877410654108e+03,1.167660021397048013e+03,1.107563604708530420e+03,1.837574289303363003e+03,1.239143808928381077e+03,1.059492422919636738e+03,1.171740553614490182e+03,1.210446210174495263e+03,1.420925215031606058e+03,1.025552332747694436e+03,1.031385792271783885e+03,9.485042653359545284e+02,1.299661421129927930e+03,1.071219706718175757e+03,1.265593938105680536e+03,1.067602562945430691e+03,1.364040151803628078e+03,1.123059744475833895e+03,1.193240148876024705e+03,1.405356659727848182e+03,1.410981788421003557e+03,2.211179727005077893e+03,2.454460871212993425e+03,2.331727458704332548e+03,2.432761144910759867e+03,3.448030310699754864e+03,2.750313616710683618e+03,2.834205656424892823e+03,1.927766852076344549e+03,2.634300521038572697e+03,2.419531250620065293e+03,2.610583556876488274e+03,2.683880562826707319e+03,2.442475389438003731e+03,1.910737086183952215e+03,2.125307081913501861e+03,2.201770435936451122e+03,2.141625597405831741e+03,2.549206376848715536e+03,1.870251718920357462e+03,2.471377004630340707e+03,2.815553751406365791e+03,2.856421079899450888e+03,2.976352664234088479e+03,3.250488595911081120e+03,2.812022634800891410e+03,2.393732110199449835e+03,2.202472969758979616e+03,2.358834510560000581e+03,2.374942029652486781e+03,2.160664464070814120e+03,2.365862846660885680e+03,3.170593437752012960e+03,2.576800706343445654e+03,3.130670225810568354e+03,3.385142833005847478e+03,1.820841930305145524e+03,2.316595419134581334e+03,2.022212788212783835e+03,1.368566246837227709e+03,1.007423999688841377e+03,1.597140171259591853e+03,1.986447629224779803e+03,2.055401300433747565e+03,1.978593981906232102e+03,1.695354848174627023e+03,1.484186711246258255e+03,1.297643624513608074e+03,1.436098319162126700e+03,1.078751580235594247e+03,1.122476814852300777e+03,1.133126381530630852e+03,8.617756730504671623e+02,1.102096213783312351e+03,1.341476963111801297e+03,1.336862269130597724e+03,1.142337621545741285e+03,1.042151399965350720e+03,7.572233025531239718e+02,1.003216075755409292e+03,1.232336443180722881e+03,9.588799011940536730e+02,1.167830308046618256e+03,1.174829585126816028e+03,1.052400646256692426e+03,9.425464163514608344e+02,1.377592248832056157e+03,1.232149441701587421e+03,9.335010728504601047e+02,1.089505014827981768e+03,1.488344139579343619e+03,8.779422457000348459e+02,9.926082312682269730e+02,9.144825035966346150e+02,1.103800083313428559e+03,1.274129851737290437e+03,1.081375250007863542e+03,1.251975054633342552e+03,1.074479236575031564e+03,1.002217242350805577e+03,1.111114221633814168e+03,1.466573454752865928e+03,1.697519200269771545e+03,1.818089327271403818e+03,1.453341333494794981e+03,1.990296554265644772e+03,2.287925373223801216e+03,1.863930834730561855e+03,1.797880382786803693e+03,1.763486188141112052e+03,1.713009810555776994e+03,1.958502504832984187e+03,1.994426211683984320e+03,1.647541100424079559e+03,1.423298636375926890e+03,1.096457242024104744e+03,1.492971001908954577e+03,1.030438121733664275e+03,9.852266620490730702e+02,1.096541078499448076e+03,1.144824822222974944e+03,1.236600141120375611e+03,1.418369484371964063e+03,1.128522464006945938e+03,1.077149461854067340e+03,1.399172813071318387e+03,1.293727187634019856e+03,1.230050105012580389e+03,1.253336285411192648e+03,1.265302336242179081e+03,1.680798105835097658e+03,1.657401336134671737e+03,1.313657067005912268e+03,8.133998324880601558e+02,6.977659384882866789e+02,6.779956529981525364e+02,9.280965915400560107e+02,9.632154139034964828e+02,7.715507238524857030e+02,7.387659062467336071e+02,6.945308259495091079e+02,8.972889213477891417e+02,9.787870449794785372e+02,9.891549858049373825e+02,1.808184769875706195e+02,1.236147708147012509e+03,1.232622917734136536e+03,1.176025141277066041e+03,1.171400925052919320e+03,1.062543422842115206e+03,1.076721619487030466e+03,2.333076341144616492e+02,9.269453589244237568e-01,3.578183892891943947e-04,-7.226644881946130768e-06,-4.957637960240658399e-07,-3.285397363417340109e-08,-2.120647479950840042e-10,8.012526638390558547e-12,-7.858014410923547919e-14,2.629166271967808287e-14,-1.897617753502975079e-17,-1.794004614902803534e-18,-1.180471309711813534e-20,-2.343742407708785040e-21,-1.918508696977469671e-21,1.875627960384827429e-22,-2.616644245272022616e-24,-7.524193484023984993e-24,-6.913703038750520933e-24,1.626492042343884028e-24,1.519258817493115942e-24
2.108233776407096930e-13,1.019529745871903970e+02,1.918152012703549872e+03,2.400778312104114775e+03,2.335702373909984544e+03,2.279904843296400486e+03,2.271408705610947891e+03,2.440956698261608835e+03,2.555114484303244353e+03,2.153612706876326229e+03,1.792953746328480293e+03,1.925277465161346754e+03,1.725796051993274887e+03,1.175066501974212770e+03,1.405969526532151576e+03,1.860813687300918446e+03,1.968802369945943383e+03,2.151813477493707524e+03,1.753523527745221372e+03,1.499323747312645310e+03,1.492248067007685222e+03,1.370353582185347477e+03,1.240969754599173484e+03,1.102180998677299158e+03,1.093003590854222693e+03,1.063591306714499979e+03,1.260667657165028686e+03,1.194042742305701950e+03,1.027796528688862509e+03,1.148045070906465298e+03,1.336409175140482603e+03,1.395284273172409257e+03,1.147750181514621318e+03,1.178175982802259341e+03,1.297871494354223159e+03,1.102619281023016356e+03,1.201792073613381035e+03,1.151109291982865898e+03,1.089523191560303758e+03,1.125972380144826047e+03,9.156545568378249982e+02,1.093434156108234674e+03,1.184458028524919882e+03,9.427181218495610437e+02,1.415377419494212290e+03,1.217235424754389669e+03,1.288035670012094442e+03,7.965785440373417714e+02,9.722058398416409091e+02,1.024074210330829146e+03,1.144095263727399242e+03,1.210755206572765928e+03,1.393104176004030251e+03,1.287922489614265487e+03,1.078202721624404376e+03,1.826595622005996120e+03,1.893364503697396003e+03,1.424464369341331576e+03,1.611362788345241825e+03,1.356829497419190830e+03,1.371701338998583878e+03,1.426874897706773254e+03,1.664857058827282117e+03,1.455912015380190951e+03,1.190168359409039340e+03,1.556466711927214419e+03,-1.123440954606812170e+02,-9.306068991329814466e+00,-5.524749642783367554e-01,2.694634548856051026e+00,1.155953370626429432e+03,1.132385371664237482e+03,1.146207775474737673e+03,1.240258630091216901e+03,1.915227662193919286e+03,8.726136133289998043e+02,1.122842035600698637e+03,2.100417930830178193e+03,1.077518110658366822e+03,1.344658608469208048e+03,9.204813487369876839e+02,1.180856177472817080e+03,1.199863370731282657e+03,1.061040437375966121e+03,1.260996840548438058e+03,1.180697047658501333e+03,1.259953716164975958e+03,1.490280987723075668e+03,1.378392134399724227e+03,2.145906078761313893e+03,1.430695867283709958e+03,1.566179965116362155e+03,9.995486184118891515e+02,1.087000656134942346e+03,1.316138242636259065e+03,1.232931319231931639e+03,1.160282753135740677e+03,1.387921508737722206e+03,1.229025774338013889e+03,1.435272534184060305e+03,1.199557451216101981e+03,1.023585334262066112e+03,1.409922172135598430e+03,2.260728035287017519e+03,2.482955105546551749e+03,2.398462662874460875e+03,2.815548489694958789e+03,3.486428252170507221e+03,2.313615896482045173e+03,2.233129613499451352e+03,4.097337292532777610e+03,2.581616168181916692e+03,2.273267925807643678e+03,2.803758165600075245e+03,2.903562010942556299e+03,2.587639555853867023e+03,2.023660215990833876e+03,2.445428111594872917e+03,2.133271021926319463e+03,2.163839759080763088e+03,2.795081269702496684e+03,2.132543137304331140e+03,2.042006837969907338e+03,2.530543765979170530e+03,2.972707342901639549e+03,2.577022912364715467e+03,3.334701177447705959e+03,2.484287700273330302e+03,2.610721125383583512e+03,2.453295054304532187e+03,2.166240859640571671e+03,2.502349918079592953e+03,2.437999440095979026e+03,2.347454185317757947e+03,2.540514935269733542e+03,2.032226666281067992e+03,2.708642797192866965e+03,2.699824776624885089e+03,1.912092020903447747e+03,2.372950158833078603e+03,1.753076784352258983e+03,1.549882246185946087e+03,1.636008292437674072e+03,1.958795228695124706e+03,1.639038836681299699e+03,2.063992970867897839e+03,1.877591245012890795e+03,1.595661890567913815e+03,1.311886209900419090e+03,1.256850126663249966e+03,1.156385651403358679e+03,1.300047233457206858e+03,1.081039426891942867e+03,1.442200904360781578e+03,1.319697499828791706e+03,1.220428425246589541e+03,2.135310482817017601e+03,1.281135868147022848e+03,1.234224537780839000e+03,8.639602947887885875e+02,8.763812065499953405e+02,1.332910954741263367e+03,1.157063828344380909e+03,1.114944914109280262e+03,1.309189527290789101e+03,1.043248229261329698e+03,8.197933773222001719e+02,1.006000967183657167e+03,1.051045118405475023e+03,1.011869923411288028e+03,7.612778209209892566e+02,9.904701951601047085e+02,1.091786848510886784e+03,9.258511970487700182e+02,9.797832563656144202e+02,1.011941720961456667e+03,8.936924369817619436e+02,1.070755676850714963e+03,1.169072557412550623e+03,1.147736884058460419e+03,1.079425373976341234e+03,9.567837166806684763e+02,9.174004093592417348e+02,1.470096446396486044e+03,1.539966785845263985e+03,1.968097233138279080e+03,1.956299914607035817e+03,1.603708514823143560e+03,1.778330403952162897e+03,2.016095217739039526e+03,1.838580427133897501e+03,2.013418427387051452e+03,1.980026141276335238e+03,1.804499267129422833e+03,2.053719127302091238e+03,1.579679203383917411e+03,1.425068500161042039e+03,1.107537737692868859e+03,1.182050583132509928e+03,1.203680753706145424e+03,1.258734956324298537e+03,1.158633679151173965e+03,1.131931063640431148e+03,1.183386786160074735e+03,1.153429649109492175e+03,1.314153786507463565e+03,1.081852564365328817e+03,1.472210734260886966e+03,1.438725813590591997e+03,1.254106518275366625e+03,1.315454451557384800e+03,1.178865743143675445e+03,1.264711101244338579e+03,1.229224815530820479e+03,1.176572934494085757e+03,9.131022036633402195e+02,7.422502407961794688e+02,8.693759059119508947e+02,8.190663222218231567e+02,7.930313426538322119e+02,7.524862739989371221e+02,6.982975102284012792e+02,6.915135679334146062e+02,9.403406482894672536e+02,1.010814400700421743e+03,2.554428480802532988e+02,-7.232842739867446369e+01,3.863183511525616609e+02,3.858292460124653189e+02,1.139035816314442627e+03,1.112828891242302461e+03,1.209652319343389763e+03,1.008159237589727439e+02,-9.759308423956294121e+01,-4.042929084561525110e-01,-1.560646870019059135e-04,3.151945526975114944e-06,2.162304229888953952e-07,1.432946243650311379e-08,9.249336528098232550e-11,-3.494713601896249978e-12,3.427148679613479541e-14,-1.146725855133038902e-14,8.639136497189495461e-18,7.735017337497830141e-19,7.368491466415269179e-21,9.644464472937072582e-22,-4.530769576994660568e-22,7.527469137962913242e-23,4.403112224277942142e-23,-4.589165080237192228e-24,-4.193615389594214344e-24,-1.689186819069508426e-25,-4.815344702303798741e-25
3.175825042673312024e-13,-3.713945212274645087e+02,2.451412484776598831e+03,2.339428803663636700e+03,2.525700843675302167e+03,2.621092579873507930e+03,2.575350239072115073e+03,2.517944418647636667e+03,2.472390417610531131e+03,2.221669427341617393e+03,1.770184262682527560e+03,1.556360674196776017e+03,1.276585347010403211e+03,1.250180525843996747e+03,1.618804431666486380e+03,1.847466378966874345e+03,1.694084697576105100e+03,2.489025958232657558e+03,2.129572827339700325e+03,1.638811436224552835e+03,1.553253018685517873e+03,1.533288742458143133e+03,1.191519901789823280e+03,1.145973881561297958e+03,1.345297465419465425e+03,1.168985019383209419e+03,1.304109517993734698e+03,1.256293032977880557e+03,9.437288472829919783e+02,1.036810165102076780e+03,1.105563770553026870e+03,1.162556230471263234e+03,1.296315790820179473e+03,1.182387150241331938e+03,1.370424797896984046e+03,1.363869044314050825e+03,1.337265221336328523e+03,1.250463349925497141e+03,1.197395177768660687e+03,9.541125218208364913e+02,1.232872048568968694e+03,1.008760232076993930e+03,1.180135929594778872e+03,1.084483189837600094e+03,1.169147711607330393e+03,1.199848692684370235e+03,1.194877952907760118e+03,1.249766455336989566e+03,1.312823194501980652e+03,1.168582394941133089e+03,1.237429346006844298e+03,1.172787145552351603e+03,1.167431259347900323e+03,1.183808426107734704e+03,1.418869322012938255e+03,1.692479442235846363e+03,1.765712073821616514e+03,1.351271698447913423e+03,1.599786939366891374e+03,1.524601789368379514e+03,1.689130218464144036e+03,1.389320256838297837e+03,1.501064239156544545e+03,1.519439115897738702e+03,1.499923796475715562e+03,1.353503528818368522e+03,5.765351834395909236e+02,3.390480857005697857e+01,2.012832509660965830e+00,-9.817364207891602135e+00,1.306060371206279797e+03,9.164384123241898124e+02,1.059980828662961585e+03,1.444968494270264500e+03,1.772060893479417018e+03,1.391943158087736947e+03,1.699522970218819182e+03,1.337103584073393904e+03,9.751629153527962899e+02,1.261027268951972246e+03,9.753579560974158085e+02,9.939030168846596780e+02,1.002481301710559705e+03,9.320205524104159167e+02,1.225002201573056254e+03,8.807416919306224372e+02,1.293936826839249534e+03,1.488412853066634852e+03,1.462232040192467366e+03,2.103072074668652022e+03,1.228323390607702095e+03,1.607586967040689387e+03,1.298124332884328624e+03,1.395439144964067054e+03,1.451119343451141731e+03,1.157130672224655427e+03,1.092455532038423144e+03,1.660287940489832636e+03,1.158747568594872291e+03,1.447633539676346345e+03,1.057632204699690874e+03,1.213044251988881115e+03,1.459996888716318153e+03,1.910679513361870477e+03,2.136334921340208439e+03,2.414793559128640936e+03,2.926990341330542378e+03,2.809032119783717008e+03,2.156472194304286859e+03,1.967774514865716583e+03,3.375902771839237175e+03,2.495422353649437810e+03,2.387942052235208848e+03,2.606456064666891962e+03,2.428616307121657428e+03,2.516765669843986871e+03,2.327077629310106659e+03,2.774260657749709480e+03,2.414971902001930630e+03,2.316874137284040444e+03,2.981892421392415599e+03,2.715974041145471347e+03,2.375032807640415740e+03,2.132571290766652965e+03,2.446463776305208285e+03,2.215291645956459888e+03,3.390892945529628378e+03,2.573105372822144545e+03,2.257508280147072583e+03,2.641371139540131026e+03,3.106490593070404429e+03,2.519607429243199022e+03,2.888673010307814820e+03,2.271493572561109886e+03,1.854926370234819842e+03,2.868501798874938231e+03,2.185274480253970523e+03,2.461598926186966764e+03,2.388060583755406242e+03,2.761337841841470890e+03,1.805159342380238741e+03,1.529073557188240329e+03,1.770319823179174819e+03,1.711265600130449457e+03,1.314255907960301784e+03,1.954118774600517554e+03,1.831219552462310730e+03,1.519525177686170082e+03,1.444142116512130087e+03,1.278478130310720871e+03,9.439951677768783611e+02,1.249233248955410545e+03,1.137349415943753456e+03,1.615784685052401755e+03,1.878555674548334764e+03,1.720085586634303581e+03,8.074292791336919208e+02,1.966190350779465234e+03,1.470325806411210806e+03,1.339172813948324347e+03,1.095819047027403485e+03,1.164847803849105503e+03,9.372349648065746806e+02,1.039703674654083898e+03,1.093015575509014752e+03,8.973089616789575302e+02,1.268655773029876855e+03,1.002234991983850364e+03,1.072886032092307460e+03,7.617089497075839972e+02,8.446082561078861772e+02,1.145238111230285540e+03,8.502501800089668222e+02,9.142922021103112229e+02,1.115978642959847548e+03,1.524536185129811656e+03,9.215232897250283486e+02,1.070554544014750718e+03,1.097179596664213477e+03,9.691155852382394187e+02,1.244793239327522770e+03,1.066165578954019793e+03,1.519002889518418897e+03,1.574606991928744037e+03,1.598671466810663560e+03,1.834068901891661199e+03,1.978595303165663836e+03,1.175044046932840274e+03,1.279092297011730807e+03,2.005731903403165916e+03,1.740735099289979871e+03,1.718709181619589117e+03,1.909604377319262312e+03,1.741372878463964526e+03,1.582661533271336793e+03,1.611978457782550322e+03,1.404793676478752332e+03,1.282913337669548810e+03,1.186048946568214660e+03,1.161830741979157438e+03,1.184324825751673416e+03,1.193996527885239175e+03,1.054274163353686390e+03,1.109402558474903572e+03,1.058289960497852917e+03,1.466763282878895097e+03,1.404707837761270412e+03,1.485017445787160568e+03,1.523475455763566060e+03,1.256181011041763668e+03,1.224088562671486216e+03,1.377335110807179035e+03,1.178333108190249732e+03,1.065444189421614055e+03,9.701170059450737426e+02,8.368253333988199074e+02,9.005078974944290167e+02,9.769393403116653189e+02,6.819510453915717108e+02,7.327176985397489943e+02,8.831926699881381637e+02,6.785310471870097899e+02,6.935774600443305644e+02,8.810141928409151433e+02,1.008825514965210118e+03,-4.558977903500787932e+01,1.648369375148141103e+01,-1.273937676097066571e+02,-1.274285977449003155e+02,1.066524677346813405e+03,1.127299198090178834e+03,1.199349822976016640e+03,7.863893283168644075e+02,3.425463599317061636e+01,1.419045880319865782e-01,5.477784708463012919e-05,-1.106315551037428352e-06,-7.589568946222062863e-08,-5.029562554757594368e-09,-3.246470938089436520e-11,1.226625617104977565e-12,-1.202745884930621598e-14,4.024152085469146765e-15,-3.140623997341168107e-18,-2.987316620256090534e-19,-1.180625166968979890e-20,-2.127550502846215889e-21,-5.632393409888610765e-22,-4.532200066331422048e-23,2.622437921638255712e-23,1.042464313508395751e-23,-1.864825026116445249e-24,-1.052487864089300931e-24,-8.270117535156756887e-25
3.063326632469620064e-13,1.358573019923880338e+03,2.978958178134456375e+03,2.610770831172053931e+03,2.729606458345821011e+03,2.778018233219221202e+03,2.791242356081467278e+03,2.809425670964220899e+03,2.637258040954097851e+03,2.383953329604245027e+03,1.703900892865442984e+03,1.388674543176027782e+03,1.418671531031605355e+03,1.399771283586118443e+03,1.533826804582828800e+03,1.474234279564417875e+03,1.699207391220539421e+03,2.273126594031946297e+03,2.159961366739150435e+03,1.716270382810037745e+03,1.595659504220336657e+03,1.658577515383919945e+03,1.425613504038311248e+03,1.385104227151203759e+03,1.438386919921867275e+03,1.237463966134606380e+03,1.124168496197140485e+03,1.156867549803451993e+03,1.232995098785461551e+03,1.082415576285094858e+03,1.033506681142630214e+03,1.116724511055424500e+03,1.392462440573840922e+03,1.472623575620324118e+03,1.569140901271752455e+03,1.498663974425709512e+03,1.451075592315251015e+03,1.682782286406592675e+03,1.359184391083414766e+03,1.054846889915585507e+03,1.390035572154052716e+03,1.354518612853181139e+03,1.466284386304902910e+03,1.306491017939651556e+03,1.182228529855569832e+03,1.276691571220162359e+03,1.209171265634180827e+03,1.850922240109660834e+03,2.307844560466192434e+03,2.033710056087038311e+03,1.901130586998410990e+03,1.394811183462880535e+03,1.068028497704532811e+03,1.144104117340991934e+03,1.753132042320857636e+03,1.919408963340611763e+03,1.894442339350131306e+03,1.583652006895336626e+03,1.628366807801035975e+03,1.492063107755429201e+03,1.675341316126189440e+03,1.481075848763636031e+03,1.714991371844088462e+03,1.872260786404173814e+03,1.542665122602969177e+03,1.335176775389503746e+03,1.236451875276666897e+03,-1.061349913904544877e+02,-6.300934009723661688e+00,3.073209700103587494e+01,3.925817186407953159e+02,1.149311421709102888e+03,1.167064375496037201e+03,1.600698317743736879e+03,1.470534019194425355e+03,8.264129784914056245e+02,1.108697347106618508e+03,8.614630040436106810e+02,1.197701332272049058e+03,1.064629060234713279e+03,1.230918744532008532e+03,1.322847811918265961e+03,1.147888210376387633e+03,1.353322914323881150e+03,1.440119126252913702e+03,1.124040976837897688e+03,1.420539974335504212e+03,1.380927654978691635e+03,1.409531181365652628e+03,1.333727961628773073e+03,1.216844282597134452e+03,1.412930375041881234e+03,1.337872629104253292e+03,1.569083889958178133e+03,1.616231596479162818e+03,1.262750919993390198e+03,1.405333510082936755e+03,1.534310435168112463e+03,1.371185606475191207e+03,1.404156057559602232e+03,1.272547406672473471e+03,1.452100445288958099e+03,1.343003239257810719e+03,2.027718741672596934e+03,2.149457290413062765e+03,2.369200900842597093e+03,2.827710316114006673e+03,2.848034969689128957e+03,2.169861994478501856e+03,1.842645170647981331e+03,1.946501947877174644e+03,2.484631903979413437e+03,2.992864158434252204e+03,2.542921719709988793e+03,2.290184097642776578e+03,2.498947147815948483e+03,2.693986534256983759e+03,2.750704885876582921e+03,2.563214716311695156e+03,2.424772312062837955e+03,2.387958728249385331e+03,2.772828780466549688e+03,2.588622032410400152e+03,2.741156195768026464e+03,2.252963458979489587e+03,2.995077266437948765e+03,2.977550976806198378e+03,2.985539379515080782e+03,2.136421071940743332e+03,2.928409371538552477e+03,3.559465236916155845e+03,2.338338056571793459e+03,3.041917458032003651e+03,2.525314820242015230e+03,2.041506677275496941e+03,3.192735154121312462e+03,2.572491272415340973e+03,2.594135473226428076e+03,2.644734762583218981e+03,2.230099640194034237e+03,1.966756877235323827e+03,1.871110229570268757e+03,1.989947814704541543e+03,1.380597825087028468e+03,1.612654580339212089e+03,1.839068785813150498e+03,1.650238681314754331e+03,1.418724142956408286e+03,1.564154236217848165e+03,1.231507000821605061e+03,1.008995663441193756e+03,1.023128138791776223e+03,1.016063362353899947e+03,2.420346565879904574e+03,1.159489653289275793e+03,1.201287351757544002e+03,-1.541574568921471950e+02,1.531582846231570784e+03,1.897019191390697188e+03,1.267402224361773733e+03,1.026582433811367537e+03,9.795506494299582982e+02,1.038599879930523912e+03,8.200225732328761978e+02,8.074533925114702697e+02,1.033951854753064026e+03,1.304943785219595838e+03,8.880058589957091044e+02,1.423962446123135123e+03,9.671613831430440769e+02,8.302629631772776975e+02,9.696399823431817140e+02,8.762941141324185992e+02,1.051606912102135539e+03,1.133028024055606465e+03,1.273986893982707215e+03,9.406632290331724562e+02,1.061019729320845954e+03,1.025632634171322252e+03,1.190758942980546863e+03,1.179057248877773873e+03,1.137654615629236559e+03,1.583166244031487622e+03,1.652681776921646815e+03,1.758757944457321173e+03,1.531613314424080727e+03,1.745655936467491301e+03,1.618916039090036520e+03,1.446848310317624964e+03,1.887162052131303653e+03,1.725168955426756838e+03,1.534503610750491362e+03,1.890102941223625521e+03,1.619549986171324917e+03,1.527203946193361389e+03,1.646901941254648818e+03,1.494841195748288101e+03,1.442208822938945104e+03,1.525894482953751094e+03,1.100252615054635953e+03,1.040762668338712729e+03,1.349859998966555622e+03,1.575450010703414137e+03,1.220752773756942133e+03,1.338462762955290373e+03,1.687151315914732322e+03,1.683438048896916598e+03,1.359217582365503404e+03,1.224207485461195802e+03,1.281664469776800615e+03,1.169027848196214336e+03,1.325375074446451436e+03,1.444961129524249145e+03,1.373530695672349793e+03,9.388561841908681345e+02,7.394538917842868386e+02,9.202291523155970481e+02,8.458483275830842558e+02,6.462152505695007676e+02,7.489632708885997090e+02,8.382323794465347646e+02,8.242385896658485080e+02,7.878947445080178795e+02,9.224841415568711227e+02,1.013906301592287605e+03,-8.689445014495458963e+01,2.292832715474717276e+01,6.232951797335866218e+01,6.287447166411819666e+01,1.166748592755173377e+03,1.147987746489452320e+03,1.603547583448293153e+03,9.847884256109967964e+02,-1.029265428424367634e+01,-4.263875016076117824e-02,-1.645936166471668154e-05,3.324199246002190843e-07,2.280474103882219165e-08,1.511256724169943282e-09,9.754818094957813486e-12,-3.685717096094092136e-13,3.615085342608594384e-15,-1.209123528609526719e-15,7.208453606927354509e-19,1.803465960225306977e-20,-6.574688392544755064e-22,1.094987433360073779e-21,-6.507456894701511527e-22,6.466855319206680839e-23,1.746205679193153150e-23,-4.403854944615906409e-24,-1.282893975498454402e-24,-4.541482990318940765e-25,-1.224631792237599498e-24
5.405171859230220111e-14,2.384263144850586286e+03,1.934968911886238175e+03,1.749925837120304323e+03,2.621550227551811076e+03,2.643330590319970270e+03,2.666618615968867289e+03,3.057192634113130680e+03,2.797776711482712471e+03,2.585615967433945571e+03,1.985298677474412671e+03,1.499170212275117137e+03,1.544356384211592740e+03,1.458942690561468453e+03,1.418978297594697096e+03,1.485088977521063043e+03,1.947116480196356179e+03,1.724668654986847741e+03,2.019854709957569412e+03,1.723243759749816945e+03,1.471280394449007190e+03,1.488698124925349248e+03,1.326345908537885634e+03,1.300749862403113411e+03,1.199959214762633565e+03,1.082748394696180412e+03,1.004059935516922565e+03,9.845052844515271318e+02,1.299388784113111569e+03,1.054008233069456082e+03,1.125228352954299453e+03,1.279762107039282228e+03,1.588687496812077825e+03,1.873211694462929700e+03,1.613533840622111711e+03,1.533471155078020956e+03,1.606327642661955224e+03,1.936896071328563039e+03,1.518017456321690588e+03,1.317861571014615720e+03,1.247390096197466391e+03,1.931013048236499117e+03,1.771946322081121252e+03,1.366852506652534203e+03,1.540120722470048577e+03,1.476037477386728369e+03,1.478884237121061460e+03,1.716702295982941678e+03,2.757901637161314738e+03,2.726962774511972384e+03,2.903100437528541988e+03,1.753050735056880740e+03,1.426321512335997795e+03,1.545126096030324561e+03,1.871247018281610735e+03,2.107693899811965821e+03,1.922426874295189236e+03,1.579239842171108421e+03,1.530210230489346259e+03,1.326105528634189568e+03,1.366569120871609357e+03,1.379361286766260264e+03,1.789557133689294005e+03,1.946567856601752283e+03,1.479306782734647186e+03,1.402809633891100248e+03,1.160614291146031292e+03,3.066896562278969327e+02,1.663633902949348098e+01,-8.114187260753485020e+01,4.121683688510356660e+02,1.663292784618889300e+03,1.467494801096803712e+03,1.531582342753722287e+03,1.542831752109321997e+03,1.035148000557334854e+03,1.099889205182297246e+03,1.060497206250110139e+03,1.151083678702482302e+03,1.223785216738116333e+03,1.411797583813932306e+03,1.432798217847619981e+03,1.259635204955049630e+03,1.981443703794785279e+03,1.631027719394347514e+03,1.352485811345934735e+03,1.606811041187045703e+03,1.554644348865019765e+03,1.368105233817079807e+03,1.288167349489379831e+03,1.642695698562350344e+03,1.488531230241324693e+03,1.070619013916792028e+03,1.437714802219085414e+03,1.236915191001602579e+03,1.610822617897581040e+03,1.759155772582625559e+03,1.510792012138625978e+03,1.474080788033063300e+03,1.497587293626603241e+03,1.410790338904263308e+03,1.593632951388695346e+03,1.501449774205839049e+03,2.294358253865185361e+03,2.703971806752270368e+03,2.357345849047286265e+03,2.621832063704933717e+03,2.901660656293094689e+03,1.971038436588689365e+03,1.851073749356653934e+03,2.539083037159432479e+03,2.449858922946026723e+03,3.236984799013985139e+03,2.536353517938179721e+03,2.662320019250037149e+03,2.662639390268800071e+03,3.008206860234669875e+03,2.669733234405292933e+03,2.713310298317804154e+03,2.439238553580131793e+03,2.190094455224764260e+03,2.473867282914366115e+03,2.285759505541071121e+03,3.118562940002192590e+03,2.905727185850239948e+03,3.258071704119294282e+03,2.491341003697533779e+03,3.017171644930220282e+03,2.480909117602827337e+03,2.831092525048817151e+03,2.198067012033570791e+03,2.348644443773497642e+03,2.945585949011920093e+03,2.942347954083275908e+03,2.014742012201774969e+03,2.524203367651107328e+03,2.675979316890973678e+03,1.953276868020991742e+03,2.360401670928263229e+03,2.069905177186967194e+03,2.112275794244732424e+03,2.706541556173275239e+03,2.303473960724631070e+03,1.713399523398266183e+03,1.749277409477138235e+03,2.075457750333425338e+03,1.588930422608646722e+03,1.415724121634568519e+03,1.441562387190856953e+03,1.017200474635012142e+03,1.041108020026535542e+03,1.155019669352932169e+03,8.343794618792544497e+02,1.726287402554801929e+03,-1.998703804069281773e+02,-2.104858861964667369e+02,-4.771900752744268459e+01,-3.382022918096284911e+02,1.355799743873774787e+03,9.806074712517704484e+02,9.765925878156682529e+02,1.285291275474755821e+03,1.165520188781697016e+03,1.004564312628082689e+03,9.305505236249903191e+02,1.210479447166469527e+03,9.356568804580131200e+02,9.874007824757045455e+02,1.303566599326870119e+03,1.147939013832208502e+03,9.504699150530857423e+02,8.457025327874771392e+02,7.973240587420142447e+02,1.179844232989037209e+03,1.094000134874621153e+03,7.933707461439156532e+02,9.994724782957854359e+02,1.030252616566884171e+03,1.034838234901689702e+03,1.522270399043435873e+03,1.086849757603099761e+03,1.204382182517847241e+03,1.467559771585004455e+03,1.352797231694098173e+03,1.835690294254068931e+03,1.755212397568291635e+03,1.727100990048104904e+03,1.904720706865459761e+03,1.728228029032231007e+03,1.857146747305788722e+03,1.584363557574976994e+03,1.624924448918369535e+03,2.000203932976704891e+03,1.398242400400631368e+03,1.867746467065510615e+03,1.621020571523356693e+03,1.588420989501024678e+03,1.575275460880199034e+03,1.547875097332502264e+03,1.160020438851822519e+03,1.083668781505818060e+03,1.414358691166980861e+03,1.840486069605462490e+03,1.432512702246105391e+03,1.511311227716323629e+03,1.798390544581889344e+03,1.746096434547979470e+03,1.387531293937417786e+03,1.020755687292956964e+03,1.158223735365152152e+03,1.241379744678214365e+03,1.031611265362744689e+03,1.231209066612717606e+03,1.309790930586067134e+03,9.367184957478519891e+02,8.665603755034182996e+02,8.482507495681661567e+02,7.988807427825294099e+02,8.189292309997617849e+02,8.198469533547264518e+02,7.765894275335649581e+02,9.990928738130047577e+02,7.934532232101173577e+02,9.732399011139095819e+02,9.754210869562115249e+02,3.181606274289977705e+02,-7.940761327805752501e+01,-7.937919544877644284e+01,-8.092840702787853502e+01,1.188848624866220462e+03,1.307339740109900276e+03,1.192919856750872214e+03,-1.816078795893903646e+02,2.631920667829912297e+00,1.090309697572403209e-02,4.208801046552154551e-06,-8.500264608950510783e-08,-5.831369157659938593e-09,-3.864413784948909090e-10,-2.494412430881342868e-12,9.424032040278726968e-14,-9.244078341783855530e-16,3.098062466758154165e-16,-2.314849599034630539e-19,-8.655704596069704409e-21,7.821521858452458973e-22,4.974241380600364187e-22,-4.940518250557760826e-22,-1.506850963839697849e-22,-2.933018286832958149e-23,-2.479001273284169393e-24,-2.377798956143518932e-24,-8.951200368941801222e-25,7.849671526042941507e-25
-1.080899708801776788e-13,-2.689985268802569180e+02,-1.934029837157328586e+02,2.715124017760516040e+01,1.985677765313544342e+03,1.994217764902023191e+03,2.025524113201065120e+03,2.813146385320024365e+03,2.971938640522718742e+03,2.573302269540675752e+03,2.109186349839243121e+03,1.568243336202052433e+03,1.388767433664366990e+03,1.421605617469989056e+03,1.420802262120319938e+03,1.451897869191569043e+03,1.706442043550105836e+03,2.176211048514651793e+03,2.379995980727851020e+03,1.801294730472784295e+03,1.206042017625837843e+03,1.020690991864824468e+03,9.470037284596277232e+02,1.198110160907360978e+03,1.217284197571877485e+03,1.156097363620283431e+03,1.175946061092807440e+03,1.104747415666847701e+03,8.505495272683223220e+02,8.625740121844904706e+02,9.843890188443563147e+02,1.018477189694062872e+03,1.666966719174464743e+03,1.580601280268434039e+03,1.376828079071500269e+03,1.638255491954114632e+03,1.799505645236962891e+03,1.534944369147533507e+03,1.580213917433800589e+03,1.612794869957665014e+03,1.393992259840870247e+03,2.122370460983778685e+03,1.783697384324196264e+03,1.387890748079462128e+03,1.401736200784810990e+03,1.565151536983251617e+03,1.602965377638877953e+03,1.476092580492590287e+03,1.836500499035023040e+03,2.522283333826729631e+03,3.139865207405507135e+03,1.942504569931379365e+03,1.860731537687530590e+03,1.617100941361253945e+03,1.932120117783093519e+03,1.866942184369293500e+03,2.078928778832347689e+03,1.743253547545772108e+03,1.485243486756950688e+03,1.481377271860943893e+03,1.403638783884327495e+03,1.392822061115721908e+03,1.531092236469311729e+03,1.808793775617685014e+03,1.507226278436589610e+03,1.467512279887919249e+03,1.278255637779971266e+03,1.174372253129021828e+03,-3.312348846119464696e+01,1.655433134172725147e+02,1.837282004441493655e+03,1.420699600433348905e+03,1.212527499073268018e+03,1.186671344798794962e+03,1.392149920736499098e+03,1.621230950660225744e+03,1.434158783515968480e+03,1.231296227354672965e+03,1.134776210443514174e+03,1.437118050886914943e+03,1.169966566711142150e+03,1.219481545267649608e+03,9.803718142705445189e+02,1.839843732728487794e+03,1.482055810182987670e+03,1.479832561708347157e+03,1.874241470131849383e+03,1.397192452413359433e+03,1.311811152565741395e+03,1.385955141658592993e+03,1.785809728570259722e+03,1.640020872814273844e+03,1.258767170537488255e+03,9.873487260566816985e+02,9.974422287052120737e+02,1.568106365349311091e+03,1.513499120197591992e+03,1.959786519186858641e+03,1.549139936581082338e+03,1.430089700161347082e+03,1.184329931786173574e+03,1.883662137857675816e+03,1.610673830910838660e+03,1.779653197316540627e+03,2.481768459765066382e+03,2.915515620974600552e+03,2.174559369884299940e+03,2.301223366687361249e+03,2.278247306579714859e+03,2.334315605938397766e+03,2.544490021352263739e+03,2.431183861727455223e+03,2.460378720453881670e+03,2.887541886469705332e+03,2.607378395149572953e+03,2.527390325035208662e+03,2.147066437479848446e+03,2.492879644483654374e+03,3.063316124717699495e+03,2.561178381352561246e+03,3.221366358772188960e+03,2.268297487049975189e+03,2.430922221847112723e+03,2.643387812459319775e+03,3.202102767550140015e+03,2.320764771988632674e+03,2.833746888997190126e+03,2.445078536961661939e+03,2.464562173923046430e+03,2.240339881951108964e+03,1.975712441958841055e+03,2.250687626883653593e+03,2.727251234700217537e+03,2.464967008660028569e+03,1.664362455832620071e+03,2.370801619114884943e+03,2.148376595857489519e+03,2.107034342555793046e+03,2.184975405117472292e+03,2.911422144939498594e+03,2.389768779073781388e+03,3.131530708366410636e+03,2.083065510424366494e+03,2.497151765614441047e+03,1.632320016675993429e+03,2.276586219722563328e+03,2.039102295377443170e+03,1.550198094872667525e+03,1.417565477943815040e+03,9.551252190915211031e+02,1.081805887752632316e+03,1.244231355393201056e+03,1.423512239470628856e+03,-1.754332139776630584e+02,3.948050427053460965e+01,4.157739099987027487e+01,1.884107122854138368e+02,2.005852189881341019e+02,8.467335743105305710e+02,1.152059371492779064e+03,1.269866672988343680e+03,1.470561163974906776e+03,9.129041990430647502e+02,1.217898689185966305e+03,1.110065894630106186e+03,1.223619781306833602e+03,1.376996770219600876e+03,1.226132419801410606e+03,1.043106384280848715e+03,1.098668854928761903e+03,1.360147039862352131e+03,1.265034470271489454e+03,1.087593220924869456e+03,1.028764783819225840e+03,1.129133402877660274e+03,1.204863011241625600e+03,1.048044903725719450e+03,1.181101076684806230e+03,9.680626054114255794e+02,1.208800576438834696e+03,1.310607559917609251e+03,1.698785795465219508e+03,2.257496521757406754e+03,1.346343747150561512e+03,1.977141488336519615e+03,1.892775229019536482e+03,1.561847403063251249e+03,1.600489607463753828e+03,2.024405237053649898e+03,1.828444296879514241e+03,1.596412985778004668e+03,1.508737391508592736e+03,1.575699778498744308e+03,1.541613857864183956e+03,1.485213391744146065e+03,1.708667738683834614e+03,1.662109559941595762e+03,1.535967949429396413e+03,1.405833813463179467e+03,1.106305970793779579e+03,1.033737701772093487e+03,1.412503876940013015e+03,1.464601844040604647e+03,1.451409527316819776e+03,1.484685642232841474e+03,1.691910096781526136e+03,1.823997210924091178e+03,1.735128030872578393e+03,1.218465766820556382e+03,9.370522176574418154e+02,1.134681448952323763e+03,9.763899163415190969e+02,8.156762107170759464e+02,7.427967677965829125e+02,8.205429013305690660e+02,8.682353049416461772e+02,7.908093240962981554e+02,9.372748388289328432e+02,1.004854100751489227e+03,9.119063588419288635e+02,9.167555930090086349e+02,9.714676037831450230e+02,7.609265264854630004e+02,8.698470521623830791e+02,1.054174177583339315e+03,1.420555008063002560e+03,1.668283922435672082e+02,1.460016470898137868e+02,1.492581351378659065e+02,9.932758476929417384e+02,1.471423412113203767e+03,-3.305805209365497177e+01,3.587310753659033224e+01,-5.198847834042744642e-01,-2.153694934255300560e-03,-8.313668595454117679e-07,1.679062158664929143e-08,1.151873768143073944e-09,7.633398754311297758e-11,4.927207262046621013e-13,-1.861782499960578171e-14,1.823855067836464677e-16,-6.092162547270295991e-17,6.989324882578694078e-20,-8.429017145223216127e-22,-6.590400543879341222e-22,-4.324683895360716101e-22,-2.889285242433529360e-22,-4.188030810282681944e-23,1.449421451590813061e-25,-4.555216436150026026e-25,1.136599804763341308e-25,1.093280080722089684e-25,-1.235482416547005039e-25
-6.725163680639137565e-14,2.012301197246877749e+01,1.446792579414569779e+01,1.364208895875742883e+03,1.459376805835349842e+03,1.432229197034889694e+03,1.630831696039251028e+03,2.570143954189434226e+03,3.078637397577704178e+03,2.827161186234834531e+03,2.238302622560964210e+03,1.738981001085385515e+03,1.278824645177548291e+03,1.679520762965096310e+03,1.638944433193231589e+03,1.550336008735230280e+03,2.041944029712941074e+03,2.566566129761713455e+03,2.247967977144151064e+03,1.892096163545304307e+03,1.253556702811422610e+03,8.005579686601641924e+02,9.276013601878826194e+02,1.295456877073193482e+03,1.268039026275373999e+03,1.108699044023988790e+03,1.075177486708195829e+03,8.562276424177020999e+02,8.430930862228342448e+02,9.043123825821098762e+02,9.205711892407429104e+02,1.032533261907546830e+03,1.304977617959810459e+03,1.176064326197168384e+03,1.329194103171198549e+03,1.601874986526573139e+03,1.695960481314403978e+03,1.504260453912859020e+03,1.694838651973991546e+03,1.898359438943256919e+03,1.525412129303608936e+03,1.649839243285287239e+03,1.624890007077824521e+03,1.498947387456742263e+03,1.380013826974041649e+03,1.442205856656568358e+03,1.502797179371949596e+03,1.426902393553066076e+03,1.417191573656628861e+03,2.486878091706098076e+03,1.912155636318268080e+03,1.976097074704205625e+03,1.863430086004797886e+03,1.263942005984281195e+03,1.274956368710419611e+03,2.048080993868556106e+03,1.788724000445186221e+03,2.056947049806228279e+03,1.457191836361393598e+03,1.373637203547926219e+03,1.382096813654752850e+03,1.411759506699341046e+03,1.561238183667654084e+03,1.714052886557442207e+03,1.661194350393221839e+03,1.662412493365553701e+03,1.462566665380971926e+03,9.491375706923037114e+02,2.386743107309321843e+01,9.484354323569905318e+02,1.125610283466756528e+03,1.475438051532844383e+03,1.113369322306478807e+03,1.708151780244457541e+03,1.732895383004528640e+03,1.469594363089239323e+03,1.110809954870217780e+03,1.063679136896555292e+03,1.682334723984708944e+03,1.491069569297830185e+03,1.298484696927408550e+03,1.852159045970415491e+03,1.553414773755291662e+03,1.240380988999117790e+03,1.334574643323973532e+03,1.469756185889785002e+03,1.891803444030962964e+03,1.344524951905883654e+03,1.403587413898318346e+03,1.223351362387311383e+03,1.547946338576427024e+03,1.786968206418425552e+03,1.655993662313668210e+03,7.246567334067702859e+02,1.300390685918503323e+03,1.488269056195599887e+03,1.525028513892209958e+03,1.914479525021319205e+03,2.394343788856936044e+03,1.464097162628597061e+03,1.635189931335700521e+03,1.775182020922871061e+03,1.219006065472491628e+03,1.819175118312998620e+03,2.265182216506419991e+03,3.234383784304015080e+03,1.852044877218864031e+03,2.725807417482329583e+03,2.537749880379607021e+03,2.650093036347074758e+03,2.921499658958143755e+03,3.239585474418923695e+03,2.338653459296953770e+03,3.578564042853733554e+03,2.400618034411607823e+03,1.896691017982999028e+03,1.973994896467982471e+03,3.137082555336271980e+03,2.849025068969444419e+03,2.625111415269728695e+03,2.682723646355439996e+03,2.117917746054768486e+03,2.679533677905470995e+03,2.532205567055404117e+03,2.974815532622621049e+03,1.923467955736835620e+03,2.768506816900919603e+03,2.081929431988636679e+03,2.534373973470583223e+03,2.700834292116755478e+03,2.788109320667377688e+03,2.110627370965339651e+03,2.144902361480460058e+03,2.442648492025731684e+03,2.041563030439110207e+03,2.265534444936075033e+03,2.197900783343258354e+03,2.476640521585593888e+03,2.703706464171722473e+03,2.356243794696757959e+03,2.156774324099631940e+03,2.971109414613903027e+03,2.821897465347403795e+03,3.396761559323290385e+03,1.833076314325269323e+03,2.337105442669236709e+03,2.046324754539212336e+03,2.164706444583196571e+03,1.262559329539542659e+03,1.033692081621139096e+03,1.462432517149863088e+03,1.359743959531972223e+03,1.965924054881503707e+03,1.312366130085804095e+01,-2.953419949580652126e+00,-3.110281949486935815e+00,1.449453495231844727e+03,1.127170834669521128e+03,9.693729097798991461e+02,1.023885420987021803e+03,1.032053058543524912e+03,1.464939577383399410e+03,9.794093549517598376e+02,1.073835657791677704e+03,1.186896320809076542e+03,1.150811529698529284e+03,1.167110586304354001e+03,1.083410948843363713e+03,1.193108693884872537e+03,1.161529193012896940e+03,1.257698644385333409e+03,1.426211402872724648e+03,1.186592829061809880e+03,1.000875986578339962e+03,9.836285898783863786e+02,1.021563471780104237e+03,1.181844457853656877e+03,1.214650210583318312e+03,1.062946122976441302e+03,9.704871865803644368e+02,1.416907474413207410e+03,1.778050323574773074e+03,1.925627754630018899e+03,1.772857899066051459e+03,1.790057198436849831e+03,1.340819779269890887e+03,1.524048178537370177e+03,1.674564587183665481e+03,2.601487922118228198e+03,1.631507641930134696e+03,1.893699408834080486e+03,1.743176063108724293e+03,1.494898579631653774e+03,1.934033449740327796e+03,1.835520810284335084e+03,1.991419303400388117e+03,1.762597772651685545e+03,1.194029651977599769e+03,1.338929758785488957e+03,1.293100086189712101e+03,1.256305802968871376e+03,1.766337814668692545e+03,2.061963725857801819e+03,1.369191751557884572e+03,1.596103187547902735e+03,1.806827188444371359e+03,1.730283704721472532e+03,1.717139187659121944e+03,1.237000023856237476e+03,9.300914473449810203e+02,1.019521607040347703e+03,9.262502994945728005e+02,9.891370460757021874e+02,1.165330864596022593e+03,7.807286993247332703e+02,6.906320553311612684e+02,8.743294530410325933e+02,9.368055807255027503e+02,9.825765635856698736e+02,7.472030231315579840e+02,7.186091065543537297e+02,8.220586344913006087e+02,9.921708669159852434e+02,9.598766639382378116e+02,1.158241843710633475e+03,1.358997354154402501e+03,1.244170074762429522e+03,1.057878203503826398e+03,1.095895489994180480e+03,1.115917254865316409e+03,1.120970426030566841e+03,1.295554009126187111e+03,-2.683564772881531724e+00,3.889109660426790654e-02,1.611117701784117381e-04,6.219218243178101752e-08,-1.256058425230852272e-09,-8.616837381529106338e-11,-5.710321319779561579e-12,-3.686088381346485108e-14,1.392952654105100017e-15,-1.392057271659353131e-17,4.611583055648152614e-18,-1.272365716660811792e-20,-5.304394605348110712e-21,-6.816174095825651987e-22,-1.615325430468149149e-22,-8.963161470405041052e-24,3.855807997289875749e-23,-1.168592028797538549e-23,-1.949289300824163576e-24,9.575814982634294003e-26,9.283157186262240400e-26,5.152000343084874534e-25
-7.328981371878649344e-15,1.656065479595156020e+01,1.190668777653847954e+01,1.237460548801171853e+02,9.210631432466088597e+01,1.582233743666754435e+03,1.629444305371950350e+03,2.336649257438417408e+03,2.649535227790236604e+03,2.784880941492306192e+03,2.457809354770803111e+03,1.785085606267543881e+03,1.693497344169794360e+03,2.126342688417593308e+03,1.574964821232440954e+03,1.626349273772764718e+03,1.780555009754683624e+03,2.082921927122583384e+03,1.989766142986339446e+03,1.969612156840591751e+03,1.305378637015006461e+03,1.365668945210659786e+03,1.058167651541906480e+03,1.186731188948912177e+03,1.393071360152954185e+03,1.028040802717899851e+03,9.951739991374903411e+02,1.092838450506720392e+03,1.008450221951312756e+03,1.064007047089654634e+03,1.169382192128993665e+03,1.007769396699273329e+03,1.018108402340689395e+03,1.294507547362021569e+03,1.442946745068294149e+03,1.225066123931181892e+03,1.298755771986434866e+03,1.493291893751116959e+03,1.845317876688549859e+03,2.060589089965160838e+03,1.692107999425127218e+03,1.679302102078329199e+03,1.429838600483863274e+03,1.369287633574777374e+03,1.349102039366015561e+03,1.231753799268305556e+03,1.569226386646439778e+03,1.487007108962804523e+03,1.584238682757171091e+03,1.477045191508110520e+03,1.263533456558709531e+03,1.439042537994590475e+03,1.488542401762622376e+03,1.660869659017813547e+03,1.835881345668089580e+03,1.952204445796120126e+03,1.592758873521769601e+03,1.796315630613816211e+03,1.310953512273194065e+03,1.251937891871560851e+03,1.389903121749188358e+03,1.817272688843562491e+03,1.319026151942862725e+03,1.487068678063448715e+03,1.351386955176111314e+03,1.391686308661782050e+03,1.428262620856357216e+03,1.422332880419443882e+03,1.013730399490566924e+03,1.476240412093664212e+01,1.371870510442555315e+03,1.574117531179110074e+03,1.455348036681516305e+03,1.860758769503004260e+03,1.618508755513411870e+03,1.446829402830647496e+03,1.140026331741238891e+03,1.320706467533183513e+03,1.579645321918205127e+03,1.013869521585864391e+03,1.484501899131711752e+03,1.346431071068153869e+03,1.203622393287165323e+03,1.499549320337504469e+03,1.464032125010907066e+03,1.418252657784613575e+03,1.209645944029562088e+03,1.349366574634660537e+03,1.317834352366958683e+03,1.281699137376889666e+03,1.877729930687689830e+03,1.662687600057109648e+03,1.671728045702940790e+03,1.435639316926019092e+03,1.762281547836043046e+03,1.528609241687071517e+03,1.914832361961671722e+03,1.758639567957554164e+03,2.418391260856343251e+03,1.757794340422283085e+03,1.687249463614039541e+03,1.585662685607351705e+03,1.624343701748581680e+03,2.237403256537263132e+03,1.870791358512651414e+03,2.217255847966918736e+03,1.759083899847211114e+03,2.465730090693421062e+03,2.517737938552324067e+03,2.526135435702997256e+03,2.363099585984590249e+03,2.938971605266379356e+03,2.905681748961241738e+03,2.628193794965593497e+03,2.692185091908015693e+03,2.346632560137922155e+03,2.996804554146941427e+03,2.700635430623941375e+03,2.518281911224346004e+03,1.880281352128567050e+03,2.038651446798083043e+03,2.426485674644113715e+03,2.612664977989541967e+03,2.105856439897348992e+03,2.558141229121587003e+03,1.950047926830733104e+03,2.938541481099690373e+03,2.035380720453137201e+03,2.704972622649018376e+03,2.580439955754143739e+03,2.478684515357521377e+03,2.480845149786245202e+03,2.296218137164622476e+03,2.306275299400952917e+03,2.652979424045449377e+03,2.509592268314615012e+03,2.588780999264333786e+03,2.312924832961869924e+03,2.829667076694074694e+03,2.297010699987439693e+03,2.370741798300258324e+03,2.590725603187692286e+03,3.262287189898735051e+03,3.731241792272399834e+03,2.430593776268407510e+03,2.566014680596280414e+03,2.298922961393898277e+03,1.548656395606022443e+03,1.447794664248486242e+03,1.016776333310599853e+03,1.407012984593800638e+03,1.811998078172676514e+03,1.422040166603988496e+02,1.080041754868687676e+01,-2.430549385731462397e+00,-2.559641415065593062e+00,1.034835149879688743e+03,9.963181299919692719e+02,8.168067029100768650e+02,1.094287632753065054e+03,1.107283651064309197e+03,1.326654828574641215e+03,1.403110496807594473e+03,1.290958376295699054e+03,1.156391980415315857e+03,1.280196238991494056e+03,1.275412068794118341e+03,8.430125479980788441e+02,1.097841461674898028e+03,6.883763977306520019e+02,1.274629900332354964e+03,1.232725787037444888e+03,1.197021712448936569e+03,1.089916390089671950e+03,9.125453598832325497e+02,8.713593149374622726e+02,1.295805665553724111e+03,1.425994329029706250e+03,1.126096013396206445e+03,8.999506162318845099e+02,1.060961042964944227e+03,1.360700619820081329e+03,2.131412586484874737e+03,1.574200500364120671e+03,1.607192543335428809e+03,1.683202736967828741e+03,1.909584973797727571e+03,1.666981804066662335e+03,1.708615611311033717e+03,2.278391170011861504e+03,1.692682781519213677e+03,1.465468415517354060e+03,1.418225741882543844e+03,1.748062955798347048e+03,1.691250850817705668e+03,2.244354992271128594e+03,1.938599245740281958e+03,1.822973237987925813e+03,1.524107900730351957e+03,1.425183538798649579e+03,1.125075962765096619e+03,1.419618307803805919e+03,2.046077086257727160e+03,1.910063829332899559e+03,1.385489373133759273e+03,1.749598611839873456e+03,1.738231887232228246e+03,1.513505379360388815e+03,1.360295278014402584e+03,1.418000331671035610e+03,1.006211294152183768e+03,1.160086136100767135e+03,1.165703330375165024e+03,1.813323136013790418e+03,9.113917244371785955e+02,7.924615013022363428e+02,7.690823280920981233e+02,6.457745214029200724e+02,7.255527723482745159e+02,8.601002768645271317e+02,6.928334087383195765e+02,6.852402279818519446e+02,8.607607834571637113e+02,9.439527201590434515e+02,9.691119063379856016e+02,1.158568128609654650e+03,9.571437771825429763e+02,8.050998180373974265e+02,9.294844560959057844e+02,1.074906784988174195e+03,1.478078827779723269e+03,2.459452725654606638e+03,-2.208495869746185836e+00,3.200624299750950280e-02,1.325903077193223839e-04,5.118235795228404959e-08,-1.033699699359444119e-09,-7.091412776872430307e-11,-4.699517479043505927e-12,-3.035917961480252572e-14,1.148320393223435956e-15,-1.102216146124044657e-17,3.741557738774960380e-18,2.257007398389503200e-21,1.214634157189711890e-20,-1.211536932796318498e-21,-1.136486788511407974e-22,-1.453938932902490143e-22,-1.174806998212128595e-22,-3.588124465727056123e-23,-1.313973305583779334e-24,-5.579348718953697306e-25,-8.578901398532603260e-27,1.096313663264001291e-24
1.547532577359818483e-15,-1.167212740529469883e+01,-8.391994806482907521e+00,-8.652128073975154621e+01,-6.414461254315368421e+01,2.856278354660904029e+02,2.811159586601573324e+02,2.294717757395308126e+03,1.996286956781656954e+03,2.783298999595304849e+03,2.618365918015676925e+03,2.028684446044564083e+03,1.799108462690934175e+03,1.563804817518794607e+03,1.318947021588829784e+03,1.604529850638901735e+03,1.591329456823419605e+03,1.944774963494310896e+03,1.682830222860220147e+03,1.373222885315204621e+03,1.223543259653388532e+03,1.203595668429885791e+03,1.236347204088875287e+03,1.310661900991020730e+03,1.074948145746702949e+03,1.042110418837036832e+03,1.186159345641432537e+03,1.271362992678097271e+03,1.102718432801697418e+03,1.204632909717084885e+03,1.095232047806194942e+03,1.041427856400116980e+03,9.753821508956024218e+02,1.087727113031852014e+03,1.422385785201327053e+03,1.246064744285676397e+03,1.627539613252957452e+03,1.703534241292332354e+03,1.666228762827459377e+03,1.934452808480408294e+03,1.541728139414826046e+03,1.850191398208326291e+03,1.804246051187986041e+03,1.576665922023508983e+03,1.369514934234587145e+03,1.287559319267372985e+03,1.213210605271666509e+03,1.310244540569685341e+03,1.229908936783252329e+03,9.933596298166069118e+02,1.083698768898391791e+03,1.218384445683148670e+03,1.409092366527179138e+03,1.961432840373674480e+03,1.807809808921367676e+03,1.788098450408483586e+03,1.581959651531737336e+03,1.358044096161715970e+03,1.526803960054749723e+03,1.671145212831767367e+03,1.499506716409541468e+03,1.413064416105291002e+03,1.276784239680041537e+03,1.418767274356910775e+03,1.425822336872779942e+03,1.698893349370352553e+03,1.622145351933069378e+03,1.501437905262471531e+03,1.469379717311233208e+03,9.813790117603847420e+02,1.454759294771553471e+02,2.638106221414033712e+02,1.468028025317230458e+03,1.434491358207166286e+03,1.139081759499067630e+03,1.351317939253319992e+03,1.283295945376675718e+03,1.312456368334574563e+03,1.279283785136746246e+03,1.407019478453915781e+03,1.622236072699277884e+03,1.387319490673369273e+03,1.149055836109289430e+03,1.414265218222079284e+03,1.185221176133561812e+03,1.714697419460709170e+03,1.220633456538904738e+03,1.972755721700923004e+03,1.554507364809486944e+03,1.390272088418260864e+03,1.417096823991647852e+03,1.359657963043983045e+03,1.885050177785770074e+03,1.446095305216345423e+03,5.517950586875003864e+03,1.809910700756689494e+03,2.113094446537522799e+03,1.597297040444235563e+03,1.519478963303810133e+03,1.407007432453865931e+03,2.668269997427735689e+03,2.060761429606408001e+03,1.906887538970564719e+03,1.768371154783420934e+03,1.765120156676448687e+03,1.848489598857037208e+03,2.016008455910302700e+03,2.643896069108983284e+03,2.476054996564741487e+03,2.309469224991595638e+03,1.726287453648859810e+03,2.271490532839776279e+03,2.315908037680035250e+03,2.420232663475997924e+03,2.337654022293862454e+03,2.420465756415096621e+03,2.314650803588950112e+03,1.998269380759598562e+03,2.453859352426205533e+03,2.112119085761205497e+03,2.476931235981499412e+03,1.835515169341597812e+03,2.746412938877290799e+03,3.332176512937630832e+03,2.935186852262501816e+03,2.057778157947738237e+03,2.344847497301569092e+03,2.244785341181496733e+03,2.771232412439299424e+03,2.420154154347635540e+03,2.096572429133344940e+03,2.918493223000210492e+03,2.453828171837984428e+03,2.265891822757888804e+03,2.735397231743008888e+03,2.229655515286299305e+03,2.921769470585189538e+03,2.383157843195248461e+03,2.113998095926320730e+03,3.086954668547475194e+03,2.396496428127262334e+03,2.704327760821703123e+03,3.083196253988972785e+03,2.450107158538013664e+03,2.735714260024320083e+03,3.409290695313058677e+03,2.106570949121882222e+03,1.301053857834418068e+03,1.527591767768076352e+03,1.238617292806108026e+03,1.198592034506354366e+03,1.800938663916414043e+03,-9.919852902272185702e+01,-7.612426536389982346e+00,1.712870974558286408e+00,1.803850524051134441e+00,9.689664413742793840e+02,1.046265183625022473e+03,1.176720049774825156e+03,1.043059679939026182e+03,1.131163327987337652e+03,1.328186065744071811e+03,1.253561674064375211e+03,1.420423363007591661e+03,1.037534562334805514e+03,1.129522741997891671e+03,1.114919270502252857e+03,9.463470560586868032e+02,9.466512317115051474e+02,9.381946171805567474e+02,1.005398417747627377e+03,1.119098295263278033e+03,1.345099318772480046e+03,1.227316151752498854e+03,1.031489375251082720e+03,1.065751637767592001e+03,1.066185788163246343e+03,1.379701211814310682e+03,1.214407779486185518e+03,1.551300719375945391e+03,1.111699745696707851e+03,1.242353175202015109e+03,1.604156616051122455e+03,1.964954148882388154e+03,1.428069819540269009e+03,1.789252449267356951e+03,1.625965127427131620e+03,1.863964417190198446e+03,1.455031848053199383e+03,1.731385154218708294e+03,1.933226776929943526e+03,1.506745149666939824e+03,1.689316484816476986e+03,2.032083769264159400e+03,2.053550130482608438e+03,1.842806199761114840e+03,2.119611350196460990e+03,1.578493923519989494e+03,1.392164345753054022e+03,1.198437769075274673e+03,1.201531054949164400e+03,1.271812780421394564e+03,1.551545652320183308e+03,1.623758888965032611e+03,1.424533220544788264e+03,1.174440586893518912e+03,1.760272854915290736e+03,1.777471894319370222e+03,1.778302517144476042e+03,1.534951196801512879e+03,1.245910636066145344e+03,1.262176629553180419e+03,1.205269372584471739e+03,1.009430462628835471e+03,8.288062875709235868e+02,8.155291363340679709e+02,9.865351295474587232e+02,8.984233504787207494e+02,9.083140541121902061e+02,7.469209829449931703e+02,7.515552975476947495e+02,8.922693170047804188e+02,8.095111362961494024e+02,6.275388473334610353e+02,8.165669124135843049e+02,1.089401075837540020e+03,1.003940074231009476e+03,1.014139864848475668e+03,1.350774605721265289e+03,1.575980368604585010e+03,2.332566678296483133e+03,4.640814750686552657e+02,1.556571267228474609e+00,-2.255833886961894699e-02,-9.345105242952024907e-05,-3.607387179970737472e-08,7.285623216563569121e-10,4.998104012047899602e-11,3.312153609723641625e-12,2.136203400443216432e-14,-8.084705501554065846e-16,7.665653532721763479e-18,-2.842006832056839656e-18,1.230784801673781083e-20,1.051539935960235334e-20,9.515667317867130974e-22,1.823253689087195629e-22,1.315879122586613679e-22,-4.796650366663417938e-23,-3.113827997630534367e-23,-2.520356656174727369e-24,3.413131456859292256e-25,3.832573202138056738e-25,3.972443033814415487e-26
-2.298773817560189971e-16,5.053745604429529692e+00,3.633676440866170143e+00,3.746158669143243003e+01,2.777304641299757293e+01,-1.170724318624666864e+02,-1.149627047452559339e+02,2.750865342433742740e+02,2.334494792192376735e+03,2.958201931255369345e+03,3.228429794249882434e+03,3.019045131734345432e+03,2.490522670234147427e+03,1.625409498538161188e+03,1.571554531151515448e+03,1.834454283046420414e+03,1.969966521181986991e+03,1.824782971451632420e+03,1.456506320171268726e+03,1.217693065507696019e+03,1.096083227217287003e+03,9.578073446073311743e+02,1.045519838430335767e+03,1.157194992972539239e+03,1.109980952576272557e+03,1.373637833090685717e+03,1.412772005985320220e+03,1.462334509285971308e+03,1.487284281471035001e+03,1.332352372659441698e+03,1.013755281015803121e+03,9.602118289454620026e+02,1.257104834236262150e+03,1.199855001413983928e+03,1.402159417793074226e+03,1.572297201144358269e+03,1.833968169081646465e+03,1.630413931026230784e+03,1.761977329854253412e+03,1.952440300828366844e+03,1.516569416488556271e+03,1.470432227547679076e+03,1.594703081463649596e+03,1.393452878093312165e+03,1.313702262481607022e+03,1.082477457638676924e+03,1.056464222862025736e+03,1.156942001019051077e+03,1.150826029633322833e+03,1.168649273160332996e+03,1.129691114196976741e+03,1.382825451989833027e+03,1.646282351035390320e+03,1.361827866395959745e+03,1.304675723409198781e+03,2.045520610278951835e+03,1.522991736232448375e+03,1.443431298293211739e+03,1.404153156856845044e+03,1.722925559177061359e+03,1.332329931373322324e+03,1.297117682011940133e+03,1.367573970728670020e+03,1.443538941698174312e+03,1.732177518168643701e+03,1.551705543327981104e+03,1.486843527552873184e+03,1.330496643156099026e+03,1.539017278409914297e+03,1.060421227598853193e+03,7.720358288561515110e+02,-7.873640112943654401e+01,1.292644439396540065e+03,1.078335751418085465e+03,1.199460861716945146e+03,1.304348722133970796e+03,1.309116689261320971e+03,1.364477249394953105e+03,1.304935467992568874e+03,1.533059536684524574e+03,1.346701353501248377e+03,1.177944541562389304e+03,1.313565216227350902e+03,1.177896134230134521e+03,1.520160845329371341e+03,1.696464964366655295e+03,1.745712562695132419e+03,1.773248615338676700e+03,1.707162006729625318e+03,1.607174792692327173e+03,1.570156123923934501e+03,1.824039969813914240e+03,2.314927621209922563e+03,1.733048180476995185e+03,3.396041816990965344e+03,1.940228076823789479e+03,2.050167310225581332e+03,1.687084564933297770e+03,2.024847428451468431e+03,1.643707763547271952e+03,2.426215123306348232e+03,2.009123488589778162e+03,1.823737447303582940e+03,1.544423915402248667e+03,2.322501593310285443e+03,2.333967288229599944e+03,2.296305893391780501e+03,2.288804890213407816e+03,2.512492868232513047e+03,2.698461473261322226e+03,1.787775389281840717e+03,2.739189745937163934e+03,2.083027644130649605e+03,2.595797159244996237e+03,2.937073113162736718e+03,2.593059323151515855e+03,2.306016190938419186e+03,1.996658094780212650e+03,2.401095754851085985e+03,2.078439109935015949e+03,2.334784234963574363e+03,2.168398484480102070e+03,3.344769231483714520e+03,3.202379150266871420e+03,2.990083103069202025e+03,2.270221590356037723e+03,2.647959575158959069e+03,3.073076911819687211e+03,2.747715215837346022e+03,2.214960163271539841e+03,2.528719172813358000e+03,2.695274033343749124e+03,2.835981345219182913e+03,2.330986687910693036e+03,2.300324845842674222e+03,2.405220959588179994e+03,3.005510141231400212e+03,2.548942934271189642e+03,3.219678140128696668e+03,3.371983845443819973e+03,2.580337895317097718e+03,2.753100697247820790e+03,2.708895732278996547e+03,2.167568185963221822e+03,3.262754065148966674e+03,2.464080518671821665e+03,2.862267702753463254e+03,1.672919587046827701e+03,1.634463923955304153e+03,1.482405563384534844e+03,1.714093414777398721e+03,4.708005459116369025e+02,4.295123361332485956e+01,3.296776446621664469e+00,-7.407155712206849874e-01,-7.800813107435614624e-01,2.973148490332616802e+02,3.130423578799255324e+02,1.476184433496453948e+03,7.307013539725818418e+02,1.131360894685063840e+03,1.370302042454067532e+03,1.283812633978124950e+03,1.331691887419840441e+03,1.236309894691072714e+03,1.130991977612056417e+03,9.323367914229980897e+02,9.547599107304012023e+02,1.048312905318913863e+03,9.689757607137714785e+02,1.029286032645325122e+03,1.437285181392315963e+03,1.125707136255736259e+03,1.048966808379173472e+03,1.104653656447621643e+03,1.209478117472584472e+03,1.114342305990162686e+03,1.127589129432242089e+03,1.148896999040524861e+03,1.634602123193467150e+03,1.377527892140645008e+03,1.390326650950744124e+03,1.414137173061243629e+03,1.963858664229459919e+03,1.875908586181221835e+03,1.362139098781270377e+03,1.670037325969855146e+03,1.695986505691441835e+03,1.624399084170100195e+03,1.360770131531479592e+03,1.494635786008487912e+03,1.644150475962106384e+03,1.983642937154166702e+03,2.214723939030645397e+03,2.010191104058225392e+03,1.488510829490004426e+03,1.864461780001358420e+03,1.668049103760471098e+03,1.412307937637639270e+03,1.445041625741993585e+03,1.106222767695195898e+03,1.382789327580236431e+03,1.568163739203597515e+03,1.410873278951179827e+03,1.702937376432487781e+03,1.752926392016616091e+03,1.513255694509764908e+03,1.660971560133914636e+03,1.675921782706161139e+03,1.750989205763115251e+03,1.771483242217117549e+03,1.251317329604003817e+03,1.038179263005433540e+03,8.334726220555209011e+02,7.726458616701445408e+02,7.962227419384179257e+02,9.805638817995341014e+02,9.703466212765920318e+02,9.845840975276128120e+02,7.592142641409358248e+02,8.956771337608465728e+02,9.952830161330037981e+02,9.167731916692379173e+02,9.428293454129943711e+02,8.374640740707903888e+02,9.940009224063396687e+02,1.109220526116887186e+03,1.106351141206547027e+03,1.433725061353354477e+03,1.395508280302835146e+03,1.940728348359164329e+03,-1.905831877338009406e+02,-6.739557376212723661e-01,9.767186528794590331e-03,4.046192698898752832e-05,1.561906670402343183e-08,-3.154488512595278358e-10,-2.164044178216910615e-11,-1.434106613794501811e-12,-9.260277060673091236e-15,3.489974580443255275e-16,-3.384231306411103430e-18,1.113938003445910291e-18,1.378869223042072749e-21,-3.600068893845144137e-21,-9.116238855046934158e-22,-1.753136102681228246e-22,-7.374294241843871486e-23,-3.755181737739674410e-23,-9.611988844564350016e-24,-2.995975743159998416e-24,1.667440732524703396e-25,1.996556076796279393e-25,-3.417498702884260305e-25
5.755767826562890627e-17,-1.766115086381495614e+00,-1.270386370983776825e+00,-1.309153144807022962e+01,-9.705745505927898975e+00,4.091287325594531410e+01,4.009883871467139471e+01,1.346739757565334457e+03,2.133919377835182786e+03,2.610580302264142574e+03,3.102988382994908079e+03,3.104648262946176146e+03,2.814083993422300864e+03,2.099066463299245243e+03,1.628739624810639725e+03,1.954754288640713185e+03,2.150096291190594911e+03,1.711140279046311207e+03,1.348111035741980459e+03,1.282427711059535795e+03,1.178754375778003123e+03,1.004730871987369028e+03,9.739148501045772264e+02,1.139898370739047095e+03,1.378801213450180967e+03,1.422792852505019027e+03,1.649009944729347581e+03,1.501031726561310506e+03,1.571702824781621075e+03,1.366236480967991156e+03,1.286794911538617271e+03,1.257933153656182412e+03,1.375336605650745241e+03,1.525201926111744342e+03,1.616178234967873095e+03,1.688358929027127033e+03,1.784542950730018447e+03,1.638015112209106519e+03,2.100398850072737332e+03,2.235455977952308785e+03,1.743099993576241559e+03,1.547382009024608124e+03,1.761343895757213431e+03,1.383672651288873112e+03,1.486487514964670254e+03,1.076322985078348211e+03,9.743563712654358824e+02,1.065872667001649006e+03,1.257235249289227795e+03,1.255951842412572660e+03,1.198350116833008315e+03,1.707185799022824767e+03,2.270438702409298457e+03,1.895904790579777000e+03,1.513214565989640960e+03,1.888429166578038348e+03,1.605849580827206182e+03,1.727149107827557827e+03,1.525012742264010740e+03,1.844977156072098069e+03,1.449212039187495520e+03,1.394221466874203770e+03,1.342982511141719442e+03,1.694708729302086795e+03,1.917712514070858333e+03,1.330402349012349077e+03,1.383128765993399156e+03,1.588927056717580854e+03,1.443084252632842208e+03,9.829772075822285160e+02,1.413080854664900016e+03,-7.785460091024087603e+01,1.150301397028706560e+03,1.211070724084353742e+03,1.165623690095624170e+03,1.179112330571375651e+03,1.244115995519477110e+03,1.265913177948475322e+03,1.276270475219035006e+03,1.388702059458508984e+03,1.133711998763855263e+03,1.173511129095201795e+03,1.280192218623945564e+03,1.491519586946474874e+03,1.517122469593666665e+03,1.611196354206916794e+03,1.679345809004682224e+03,1.631340008802427292e+03,1.860771380278274364e+03,1.847484277836967522e+03,2.058305502790977698e+03,2.033187043361494716e+03,2.217289926190288043e+03,2.244460622688997319e+03,1.664603074677096629e+03,1.700901800228679804e+03,2.181922393607242157e+03,1.705586653350859706e+03,3.041489032786507778e+03,1.948177951558649283e+03,1.558796173315119631e+03,1.780571218038126972e+03,1.842335214035004583e+03,2.415735412095687934e+03,2.538031467747378883e+03,2.538903260034288451e+03,2.556436005266121811e+03,2.409207589984437618e+03,2.585981132657690523e+03,2.765340623253620834e+03,1.971742183614859186e+03,2.588319372091120385e+03,2.292995125562440080e+03,2.873153805738336359e+03,2.624531941497744810e+03,2.516538548715606794e+03,2.703139827389291440e+03,2.525763436349108815e+03,3.108187176236072901e+03,2.391580630442846541e+03,2.439165935264288237e+03,2.664366360156655446e+03,3.686841071905815625e+03,2.360490031896138134e+03,2.745269760049812703e+03,2.111519845561794227e+03,3.046805335545338949e+03,3.025199850277100268e+03,2.363581377920881096e+03,2.173635666457814295e+03,2.791676541051974709e+03,2.071538946879214109e+03,2.454683381863405884e+03,2.477027828095982841e+03,2.513848633467958280e+03,2.241684454394692693e+03,2.653388350276951314e+03,2.447334512244780399e+03,3.498533935718945031e+03,3.103661730307801918e+03,2.738200923180333120e+03,2.566823965528569261e+03,2.183559117343574144e+03,2.212642520867322673e+03,3.103240746714206580e+03,2.045089161698815133e+03,2.906621424541390752e+03,2.152345446515295407e+03,1.655966682428811282e+03,1.972652147794478424e+03,8.048860836237334979e+02,-1.425370474430413310e+02,-1.501255501853040109e+01,-1.154955574479753277e+00,2.555270380408807274e-01,2.691888883289818568e-01,-9.130048930057618861e+01,-9.590873165014185986e+01,5.813378192705562242e+02,8.885258566821732984e+02,1.199427978935221063e+03,1.642621076019522206e+03,1.702258653387590130e+03,1.190569157314435643e+03,1.196125924763143757e+03,1.475947305691001475e+03,9.222578748126866230e+02,9.733079042653754414e+02,1.082825452378512637e+03,9.320048388626020142e+02,9.022206929460386391e+02,1.201914835912749368e+03,1.025086581730802209e+03,9.047772286099879011e+02,1.075828906612518495e+03,1.107387194937366985e+03,1.278213761623429718e+03,1.367278465988560583e+03,1.149652321025756237e+03,1.199272747441248157e+03,1.532842492546496942e+03,1.601129455903158942e+03,1.256942942137529144e+03,1.582226811310501489e+03,1.562867181296262970e+03,1.471208504777768894e+03,1.597951299645560994e+03,1.751122231333016089e+03,1.854249188295823615e+03,1.573845920752518168e+03,1.425975315703427896e+03,1.589714923734618878e+03,1.881097821150759955e+03,1.841856352243928541e+03,1.552413803475962595e+03,1.303487376501465860e+03,1.512098292342961031e+03,1.684012997062483919e+03,1.569772935174389431e+03,1.431275197605230460e+03,9.377120239206082033e+02,1.374300876244123629e+03,1.459916980132114077e+03,1.486074920616889585e+03,1.681321613680254814e+03,1.810563775502332192e+03,1.622926516042126195e+03,1.421994251312695042e+03,1.540640805364594826e+03,1.753441731080633645e+03,1.754170991060407914e+03,1.114587769327570186e+03,8.730099306450819086e+02,7.687951546900367248e+02,6.764598597745512052e+02,7.502530769698419135e+02,7.658620797438787804e+02,6.847414018191384457e+02,8.618870191306608604e+02,8.337541569832064852e+02,8.137923972369679859e+02,7.910210519983478434e+02,8.254198275883742326e+02,1.085783812775803426e+03,1.030513919272669682e+03,9.224511007884098035e+02,9.901989593958902560e+02,1.107538014857620738e+03,1.336742948476428865e+03,1.170913655318869587e+03,1.402961278659255186e+03,6.660086879997841436e+01,2.355193980751524585e-01,-3.413223990447366435e-03,-1.413975452349974352e-05,-5.458211860663202321e-09,1.102363042256228803e-10,7.562441396491440564e-12,5.011547960654106903e-13,3.234269496795583979e-15,-1.220665832902406511e-16,1.293567159603750750e-18,-3.990904115558845368e-19,3.791856239019403778e-21,6.802826366385612879e-22,9.122322504972375586e-23,-4.842289871105798078e-23,2.316242856598663013e-23,-2.828455110089406666e-25,-1.042979407600622690e-25,-2.374576193470944429e-26,-2.043886171049792141e-26,1.179715501092846362e-26,-1.139914635634180620e-25
-4.409012385284099078e-16,5.287828584173706048e-01,3.820375117031074574e-01,3.919537973601461278e+00,2.905927156484946483e+00,-1.224941645431854909e+01,-1.176626881447114492e+01,1.432303364818996442e+03,1.751610106593417186e+03,2.373189561796242742e+03,2.794802568900824554e+03,2.647693186589013749e+03,2.546523892207753306e+03,2.078210081732707295e+03,1.525639955995626451e+03,1.963730219267350321e+03,2.110529937479560886e+03,1.777556084175020032e+03,1.302831622505639871e+03,1.143476503672182616e+03,1.305733455586074115e+03,1.214028207749156081e+03,1.011332600000546563e+03,1.243340714726061606e+03,1.317019652727606172e+03,1.698661265603163656e+03,1.795958146613687177e+03,1.575903031607797629e+03,1.522583705828881648e+03,1.597168893527357113e+03,1.662304846129507496e+03,1.511588072256898613e+03,1.331051092246988901e+03,1.575100989808173836e+03,1.662111703677362812e+03,1.585798099192657901e+03,1.670352262368505762e+03,1.754168677745660943e+03,2.093868489915022565e+03,2.056394655743116800e+03,1.730488054193422613e+03,1.651914509157167686e+03,1.853751509634009608e+03,1.391907393846659488e+03,1.462215693953162827e+03,1.212445500955622947e+03,9.652551337892344918e+02,1.049071215044749806e+03,1.201199057158606138e+03,1.231965318170319051e+03,1.328839649797210313e+03,1.809356441068822278e+03,2.164164595662537977e+03,2.418849063207392192e+03,1.450760427289975269e+03,1.541559715063499652e+03,1.618148582315218391e+03,1.632662456051508343e+03,1.908578136186847814e+03,1.899272305166118031e+03,1.455845717928210661e+03,1.613215609333385601e+03,1.363414183762624589e+03,1.880756768350338689e+03,1.954673825432532567e+03,1.711084372693242585e+03,1.442611457154778464e+03,1.711766319384546023e+03,1.464770231435031974e+03,1.349220593852148795e+03,1.227296227524453343e+03,4.230753805643601027e+02,1.027784091325700501e+03,1.159616057444831767e+03,1.139598783113377067e+03,9.717509107258167660e+02,1.243213343792968544e+03,1.268903044085372585e+03,1.533048919148831601e+03,1.418401654720221586e+03,1.073332007256376073e+03,1.222222414553189083e+03,1.494448759848432019e+03,1.430032975372117107e+03,1.531040204965054045e+03,1.744264376682463080e+03,1.268389742113085958e+03,1.769828805520967762e+03,1.766956835644341027e+03,1.530162597657970764e+03,1.993454536163161492e+03,2.017161432969948919e+03,1.865648537914427152e+03,2.163122928232224240e+03,2.289524033956803578e+03,1.793079769840673862e+03,2.087945161350388389e+03,1.649591886288769274e+03,2.965003133634296319e+03,1.787105648451770094e+03,1.624139376638052227e+03,2.125357667437408054e+03,1.940131615922975243e+03,2.555211910221343715e+03,2.383503200859453955e+03,2.748437738090997300e+03,2.934588054746182024e+03,2.483417509432969837e+03,2.592892948021819848e+03,2.232975523118231195e+03,2.382734003051744821e+03,2.534793235106518750e+03,2.332198043197553034e+03,2.620964407156598554e+03,2.064351040774045941e+03,2.485771744517425304e+03,2.772687826388467784e+03,2.665023356095366580e+03,3.238042142253391376e+03,3.341788253311626249e+03,2.960141233594299138e+03,2.469327933725755429e+03,3.190127578183376500e+03,2.211771331482291771e+03,2.454054109326211801e+03,2.376070312213623765e+03,2.978730627226604156e+03,2.579089094229583225e+03,2.509472391157414222e+03,2.444775343663468448e+03,2.866948217559282057e+03,2.162569336333903266e+03,2.075730567832099950e+03,2.695912967083093008e+03,2.484664122915336975e+03,2.570539550220486944e+03,2.435717038448515268e+03,2.879751382325313898e+03,2.903572100700715964e+03,2.667349530371723176e+03,3.629597878848164783e+03,2.342399348531748274e+03,2.348907451731734000e+03,2.267353016988546187e+03,2.308023203708187793e+03,2.587656174425133486e+03,2.357836477656678198e+03,2.071297262000708542e+03,1.299395524284107751e+03,2.070472753546823697e+03,-1.836830279699422306e+02,4.262441281395086179e+01,4.502735004944346642e+00,3.546653495609598528e-01,-6.612409406564478953e-02,-6.991768533271659758e-02,2.733964387997932022e+01,2.866479830310504084e+01,-1.354775646579333852e+02,5.871703658435881152e+02,1.244252872349490417e+03,1.361962077402430396e+03,7.965796981469896991e+02,1.169643918779593832e+03,1.012578562545740738e+03,1.322738062403280992e+03,1.112966054860482245e+03,1.345770213224131567e+03,1.169110438444103920e+03,1.170988499117524952e+03,1.232542071900987139e+03,9.037848958181032231e+02,1.069048448131851956e+03,9.427928694577003625e+02,1.007506203598268939e+03,9.345187736113249457e+02,1.374003194600317556e+03,1.589939083228588288e+03,1.199820528220569258e+03,1.121174399483845718e+03,1.637684933801615443e+03,1.716425617804592321e+03,1.252728560170350192e+03,1.465358005104174254e+03,1.497881155103922310e+03,1.692373893128187774e+03,1.619523564968308847e+03,1.754072100350677147e+03,1.701659405355811487e+03,1.516776991687439704e+03,1.847176455469669463e+03,1.683550286146620692e+03,1.710685556190342822e+03,1.567688112160288483e+03,1.465298812522121352e+03,1.473395196016937234e+03,1.462781133679890218e+03,1.459117096597931550e+03,1.648069876265780294e+03,1.369070135734575842e+03,1.000313726070146231e+03,1.224168226756908780e+03,1.055492884443830690e+03,1.553005381073147873e+03,1.609921030614273150e+03,1.589748752520890775e+03,1.754285796171722950e+03,1.199159792399068465e+03,1.447996319108343869e+03,1.752651849428925971e+03,1.466694336370729843e+03,1.159862623833721500e+03,8.548858485347567466e+02,5.757870355291273654e+02,6.813156702774888345e+02,8.641735846614296861e+02,7.823498214225771790e+02,7.162996863734202861e+02,8.088608691831518627e+02,8.736546010647290359e+02,8.086550217401601230e+02,7.046998427200444439e+02,8.370784281477384638e+02,1.105671011942472205e+03,1.209028126720034606e+03,1.104763967306966379e+03,1.058309378991667700e+03,1.275049740186977033e+03,1.315320159833153866e+03,1.044590839331420739e+03,1.699244874975495350e+03,-1.993566709759850397e+01,-7.049812411839898041e-02,1.021681825311973905e-03,4.232458884625688902e-06,1.633808971530073956e-09,-3.299693032064355013e-11,-2.263638835519347498e-12,-1.500163687132330991e-13,-9.695333611276535753e-16,3.589786778603442255e-17,-3.572259692160846270e-19,1.151266294269813007e-19,2.161818551519013715e-21,1.378523046215743169e-21,1.376373297939130968e-22,-3.420229626318428335e-22,1.884515939073860315e-24,-1.437852446869203257e-23,-5.912978755677763156e-24,-6.463125972030549654e-25,1.626073271709471371e-25,4.798597358730374728e-26,-2.107639666037178854e-25
9.272996350016929127e-17,-1.349100335781121263e-01,-1.018725758289049793e-01,-9.996738920599262945e-01,-7.413536828161483294e-01,3.125013990564653010e+00,2.373664743316464154e+00,3.737726024114446091e+02,2.209538634902973627e+03,2.547278975415376408e+03,2.847763383646959028e+03,2.615939152532693697e+03,2.279948921059426993e+03,2.429539502770044237e+03,1.853577885162168968e+03,1.979114338681688650e+03,2.278121386876264751e+03,1.912037993695991645e+03,1.353685757829473459e+03,1.220967796863818194e+03,1.305682600194316819e+03,1.347768049870533332e+03,1.089997386618295650e+03,1.286364836843112244e+03,1.687518996407418854e+03,2.078924175513114278e+03,1.588242073510891260e+03,1.656491953454382383e+03,1.592936669435100384e+03,1.720208899082864718e+03,1.734204717759791492e+03,1.458807633830142322e+03,1.351200352168171321e+03,1.514039354173931088e+03,1.596605988073744584e+03,1.652476784963244199e+03,1.556792000647887562e+03,1.742894787175284819e+03,1.805385702078681334e+03,1.554029761274025532e+03,1.522773728404720941e+03,1.394722625497877743e+03,1.581361237464287569e+03,1.309713836391775885e+03,1.146451017460478852e+03,1.159263917329681362e+03,1.101773558386021932e+03,1.177299716848692924e+03,1.259957198154124626e+03,1.307720682957383815e+03,1.468289548936571009e+03,1.883943099503456551e+03,1.639701097741823105e+03,1.537993622999976878e+03,1.177844573302224944e+03,1.404775431301397020e+03,1.336600761629833869e+03,1.485197349752733544e+03,1.851062977844639590e+03,1.507704259301971206e+03,1.302700005167556583e+03,1.711909133542286554e+03,1.232711233393925568e+03,1.673469363309594883e+03,1.898666294861129018e+03,1.852525383454832763e+03,1.463192009239642175e+03,1.546699486512027306e+03,1.568127331365557893e+03,1.384310508185743402e+03,1.347915707007192395e+03,1.083246504070419860e+03,9.680494389789772640e+02,1.047080362774189325e+03,1.467832743006950068e+03,1.034770991379787120e+03,1.386361474379770243e+03,1.696473537094467247e+03,1.870417733111193456e+03,1.418131977678300473e+03,1.319745974002887351e+03,1.165834914509619693e+03,2.025139150191667795e+03,1.418135302134319090e+03,1.808403839570274613e+03,1.705472144249641360e+03,1.410617526371821896e+03,1.653238304792209647e+03,1.440711311926607777e+03,1.401252883755399807e+03,1.930205023304781207e+03,2.288170727631586942e+03,2.152822521312530171e+03,2.246785088337930574e+03,1.839350595318917840e+03,2.497945259023000290e+03,1.976025756191727623e+03,1.840398986775487174e+03,2.245948933854873303e+03,2.044416703434150577e+03,2.041571693405956921e+03,2.592275383140070062e+03,2.173973789053354267e+03,2.292243957612139184e+03,2.425250550948077944e+03,2.859970463668430057e+03,3.005668465746355650e+03,2.046676049247221272e+03,2.696424379882768790e+03,2.117055572604403096e+03,2.619920430052450229e+03,2.626014474655893537e+03,2.120569642911610117e+03,2.343819167762438610e+03,2.654692841110720110e+03,2.352868266515681626e+03,2.849203098638368829e+03,2.290307881741766778e+03,2.663652697817131411e+03,3.398009200147618685e+03,2.815694563341663525e+03,2.159680336566812457e+03,2.549954608515701239e+03,2.366236789197958387e+03,2.384504295150573853e+03,2.954255275016329051e+03,2.674075711582866006e+03,2.954467389056796947e+03,3.426331687372822671e+03,2.812261044514176774e+03,2.684404982235583248e+03,2.785686518081776740e+03,2.416964714630220897e+03,2.753153024539829403e+03,2.345349430692305305e+03,2.838476967556572617e+03,2.543167988504632376e+03,3.155430823764372235e+03,3.405111386019826568e+03,2.464033417407959860e+03,3.977004632939495878e+03,2.039637529669460264e+03,2.342613119607730823e+03,2.647125309617870244e+03,2.006879231123034970e+03,2.354105323703959584e+03,2.148343933896055660e+03,1.604056877205541923e+03,1.196411725862550384e+03,1.061623617508665575e+03,2.922099204567997077e+01,-1.073894663709995712e+01,-1.169542256888266962e+00,-1.137464012525262191e-01,-1.036456450606480784e-02,-1.017537218945376715e-02,-6.985385168710776860e+00,-7.180309963120833139e+00,3.645936051782360465e+01,-1.081344675270344879e+02,7.706725223944914660e+02,1.150033815708184648e+03,1.815451224533545087e+02,1.332224919557269686e+03,1.556953324523833999e+03,9.623016945891569094e+02,1.352074078839856838e+03,1.593878527560738576e+03,1.337410326275407670e+03,1.318293165578873641e+03,1.629627261354389930e+03,1.201869259708839309e+03,9.156058931396803473e+02,9.972054671674804922e+02,1.035411405948789707e+03,9.707985077551786617e+02,1.334054645312988669e+03,1.215326779487697650e+03,1.236301954088870161e+03,1.358911818540679633e+03,1.545649024358759789e+03,1.806823512765593932e+03,1.570701667360612646e+03,1.502662896502846706e+03,1.819953736585541719e+03,1.582484427701638879e+03,1.935167921124754457e+03,1.499840411874103893e+03,1.524036110209681738e+03,1.605298448966093929e+03,1.884107667833744927e+03,1.932265613494128729e+03,1.674812738604150809e+03,1.734791847616530731e+03,1.607480698452797242e+03,1.694998408550988415e+03,1.410736234725123268e+03,1.212149534255704566e+03,1.389728273814140493e+03,1.347737593422619057e+03,1.052022174839118861e+03,1.059833177925981090e+03,1.061958859286403822e+03,1.592862406038049130e+03,1.729990522835489173e+03,1.791509072622869326e+03,1.568488962391326822e+03,1.127886363739159606e+03,1.255331792735179988e+03,1.708897120268600020e+03,1.417199560365319712e+03,1.245458666568742728e+03,8.635901760039550936e+02,7.849112958451650002e+02,8.337464776638200874e+02,9.963995205749463366e+02,9.256792016578918947e+02,9.436928740730440950e+02,8.570430176139485638e+02,8.371132577649743780e+02,9.588521415628449631e+02,8.537520533826999554e+02,1.037402531570072142e+03,1.349537536037249765e+03,1.191664359625465977e+03,1.135430394930619286e+03,1.034596446806740232e+03,1.197131281090206812e+03,1.115978537850923658e+03,1.141063484383478908e+03,1.220733611223389289e+03,5.073303942666785638e+00,1.794062918936414897e-02,-2.600014540397571736e-04,-1.077092143511433633e-06,-4.157780311372622912e-10,8.397291405598696102e-12,5.760896167744128008e-13,3.817451831121235184e-14,2.468698753627470169e-16,-9.143799595469164014e-18,1.241625150792632765e-19,-2.595830147459168217e-20,1.817624539598203879e-21,1.124484165013567729e-21,4.601853904990819935e-22,-1.846063991246086330e-22,1.892231513824615928e-23,-4.319363642910594972e-24,-3.104139645292301246e-24,-1.947241197439070983e-25,-3.158198825185215652e-26,-6.429070223104412233e-26,-1.569553033866012332e-25
-4.771649930658825028e-16,2.706134741180366704e-02,2.906035341335536787e-02,1.998757498304016555e-01,1.486192340822099223e-01,-6.264131576004887680e-01,7.550151630742335529e-01,2.634785443918956389e+03,2.572074693773046874e+03,2.460192583169202408e+03,2.623606690665609676e+03,2.614240078674444248e+03,2.510689944468439535e+03,3.357311458038857836e+03,2.514991393124378192e+03,2.028085847641675173e+03,2.361814548167820249e+03,2.001819593673295003e+03,1.616598371783299626e+03,1.433014085014382999e+03,1.258443510583086208e+03,1.359776199427421261e+03,1.356032704857001590e+03,1.484830945243956876e+03,2.246579768483729822e+03,1.709959628903483235e+03,1.383177619802235540e+03,1.544681824913901892e+03,1.459819859275603449e+03,1.532897533864355637e+03,1.582253587336628698e+03,1.741976298317209057e+03,1.722120117798047431e+03,1.631684707856391924e+03,1.659703989298158376e+03,1.741469401317626534e+03,1.543064683616700677e+03,1.719276322163235818e+03,1.668989968305810407e+03,1.375737918442503315e+03,1.558332774100586221e+03,1.417947259294975765e+03,1.573658281025976521e+03,1.451624728341707169e+03,1.067414119064840179e+03,1.137998551412973256e+03,1.211280681649556527e+03,1.298942395880429103e+03,1.391723975965094724e+03,1.330736744778947696e+03,1.503003141053489799e+03,1.987191833262130103e+03,1.835944534771047302e+03,1.063243776285856256e+03,1.616334956672135149e+03,1.225428343324414527e+03,1.406000152289979496e+03,1.606723452581981746e+03,1.483565370544710731e+03,1.359391279123163940e+03,1.627133833307674422e+03,1.379656039049481251e+03,1.102555224026821861e+03,1.406862025172021731e+03,1.680708159221352616e+03,1.538105953590260697e+03,1.367259436399135893e+03,1.464522891811109957e+03,1.458627749508822035e+03,1.315883854413023300e+03,1.254340878894130128e+03,9.160712893066249762e+02,1.134523971434930218e+03,1.415014430193721864e+03,1.443939160485566390e+03,1.250575408260354379e+03,1.493107867505188779e+03,1.816570122760160984e+03,1.682130985120222249e+03,1.419894324345721543e+03,1.825385694340373220e+03,1.390378444840174097e+03,2.003916891087230397e+03,2.082643702574688632e+03,1.656078588065991198e+03,1.510107825480189604e+03,1.817991046176142390e+03,1.452614511454285775e+03,1.389341232964460005e+03,2.229037267297097515e+03,2.323041052353175473e+03,2.342315115207120925e+03,2.587324662635009645e+03,2.769266046663276484e+03,1.821980645794780912e+03,2.932351793257417285e+03,2.263775021566544638e+03,2.181142617020260786e+03,1.909237716141404917e+03,2.666396840823990715e+03,2.218745765907805435e+03,2.709024204178072523e+03,2.297166839352159514e+03,3.083753808667692283e+03,2.734799046341547637e+03,2.310710328993137409e+03,2.894497150553328993e+03,2.197807818006027901e+03,2.753965572340919607e+03,2.391551449053127726e+03,2.108912296579107533e+03,1.726833914357893264e+03,2.014182276322389498e+03,3.140893332236792958e+03,2.649571244658985961e+03,2.026703252624319475e+03,2.805132540506728674e+03,2.352723610504512635e+03,2.688322763739195125e+03,2.546962555459105261e+03,2.252791701938743245e+03,2.152835410918809885e+03,2.503540664926635145e+03,2.511320421056610485e+03,2.477353450118620003e+03,2.916440532795978925e+03,2.167128220107973448e+03,3.056331514627123397e+03,3.352009183460403165e+03,2.932278415405298801e+03,2.345488562157593151e+03,3.086098691451136347e+03,2.386805201811991083e+03,2.433764213619943803e+03,3.101877253433845908e+03,2.125487563910570316e+03,2.697798113478170308e+03,2.388118127935859775e+03,3.411272293483918929e+03,2.592641090762552267e+03,2.668077157045375316e+03,2.284474726494163406e+03,1.698022053926358012e+03,2.609700905572341526e+03,2.037145647050939488e+03,1.912395313064294896e+03,1.760452983428579273e+03,1.580970360138321439e+03,1.845290192203843162e+03,-1.446285140648983258e+02,2.870906502802114701e+01,1.887705639416403125e+00,2.752463543546014857e-01,6.839280197196745403e-02,5.544555550520095105e-02,5.693341325298555827e-02,1.421046167639241631e+00,1.179614361758664964e+00,-1.102563967657516208e+01,3.458505705417125142e+01,-1.215341096481146081e+02,1.800071762349642313e+03,1.496928035079474512e+03,1.489911288959223612e+03,2.028965504094405787e+03,1.264104501201547691e+03,1.445605328997023207e+03,1.529002734856377401e+03,1.370487975071802566e+03,1.165216089286059741e+03,1.087501737836146958e+03,1.224196683765361740e+03,8.091159049540340220e+02,1.019306339685250578e+03,1.167340186381634339e+03,1.069406609948493951e+03,1.072417369243517442e+03,9.945738476280221221e+02,1.294640244483654897e+03,1.458200927459706691e+03,1.290035299259658586e+03,1.877847344437070205e+03,1.554961713348913236e+03,1.414855331033964376e+03,1.266898576899228374e+03,1.686034161289447638e+03,1.792344671443284597e+03,1.451675702260702792e+03,2.068854535852304707e+03,2.273793580571272287e+03,1.616420592701368605e+03,1.717336351723296048e+03,1.619557962684785252e+03,1.754117560935391793e+03,1.681383128776235480e+03,1.593985026856407103e+03,1.285781037612124919e+03,8.686963346025227111e+02,9.547378826246969084e+02,1.148567935294636527e+03,1.048198114864713261e+03,1.106334746646935173e+03,1.521284458100135453e+03,1.805664092290074450e+03,1.714798597703551650e+03,1.614702543788477669e+03,1.631024629998512864e+03,1.333668668494643725e+03,1.308042551757106139e+03,1.328964413998651253e+03,1.215959686050691516e+03,1.022188354576999245e+03,8.365800380638080469e+02,8.567088215124310864e+02,9.112977748434041132e+02,9.689246252231175731e+02,9.309707780775875108e+02,8.542781001546577500e+02,8.930038802226448524e+02,7.704175584691295171e+02,8.861057571524771674e+02,9.576345717535646145e+02,1.127885460299015676e+03,1.391541413025195425e+03,1.116408454207544537e+03,9.756385704806316426e+02,8.267357906133573806e+02,8.918526436623432119e+02,9.775340134756437465e+02,1.182869468575562450e+03,-1.221138789881489117e+02,-9.922779190235583302e-01,-3.508973717936835716e-03,5.085319244850156138e-05,2.106664134514876236e-07,8.132128256347951763e-11,-1.642308102121491898e-12,-1.126592325597515236e-13,-7.468755757153633930e-15,-4.960660505426012856e-17,1.899600352031664066e-18,5.032881563366645896e-20,3.944159986381139393e-21,-1.040998946464000447e-21,1.174085571282813938e-21,3.056559488175849822e-23,-1.007692336235161884e-23,2.507070241744326339e-24,-1.605882912800028573e-24,-3.491209197968222468e-25,1.200577764965408789e-25,1.499979814996440945e-25,2.150619712008837464e-26,4.347508608239876349e-26
-2.690887251046641254e-16,-2.322931542224713781e-03,-8.061013313005750344e-03,-1.673974498868081515e-02,-1.270093417524999040e-02,5.349511823841816144e-02,-8.592927011297124551e-01,1.811671038456710221e+03,2.348741041690871953e+03,2.209825429919982980e+03,2.672214946081178823e+03,2.794285319444156357e+03,3.334245399752339381e+03,3.220333446244221250e+03,3.132231664217653815e+03,2.356853214812463193e+03,2.123941292984192842e+03,1.946238067667491805e+03,1.864745101707361755e+03,1.311113848961941130e+03,1.293735942215558225e+03,1.583226592021745319e+03,1.430900614958331971e+03,1.746643001216471021e+03,1.435635096969934466e+03,1.337789445601329589e+03,1.512890649091804789e+03,1.495327773055968237e+03,1.341304540763203477e+03,1.755955338407976797e+03,1.636996565897373330e+03,2.026172370363223763e+03,2.447901275556653218e+03,1.765822447297599410e+03,1.522359064619509127e+03,1.532923356715481304e+03,1.484531155668745441e+03,1.581213421743187610e+03,1.579296565090504600e+03,1.274165275840452523e+03,1.594621480077576962e+03,1.231939950341154372e+03,1.070692575650129811e+03,1.164730786942353461e+03,1.105340341371104387e+03,1.081931214735170897e+03,1.321405707231457654e+03,1.233781120527792837e+03,1.270317185572512699e+03,1.358358397370275497e+03,1.568287228667268437e+03,1.751526453628255922e+03,1.742375352073405566e+03,1.511838870627991582e+03,1.463720804024496374e+03,1.474147614671324618e+03,1.998923289734650552e+03,1.562079872836404547e+03,1.234519087773148840e+03,1.538979280789722907e+03,1.863388381485607397e+03,1.482782976358914539e+03,1.623167820303786129e+03,1.393996372082805010e+03,1.488374128813361040e+03,1.700500792757017962e+03,1.095957885110450434e+03,1.163873173062518845e+03,1.428258030695896196e+03,1.084527008744703153e+03,1.127653975392925531e+03,1.404211157663711674e+03,1.418152268092653685e+03,1.490549033409171670e+03,1.033745065014692500e+03,1.167678281529764945e+03,1.389081000198255424e+03,1.305110614468620952e+03,1.736550366578878766e+03,1.578152667721115449e+03,1.742909091368013833e+03,1.300998457935658735e+03,1.445097639500838341e+03,1.746851918355695943e+03,1.842458101808757419e+03,1.585804470246481969e+03,1.689581200146807987e+03,1.196049940696848353e+03,1.511919717209189685e+03,2.606380623766239751e+03,2.301880831763944570e+03,2.342793900800289521e+03,2.187339965301237044e+03,2.341941147624583209e+03,1.899189775514783378e+03,2.645279337176964418e+03,2.262123895728254865e+03,2.342242842654331525e+03,1.932172996837589380e+03,2.512722711955525028e+03,2.677866000469064602e+03,2.626824993145279223e+03,1.855077246297691772e+03,3.185255054855526851e+03,3.089223758141979943e+03,2.132180821572513651e+03,3.080614675194892698e+03,2.335498818933966504e+03,2.319234300523267848e+03,2.212177283349295067e+03,2.381079952380418035e+03,2.086254118858903894e+03,2.429950114250712886e+03,3.418731826321365133e+03,1.831862284697564746e+03,2.613568871478958954e+03,2.777921157073497398e+03,2.909147789710684265e+03,2.286185757588945762e+03,2.496941851339330242e+03,2.248190352680740489e+03,2.498683875043503576e+03,2.509373490769977252e+03,2.592418991507939154e+03,2.347571726292092535e+03,3.088202564907025589e+03,2.312084088444667941e+03,2.103112122754132997e+03,2.201132821610994597e+03,2.905023812083737084e+03,2.962950490231901767e+03,3.332073593614439233e+03,2.218628196365388703e+03,2.219443570057131183e+03,3.099290921799790340e+03,3.107068322021657423e+03,2.871998800836700866e+03,2.459354420971560558e+03,2.206011320057854391e+03,2.567383385992281546e+03,2.640336590540268844e+03,3.523734283207217231e+03,2.602062668541625044e+03,2.459510224107106751e+03,1.781170895917780854e+03,2.026002860056659301e+03,1.885263312674001554e+03,2.089871781159366492e+03,2.119696392014307548e+03,3.957517128137431683e+01,-2.477339255890417036e+01,9.873293201342741091e-03,-4.985934184828932220e-02,-3.528233711125706995e-02,-3.919794801138620777e-02,-4.031029988954082377e-02,-1.347985677617216937e-01,6.695849525021685400e-02,3.342075235066574557e+00,-1.128989388488183820e+01,3.815151000057807806e+01,1.772951247757780493e+03,1.378677775657101620e+03,1.576116726519637496e+03,1.228240905021254775e+03,1.446944036141321021e+03,1.473943387684174922e+03,1.671303246591702873e+03,1.443157583815706857e+03,9.137425502526358514e+02,9.495655791838597679e+02,9.349203111717403090e+02,9.729608787850803537e+02,1.092327927508299581e+03,1.177274144281645249e+03,9.440125599827704264e+02,8.858352888815928736e+02,1.282462235932552176e+03,1.155736724499232878e+03,1.507602054035482752e+03,1.380260405752767610e+03,1.554659690899576617e+03,1.398812986137697862e+03,1.312539194576414957e+03,1.349532066026085886e+03,1.692109289568888471e+03,1.478912805819935556e+03,1.349365237727422027e+03,2.401521834587252215e+03,2.309721150783766006e+03,1.442290511421291512e+03,1.274779677513481374e+03,1.715876530666195094e+03,1.468102812197652611e+03,1.862340146694099531e+03,1.705166361064998682e+03,1.469834249899676934e+03,1.012411297628005514e+03,9.655031874316792937e+02,1.582546141713106181e+03,1.422632746602823090e+03,1.414217485533860781e+03,1.716624927967035774e+03,2.081074695647077988e+03,1.650242872288313038e+03,1.708034311201839728e+03,1.764073831734242958e+03,1.257229560922562996e+03,1.482513821277724219e+03,1.448928623386861773e+03,1.056703798108354931e+03,9.678521063124383090e+02,8.236708515148886818e+02,6.948200076034127051e+02,1.006922996134808159e+03,1.112180520758560988e+03,1.048385829746851186e+03,8.294374614111308119e+02,8.690553888839903038e+02,9.164490877211426323e+02,7.858373193970180637e+02,9.185798048794251827e+02,1.301383124393683374e+03,1.429326286060582561e+03,1.177376908539522219e+03,1.300690838253322454e+03,1.122125320574507214e+03,9.228884214521949616e+02,1.095160131138290808e+03,-2.732367554743944282e+01,8.467688873564169327e+00,6.880709026705840448e-02,2.433212174984304363e-04,-3.526290504151989350e-06,-1.460814837561921888e-08,-5.638971816092992266e-12,1.139041961586846103e-13,7.815570434497714936e-15,5.190874419347688226e-16,3.639591654003826957e-18,-5.359603190035812617e-20,6.203740550242893711e-20,2.447015946474078995e-21,1.219915526821027891e-22,-2.908588385241940987e-22,7.004421937086155969e-25,-6.282515569199800277e-24,1.168461215898695176e-24,-1.124991077362698823e-24,3.773875239102887456e-25,3.449878792132469097e-25,6.285209882169986586e-26,1.662372107508910469e-27,-2.093285729064435031e-26
-4.433784172768224810e-16,-6.034962404380847870e-03,-5.984180689067423314e-02,-4.057233909274828021e-02,-3.260239408923506360e-02,1.370523173261008476e-01,-7.784384939379376256e+00,2.471648406157821228e+03,1.763520621632175335e+03,1.561605900146546901e+03,2.505974577003728882e+03,2.748991083466636610e+03,2.816518294185641025e+03,2.901504408034873904e+03,3.144699778640433578e+03,2.410160890017933525e+03,2.050182999239808851e+03,1.712625677830480981e+03,1.565987290792669455e+03,1.536127997261455675e+03,1.689096584157223106e+03,1.762206609640078796e+03,1.602386416765052672e+03,2.109358487947926733e+03,1.531881087760593346e+03,1.054505784135824342e+03,1.032897094512232115e+03,1.029444113285135018e+03,1.188554155442665433e+03,1.572463382528187367e+03,1.832366742564525794e+03,1.623687311445350360e+03,2.039610669054125538e+03,1.751010056940318918e+03,1.860043842660266364e+03,1.744116058410628739e+03,1.429036121170076285e+03,1.388973816017260788e+03,1.427391950732185705e+03,1.631281589527925007e+03,1.516194965388584251e+03,1.071256108586518849e+03,1.204426280505922023e+03,1.065944978699744752e+03,1.315020251333827218e+03,9.605378069078537919e+02,1.062425871067408025e+03,1.078956835654190400e+03,1.435140560564731913e+03,1.574869655094853897e+03,1.598630610685779629e+03,2.198923213291153843e+03,1.726984026576564020e+03,1.729261326407091929e+03,1.507842892702202334e+03,1.877107681328943499e+03,1.700482539988395956e+03,1.525702482034574587e+03,9.803966746226270743e+02,1.212743671055206505e+03,2.006610654892245066e+03,1.841421848985908809e+03,1.597416980105017274e+03,1.341634634299631216e+03,1.805851812030962037e+03,1.223023417523578019e+03,1.245690349924498378e+03,1.416641637204393874e+03,1.457869384644630145e+03,1.120188977333365983e+03,1.195550655670335800e+03,1.387292501157271772e+03,1.338747405678137056e+03,1.488210002056483290e+03,1.139632009897878106e+03,1.254722301325668923e+03,1.296612500141662622e+03,1.294546004502947426e+03,1.805340476597709994e+03,1.395899127258069029e+03,1.680786133927329729e+03,1.529740637706525831e+03,1.579713954545685510e+03,1.797671612829752348e+03,1.704170338720638938e+03,1.515937803000132817e+03,1.447119850717847839e+03,1.477494904034760339e+03,1.744537965923594129e+03,2.424473445296293903e+03,1.823604905179644220e+03,2.634924878168661962e+03,2.117121260843599430e+03,2.175642487696679837e+03,2.313957567054340871e+03,2.387862277036164414e+03,2.792928253600432527e+03,2.346301948616550362e+03,2.136489453589918412e+03,2.528911090354296903e+03,2.611804650584881074e+03,2.179748584557012236e+03,2.279029706255705605e+03,3.311867450103307419e+03,2.573862562419486039e+03,2.297775363170095716e+03,2.234148799886221241e+03,2.239821923456797776e+03,2.194256838346135737e+03,2.540134059727128260e+03,3.488035357720694265e+03,2.740086746689580650e+03,2.669402873209255176e+03,2.239286739754331848e+03,2.018166734497931429e+03,2.344330697564525963e+03,3.006708120595089895e+03,2.555036029436024819e+03,2.258491578928356830e+03,2.524305605724593079e+03,2.731698924289282786e+03,2.818844779319316331e+03,2.580752805559061017e+03,2.489811606656108779e+03,3.278139599259518945e+03,3.059238774849536185e+03,2.973984432166299030e+03,1.882288459313187104e+03,2.810195276758362979e+03,3.222145210988773670e+03,2.730637578044700149e+03,3.009962074443996698e+03,2.764960514148123821e+03,2.789706959822313820e+03,2.870630173048018150e+03,3.891740049236079813e+03,2.322721456736443997e+03,3.049118752054678225e+03,2.570971539815226606e+03,2.846323163855343864e+03,3.086900886017923312e+03,3.547110427832866662e+03,2.914070863364104753e+03,2.565283215371561710e+03,2.196293491076014107e+03,2.092894171196885509e+03,2.638208884549011600e+03,2.699607341446318969e+03,1.589283205966417427e+03,1.528830416868177053e+03,-2.202594680752682450e+02,1.227000648005137862e+00,-3.128492899837954644e-01,-2.971949328300754756e-01,-3.424969646004016877e-01,-3.522676051822107302e-01,-4.397708350958532963e-01,1.349472735811569679e+00,2.542373670860632728e+01,-8.748022225131086316e+01,1.486540615085245008e+03,1.981573030819520000e+03,1.252452203019726767e+03,1.870632637166732820e+03,1.382303295732319839e+03,1.472194171613782601e+03,1.410171841002807241e+03,1.248015553428160729e+03,1.207079641968012311e+03,9.926014680989876524e+02,9.506763322679505563e+02,1.244447466234585818e+03,1.214173688394726469e+03,1.433628898844043988e+03,1.127206913129988152e+03,1.119915072943806763e+03,8.636020150527255055e+02,1.148406491572102595e+03,9.876390755266612587e+02,1.432237823938182828e+03,1.444730373627219706e+03,1.091842872561226613e+03,1.203493738371477320e+03,1.171625749006292381e+03,1.316434115177632520e+03,1.582753703851801902e+03,1.444737189029471665e+03,1.599533504314242691e+03,1.887489407954929220e+03,1.808097745495203753e+03,1.873669966730350779e+03,1.737208272402792090e+03,1.770178507599694740e+03,1.584601080744832188e+03,1.467633898585264660e+03,1.496369935576285570e+03,1.368184944435074385e+03,1.132013035484127386e+03,9.761291963841413235e+02,1.314119611148973945e+03,1.725444398711316126e+03,1.338242123249415272e+03,1.345233735425846135e+03,1.538018627864617656e+03,1.764654765391162982e+03,1.587732596875439413e+03,1.528235574748386853e+03,1.460354108024792367e+03,1.601332374062888221e+03,1.636206618934158087e+03,1.511599619353365370e+03,1.047828908474758236e+03,7.214592041054662559e+02,7.852193392692030329e+02,1.004497383385083253e+03,1.027797970895727531e+03,1.233343782419678064e+03,8.860534762592374136e+02,8.732826143804446701e+02,9.225272094761584185e+02,6.924865427432307570e+02,6.606124505603781927e+02,1.229484501510741438e+03,1.274538224110748615e+03,1.127530342348820795e+03,1.108850083773691040e+03,1.081132938062196445e+03,1.027725435975101391e+03,1.232783743783327736e+03,-2.556093797693101877e+01,7.921411221902914690e+00,6.436812513148211512e-02,2.276237886871908993e-04,-3.298798242032891402e-06,-1.366572995320563641e-08,-5.275236813494989048e-12,1.065393930952132599e-13,7.308132721498951874e-15,4.842184283468346821e-16,3.195744767699434454e-18,-1.267983605763518170e-19,2.385992995105599642e-20,1.844836516235794850e-21,-9.758031460279158575e-23,-9.628469201255714698e-23,1.991152992960116899e-23,2.886694610458385172e-24,3.515921903072992430e-24,-1.288889846602688457e-25,2.017277349432798822e-25,7.968841068279376218e-26,1.831693147873787443e-26,3.351918606366894665e-27,-1.233756029749386983e-26
-2.558036355998625740e-16,3.059800263987614080e-02,3.992965943933213246e-01,1.985149883576538821e-01,1.643255238938554075e-01,-6.901201709686515251e-01,5.315396706817748651e+01,2.374546240441568443e+03,1.820106762780018016e+03,2.030919914726482830e+03,2.333859705008821038e+03,3.003698537238889003e+03,3.244971168732789010e+03,3.140759915288198954e+03,3.200216431062138781e+03,2.469755766700865934e+03,2.532548964737985898e+03,1.607857539190795478e+03,1.416160572760685454e+03,1.385713503329335481e+03,1.532126929234255158e+03,1.729143318428490375e+03,1.562078296281372332e+03,1.540840289535723969e+03,1.677510231308545599e+03,1.196212287520686004e+03,1.249166821492490726e+03,1.074646137545089687e+03,1.263692315391499733e+03,1.295408834121067684e+03,1.569453220275031072e+03,1.466218784479579426e+03,1.650360488623712627e+03,1.488520976354283903e+03,1.759006322588574676e+03,1.805697282936147758e+03,1.533382843745318951e+03,1.449401552376636118e+03,1.131864686864603982e+03,1.398544550023294732e+03,1.647902086301155578e+03,1.177314596876204178e+03,1.053541919025575453e+03,1.225243175893295074e+03,9.359324074519076930e+02,1.163928093997814585e+03,9.668419129913162351e+02,9.286231400775661768e+02,1.591662557563369319e+03,1.635380907858898354e+03,2.071561369305572043e+03,1.630141567341338941e+03,1.447752644781541449e+03,1.442493007261798766e+03,1.687061447485336430e+03,1.624394935632712986e+03,1.326615606019676306e+03,1.064072991368640714e+03,1.165264567350242714e+03,1.348549635911173937e+03,1.849988531328572435e+03,1.783745822144215481e+03,1.786271378142470212e+03,1.353984825515700095e+03,1.613703874671157109e+03,1.245670038383958399e+03,1.285760083218940736e+03,1.462734486892815767e+03,1.329787145751230810e+03,1.424248068856749569e+03,1.180861547556855612e+03,1.236227804226053877e+03,1.255327333859082046e+03,1.239472018993323218e+03,1.211623646382569177e+03,1.224311146159303235e+03,1.259031814022342587e+03,1.239851730494892081e+03,1.398676832423010183e+03,1.418727138410102270e+03,1.396551624785676950e+03,1.986770066161591103e+03,1.430893461171350964e+03,1.704653234279502612e+03,1.432110277109802610e+03,1.807593614624516022e+03,1.390464967811000861e+03,1.711222547017790703e+03,1.660646332793320198e+03,2.221243123577684855e+03,2.230446183786877555e+03,2.688816414078736216e+03,2.291643124009642634e+03,2.364423217791443676e+03,2.119577957663446341e+03,2.482715283604991782e+03,2.805707100492158588e+03,2.609374156502576170e+03,3.013669933310161468e+03,2.733678775100608618e+03,2.952141743256475820e+03,2.554425437289934052e+03,2.369303079638806139e+03,2.743798614730215377e+03,2.488758541642230739e+03,2.647067203934527242e+03,2.856992169880562869e+03,2.953327727493592647e+03,2.246406341097774657e+03,2.865194385203162255e+03,2.396069726701514810e+03,2.333518372716947397e+03,3.136305508861314138e+03,2.376007706625858646e+03,2.107829346551532581e+03,2.253081682759173873e+03,2.900019176201475148e+03,1.998005318531098965e+03,2.166669603104925500e+03,2.663125045938981202e+03,2.584620295457645625e+03,2.787469323746818645e+03,3.361743731578133520e+03,2.291049827245150027e+03,3.188930036783027390e+03,2.572692946609734463e+03,2.836028282689290791e+03,2.688173413932622680e+03,3.249002408318486687e+03,2.278244923305467182e+03,2.353273567969150008e+03,2.458542042642872275e+03,2.490417447185840956e+03,3.064584515917671524e+03,2.980330812527934540e+03,2.992461625808455665e+03,2.634769663358793423e+03,2.921134841090692589e+03,2.702534735515950615e+03,2.991533076481853641e+03,2.846212805480981388e+03,2.914696223034458853e+03,2.924155356340465460e+03,2.317564830528179300e+03,2.786133370342089620e+03,2.568248742438967838e+03,2.994499065721781335e+03,2.589104607696690891e+03,1.765965076745180340e+03,2.161870758831841613e+03,3.124006342803888401e+03,-9.182507319575117677e+00,2.038076608281351731e+00,2.013473550022852887e+00,2.329758109950805345e+00,2.396258302722331646e+00,2.450480002835752735e+00,-9.739769874486809087e+00,-1.701700395812012516e+02,1.434521181259324749e+03,1.838722699898093879e+03,1.755604924120799069e+03,1.500562694696241579e+03,1.353807480374943225e+03,1.518936455952069082e+03,1.621673740142389761e+03,1.502885566762351118e+03,1.354502591024544472e+03,1.070608339492658388e+03,1.543521440225680635e+03,9.955123855054041542e+02,9.457790355148630397e+02,1.052471900259091399e+03,1.222215419188771421e+03,1.063187485410876434e+03,1.178491698112700078e+03,1.203446540253668900e+03,1.106543966155535600e+03,9.590079305082638257e+02,1.098649274542216972e+03,1.347334810216055530e+03,1.258833872940721676e+03,9.770045696081400592e+02,1.247610944375184317e+03,1.360841993497048634e+03,1.766048813031841746e+03,1.661194495507465945e+03,1.338846616943453455e+03,1.725464646972791343e+03,1.694224629356479682e+03,1.274573790984307379e+03,1.667630718178990492e+03,1.460911936522117230e+03,1.767969287962478575e+03,1.593787585418702292e+03,1.447705310934182535e+03,1.412748457953356819e+03,1.254794876457092187e+03,1.430238340793892803e+03,1.176053468108087145e+03,1.671538246068422268e+03,1.602669929666337111e+03,1.435713864143198407e+03,1.577583808012346708e+03,1.863751699287687643e+03,1.651072561461584428e+03,1.621167626385490621e+03,1.699505920509140878e+03,1.270064906789531278e+03,1.204839603499102623e+03,1.503377636635289036e+03,1.033105564257025435e+03,8.465698435691434725e+02,8.251269352122126293e+02,7.545190955598773144e+02,7.643153205607192149e+02,8.892057637012896976e+02,8.938891734843708718e+02,9.263962135692928541e+02,1.046623992261474768e+03,1.070922632821838988e+03,1.068605863291432797e+03,9.584834129390471844e+02,1.048684031045884012e+03,9.353350553808558061e+02,1.146109729027525418e+03,1.201699356233190429e+03,1.184092325244424046e+03,1.335748678887516462e+03,1.761736198149366572e+01,-5.459673233684878113e+00,-4.436443457336526619e-02,-1.568851144866489748e-04,2.273630287025497803e-06,9.418829304155412962e-09,3.635831436578807857e-12,-7.343264633422509253e-14,-5.036875126311775504e-15,-3.341788717545258477e-16,-2.175458451956528853e-18,5.555510596181477167e-20,2.838787937836478751e-21,1.302364320412186566e-21,3.426749142526873432e-22,-3.752140714315620886e-24,1.912912041743201067e-23,-1.144957804991924760e-23,-1.422637301880109111e-24,3.250963678851681146e-25,2.474598332161155085e-25,-2.509132272809993959e-26,-6.336513263320168779e-27,2.878529527416255340e-27,-8.156343624459393158e-27
-3.951209888970993057e-16,-1.297009312930452740e-01,-1.750029368625269033e+00,-8.371693685397670892e-01,-6.959715506279453567e-01,2.922481509875813455e+00,-2.335142256347082537e+02,1.832874845552760689e+03,1.733976715208593532e+03,2.355236254930252016e+03,2.774079191986998012e+03,2.723796839660951719e+03,2.572573430408846434e+03,3.136449118837382230e+03,2.545958414541527873e+03,2.296136144794272695e+03,2.174432748006584916e+03,1.762117890291117646e+03,1.422624801785745376e+03,1.413227571865564414e+03,1.730351806241841587e+03,1.756686109915059887e+03,1.589306641543519390e+03,1.161160205322403954e+03,1.453294774371591529e+03,1.451583254400944497e+03,4.063967156418106583e+02,2.019235645624207336e+03,1.486215670289790978e+03,1.582147584229710446e+03,1.477195108401988591e+03,1.433531269925466631e+03,1.763943119363143296e+03,1.403489925741781235e+03,1.980624464086979515e+03,1.907197992590226931e+03,1.451782186893742619e+03,1.387307757685284969e+03,1.336866372113720900e+03,1.400340364872725559e+03,1.335434520817591419e+03,1.278965782355036254e+03,1.126033988528439750e+03,1.192431806604867006e+03,1.137153471748357333e+03,1.184398606249498016e+03,1.074131884647001698e+03,1.506725048654161128e+03,1.726644143039007076e+03,1.808327449125720932e+03,1.777029941777549993e+03,1.464288322811518810e+03,1.433543079237649408e+03,1.208535046620200092e+03,1.566263186309018465e+03,1.276363676600203462e+03,1.263793387582995365e+03,1.464735542282640154e+03,1.973254663384466312e+03,1.676577901371975713e+03,1.316592896722345813e+03,1.356791233583372787e+03,1.724708567635640975e+03,1.469257933534051062e+03,1.476629197227228815e+03,1.740660678647178884e+03,1.562988364734773313e+03,1.319171432018288215e+03,1.323033469647062475e+03,1.326321468759206937e+03,1.435735659309176526e+03,1.131953726973835728e+03,1.122877449956406508e+03,1.094384172659254546e+03,1.411434391966120302e+03,1.452431384006482858e+03,1.569347607694943918e+03,1.482471519090953961e+03,1.478703028377015926e+03,1.356463919375170235e+03,1.358795626429342974e+03,1.782639064366155935e+03,1.845781197320074398e+03,1.622412160276490340e+03,1.540354221604011627e+03,1.654513260419356357e+03,1.509945813613820064e+03,1.678075883806427782e+03,2.040046229891888743e+03,1.912609384789141814e+03,2.169953811908494117e+03,2.316362305464139354e+03,2.090480693391154091e+03,2.223032585820684744e+03,1.967960539413396646e+03,3.335542782014847489e+03,3.159847255478577154e+03,3.248430032943165315e+03,2.968143806421862791e+03,2.878770078176735751e+03,2.354099795204831480e+03,2.773216648604056445e+03,2.533532833552854754e+03,2.458861205724581851e+03,2.174862206764365055e+03,2.183501132807628437e+03,3.504086346041156048e+03,3.332797039173284247e+03,2.334983471880103480e+03,3.174081638316601584e+03,2.027906423539453954e+03,2.559629036423727939e+03,2.697389844873410311e+03,2.615462382523097403e+03,2.659110643238632292e+03,1.960664577107445439e+03,2.364486244799308224e+03,2.605593289725601608e+03,2.238260921556780431e+03,2.505800060780007243e+03,1.981156073116849029e+03,2.311380459723838612e+03,2.612415305947738943e+03,2.231156732636460674e+03,2.208046866863281593e+03,2.136338555340052608e+03,2.214582374442351465e+03,3.015029441663853959e+03,3.701682104535820599e+03,1.806167703698845116e+03,2.135607023214667606e+03,2.359696143009340631e+03,2.710416729986644441e+03,3.346594198694085208e+03,3.238378059314821712e+03,2.460147617572021773e+03,2.890628343292124100e+03,3.059176826120713486e+03,3.580543145737269697e+03,2.411447983053029020e+03,2.796395345394720152e+03,2.786116510257148093e+03,2.739163135767794302e+03,2.707063911810239006e+03,2.535905022237054709e+03,2.455185611207895818e+03,2.661048818702134668e+03,2.642780131024663206e+03,2.283321664537505967e+03,2.460583069759995396e+03,1.174385376310322499e+03,4.069811931338340116e+01,-8.909938876481561465e+00,-8.838468811137378367e+00,-1.023105179519222041e+01,-1.052310188498220711e+01,-1.051957239517238563e+01,4.302211823105745481e+01,1.277465380520781309e+03,2.030066654850093300e+03,1.686449342377878793e+03,1.701328782645975480e+03,1.663142978719502480e+03,1.039959225102258415e+03,1.249428773768175688e+03,1.323333022747308178e+03,1.513320335400282829e+03,1.236321977020256782e+03,1.187696317532291232e+03,1.198310588893085196e+03,1.140189652594043537e+03,1.093784434774110423e+03,1.112545672939771066e+03,1.171709834403050081e+03,1.044846503519200496e+03,1.269832219451128594e+03,1.195434768923035790e+03,1.093328015847893312e+03,9.245929340066876421e+02,1.039913920262276406e+03,1.021796581772458353e+03,1.330664621568056646e+03,1.272941317334629503e+03,1.295498254784401297e+03,1.415203749266134537e+03,1.654131292510115145e+03,1.635229590549914064e+03,1.484817631475115832e+03,1.407927074747276947e+03,1.798681054589234463e+03,1.143351364975615070e+03,1.466775840968813782e+03,3.642545197509941204e+02,1.542177523994627109e+03,1.515958440256209997e+03,1.395780589788087582e+03,1.473889602673916443e+03,1.562135347735912092e+03,1.660395909758127573e+03,1.439884986023193278e+03,1.647842477257514474e+03,1.921884854484112566e+03,1.797436165438371063e+03,1.769980267361791221e+03,1.727754559059482290e+03,1.542389619912006083e+03,1.655002882516879936e+03,1.933162213513795450e+03,1.405444047500048555e+03,1.222095354587420161e+03,1.379616339047893462e+03,1.105423799686901248e+03,9.090936775576309401e+02,9.793641441117453041e+02,6.654421556588139310e+02,8.214760434868886705e+02,9.478632820753493888e+02,8.551709012118252531e+02,8.556159728751304101e+02,1.049127335644429422e+03,1.200863503271409854e+03,1.153726674128908599e+03,1.066740378507197420e+03,1.239509690348845879e+03,1.190907993678174080e+03,1.226642346803267174e+03,1.213556697712857385e+03,1.071316027039661549e+03,1.135240956373281279e+03,-7.573261927410394279e+00,2.346976549621982766e+00,1.907115739793737233e-02,6.744097474825557241e-05,-9.773766184429995499e-07,-4.048918343632329735e-09,-1.562946765413537588e-12,3.156784801212823229e-14,2.166032217179886763e-15,1.434579126282264797e-16,1.027176437821960846e-18,-4.460742862679236997e-20,3.050784267814362053e-21,-1.800071341539416311e-22,2.914068105945023893e-22,9.136904931997404800e-23,2.812593689607744438e-23,-3.023004418751795768e-24,-1.209291680471468812e-24,-4.504090761060286291e-25,6.328925910847594370e-26,-2.272971363615226074e-27,2.499637326029521437e-27,2.321354548391946680e-27,-8.250958664207174912e-27
1.691207443957698192e-15,4.670096550415031023e-01,6.322364718115070836e+00,3.012784702518410906e+00,2.505746715683834225e+00,-1.052183268714328435e+01,1.104231882779134594e+03,1.892522958408791283e+03,2.212701416926274760e+03,2.110157909545858729e+03,2.661506440462692353e+03,2.347056882817913447e+03,1.585025689265907204e+03,2.607760538872405959e+03,2.448226646841134880e+03,2.180736951815018074e+03,1.778435035425080287e+03,1.713675978788308385e+03,1.471465240920405904e+03,1.456738589742289150e+03,1.686700971188085987e+03,1.564203795021259111e+03,1.753610434116618762e+03,1.624519192492521825e+03,1.725073021725736226e+03,5.943228020025696878e+02,-1.244073676480561090e+02,7.111559006553563904e+02,1.244555603820998613e+03,1.596333792575423558e+03,1.907559084761963504e+03,1.807173377763431745e+03,1.904038400318534059e+03,1.666300644501702891e+03,1.830395331343562702e+03,1.680950241806349140e+03,1.433515966091307519e+03,1.525633088541751704e+03,1.690429665815663839e+03,1.427868292187141606e+03,1.253703984524430780e+03,1.155985369324286921e+03,1.056228303183399930e+03,9.813935980921042983e+02,1.002090126450980165e+03,1.063864940579179120e+03,1.162955555979008523e+03,1.348148668677795513e+03,1.501734442903248009e+03,1.794167923412837126e+03,1.638506469425056366e+03,1.985367110175088555e+03,1.611667362662238929e+03,1.477994157050904050e+03,1.482127279589664340e+03,1.461582166006354782e+03,2.017779228546350623e+03,1.982459388339238785e+03,1.828119908875815554e+03,1.391915478655917241e+03,1.404685702518750531e+03,1.414868081072824452e+03,1.514363053138820078e+03,1.531620565538276878e+03,1.751808818609711352e+03,1.721054966987596117e+03,1.583356170928103893e+03,1.452964282510076146e+03,1.635761957187314920e+03,1.317446318736549983e+03,1.448448372639341869e+03,9.363209591526858731e+02,1.294862047132329963e+03,1.376573038858738755e+03,1.729241242957593386e+03,1.419629896680982938e+03,1.528702816971170250e+03,1.254418287805982118e+03,1.422292189032570377e+03,1.481870081360379345e+03,1.616822707373257572e+03,1.652355003132004867e+03,1.923714310963388698e+03,1.858476659702466122e+03,1.707130007342339923e+03,1.649152375202631902e+03,1.560857040482655066e+03,1.899774870553834717e+03,2.185708197194820059e+03,1.798447509197701038e+03,1.757904864223609593e+03,2.002018911904284550e+03,2.300071095096838235e+03,2.299318215904018416e+03,2.441085403338491687e+03,2.931954282182312454e+03,3.062006178966134485e+03,3.169897888766186952e+03,2.698376833190170601e+03,2.575540572028040515e+03,2.131439051887942242e+03,2.263433621141396998e+03,2.566689490314962768e+03,2.280464461310712977e+03,1.971778427460316379e+03,2.103739247988347870e+03,2.966103070471187948e+03,2.938621455746745141e+03,2.431829086076351814e+03,2.747170866701722844e+03,2.415122378266325086e+03,2.618639272417242410e+03,1.930663042177384796e+03,2.905899685571221653e+03,2.750714810011957070e+03,1.973609037042984482e+03,2.092540698543836697e+03,2.777700065192231705e+03,2.448300428978480340e+03,2.218938955233678371e+03,2.141405861097316119e+03,2.126577632665347210e+03,2.085128743767344076e+03,2.464734309545644464e+03,1.852259669798904042e+03,2.356467297492387388e+03,2.433623835520284501e+03,2.560935781889233567e+03,3.042563933216099031e+03,1.965908725230396158e+03,1.681838813488068809e+03,2.487134805983130718e+03,2.284978056988361004e+03,3.100096579067074344e+03,3.042190086152666026e+03,2.625134768712172445e+03,2.797749667131386559e+03,2.772638558336267579e+03,3.499197573651883431e+03,2.152425611305448456e+03,2.824307840995077640e+03,2.587837475687498227e+03,2.406397701156074618e+03,3.183789232955346506e+03,2.986770648775844165e+03,2.352275389497198830e+03,2.193457744361257028e+03,2.737231459935987004e+03,2.183676578900243840e+03,2.189587509417673118e+03,3.964670008665538035e+02,-1.471917838936469991e+02,3.218111756993709349e+01,3.193582551594483476e+01,3.696910096805420665e+01,3.802440695136933613e+01,3.792603002746122343e+01,-1.555457164803922012e+02,2.075935914007560768e+03,1.846999315098758871e+03,1.444950888230177270e+03,1.580148062040292416e+03,1.580845410874172785e+03,1.074576561102459664e+03,1.183700268439233014e+03,1.145276315399140458e+03,1.336587964405222465e+03,1.186385418039852539e+03,1.358674965550664865e+03,7.548073389920749605e+02,1.414734742449326859e+03,1.518011933563977436e+03,1.467974464099486795e+03,1.025385248242965872e+03,1.023468833934659074e+03,1.118248619270440486e+03,1.068211163853950666e+03,1.168891123643447827e+03,1.156325477761130060e+03,1.402928819152880578e+03,1.023371744994872984e+03,1.181187774099858643e+03,1.272393326096913370e+03,1.220863521523990130e+03,1.493986971507174758e+03,1.347049883192452398e+03,1.463189436287149420e+03,1.486934393627551799e+03,1.591850478020954597e+03,1.830318470878532708e+03,3.694482631339109275e+02,5.359514899882469763e+02,-1.208051872147784138e+02,1.750932547434278376e+03,1.459153866051907244e+03,1.256561437733633284e+03,1.719566611319306276e+03,1.779981202166454068e+03,1.547245834539849511e+03,1.952773792055709464e+03,1.749128659845667698e+03,1.832875878526842371e+03,2.071525333258666251e+03,1.719053801062611456e+03,2.093536482534889274e+03,1.392790309936623544e+03,1.285753706743212888e+03,1.883366306003449836e+03,1.851406180302746407e+03,1.592175673024140451e+03,1.203659768425534821e+03,9.351437516175033124e+02,8.304776692341893067e+02,9.629576513251566894e+02,7.354951029078773672e+02,1.041036827239393688e+03,1.040944701392106936e+03,9.282133414927636750e+02,8.293316443941214402e+02,8.301578576353858807e+02,1.019671429871840246e+03,1.102285542120111813e+03,1.025507878816253879e+03,1.059169383520781366e+03,1.313090711104317961e+03,1.080522245186057489e+03,1.265548860917393085e+03,1.461487351612301381e+03,1.194263333040055841e+03,2.635046929819872652e+00,-8.166089342634733628e-01,-6.635634054552859255e-03,-2.346546774206694454e-05,3.400692178619175585e-07,1.408783945975517532e-09,5.438156644600648636e-13,-1.098755436206236722e-14,-7.533970364553117162e-16,-5.033364093007257910e-17,-3.578695555214272909e-19,6.562105253428732839e-21,3.336310442567169582e-21,-1.034394167687531738e-21,-6.892777622282781376e-23,-5.722427997131174153e-23,1.896163210113533085e-23,-5.793713219166653497e-25,1.191935144705989788e-24,7.036285845195967083e-25,2.534498925070215027e-25,4.719689244654479966e-26,4.421893130177938064e-27,-8.415812377939330922e-28,-7.795595753210530561e-27
-2.269301977727974939e-15,-1.450093241771066133e+00,-1.963765866877674071e+01,-9.354403816771489133e+00,-7.780430955042452190e+00,3.267061339662738817e+01,1.289185551503706392e+03,1.917631640191395718e+03,2.134184751616425274e+03,1.749674404429861852e+03,1.930169202745840494e+03,2.157495462440475421e+03,2.118254582603015479e+03,2.554287355621514052e+03,2.742123779468942757e+03,2.663749877378130350e+03,1.926377909232088541e+03,1.628113413119219331e+03,1.565694071606665830e+03,1.391309632910936216e+03,1.495761105800007499e+03,1.558444262739609030e+03,1.503017039677096363e+03,1.600141912444039463e+03,1.038248501818969544e+03,-1.372677789606117642e+02,3.709693913649108765e+01,6.236260702831995104e+02,1.218972292571775142e+03,1.571986586916077840e+03,1.962941423975569251e+03,1.644574330307066475e+03,1.630067049043910174e+03,1.671124620910987232e+03,1.560858033907173649e+03,1.670689671501839939e+03,1.725571505651315420e+03,1.400013540439764256e+03,1.519496798949732465e+03,1.317598036841294515e+03,1.545049427386056550e+03,1.083718092802601177e+03,8.548197417631220105e+02,8.839888841027457147e+02,8.664790280853827653e+02,1.180437169167206093e+03,1.288015416493932207e+03,1.108946711868213470e+03,1.427493814371097415e+03,1.570126740533402426e+03,1.885749056500953884e+03,2.106666324044174871e+03,1.633575747804830144e+03,1.446062802320525407e+03,1.546915385686648960e+03,1.775214978489754913e+03,2.154988221397564303e+03,1.800074592411286176e+03,1.328468390457420355e+03,1.645060682019452997e+03,1.693583279923471309e+03,1.478484459828093350e+03,1.525677887528069732e+03,1.720973937754360577e+03,1.723949984529899439e+03,1.375867348935284554e+03,1.334481049113770041e+03,1.739925271265505444e+03,1.948813255572865955e+03,1.355615573438109777e+03,1.230703136303191059e+03,1.200054485890303795e+03,1.623609211404436337e+03,1.565229569981888972e+03,1.556726618975455267e+03,1.290199837974251523e+03,1.290714148798359020e+03,1.259910642156243284e+03,1.334334069190674427e+03,2.115584837439646890e+03,1.894005089332886882e+03,1.667905167464745773e+03,1.581439086282481867e+03,1.852601959528978341e+03,1.653046879508844995e+03,1.686608087407034873e+03,1.399035832676300515e+03,1.816297012540464038e+03,2.097592153856357072e+03,1.536899079066505237e+03,1.701298704698857136e+03,1.876219967935332306e+03,2.434759650185583723e+03,2.281935045488006381e+03,2.245871830159781894e+03,2.228841943421402902e+03,2.316917488607402447e+03,2.881638904483979331e+03,2.705829487010612411e+03,2.247147850968225612e+03,2.295702853123154455e+03,2.216994496381601039e+03,2.554751252928306712e+03,2.188899368466766191e+03,2.507559806157792536e+03,2.598391803828813408e+03,2.405465729315819772e+03,2.602513329886512111e+03,2.563376447339704555e+03,2.421703052718785329e+03,2.132737792817201353e+03,2.008298135321925201e+03,2.045711033930577742e+03,2.437804588893038726e+03,2.430546689755570242e+03,2.264832060838698453e+03,2.465039711778963920e+03,2.289771878378226575e+03,2.795216189340784240e+03,2.381271253885250189e+03,2.698642096722221140e+03,2.017159657058313769e+03,2.521342346775351871e+03,2.853103107176439607e+03,2.438914718470380194e+03,2.484264106349638041e+03,2.860374651960546089e+03,2.295077526613703412e+03,2.398396481849676547e+03,1.889961060726048345e+03,2.699861101574031181e+03,2.375684457190895955e+03,2.382987213953134415e+03,2.784911408909523288e+03,2.838929765006927482e+03,2.654145463807752094e+03,2.576367432862009082e+03,2.173550245282640390e+03,2.473192009035711635e+03,2.684085656113412369e+03,3.012367523749067004e+03,2.884317528795771068e+03,2.638871333413844695e+03,2.779636257695544373e+03,3.016901438767426498e+03,2.692585140213984687e+03,2.437283000976613039e+03,3.022260195828085216e+03,2.425230409819638226e+03,2.150317981821741341e+03,1.860339281786324591e+03,5.507063913387333969e+02,-9.995416499741190819e+01,-9.919613563776285048e+01,-1.148304802822542854e+02,-1.181083895522550762e+02,-1.177772014533555591e+02,5.817976298296931645e+02,1.552203075374396349e+03,1.804837095621826165e+03,1.407722489312281368e+03,1.238393742916699694e+03,1.243929583365727012e+03,1.043095437405797384e+03,1.233408212200566140e+03,1.183862122336478251e+03,1.203603834815715572e+03,1.260028521455451937e+03,1.408525568060840442e+03,8.628965573501045583e+02,1.536806619515194598e+03,1.552609338329869843e+03,1.381180308105196673e+03,9.676281410796671025e+02,1.019369854513931273e+03,1.151471546286168632e+03,1.056360272241710391e+03,1.164278102907756420e+03,1.386127329190011551e+03,1.638625056562309737e+03,1.356782146734362186e+03,1.086329437262073725e+03,1.154120756452953401e+03,1.215632872979103922e+03,1.338580482909579359e+03,1.419184130316780511e+03,1.367714335855403988e+03,1.255993283681481216e+03,1.618600196542175127e+03,1.679736463640465217e+03,3.316224870854435949e+02,-8.708076282241640342e+01,7.276785887023720534e+01,1.938880501603046469e+03,1.562200925864535748e+03,1.472773755749843531e+03,1.745998697122401381e+03,1.740124333385703039e+03,1.404949421070474727e+03,1.833063228525925297e+03,1.666850194073767625e+03,1.630706797693335147e+03,1.813779363448710683e+03,1.604470461240448458e+03,2.185603048134087203e+03,2.039161154688482839e+03,1.449693984433273272e+03,1.556382632718770310e+03,1.847764149128539657e+03,1.579700420030303121e+03,1.300074357198926464e+03,8.390754056736761868e+02,7.544096089553180491e+02,8.109136087992765169e+02,8.213200982666172649e+02,8.774669168218172217e+02,8.465154078222349199e+02,9.301688316265306185e+02,9.952993119586868715e+02,8.510848734001689309e+02,1.012740962243575723e+03,1.120078411610719741e+03,1.020902895972153260e+03,9.213505788500208382e+02,1.059621827558918312e+03,9.125344899583560618e+02,1.352061163289198248e+03,1.879038498484720776e+03,6.847153580695054416e+02,-7.857426567682914698e-01,2.435040022579988417e-01,1.978674714422283196e-03,6.997150128656832585e-06,-1.014049832843583489e-07,-4.200841918132016811e-10,-1.621552465455166504e-13,3.271580961521567958e-15,2.241426405840609761e-16,1.461572782675943082e-17,6.293153076435622513e-20,-2.845249171372764206e-20,-6.643910501536332139e-21,-1.622571301739958675e-21,-9.684253262507581955e-23,-8.521658647705912503e-23,1.305987832530339148e-23,-5.560334522462349896e-24,6.685272592822563660e-25,7.107616788999943551e-25,1.295050410303519995e-25,1.922450803082629684e-26,-4.346213042610284829e-27,1.431947528792681895e-27,-1.370927450339959271e-27
6.883078202759722735e-15,3.788617270631235545e+00,5.130833847672161596e+01,2.443986509372556881e+01,2.032769403371793260e+01,-8.535750151076405245e+01,-3.167880536998814023e+02,1.499032233533245972e+03,1.311206968652942351e+03,1.553614729214698173e+03,1.676920872593548211e+03,2.052417462359760975e+03,2.814803544867236724e+03,2.806531106605575587e+03,2.545054381387296417e+03,2.977724437287932687e+03,2.256291978131605902e+03,1.780697197731743245e+03,1.624113197006842029e+03,1.449086237862443568e+03,1.825126542846332995e+03,1.542244954382744481e+03,1.210371128203102217e+03,1.313492053427758719e+03,-1.746215295826114016e+02,3.476317386945347465e+01,-9.394829252656666796e+00,1.579269007524107337e+03,1.889775738943339547e+03,1.695995416358467082e+03,1.635033221011235355e+03,1.279135953885940808e+03,1.439461665381955072e+03,1.458709891238424007e+03,1.663557349109364850e+03,2.103982866738881512e+03,1.707556467988922122e+03,1.238411286637759304e+03,1.441932124786109398e+03,1.572660660110470189e+03,1.675252293220859201e+03,1.119710319953555427e+03,9.705443137907415121e+02,9.782318644824300691e+02,1.106270652297843753e+03,1.238283941341101581e+03,1.397685114816616078e+03,1.428962916779520583e+03,1.608149039804142149e+03,1.503470165264132902e+03,1.717142024745860226e+03,1.799438165611697514e+03,1.483351429348218744e+03,1.234849996515911926e+03,1.577958809718532848e+03,1.773272636405481308e+03,1.746686257242748979e+03,1.588943415106973589e+03,1.474637684087422258e+03,1.954841965395432680e+03,1.432463797924658820e+03,1.356155929145016898e+03,1.534072511523765115e+03,1.657177488946628728e+03,1.394306201821549848e+03,1.235526635520946229e+03,1.361517919473725215e+03,1.699977110019164229e+03,1.825817991038290756e+03,1.248904320468980586e+03,1.229878282951120809e+03,1.572421097504067120e+03,1.602118074262381015e+03,1.299955908791127968e+03,1.209732310939435365e+03,1.566970148378493377e+03,1.692942437125961760e+03,1.674276252858372345e+03,1.489702698839167169e+03,2.043999488927946913e+03,1.825979903229976117e+03,1.486867962039033273e+03,1.451259341167086632e+03,1.606653071574680553e+03,1.506593961294676092e+03,1.526014353271020809e+03,1.432608774776217615e+03,1.772321245669962764e+03,2.127916334637846376e+03,1.638597740405468812e+03,1.997592950184039637e+03,1.860804539983444784e+03,2.241791603539245898e+03,1.987883681064163284e+03,2.026436048093833961e+03,2.135581576979079728e+03,1.854812355860717389e+03,2.988410101798932828e+03,2.634924574256436699e+03,2.518089477669187090e+03,2.133963564907244290e+03,2.460474541585017960e+03,2.615446993711585037e+03,2.309428679273300986e+03,2.796693113188922780e+03,3.012107808012750411e+03,2.460087609219803198e+03,2.394797276508204504e+03,2.705282549862594806e+03,2.761550920647146086e+03,2.263917050171975916e+03,1.950743085541061873e+03,2.290419323020307274e+03,1.908644154866991357e+03,2.666572064592422976e+03,2.466063693762537241e+03,3.031996014089183063e+03,2.214926292825217843e+03,2.812923721629103966e+03,2.432974228982679961e+03,2.771028155807329767e+03,2.187230288891945293e+03,2.637378581402878808e+03,2.855048069174335069e+03,2.751730772191834603e+03,2.159373923675853348e+03,2.640953167771676362e+03,2.429522566223181911e+03,2.353031864091325133e+03,1.981334517429215566e+03,3.729210842921797848e+03,2.242989551807576845e+03,3.219831466503257616e+03,2.984708419053268699e+03,2.654550572673610532e+03,2.441055159098999411e+03,2.847234553158831659e+03,2.431169057559197881e+03,2.691111472942073306e+03,3.138529743285592303e+03,3.218689611746224273e+03,3.351038779711281677e+03,3.376897425629805184e+03,2.593144574163045945e+03,2.386346963974289793e+03,2.727704815660595159e+03,2.704072239653812630e+03,3.176377830289373833e+03,2.586362211098327407e+03,2.585423996199483554e+03,1.841302411095368370e+03,1.534301814852779671e+03,2.885998059073681361e+02,2.856857942477037682e+02,3.297248443292201614e+02,3.378981008550216529e+02,3.355502385858459888e+02,1.616802221843742245e+03,1.281362260820860456e+03,1.898286704999651192e+03,1.571685113848670653e+03,9.703163231534226725e+02,8.290069999222795332e+02,1.155369725142425523e+03,1.106781350778282103e+03,1.166650883511069878e+03,1.239785185720218351e+03,1.199872304556043446e+03,1.395102783065691028e+03,9.928798766034624350e+02,1.355420703982872737e+03,1.240743306719430620e+03,1.116143233203476029e+03,1.101621716472213620e+03,1.134771867533200975e+03,1.263722594710801786e+03,1.061371461057432043e+03,1.018668037829089940e+03,1.272426860778985201e+03,1.459769142510741176e+03,1.315879815123937988e+03,1.082730962168297765e+03,1.272789949247846380e+03,1.226285393950239950e+03,1.021992234493394676e+03,1.411370436536552461e+03,1.382492686737941767e+03,1.426225034253035346e+03,1.298654070723870063e+03,1.386808878745595393e+03,1.304734964574895002e+03,-6.799863104491683430e+01,-1.143358511355434217e+02,1.904265949121230506e+03,1.548602046826899368e+03,1.694925607142603667e+03,1.605239088013720220e+03,1.640539866676631164e+03,1.478789317154808487e+03,1.494337604747971454e+03,1.428590245863530072e+03,1.539595017976726467e+03,1.315383162077508359e+03,1.290700825351990034e+03,1.396428738499565043e+03,2.268981556209029804e+03,2.008097007706665181e+03,1.513773810163263533e+03,1.506806802679069278e+03,1.283911938086250757e+03,1.354973426767332285e+03,9.557756915095251316e+02,8.010000512135460440e+02,7.747357248177594329e+02,1.002841984777368793e+03,7.969020863370412826e+02,7.556544135252330534e+02,8.035661763280629657e+02,1.042392958166742346e+03,9.659858229369338005e+02,1.097070276165118230e+03,1.110982158520398116e+03,1.238298947260271689e+03,1.190720333987135746e+03,1.013137712933836724e+03,9.366420529246914839e+02,1.258115347139227651e+03,1.493444911632449703e+03,-1.144028832662641122e+02,1.989899508880416112e-01,-6.166758166045191447e-02,-5.011009404358586191e-04,-1.772033818826226217e-06,2.568089245546529457e-08,1.063866588756224711e-10,4.106151620111166494e-14,-8.313302485137495655e-16,-5.717132243122360189e-17,-3.712894999658368372e-18,7.128932891990034724e-21,7.700411635109501797e-21,-6.638689281320007320e-23,1.040600389515927241e-22,1.373561178005624774e-22,9.449052019124443999e-24,9.522208223938733838e-24,-6.971671419302935273e-25,-1.167841979957441510e-24,1.197953863305027676e-25,-4.022549021035494385e-27,1.170200474385236162e-26,-8.559351200667342389e-28,-7.051995734637116940e-28,4.705408034329780230e-27
-1.001592855599303674e-14,-7.380556409990634670e+00,-9.995341097779278527e+01,-4.761096335240595323e+01,-3.960011537066174725e+01,1.714148924963997729e+02,2.285212049011496731e+02,1.457075536161771879e+03,1.449360457963494582e+03,1.546539170680580355e+03,1.821317324029155770e+03,2.048936029434902593e+03,2.392442153781307297e+03,2.619902757793820456e+03,2.384913558849086712e+03,2.526206677931002105e+03,2.469978607674402610e+03,1.889354973333132193e+03,1.720138987757920631e+03,1.573382398901448596e+03,1.969561637578370664e+03,1.299124078234205854e+03,1.599992065390860944e+03,1.590009221268917599e+03,3.380856157811416551e+01,-6.730515459493705777e+00,1.818937584979418709e+00,-1.768057773735239948e+02,1.465771743411472698e+03,1.543852675962099283e+03,1.709792325167023819e+03,1.800122681084464830e+03,1.773498985359580729e+03,1.555943507204252001e+03,1.651463712099541908e+03,1.985640130449412482e+03,1.330523213875936335e+03,1.722225800806959114e+03,1.850090409865011679e+03,1.892239397649320836e+03,1.493208067770106481e+03,1.138678550088975726e+03,1.169865440914481496e+03,1.098541182792573409e+03,1.001893611899669736e+03,1.062062620564170402e+03,1.243357975422818754e+03,1.295804649985264859e+03,1.494512603762552317e+03,1.560869751807524153e+03,1.427326025194608746e+03,1.579939038626248930e+03,1.350476260749547464e+03,1.484288171916861984e+03,1.511655266582703234e+03,1.526026766953244532e+03,2.038972141584764813e+03,1.725248099098310377e+03,1.605762370631619206e+03,1.203106752282266598e+03,1.307085966593309195e+03,1.617553832630326269e+03,1.515251410633582964e+03,1.388796442728910961e+03,1.478098437905635365e+03,1.154632774037123909e+03,1.463123005199663112e+03,1.274842404649328046e+03,1.364459527201353239e+03,1.212164440053759790e+03,1.226913760821737696e+03,1.249879209367577005e+03,1.289324801057387958e+03,1.083076879987566144e+03,1.374438095885565644e+03,1.723412599921614174e+03,1.870873128116172893e+03,1.478552077879914577e+03,1.365829552656064834e+03,1.185889149992347029e+03,1.461112257581054337e+03,1.424053588512217857e+03,1.513097527643443755e+03,1.687984711335568591e+03,1.524475111020831491e+03,1.673303712785363359e+03,1.761949430443328538e+03,2.706654730367768479e+03,2.110067359746680268e+03,2.344324714585266975e+03,2.161936122388356580e+03,2.055424192998617855e+03,2.321079071695372477e+03,2.057680727155014210e+03,2.644442237499849398e+03,1.948261564856093628e+03,1.908236958364546354e+03,2.819253052630598631e+03,2.422212622944459326e+03,2.768792111246825698e+03,2.382961152437780129e+03,2.498173432231053084e+03,2.206724219735125189e+03,2.717237799302858093e+03,2.377133856603112235e+03,3.049626727601809307e+03,2.459329261285641678e+03,2.178715230973493817e+03,2.728264104738459537e+03,2.594372637826746086e+03,2.926723907516864074e+03,2.157595541596510429e+03,2.072504795721378741e+03,2.581378763553216686e+03,3.162873241911017431e+03,2.395633329845568824e+03,3.171746817014384760e+03,2.386182159514153682e+03,2.260540090883469475e+03,2.105137442253248992e+03,2.690445009316587402e+03,2.780722742530344021e+03,2.640303976526079623e+03,2.530275547140240633e+03,2.621566314851716925e+03,2.192694515726257123e+03,2.547707311156392734e+03,2.410498299359452176e+03,1.765081735623975192e+03,2.629998751337275735e+03,2.693912254092711919e+03,2.347508254765794391e+03,2.928426178508761041e+03,3.209251449243176012e+03,2.545362830340646724e+03,2.473216431651184848e+03,3.616024729912803650e+03,2.984391183454957172e+03,3.295816514764587282e+03,3.016985592312533754e+03,2.846490154796412298e+03,2.946079021558702152e+03,3.468600861489289855e+03,3.206194211030017868e+03,2.668835390771509992e+03,2.574530965182036198e+03,2.568493395924349443e+03,2.618233317662226455e+03,2.046271195265209826e+03,2.439695322756633232e+03,2.447657704980791095e+03,1.295952605143105302e+03,1.388670258914806482e+03,1.327445417194939409e+03,1.467615413618324283e+03,1.423337230864450930e+03,1.322618572916961512e+03,1.351380759342033116e+03,1.294396121299717834e+03,2.002285459074925939e+03,1.563022181908070024e+03,8.351962948410462104e+02,8.259521751746842710e+02,1.291781048566642085e+03,1.023410558688892365e+03,1.156177217439057586e+03,1.208816592288281299e+03,1.227989427191949744e+03,1.344611848168636243e+03,1.072102519316448479e+03,1.136592264766542712e+03,1.012181880034087044e+03,1.177102569668812066e+03,1.044585584220087867e+03,1.177264823598037310e+03,9.451741650825061924e+02,1.154921694944371438e+03,1.012008652684257868e+03,1.225430539596356994e+03,1.194197740445387581e+03,9.775394850837117247e+02,1.096287940717908441e+03,1.234671114615773604e+03,1.068270087912878580e+03,1.079068853045403785e+03,1.089081490695959474e+03,1.455820469977574021e+03,1.760278311662025544e+03,1.544300221251821768e+03,1.315698434659439727e+03,1.291973362560974920e+03,1.941554529580052417e+02,2.147754538447978234e+02,1.979490851801361714e+03,1.527706205538335553e+03,1.552817452263474252e+03,1.703032573610113786e+03,1.528781904148086824e+03,1.598508152195805906e+03,1.865754752516291774e+03,1.358626757978734531e+03,1.376757562685350649e+03,1.126432551492492394e+03,8.349360717705599200e+02,8.531753022851543165e+02,1.097131624413122836e+03,1.674071518098520755e+03,1.656259769676189535e+03,1.327708081880039799e+03,1.103551457776241023e+03,9.375299606872847562e+02,8.611407480320451668e+02,8.315655698522537023e+02,7.751140648029629574e+02,1.052838345634123925e+03,1.080852395082882595e+03,7.712681135485044024e+02,7.629610283831091238e+02,8.781909920509078802e+02,8.773089387133283026e+02,9.085621376004089598e+02,1.053460211994142810e+03,1.088454453532909156e+03,1.116745591454463238e+03,1.086168173328186413e+03,9.777088180938668529e+02,1.133021524157329395e+03,1.182433124963275986e+03,2.214959938139742945e+01,-3.852654380078727320e-02,1.193949129253782729e-02,9.701840341350342022e-05,3.430843531503031777e-07,-4.972090412918612811e-09,-2.059757535294316325e-11,-7.951110169026189776e-15,1.610351036292993942e-16,1.112385818128708798e-17,7.230583280482459905e-19,7.379363817223864750e-21,5.766238273763837672e-21,5.699929747840033580e-22,-1.136544347187497354e-23,9.762851327396669152e-24,1.984138046714175180e-23,8.396353226822776678e-25,4.060277006095957365e-25,-8.787378343774249373e-26,6.036344626500418879e-26,1.405609618081161406e-26,4.524800498973457315e-27,-3.411295148209544502e-28,-4.770706781935205741e-28,2.255131469157889037e-27
-2.097796723493475497e-14,4.501297566030269870e+00,6.103032585316856995e+01,2.907465691630817162e+01,2.418248567173957753e+01,1.418662775650686854e+03,1.498109631735210996e+03,1.800493194124745969e+03,1.733762327530201446e+03,1.571703706609449227e+03,1.722775268702973790e+03,1.787272912939027719e+03,2.145877766936483567e+03,2.545608076221500596e+03,2.449787142208119803e+03,2.423293918671809934e+03,2.229675298238483265e+03,1.829570265832962832e+03,1.861446272593837648e+03,1.581323454495033502e+03,1.475142500824198123e+03,1.788422477875998311e+03,1.963419471763858382e+03,1.282482963799260460e+03,-2.152293722144753119e+00,4.284727150194483913e-01,-1.157957559386227492e-01,1.125566859155203936e+01,7.776512721579392107e+00,1.829817391294870276e+03,1.814222098203171981e+03,1.837892149055154505e+03,2.075450559086513294e+03,1.668324931156513685e+03,1.724091217411257276e+03,1.524071989430315625e+03,1.609020316000931643e+03,1.846746831999563483e+03,1.822339235858831444e+03,1.686632047862567106e+03,1.308399193764010761e+03,1.449048690836336164e+03,1.355563834280920901e+03,1.204436148595729946e+03,1.225367785385109073e+03,1.181155475624343808e+03,1.003326677872730443e+03,1.329780091749306166e+03,1.392599199502260035e+03,1.490936473583150928e+03,1.532957232397854796e+03,1.269436104220815878e+03,1.446593676933276356e+03,1.417091208416535665e+03,1.301879016388197215e+03,1.196186500970640509e+03,1.746510260919432085e+03,1.681538520841543459e+03,1.720818445242054395e+03,1.389950757530582905e+03,1.641960291569997935e+03,1.654046083928716143e+03,1.744812924887222835e+03,1.989406253907620567e+03,1.733082685666287716e+03,1.294809039190441808e+03,1.333082186413579393e+03,1.066643989364199797e+03,1.096887250252543026e+03,1.150704300984757083e+03,1.186899086492939205e+03,1.103658574040813392e+03,1.165293254232087065e+03,1.221765723493929272e+03,1.541423970995452237e+03,1.394297227793948196e+03,1.034872538561303600e+03,1.523978123993815871e+03,1.258123447400781743e+03,1.563038573446630380e+03,1.448331659622293273e+03,1.396774783180995655e+03,1.800647000093029646e+03,1.648265090353696678e+03,1.766982568521889561e+03,1.860845261199728156e+03,1.807347436526652473e+03,2.994480313182817554e+03,2.446147588066279695e+03,1.999355872929889756e+03,1.717839765286118109e+03,2.109228164734544862e+03,2.059663285256657218e+03,2.344045684801207699e+03,2.004078608389023884e+03,2.638635700094266213e+03,2.257015737970206828e+03,2.374620539272695169e+03,1.982652365364490151e+03,2.201109697528330344e+03,2.787381318973853467e+03,3.444316075823354822e+03,1.838839667021951300e+03,3.693439636069312655e+03,2.468516967816155557e+03,2.359305182652475196e+03,2.392064667602339796e+03,2.427918367109458814e+03,2.794627587804155610e+03,1.946737454660339608e+03,2.222871004556496246e+03,1.530918058390842361e+03,2.498750352816681698e+03,2.378087207764551749e+03,3.117694383269059927e+03,1.896481806394081104e+03,2.918268847424887554e+03,2.440184694294147448e+03,2.051257229697185267e+03,2.393419233534440536e+03,2.618232649451027100e+03,2.590368425907798610e+03,2.817514900069645591e+03,2.613703891917811234e+03,3.121015713893918928e+03,2.564864174600469141e+03,2.925525034288489678e+03,2.345568600427947331e+03,1.819124135558896796e+03,2.919503989955794623e+03,2.804550292147761411e+03,2.410288181954553238e+03,2.851148122195474571e+03,3.232013651230970027e+03,3.236635809642613822e+03,2.886029763748650112e+03,3.452730590711327295e+03,3.024734837666179374e+03,2.424018700794789311e+03,2.870480234515475786e+03,2.842824592863084490e+03,3.050116801065895743e+03,2.749716782078131018e+03,3.174103726897836623e+03,2.614942903782498433e+03,2.835914565439468788e+03,3.080474051926811171e+03,2.387352512388794366e+03,2.698946641121908669e+03,2.456841839195891680e+03,2.574216032990283111e+03,1.455265567381911296e+03,1.616626987139915627e+03,1.428154683221365076e+03,1.388563823801322769e+03,1.216206959998034790e+03,1.036833687366658523e+03,1.267653966117265782e+03,1.390142423569611537e+03,1.799895256956086087e+03,1.501492735168322042e+03,9.128774459776335561e+02,1.269581225326796584e+03,1.043809714445490954e+03,1.078582166528957487e+03,9.749970178595456218e+02,9.897592367102507751e+02,1.288350296811802309e+03,1.111665671425006849e+03,1.327483896067884643e+03,1.145095642180355526e+03,1.115875361456260862e+03,9.298381622101210269e+02,1.150711539488444942e+03,9.382386246294817056e+02,9.417255240087365564e+02,1.346961099817321610e+03,1.057781297755876722e+03,1.351038194332872308e+03,1.047099754442289623e+03,1.051779930694100358e+03,1.073697109746959541e+03,1.197688986694307459e+03,9.631875169412396644e+02,1.276807182815207625e+03,1.315929513834099453e+03,1.374420857172479600e+03,1.677985209675269971e+03,1.520735487709112931e+03,1.713225648790328023e+03,1.724805903793951074e+03,1.670617775928850961e+03,1.743214248158397595e+03,1.400659716762200560e+03,1.531463819187538093e+03,1.665858656864426166e+03,1.553350018188378044e+03,1.375282274638807849e+03,1.490922930866315937e+03,1.850039360929205941e+03,1.363264859395617350e+03,1.219444264736175683e+03,9.114966370487244376e+02,7.855816768383065209e+02,8.879560402351663697e+02,7.483261231139953225e+02,9.468581459494880619e+02,1.245479510770343268e+03,1.233183814533769464e+03,9.469653154116008409e+02,8.594480247334115575e+02,8.082906358208387019e+02,6.730098803243869270e+02,7.884513479961611893e+02,7.694098874095969904e+02,8.541379501871986122e+02,7.530390399696869963e+02,7.302129181455534308e+02,8.581747068441416104e+02,1.001472522255066337e+03,8.184317394623786868e+02,8.418575209072977259e+02,9.709970089408845979e+02,1.060845201958119105e+03,9.304135964427002818e+02,9.080173994052238413e+02,1.034008004816967741e+03,1.540952789500761355e+03,-1.410070155942657388e+00,2.452646149016720570e-03,-7.600823860869819698e-04,-6.176308332506456880e-06,-2.184116259998799170e-08,3.165292760760094328e-10,1.311298271865180854e-12,5.032879865524200904e-16,-1.256375055802829197e-17,-7.890605167094402550e-19,4.072545868603556687e-21,-1.423829313633768503e-21,6.492044378733073794e-21,1.517606810414651918e-22,2.727291486119583550e-22,2.620940330878868812e-23,2.650990715598427113e-23,2.064666155174514020e-24,3.902296198431766767e-24,6.404950907880039220e-25,2.662603256814413406e-25,-2.856228567027894124e-26,-2.094887078267842753e-26,-6.337786709658455948e-27,-1.385102614641846575e-27,3.497308096278702632e-27
2.413995830631341835e-13,4.487578131987514496e+01,2.742180681562026621e+03,1.427841908325480290e+03,1.182245183285012445e+03,1.395714865793651825e+03,1.429474686758737562e+03,1.510944580344527822e+03,1.731132240579146583e+03,1.673018492679479095e+03,1.800160115814641813e+03,1.547890921410853252e+03,1.485037990246440131e+03,1.990916434054287947e+03,2.615141774471924236e+03,2.388502552106725034e+03,2.102972645446334354e+03,1.645510257759126034e+03,1.488093078856668853e+03,1.384083222616937064e+03,1.430012229435386416e+03,1.743101449719387801e+03,1.938977876746465427e+03,1.477098669485973687e+03,-2.308984551477712976e+00,4.596662943986749572e-01,-1.242258939115592625e-01,1.207510138011163470e+01,1.783272494499982258e+03,2.135662312013865176e+03,1.996397417582331627e+03,1.840547774830810567e+03,2.301204383772193069e+03,1.814764345511622423e+03,1.739253492954665262e+03,1.808784236266644484e+03,1.890486218226068104e+03,1.787917458279331640e+03,1.954218980357379678e+03,1.773249820292352297e+03,1.969414786362663335e+03,1.802583682117178569e+03,1.813134864825104614e+03,1.516039327108162297e+03,1.450163295990382267e+03,1.190612003809971156e+03,1.124872228617178280e+03,1.454211094308427391e+03,1.155440542963206553e+03,1.437792702250063257e+03,1.635740864419117543e+03,1.320891957887391072e+03,1.729964210271308502e+03,1.644456916415095975e+03,1.270368570805239642e+03,1.386246687609491119e+03,1.727187385415819790e+03,1.622722679365003842e+03,1.710522446132547884e+03,1.728746988941814379e+03,1.624585242865749024e+03,1.527553248698426160e+03,1.620903863657345255e+03,2.123241905098030202e+03,1.812149937481402276e+03,1.808287362179414686e+03,1.563570558259027621e+03,1.569334602814157279e+03,1.307433530000140763e+03,1.484329025780504708e+03,1.662137145700802648e+03,1.377415718281303498e+03,1.376921216836798294e+03,1.318370576963116719e+03,1.691325271813248264e+03,1.352342205202118294e+03,1.669791060440811634e+03,1.866818597078382027e+03,1.326894044314784878e+03,1.715973069811783716e+03,1.660413084257922264e+03,1.439762685233092725e+03,1.553507343914423245e+03,1.439011436558158266e+03,1.798285606951759974e+03,2.057106517416572842e+03,1.956268106295158077e+03,1.869746472083384560e+03,2.715841855895495428e+03,1.650094497968666019e+03,1.428316424709127205e+03,1.588730833189716805e+03,1.959853045457238750e+03,2.879641001792921088e+03,1.868477281025307548e+03,2.392377710260801905e+03,2.619809183460878558e+03,1.994309246380719514e+03,2.033676994623747760e+03,1.894705723013793204e+03,2.710490021068874285e+03,3.389374947322504795e+03,2.705869780593836367e+03,3.649237038832817689e+03,2.347549953569474837e+03,2.265038547544187622e+03,2.389440402302278926e+03,2.106338634654893667e+03,3.170429953799584382e+03,2.018172518359842343e+03,2.177198916175263093e+03,1.983252287758406965e+03,2.480410700644728877e+03,2.276264555089605892e+03,2.321845902223631128e+03,2.246938867509848023e+03,2.839254178925309589e+03,2.387067400628024643e+03,2.044127021905983611e+03,2.282260907636063621e+03,1.994368249704742766e+03,2.678467191496827127e+03,2.186038108405638923e+03,2.643325524082242737e+03,2.973344456361041011e+03,2.726141769290547927e+03,3.115162388849063518e+03,2.606457320062869258e+03,2.205167068782993738e+03,2.587891895357573503e+03,2.755401219122280054e+03,2.602518002564008839e+03,2.651409192386446193e+03,2.736737229525302610e+03,2.852858573233393599e+03,3.051530197554876395e+03,3.064116845293900496e+03,3.861629604629708865e+03,2.891791396985116535e+03,3.208282237631155567e+03,3.934938504811123039e+03,3.406073349796077309e+03,2.453696735715818249e+03,3.468557878882621026e+03,3.159137374316715523e+03,2.433848555223250059e+03,2.600455079083418696e+03,2.531081666254436186e+03,2.715627300208633642e+03,2.972505327520615538e+03,2.528590061264555061e+03,2.003051829661272450e+03,1.623954146678750931e+03,1.519231409164166962e+03,1.204936713164965568e+03,1.189187186512472863e+03,1.543121041715334968e+03,1.149760540746161041e+03,1.893184964596079681e+03,1.720842801341604627e+03,1.145557348505780283e+03,1.148301953576914457e+03,1.328921050371671299e+03,1.314487429891678858e+03,1.200104353502159711e+03,9.415620952334522826e+02,9.513660617492445226e+02,1.342442594048995261e+03,9.328934414674891968e+02,1.309868355635866237e+03,1.363233211160160863e+03,9.851564031131132424e+02,9.900961520617903489e+02,1.108702568254257130e+03,9.628317070111593239e+02,1.033660901629920545e+03,1.513001783339601843e+03,1.059869203308514898e+03,9.877867808786850219e+02,9.873191129929612089e+02,1.037015427993954518e+03,1.107590556467020406e+03,8.808844545478330019e+02,1.108246303235891219e+03,1.045797406145347622e+03,1.249139602884561782e+03,1.096965963416219893e+03,1.210750696591118412e+03,1.443362604387066540e+03,2.017077707457892075e+03,1.987199208630841440e+03,1.703790650164041381e+03,1.620846912846830037e+03,1.415997384368919484e+03,1.518346048052972037e+03,1.330441736860060473e+03,1.546264168335861314e+03,1.570184248944856790e+03,1.796038750601112952e+03,1.418837681297604377e+03,1.250925498252464195e+03,1.084791856176702822e+03,9.422334932662100755e+02,7.879067810706009141e+02,8.281585198632699303e+02,9.506113355379089853e+02,8.162776507380119710e+02,9.561611588094533545e+02,1.130429682116240883e+03,8.832529829615664312e+02,6.480617096704263531e+02,7.982548982162363700e+02,7.645411218779614728e+02,8.343008447557555201e+02,9.396942106983091207e+02,8.785057842047830263e+02,9.659935364627389163e+02,6.974769776449910523e+02,7.024277936008895722e+02,8.314912266200059321e+02,1.093568180463186764e+03,1.023134637133501997e+03,1.293197155258135354e+03,1.242743418239793527e+03,1.187362792023070824e+03,1.108272112525935654e+03,7.940661721962519550e+02,1.349363323785703415e+03,-1.512725783242750754e+00,2.631203171805763553e-03,-8.154177421468034601e-04,-6.625954617727206349e-06,-2.343123867369806345e-08,3.395731462208992452e-10,1.406735684356426155e-12,5.408414606748543937e-16,-1.024325566500760498e-17,-6.001138488272213756e-19,-4.992468723645519709e-20,-8.680350381187524721e-21,2.589771995944953261e-21,-1.731677161795680965e-21,-1.364561014490023606e-22,4.742263614872789597e-23,-4.430787005280608115e-24,4.525109716776053598e-24,8.318582519966584959e-25,-3.885301661787271971e-25,8.410549483066051352e-26,1.252630207571562310e-26,3.720048422560464081e-27,-1.557101623675363328e-27,1.859515671703308789e-28,3.287163153767132834e-27
2.375403102350244816e-13,-2.989711886787158619e+02,2.233488123118623207e+03,1.749485311457666967e+03,1.455064063746536021e+03,1.538995639931968299e+03,1.772105435048460777e+03,1.736862802973588941e+03,1.778246017462319969e+03,1.555329407592018015e+03,1.862296818519619592e+03,1.586601426127870809e+03,1.525049056310315336e+03,2.171943678663656556e+03,2.309791381307274605e+03,2.000332839269916121e+03,1.806273150612244308e+03,1.540698406792290371e+03,1.435304044075557840e+03,1.328410577751432811e+03,1.308604562033597176e+03,1.809208890208580215e+03,1.686763960157399424e+03,2.782444489669503582e+02,1.557778940212902752e+00,-3.101183472741390057e-01,8.381021054459221464e-02,-8.146584878828603493e+00,1.991153247336436380e+03,1.889293583541978478e+03,1.938042423922986245e+03,2.029707881147086255e+03,1.908168830445274125e+03,1.451592932322935667e+03,1.699882182482268718e+03,1.669290714068654097e+03,1.922907975377511548e+03,1.749823224274856102e+03,1.825395466007546247e+03,1.777020967429051325e+03,1.883008984701990357e+03,1.549353105024451452e+03,1.653544198529666119e+03,1.703250122862177477e+03,1.572961588282454386e+03,1.124825734556998214e+03,1.456158689103476036e+03,1.562287046984094786e+03,1.309890430391421432e+03,1.698584649418713298e+03,1.530600776247658814e+03,1.651192457504968615e+03,1.810752851941091421e+03,1.528450357024227742e+03,1.483319557197637323e+03,1.870606645519823815e+03,1.619024545753334905e+03,1.621198175879723749e+03,1.510805522912666220e+03,1.657293492294936868e+03,1.405762393836503179e+03,1.543363742334471453e+03,1.751923502917476526e+03,1.492189010185855750e+03,1.597167758228004459e+03,1.715895502417964963e+03,1.837434435250316255e+03,1.675815390706180324e+03,1.992976156097125340e+03,1.222039680968005314e+03,1.565828732778949870e+03,1.340008439113410986e+03,1.200263847563540594e+03,1.289536181436553306e+03,1.773050316017139039e+03,1.384599024029104385e+03,1.839391933103775955e+03,1.784936993724799322e+03,1.743263866072991959e+03,1.755255291594223763e+03,1.805054755790812806e+03,1.704077177173487144e+03,1.704640568352873743e+03,1.919618018949984616e+03,2.084166113798896276e+03,2.118694481332913256e+03,1.908888593836335076e+03,1.969501163513524716e+03,2.271258550417981041e+03,1.465234667832794457e+03,1.798092057184843270e+03,1.704588393923481362e+03,2.006719883846031053e+03,2.629256476756638222e+03,1.721772376823802915e+03,2.015003920921093595e+03,2.521173422805460632e+03,2.863336979778015575e+03,2.320493502557576903e+03,1.989223968430711011e+03,2.312348469938196104e+03,2.964493658955373576e+03,2.760362016955239596e+03,2.798633298228608965e+03,2.224594651202579371e+03,2.185929302389171880e+03,2.508621046011032377e+03,2.293802695787705488e+03,2.539493311700740833e+03,2.558504395875129376e+03,2.225981632378983704e+03,2.718632264920934631e+03,2.210505413264586423e+03,2.596201497364993429e+03,1.646124885880634338e+03,2.017679919240805702e+03,2.985420933874271668e+03,2.780759093214668155e+03,2.146885185939298481e+03,2.434063422894210817e+03,1.693974277558641461e+03,2.295012354063168914e+03,1.999865226680655269e+03,2.999625450693424227e+03,2.687396299782518327e+03,2.742646987200114836e+03,3.279314687718096593e+03,3.478371421428591475e+03,2.477190216161920489e+03,2.214609817079467575e+03,2.816793947395328814e+03,2.873749983601413533e+03,2.540272936823617783e+03,2.536845535471475159e+03,2.959314896881128789e+03,3.501073451674642001e+03,3.902508906965078040e+03,3.241930914832173585e+03,4.325462218787005440e+03,3.664010254086526402e+03,3.417566735831710957e+03,3.505345841007763283e+03,2.869296350660268217e+03,3.122437453095949422e+03,3.523933987491695007e+03,2.889765358897479473e+03,2.592944123935968491e+03,2.378376955755682047e+03,2.501223630559105004e+03,2.221594388923290808e+03,2.626666433692301325e+03,2.098526154234433761e+03,1.549487331813170158e+03,1.976211231881548883e+03,1.233326982689430224e+03,1.108211984654182061e+03,2.039336972765572000e+03,1.353841268376387916e+03,1.521813084417966593e+03,1.723567174972912426e+03,1.094840680664137381e+03,1.011906396373175880e+03,1.195179660172308331e+03,1.146736654944231759e+03,1.038321204290199375e+03,1.103639675522867947e+03,9.159947965594003563e+02,1.065959488548377067e+03,1.216788832152909890e+03,1.172598709832811892e+03,1.302095301011137508e+03,9.460301392910280356e+02,1.334407291034312948e+03,1.044254146613486910e+03,1.079793404807579464e+03,1.212872247494522753e+03,1.303253718943678905e+03,1.364505302875037614e+03,9.034541247562250419e+02,1.275593501063716531e+03,1.278735327722561351e+03,1.197216752808232741e+03,1.225289056336591557e+03,1.169717735046974212e+03,1.205126170023856730e+03,1.262187829312763370e+03,1.174710156081224113e+03,1.387128292014481303e+03,1.706572020170867518e+03,1.974769612321225623e+03,1.862661882831401954e+03,1.878407090706499275e+03,1.650773574562915883e+03,1.450030533039986267e+03,1.508574629593274267e+03,1.114386810273925676e+03,1.271477153116670934e+03,1.495354322753928045e+03,1.789709086643853198e+03,1.299954977217567830e+03,1.321925360833831974e+03,9.213467031583518292e+02,9.141179348828770799e+02,9.809683100257508386e+02,9.072488661018820721e+02,9.510010801113955949e+02,7.134069358374582634e+02,7.772528829161783506e+02,8.432011744905837531e+02,9.724043276561395714e+02,6.552975641369091591e+02,6.438800292621550625e+02,8.470892599688980908e+02,7.904190716767008098e+02,8.154612827549296981e+02,9.173745195573685578e+02,8.269394622824299859e+02,7.277440920007452405e+02,7.939756182483038174e+02,9.841045230790970209e+02,2.100582074200785314e+02,1.943261870210299946e+02,2.487415678555165357e+02,2.296163167772605505e+02,2.309750488410541323e+02,1.126153038071591027e+03,1.109007069564960148e+03,1.433510872119969463e+03,1.020575198803335581e+00,-1.775166874199220288e-03,5.501295301010303502e-04,4.470264885869786575e-06,1.580811342228477982e-08,-2.290964505037479218e-10,-9.490621455261007872e-13,-3.642012815383177624e-16,7.986227406828211234e-18,4.058038357151315340e-19,2.979219006520084399e-20,-1.336469583433751868e-20,-4.920768697683407986e-21,-2.024687347177223546e-21,3.868157714824628608e-22,1.068473468236156104e-22,-8.531242150276366254e-24,-5.100363146300142544e-24,-1.543740958273677702e-24,-7.317165996951889001e-25,-7.565483771943361085e-26,2.136281762224297679e-26,9.590612837173291257e-27,-1.690349895636742804e-27,-3.553454558532262585e-28,2.783565582477707106e-27
4.133874670161683683e-13,2.248446603928611694e+03,2.038818822996064455e+03,1.880388135507078459e+03,1.762133072132400912e+03,1.805643932247813154e+03,1.830427078498386436e+03,1.833305919424704143e+03,1.899238469753334584e+03,1.706603176481374476e+03,1.671860985450303815e+03,1.515688002115130303e+03,1.530752690495308570e+03,2.056137962065680313e+03,1.779334351624826013e+03,1.483914571351355335e+03,1.356110722803796762e+03,1.305744257383019658e+03,1.537440237029818718e+03,1.425171454962743837e+03,1.511193150120670452e+03,1.903709807580739152e+03,1.514536403198400876e+03,-1.121369099626832053e+02,-6.649435964785429531e-01,1.323751425711504059e-01,-3.577469273399487559e-02,3.477399336562768006e+00,1.549574177233344471e+03,1.610495094814305276e+03,1.882825727723331511e+03,2.054779766920910333e+03,1.674705164933874812e+03,1.525327553307866310e+03,1.898553548299604927e+03,1.732127310883255404e+03,1.608290442799925586e+03,1.658177821012547838e+03,1.682605296109569281e+03,1.858374615985084120e+03,1.851550059995362744e+03,1.682551206670485954e+03,1.655393457615222360e+03,1.599774002463204170e+03,1.389671155776303749e+03,1.348625877294698512e+03,1.637629924328509105e+03,1.751379414971198912e+03,1.800605322576524713e+03,1.755894382376731983e+03,1.660693493719613343e+03,1.635338964493775620e+03,1.650780210041127702e+03,1.935574897589537159e+03,1.667845238379270086e+03,1.330943609547911819e+03,1.739734662341187686e+03,1.800465139562578543e+03,1.480510566949986242e+03,1.571036880926730419e+03,1.375929565019461052e+03,1.500587264808043301e+03,1.796351307734035345e+03,1.169899323094472948e+03,1.464131051609966107e+03,1.614816984628861064e+03,1.978941494569760380e+03,1.676258267249528217e+03,1.698385673675797761e+03,1.298401817475878261e+03,1.290690451121626893e+03,1.041689555627825484e+03,1.566999307913187977e+03,1.289506443544084505e+03,1.527486750874776135e+03,1.125780138520372702e+03,1.629324082906799504e+03,1.841059902906241177e+03,1.951530349339114991e+03,2.075161039123406226e+03,2.092774182949546685e+03,1.625938070407034502e+03,1.786196428195986755e+03,1.747420411143148385e+03,2.064287137645330859e+03,1.806149905590143135e+03,1.689251511849061444e+03,1.632084516604780902e+03,2.028920773426973710e+03,1.690063599426825931e+03,2.075385385009119545e+03,1.809337623326209268e+03,2.293692914036922957e+03,1.973802118783355809e+03,1.613850574955541788e+03,2.059928398821821702e+03,2.628681158232419875e+03,3.401835282317475958e+03,2.747651555840152469e+03,2.784343987892127643e+03,2.418376015657099288e+03,2.336362647801747698e+03,2.256425331815350546e+03,2.291017198467106482e+03,2.149382722590484263e+03,2.699842065012167495e+03,2.914652904045485229e+03,3.093246961003486831e+03,2.302412690725759603e+03,2.814370135934414066e+03,2.332001604432592103e+03,2.393628376646461220e+03,2.484695601741494556e+03,2.540821179878452767e+03,2.372504646566730116e+03,1.872997210176682529e+03,2.950273769520601036e+03,2.701694636359915876e+03,2.317353567508672313e+03,2.439472127906132755e+03,1.822406275938250474e+03,2.152519280360065295e+03,2.428095334717672358e+03,3.023937038291165663e+03,2.645414636427913138e+03,2.471726718805838573e+03,3.428093061665299501e+03,3.197371712077117081e+03,2.646698158160280400e+03,2.593214691231530651e+03,2.554503129307719519e+03,3.108375710364044153e+03,3.119571337596844387e+03,2.957401940435386678e+03,3.223313430701103698e+03,3.111617868384625581e+03,3.924584319105599661e+03,2.833658859619228224e+03,3.723934986490169649e+03,2.787289066340979844e+03,2.463243230645612130e+03,3.618133332453767707e+03,2.741802503897837141e+03,3.301993149596090461e+03,3.562971345722962724e+03,2.877606983328715160e+03,2.604300567140472594e+03,3.015646894610878462e+03,2.194111423979897154e+03,2.747073466870559059e+03,2.267354991252145737e+03,2.235664211695031554e+03,1.604291940898944176e+03,1.623470507688079124e+03,1.521738102150594614e+03,1.165685611230424911e+03,1.709992918120383365e+03,1.380631247379782053e+03,1.086464226152135780e+03,1.463992258772582090e+03,1.043262084163818372e+03,7.885605961325690032e+02,9.291967929032974780e+02,1.179150213702227802e+03,9.825707917927632025e+02,1.343854727380672784e+03,1.080146049371749314e+03,9.535396878811355919e+02,1.098348563942385454e+03,9.945240609959065523e+02,1.137850786762614007e+03,1.058587975964969701e+03,1.091382264097765301e+03,9.826747587585537076e+02,9.809696399681439516e+02,1.075164698430591670e+03,1.014298646021974378e+03,1.281506484139544000e+03,1.079289914895644415e+03,1.394733777212843279e+03,1.394983625070162134e+03,1.192787871723766330e+03,1.324537433732019736e+03,1.069155845907944695e+03,1.004030079443196996e+03,1.348727751165408790e+03,1.352606828174442626e+03,1.657754242125690098e+03,1.827411740427556424e+03,1.706292775584142419e+03,1.688433207599053503e+03,1.635259848263610593e+03,1.787892396572045527e+03,1.101211326638509036e+03,1.216543562564079821e+03,1.060360603286146670e+03,1.368111641480307753e+03,1.502429736615338470e+03,1.462051287531572598e+03,1.094794389308433892e+03,9.718204713185081118e+02,1.022777096312218418e+03,9.282198409087283153e+02,2.944083317224142320e+02,2.550135585751395411e+02,8.464058738415266134e+02,6.491979408552398354e+02,7.847717258108808664e+02,8.162818835111310136e+02,8.870277993072970730e+02,8.117458756066288288e+02,8.673199250964859175e+02,1.021861353240907420e+03,7.566275889825476497e+02,7.733444666697396315e+02,9.039660296611557442e+02,7.456330490450833395e+02,7.320680556953435598e+02,9.081215170967506083e+02,1.059613734466068536e+03,-8.265912867080170656e+01,-7.650601399320804319e+01,-9.841371626671498518e+01,-9.032103478594191870e+01,-1.044769844727326813e+02,1.093198384145534419e+03,1.179189006884592800e+03,1.644494014041555602e+03,-4.356362294148934944e-01,7.577364260634160582e-04,-2.348247874942482915e-04,-1.908148797368741262e-06,-6.747750510434095272e-09,9.779049806899846526e-11,4.050947046956150772e-13,1.550494789669282640e-16,-1.782515867678418333e-18,-5.280593774410324279e-19,-1.682519122995171550e-19,-5.039768314952600027e-20,3.774612171360142673e-22,-2.847404128453425932e-22,-5.040859029607762839e-22,-1.039436063094802242e-22,6.239341633878134322e-24,3.661105243357609405e-24,-1.981393140764774732e-24,-2.640234165995588364e-25,-6.201710921000496114e-26,-3.670290110457485203e-26,-2.535521872992665248e-27,1.759774436704523526e-28,6.140822699490550332e-29,3.358611106169014363e-27
3.567493612496422932e-13,3.991095541065555153e+03,2.044544049123288232e+03,1.768291089617062653e+03,1.840720136770514728e+03,1.729198277311261791e+03,1.981152041040382983e+03,1.820655173528352179e+03,1.842156522230837481e+03,1.740024998476465498e+03,1.485468105400540935e+03,1.409377789484618688e+03,1.521142879944131437e+03,1.781270878156321714e+03,1.423457131982151850e+03,1.272677691470585387e+03,1.246465086239154289e+03,1.284152002259594155e+03,1.572968378309287345e+03,1.581858096276539754e+03,1.858152212671102916e+03,1.772277958135630115e+03,1.436387570548679150e+03,3.884888393719817401e+01,2.303640823700005280e-01,-4.586024832152614528e-02,1.239383984028197445e-02,-1.204715586290385998e+00,1.379501740729424000e+03,1.432594124959081228e+03,1.820660583957803055e+03,1.988392329376951011e+03,1.847346366324191422e+03,1.935450426625886166e+03,1.974298530276252222e+03,1.815460343341218277e+03,1.370141043118993593e+03,1.503418507668868187e+03,1.665350728778111034e+03,1.863700564719678368e+03,1.861734448695550554e+03,2.010896479942662381e+03,1.836168269213067560e+03,1.637756532672973890e+03,1.262604582135208148e+03,1.519884809103201860e+03,1.683844951555196303e+03,1.953972435306082161e+03,1.646485153900145860e+03,1.659660782653005526e+03,1.555683679219574287e+03,1.400830918559678821e+03,1.637943161503217880e+03,1.844176930003787447e+03,1.658579493379710584e+03,1.407292479352129476e+03,1.409447156731809173e+03,1.673675323297747354e+03,1.426774027541841406e+03,1.507344671570520632e+03,1.307921361990716377e+03,1.561876722194946296e+03,1.502544599126719277e+03,1.219964885970319301e+03,2.186418093573569422e+03,1.950104939753874305e+03,1.735865454265903963e+03,1.615490053876003003e+03,1.308508024145618037e+03,1.332506987024250975e+03,1.161105567046065516e+03,1.014730303735628581e+03,1.408998147128471828e+03,1.264777161529453451e+03,1.519641600860996505e+03,1.870845047173975445e+03,1.832771193035698388e+03,2.040324765720652294e+03,1.953860843437537369e+03,2.301318886366502284e+03,2.066236374781170525e+03,1.341618219089800505e+03,1.573935593506582563e+03,1.820396294240866609e+03,1.895283968656478692e+03,1.880243338644672804e+03,1.531854401804899680e+03,1.599445408863523426e+03,1.899788869418146533e+03,1.992173404479302235e+03,1.659192920760802963e+03,1.925151378103103980e+03,2.292534324844519233e+03,1.956799185969254495e+03,1.956548918848515086e+03,2.155784762525318911e+03,2.538342646751867960e+03,3.076639850298362944e+03,2.725360167329275100e+03,2.885127864550780487e+03,2.607824528192809339e+03,2.914756326975701995e+03,2.414925229916925218e+03,2.245604415490722658e+03,2.491794682381051189e+03,2.775129960054635831e+03,2.447025647329102412e+03,2.844491336561956814e+03,2.254898468809868973e+03,3.018858020156927978e+03,2.065508407586149133e+03,2.301061388609165533e+03,2.610915086907988552e+03,2.176503072551372952e+03,2.617742852521197165e+03,2.270092132893730195e+03,3.082686080078972282e+03,2.253953439571514082e+03,2.289728822897323425e+03,2.343792033367872136e+03,1.910493172250978205e+03,2.760119833996451234e+03,2.491046746865582008e+03,2.846643554489510734e+03,2.595600932574274793e+03,2.237904017774259501e+03,2.890537186301627571e+03,2.788691683256924989e+03,2.390113812962448719e+03,2.918824084809267788e+03,3.296308086083350645e+03,3.032075133642588298e+03,3.431991619785236253e+03,3.177815915902006964e+03,2.788798064835408240e+03,3.280690016422820008e+03,3.072024519972436792e+03,2.782949835229023847e+03,2.618510588908089630e+03,2.410625169837277554e+03,2.836060489509819035e+03,3.012764813231008247e+03,3.819775312483789094e+03,3.276846294037795360e+03,3.124850310225306657e+03,2.562953997648841323e+03,2.566902596036118211e+03,3.316013401123711901e+03,2.396768616018818648e+03,3.116812045022520124e+03,2.419282026851659339e+03,2.006040842319042895e+03,1.675449129326216507e+03,1.565802880737489204e+03,1.346524035123926524e+03,1.312248690708711138e+03,1.196270896180115187e+03,1.325575648541319424e+03,9.156551167276794558e+02,1.139072354190749593e+03,1.037698372617807536e+03,9.601617348709808084e+02,8.963451018198866223e+02,1.658780144693994771e+03,1.039264474808488103e+03,1.416702260524370558e+03,1.131042923137094704e+03,1.000076866668112643e+03,1.069832453684170559e+03,1.123994167910281249e+03,1.002774717509907532e+03,1.004195490847889687e+03,1.045596678870125288e+03,1.326935091822698496e+03,1.027190117524704874e+03,1.025023057174819996e+03,1.088131284834272719e+03,9.718896937983146245e+02,1.105007063376887800e+03,1.292856091152001909e+03,1.298245690683375869e+03,1.105353739739848834e+03,1.050207397290825384e+03,1.092193597463415244e+03,1.222893125929849475e+03,1.180455558739948174e+03,1.301190331461082678e+03,1.445353054872747180e+03,1.928506103959372012e+03,1.979288825744710039e+03,1.550513949520071037e+03,1.254757361572156242e+03,1.474727484296073499e+03,8.832018841225701635e+02,1.110551305254200997e+03,1.311783666449450493e+03,1.495461892833429374e+03,1.656420783833656060e+03,1.556162456311876895e+03,1.014819938869050929e+03,8.305781623639002191e+02,1.154534998716564132e+03,1.034572443339607389e+03,-6.253893007678468052e+01,-2.904735587575211397e+01,1.265411646743710435e+03,7.729238885990355357e+02,8.650175502181343745e+02,8.297975836929748539e+02,7.403598579522757746e+02,7.645779147830858165e+02,8.841077780234169268e+02,8.950171394910771596e+02,8.316843345729554358e+02,7.886383929693876098e+02,8.232961982709808808e+02,8.478140808689456662e+02,8.659038022338169185e+02,9.783985085597061016e+02,1.250535174356795096e+03,2.117292999099773354e+01,1.987935331871827671e+01,2.715144677036924747e+01,2.360581271108199530e+01,7.671870902896783662e+01,1.032079614849705422e+03,4.544674574234423403e+02,6.636728987629894618e+02,1.509224868128733743e-01,-2.625113754308961637e-04,8.135306134288865969e-05,6.610620111690540722e-07,2.337701413850730248e-09,-3.387879237556610358e-11,-1.403653948042676444e-13,-5.396582711670543253e-17,1.710462593909796701e-18,-2.838220420465036189e-19,-3.958490526304726190e-20,1.026750422760545527e-20,4.569850436513604166e-21,4.168231748843913992e-22,7.693327471922843099e-23,4.965327722180714521e-24,3.565687149459022527e-24,-8.006894708374430216e-25,-3.322684895400552957e-24,-5.530605227301098913e-25,9.928407433923160672e-26,4.207581953168707508e-26,1.338596931201918228e-26,2.569820093095529120e-27,-3.867532322344619788e-28,8.057724141446241598e-28
2.701673817405093013e-14,3.875018133955427857e+03,1.714040187910330360e+03,1.375164840375219001e+03,1.474934948960025622e+03,1.606701479417547489e+03,2.036556003485298561e+03,1.747747359314417054e+03,1.795540478388541260e+03,1.891012358647320070e+03,1.505689372914581554e+03,1.493010621183726016e+03,1.499472770457265142e+03,1.642396248334795700e+03,1.513743868156810777e+03,1.462110937004612197e+03,1.390800572806398804e+03,1.421660574522971501e+03,1.683542250818476532e+03,1.712242581610695879e+03,1.765925203252228130e+03,1.433196802496178861e+03,1.534852266669262917e+03,-1.154009734739751103e+01,-6.842985970392374828e-02,1.362282934284152376e-02,-3.681602179075489211e-03,3.578618929018621553e-01,1.737777193860194984e+03,1.307612928440817996e+03,1.587831071416138229e+03,1.897306271546072367e+03,2.127458273279709374e+03,2.182818486667346406e+03,1.922035911607663138e+03,1.757896787557011294e+03,1.522906740440787871e+03,1.585762058296023952e+03,1.847149774353590146e+03,1.685233810067179775e+03,1.877496317580423465e+03,2.041601992609639865e+03,2.091305711182089908e+03,2.005312846982744759e+03,1.460254028516062590e+03,1.618045390300229428e+03,1.569418974422531164e+03,2.056672730584756664e+03,1.583857862634002458e+03,2.051579361863997292e+03,1.639993954822651176e+03,1.490268887674523285e+03,1.294850515507138880e+03,1.552411317469242249e+03,1.680996308783349605e+03,1.831178125863978266e+03,1.207422594004027815e+03,1.632739250832061089e+03,1.549336064804599346e+03,1.417021206833243923e+03,1.364684861841025622e+03,1.525002514902881103e+03,1.577972660421777391e+03,1.966808615288227202e+03,2.206789693460961644e+03,1.868202395683567147e+03,1.556390031429185001e+03,1.369718756406113698e+03,1.219321307156278863e+03,1.369643734475847850e+03,1.015712134972261538e+03,1.208920954114663118e+03,1.264464464077804678e+03,1.284601833757673376e+03,1.718603572811030517e+03,2.308757013687859398e+03,1.858588185296209076e+03,2.109076582330005294e+03,1.839348526449511155e+03,2.070612582121129435e+03,2.420649511771811376e+03,1.844104399383820237e+03,2.146439982799211975e+03,2.204623239214217392e+03,1.731982949538832600e+03,1.978012761873186491e+03,1.488566510293711417e+03,1.951378942953384467e+03,1.768846874463090444e+03,2.128365732501189996e+03,1.925563848188747215e+03,1.930681601176227559e+03,2.222045442773177911e+03,2.433687203343875353e+03,2.959910224760953497e+03,2.016225683604375718e+03,2.490932697300213476e+03,2.516866306886834082e+03,2.530546303333965170e+03,2.288190078829746653e+03,2.298144399493996389e+03,3.177218698771192521e+03,2.498953290758564890e+03,2.401421865762862126e+03,3.147675992261073134e+03,2.156900781690714211e+03,2.425282089284591166e+03,2.516986975593425996e+03,2.367993516585041107e+03,2.789397025805105386e+03,1.881437088155996889e+03,2.675015867244547280e+03,2.669129791957873294e+03,2.068762887678304651e+03,2.183365841840662597e+03,2.445387737022514557e+03,2.685756493627789951e+03,2.170076531461479135e+03,2.027626204926546052e+03,1.917050299737149544e+03,2.167291613217747454e+03,2.809434731619581726e+03,2.715394555138699161e+03,2.611241720722665377e+03,2.878745713157697992e+03,2.130339336521346922e+03,2.479999266148553943e+03,2.669681852654834984e+03,2.281790053635339973e+03,3.154542859541701091e+03,3.542942595067042475e+03,2.866263793500841075e+03,3.689775816904995281e+03,3.077977507516245169e+03,2.475669815417554673e+03,3.448256926610946266e+03,2.787313439052041304e+03,2.529431777723817959e+03,2.163190357410928300e+03,2.630589538570417062e+03,3.135728223325562794e+03,2.902782822721430875e+03,4.099675567154380587e+03,3.618105091632627136e+03,2.872410095795590678e+03,2.316715564258368886e+03,2.942542842537499837e+03,2.837784189446505479e+03,2.492302203256441771e+03,2.767265865459807173e+03,2.291577923169360020e+03,1.975873751577456687e+03,1.477668809783890538e+03,1.609332217882960094e+03,1.185779149869422781e+03,1.288398953067946877e+03,8.620453709570996352e+02,1.155208975725152186e+03,9.452503292397765335e+02,1.035001413597145529e+03,1.049882931789489703e+03,1.163229241017207869e+03,1.068934419028454613e+03,1.515781397008310023e+03,1.165305810153588482e+03,1.126926158929077019e+03,1.026951264664794735e+03,1.037383327048046112e+03,1.202781904284277061e+03,1.208633939150083279e+03,1.190207470428975967e+03,9.450738863836228347e+02,1.186923650310854100e+03,1.414951013529307374e+03,1.140375917505476082e+03,1.290903305908728953e+03,1.306160900592153666e+03,1.107869522563759347e+03,1.116970817600271857e+03,1.155932522283693061e+03,1.167488123750781824e+03,9.976929643116012585e+02,9.348567517891693797e+02,1.184921207735799044e+03,1.326509332776547808e+03,9.883615672018806890e+02,1.137317751784808934e+03,1.189516352188759356e+03,1.643219601984849987e+03,2.022414610223565660e+03,1.732898134295290220e+03,1.250981570952268157e+03,9.744447201657610549e+02,9.739681067444362270e+02,1.142472645382141309e+03,1.496902100919226314e+03,1.315750428658109740e+03,1.722513859857057241e+03,1.780664988223475802e+03,1.069025760902996126e+03,8.155717460924080342e+02,1.140966735428682341e+03,1.070890095279092293e+03,-6.245229321352810814e+01,-1.375494105860822458e+02,9.172353425100631057e+02,5.372248631236138863e+02,8.196009898464069465e+02,7.291547091281631765e+02,6.912618322965756761e+02,6.400007476150300363e+02,6.971192854277410333e+02,7.525908113875019581e+02,7.909474587484754693e+02,7.744427032791895726e+02,7.712414741314607909e+02,8.749057337548937312e+02,1.012793395621400464e+03,1.193492570708722496e+03,1.586835216829195588e+03,1.680966184358061000e+01,1.460003750999114303e+01,1.342293069007391892e+01,1.677255128134161666e+01,-1.482052632077242436e+02,9.684588242547471282e+02,-1.884210426788140751e+02,-1.517283828190134329e+02,-4.483166600672701396e-02,7.797924984540400238e-05,-2.416600303758231679e-05,-1.963690891332279411e-07,-6.944162957274325616e-10,1.006370874788287870e-11,4.168416258683620275e-14,1.639232572722121261e-17,-1.428404442158024787e-19,-5.789256019228794725e-20,-1.988315196192253717e-20,3.230002904275307902e-21,1.819731295966578722e-21,4.222637067466374168e-22,1.072339248224320447e-22,2.276860991419275124e-23,-6.251227761005701544e-25,-2.425574503080240849e-24,8.055939170751347313e-26,-5.973228764031106446e-26,-2.378769049266347323e-26,1.132298663522434499e-26,4.745879433900480663e-27,-8.918739633541126672e-29,8.173933178124857606e-29,-9.893041147068497098e-29
9.521699820905911573e-14,3.494085335790574845e+03,2.015961521024549484e+03,1.351430247333738180e+03,1.283178896074138947e+03,1.644234875126405313e+03,1.807190136859086579e+03,1.483862288235055530e+03,1.717206234999113803e+03,2.118878786700177443e+03,1.664851232957576940e+03,1.632922334892489289e+03,1.485272287873878213e+03,1.552855751957247776e+03,1.754850634032069365e+03,1.662509773873052836e+03,1.550814940172320576e+03,1.490531450628725452e+03,1.833578335022290730e+03,1.860430977451386525e+03,1.549326813241696300e+03,1.429004147691394110e+03,1.591325500551713958e+03,2.908211975873000732e+00,1.724494449438657151e-02,-3.433078896762302001e-03,9.277991965966716527e-04,-9.018452897014805902e-02,1.357621725559586594e+03,1.347780547517370451e+03,1.251922600533142486e+03,1.746047125773376138e+03,1.955078531650206060e+03,2.092084949951843100e+03,1.815654423135144270e+03,1.731210496427314865e+03,1.673804978193935540e+03,1.766949333413162776e+03,1.948551097944233788e+03,1.734305633462031665e+03,1.920442183193121309e+03,1.805842704353790623e+03,2.105300919380533287e+03,1.941469188762955127e+03,1.830127867080597525e+03,1.761886784221042035e+03,1.571854351030169482e+03,1.935244267459160028e+03,1.892160687352709374e+03,2.170119999614297285e+03,1.739673238321439385e+03,1.641810525211645427e+03,1.161650073000213752e+03,1.657743596412914485e+03,1.471833861853502412e+03,1.607339418275721982e+03,1.521191645096138473e+03,1.809289184262109302e+03,1.702722001288500223e+03,1.489184611900680920e+03,1.685371798912665326e+03,1.600467936278522529e+03,1.854787848810730338e+03,2.348105404722209187e+03,1.356157321634043001e+03,1.389600403742708977e+03,1.806078337145831483e+03,1.240281018021765931e+03,1.161706343759254196e+03,1.357013187320050292e+03,8.779363977644485431e+02,1.175554234306710896e+03,1.470193425174854838e+03,1.376830432389598855e+03,1.727234522424721945e+03,1.657558482615609819e+03,1.706220340124506947e+03,2.017936168023507662e+03,1.692323430758502127e+03,2.047501150821722604e+03,2.713436166801383933e+03,2.427008628902793134e+03,2.522312860236254437e+03,2.025430294081063039e+03,1.694995935837702064e+03,1.902670337127803577e+03,1.620828427616992485e+03,1.710045312609802068e+03,1.672519015815042849e+03,2.369602206405747438e+03,2.760617538902319211e+03,2.259396001143612921e+03,2.170013290904772475e+03,2.615815555514327571e+03,3.537333566958200663e+03,1.927241387054977167e+03,2.450753433192184730e+03,2.204717086023708362e+03,2.434250197972428850e+03,1.984007977919457971e+03,2.107283427506111821e+03,2.705323757946294336e+03,2.467636114648046259e+03,2.500611591536963260e+03,2.935607686979923074e+03,1.960275649523214497e+03,3.076907102380501328e+03,2.659933725425162720e+03,2.817625407282668675e+03,2.349849964395485131e+03,2.277372184245846711e+03,3.445987121077933352e+03,2.792727599433762862e+03,2.081069296985967412e+03,2.009927136129008204e+03,2.129958826354845769e+03,2.136556626071545907e+03,2.274088462875211007e+03,2.117806794359656578e+03,1.716574485515197921e+03,2.372404843649414943e+03,2.369861884385424219e+03,2.943666712347170233e+03,2.277741418354922644e+03,2.960318725539566458e+03,2.172442915648138751e+03,2.560513509224458176e+03,2.893734042345792659e+03,2.514914109740047479e+03,2.997398985628751234e+03,3.028117462551448170e+03,3.030760825591470621e+03,3.908139475136290912e+03,2.687671680773381013e+03,2.669214358339486807e+03,2.707464784101843634e+03,2.654213143076945471e+03,2.998996364873674338e+03,2.227311595255203429e+03,2.429674900100590548e+03,2.832278489436446762e+03,3.190853045126506458e+03,2.810855346238382481e+03,4.102233792002906739e+03,2.899752213702756762e+03,2.274375394045976464e+03,2.947272520958146288e+03,2.468281974266986708e+03,2.491863910890081570e+03,2.741952931179630014e+03,1.928767036819334407e+03,2.270976024138925368e+03,1.550571073528179795e+03,1.327831011644523414e+03,1.506934697229565472e+03,1.296459384074422360e+03,1.015252065049147859e+03,1.136490000835538694e+03,1.190129412866162738e+03,1.066292230090140492e+03,9.122968434568516614e+02,1.128620181235812197e+03,1.104933712207908002e+03,1.030248140227938848e+03,1.172718457030206309e+03,9.230456003022495679e+02,1.027127048610533620e+03,1.046187060975298209e+03,1.185605323141636291e+03,1.091036053706415032e+03,1.297931614355663669e+03,1.191592313182197586e+03,1.111230770854012917e+03,1.077661801114986247e+03,1.053635550916022567e+03,1.390747653577733672e+03,1.277478219345547814e+03,1.353709144123547503e+03,1.111432492016596825e+03,1.004535877326264995e+03,1.080729136735409156e+03,9.751757392575482299e+02,1.015980242342278757e+03,1.122806840050088340e+03,1.106631625275048236e+03,1.127494397679718531e+03,1.032148889122775017e+03,1.196717302800278276e+03,1.165796374551615827e+03,1.433393357932335221e+03,1.919774356313701219e+03,1.625610426020781233e+03,1.172457552043193346e+03,1.414429595512082642e+03,1.186362689027567967e+03,1.471282738139782623e+03,1.290354863953606809e+03,1.629219613584997660e+03,1.676934580649641930e+03,1.495722613191679329e+03,9.329548131327286455e+02,1.085459548167545336e+03,9.603772430029868019e+02,2.463334403915534949e+02,4.529561387387394689e+02,-3.064336017679090105e+02,-2.665590400022886683e+02,1.205166103896604227e+03,7.597027829877849854e+02,8.114344895552314938e+02,6.920184700750938873e+02,7.055599919165999836e+02,7.755068384737417091e+02,6.801551280287646932e+02,7.579695300115904502e+02,8.847824984682259810e+02,7.714246628169383939e+02,9.981272512556910215e+02,1.265926107068489273e+03,1.404182608249396708e+03,-6.420310983851975095e+01,-5.691235928794674237e+01,-5.916785139038992725e+01,-6.597357116362034901e+01,3.952335577205284380e+02,1.040903010186401843e+03,2.839354684414355461e+02,3.823696506735203826e+01,1.129799721819403635e-02,-1.965149695339702136e-05,6.090057750943464033e-06,4.948683883546496502e-08,1.749993471018223478e-10,-2.536142849135436079e-12,-1.050196586606725593e-14,-3.184850797980301418e-18,5.789980113362831472e-19,2.440660889203431596e-20,2.245990540299665352e-21,-7.827381402894208599e-21,-1.540493231959747553e-21,1.165633981213744360e-23,-2.985051439976377481e-23,-4.311405819875304819e-24,5.184576251822333082e-24,-2.143897233452739587e-24,-8.371134623095320469e-26,1.123113640073194931e-25,5.957356569441587642e-26,1.254491321169935385e-26,6.158847428341298114e-27,3.525156539933626677e-28,-1.017499307189565573e-28,1.071405343059661218e-28
1.885616027708731178e-13,2.506832410973199330e+03,2.501332072947000142e+03,1.933795065801568171e+03,1.403915258515775349e+03,1.562937087906558190e+03,1.746826559763749174e+03,1.663476045261167656e+03,1.595278595513138043e+03,1.898927325763540694e+03,1.891853823922754373e+03,1.688446250382145081e+03,1.577168924594756845e+03,1.562070266287057166e+03,1.692907297010185857e+03,1.671894797676502776e+03,1.651911401101702040e+03,1.523085725729264141e+03,1.787515750274477114e+03,2.015025729270849297e+03,1.850926547754434068e+03,1.863517108389931991e+03,1.402000629097321735e+03,-5.572029425508239209e-01,-3.304036099875408503e-03,6.577637619054793649e-04,-1.777652318280571340e-04,1.727903116011473769e-02,-1.325272058772722517e+02,1.010747177327049371e+03,1.282097384148972878e+03,1.775216882575084355e+03,1.430783911286673174e+03,1.752405581484313416e+03,1.721191715027196551e+03,1.713542001739710031e+03,1.647147780632971489e+03,1.575905762478869292e+03,1.801814321133049589e+03,1.982699419135490189e+03,1.811781253010665068e+03,1.619977761196846359e+03,1.698927432495417406e+03,1.572157678450477988e+03,2.037696050719918503e+03,1.742615237355017825e+03,1.829516135115520456e+03,1.797799702671175510e+03,1.768786806737421784e+03,1.548483596054438976e+03,1.383594263757288445e+03,1.414069623335705728e+03,1.893169527555510967e+03,1.397549150735974081e+03,1.078512662136047766e+03,1.607883493513050553e+03,1.474801278341886700e+03,1.525938419204114098e+03,1.606425345941474234e+03,1.637878304122657710e+03,1.800019171773503103e+03,1.815015595806891497e+03,1.595813713593804550e+03,1.508686846724568568e+03,1.365945954673388997e+03,1.357096249459067849e+03,1.919303639026585415e+03,1.329534913867987598e+03,1.203711791334412283e+03,1.025485487911237442e+03,9.527951954737748110e+02,1.182003211264250695e+03,1.091417557780927154e+03,1.714606279802986592e+03,1.756099479686580935e+03,1.464324090262329719e+03,2.045715451096865309e+03,2.226994708469959278e+03,2.153476552478281064e+03,2.212543582513972979e+03,2.069908609757043905e+03,1.976696463245942596e+03,1.802849207610492158e+03,1.798084525241674555e+03,1.827963181543049132e+03,2.094095595335877078e+03,1.844327369274650437e+03,1.639640466263914732e+03,2.154028629573038870e+03,2.643721934098614383e+03,2.728634845423320712e+03,2.808363688108936913e+03,2.043133146244188538e+03,2.501600912186086134e+03,2.844925366173633847e+03,2.204755335365941392e+03,2.130149485715086030e+03,2.371954691332770381e+03,2.786956460262989367e+03,2.200243172126718491e+03,2.452369016323691540e+03,3.023963935103215590e+03,2.727062132381211086e+03,2.286697806295618648e+03,2.082975249257028736e+03,2.242894096925235317e+03,2.760155083434250628e+03,2.285088021589735945e+03,2.695229111205214394e+03,2.407618635208569231e+03,2.728881397300206118e+03,4.001454187174428171e+03,2.794176845479235453e+03,2.067434966393534069e+03,1.878044873968510274e+03,1.951457405908307010e+03,2.369737926162152235e+03,2.039162222074386818e+03,2.499860586249591051e+03,2.507380202556553741e+03,2.120939515573628341e+03,2.424560855841698412e+03,2.507808008290853650e+03,2.313484453082253367e+03,2.242889884527983213e+03,2.534319832471102927e+03,2.335720285633757612e+03,3.189930611499709357e+03,2.404321871681140237e+03,2.375422502266201718e+03,3.433048992422018728e+03,3.033647520067571804e+03,3.040009326446498562e+03,2.356142913712460086e+03,2.606022033941901100e+03,2.475265759462814458e+03,2.328489945632608396e+03,3.794143561124060398e+03,2.787290877419160097e+03,2.384107052991241744e+03,2.981863755316600418e+03,3.011165946453274955e+03,2.968413119597019886e+03,3.300268632359618550e+03,2.776235797114811703e+03,2.681077793153008315e+03,2.610073381065616559e+03,2.387725317309068942e+03,3.062148108948219033e+03,2.729822017157215214e+03,2.830950387854625205e+03,2.150159450690629455e+03,2.161612156789257369e+03,1.595773022979363532e+03,1.783583954504152416e+03,1.456185230459583636e+03,1.639830838640108823e+03,1.601361321830072256e+03,1.380496183037855189e+03,1.090199015264708123e+03,8.203093359842952168e+02,1.084261976461415315e+03,1.000431532510322654e+03,1.252275151686866820e+03,1.224540519266142610e+03,1.112731940379749858e+03,1.118477102503608648e+03,9.684449958747374012e+02,1.287390354623790927e+03,1.123657011165185622e+03,9.569002328624233087e+02,1.411069369489136307e+03,1.133214440672497176e+03,1.076251194046011960e+03,9.517320843342160970e+02,1.155702901761552539e+03,1.068517252265353136e+03,1.205448196948818349e+03,1.021209702858956916e+03,9.392287856791352851e+02,9.367727762085705763e+02,1.095568069438778593e+03,1.107777617661811519e+03,1.011832388736673806e+03,1.329520884009816882e+03,1.411974799442987432e+03,1.105364553471748422e+03,1.262211148535691791e+03,1.262720283728657705e+03,1.259316634521146852e+03,1.625675259700757351e+03,1.875070486054503590e+03,1.883384877720729037e+03,1.774967498913548070e+03,1.496603942608028774e+03,1.550007759478842445e+03,1.479617762364234295e+03,1.428434391821572262e+03,1.500942190786986430e+03,2.074433637594023821e+03,1.474305512830666657e+03,1.059733974909798690e+03,8.624034149340365047e+02,9.883279873689697297e+02,1.945401243920353636e+03,3.487064018926717495e+02,3.901944409277919590e+02,1.448934593115906182e+03,8.140133125009598416e+02,9.009944857152173654e+02,7.420777552474291952e+02,8.561781854422788456e+02,6.836068643821336082e+02,6.822118672486628839e+02,7.125396137399458212e+02,9.472526549524199027e+02,7.194701616623688096e+02,9.010961611467643024e+02,9.619456991779977670e+02,9.075161668487689894e+02,1.311765016163401754e+02,1.164645213886133064e+02,1.221675485015747995e+02,1.351183156717524696e+02,1.596526567674932039e+03,1.251223681673809551e+03,8.124247566089632073e+02,-7.326064680330533818e+00,-2.164655542955073401e-03,3.765155976161568082e-06,-1.166833115108620696e-06,-9.481500096845725007e-09,-3.352925406171364028e-11,4.859062981451998275e-13,2.013566937210855123e-15,1.722450793890772323e-18,6.093311272665581245e-19,1.704562671394506781e-19,3.953044624401580955e-21,-3.312973794702202523e-21,-1.740727750119620870e-21,-8.058772621941295436e-23,2.024905958272620273e-25,2.041769404942543427e-24,-2.482267725496816297e-24,-2.350194543002514708e-24,-1.041485512844086063e-24,8.601618223022917869e-26,5.762421864407770756e-26,1.327160047578482779e-26,3.694850515857705053e-27,6.265380669694821919e-28,-3.492726677682490931e-30,-4.863216820321911855e-28
2.416725646849083613e-13,2.205129465719413020e+03,2.612847629270790549e+03,2.473096657718395363e+03,1.660151062055196917e+03,1.487240707572247175e+03,1.369753951450574505e+03,2.286165186332636040e+03,1.873516926980540802e+03,1.838360250738606283e+03,2.018187634433977792e+03,1.785997986611595934e+03,1.471082227304937987e+03,1.562702639960180022e+03,1.672695076933717701e+03,1.769889608254519771e+03,1.509491393337686986e+03,1.414936227898639800e+03,1.569910765661359619e+03,1.882391679951547530e+03,2.146067657420160685e+03,1.840021032826062537e+03,1.246191923701406267e+03,3.217798719655515921e-02,1.907870068981257759e-04,-3.798430288235733179e-05,1.026702190738692896e-05,-9.978491621178630592e-04,7.653329922863586710e+00,-1.741303517549562940e+01,1.846802400497282406e+03,1.945426256916199009e+03,1.582905281101527180e+03,1.613321105367190057e+03,1.947931425930925798e+03,1.820104008146034175e+03,1.827334189058139373e+03,1.481720000899051911e+03,1.846860862676933266e+03,1.734298992028576322e+03,1.882668796091880267e+03,1.748934023780162306e+03,1.679949396639720362e+03,2.014589007999879414e+03,1.814157534598122993e+03,1.547813469561973761e+03,1.784766132321552732e+03,1.947304527117791395e+03,1.840644677686808791e+03,1.674185346686179173e+03,1.655936765037830128e+03,1.374283597541404788e+03,1.941757402064663665e+03,1.175796478153668204e+03,1.451325676028595353e+03,1.687150114594587876e+03,1.249013257666764048e+03,1.243051356869880010e+03,1.788352515115244842e+03,1.528704645494112810e+03,1.562656637648177593e+03,1.471089482605535295e+03,1.501801941466581184e+03,1.492281750933175772e+03,1.477584119796129698e+03,1.397301845830007551e+03,1.576031783409808668e+03,1.297488392317221269e+03,9.407547475225482003e+02,1.236256302917389803e+03,1.265851356169951487e+03,1.572958895810263584e+03,1.133656737812653773e+03,2.180245057766186164e+03,1.733440868630566456e+03,1.598485731731594797e+03,2.369498341951378279e+03,2.909212561499271033e+03,3.010523872165780176e+03,1.902304858546577179e+03,2.110595738503835491e+03,1.855850716207567302e+03,2.171315113904297050e+03,1.876482267692898176e+03,1.825405959031633756e+03,2.048933351557838705e+03,1.807212491602968839e+03,2.204528870172033294e+03,3.507864233278256052e+03,2.540587672400089104e+03,2.726962424917560384e+03,2.356405202761223791e+03,2.632575254917543134e+03,2.562486952726349955e+03,2.320993522237093202e+03,2.472797794519618037e+03,2.491124725938312622e+03,2.848692275360650456e+03,4.054697630388533980e+03,2.745995225653932721e+03,2.571728817497162254e+03,2.604243712210223293e+03,2.007136060102530564e+03,2.007900091103071190e+03,2.312119841648222064e+03,2.271923317065531592e+03,2.710460854687510164e+03,2.349775141323592379e+03,1.933826438437316028e+03,2.356164344803587937e+03,2.757358035944664152e+03,2.699516500504475061e+03,3.134170870605430537e+03,2.337015495730381190e+03,2.087188928867553386e+03,1.839232055666715041e+03,2.162459602869840182e+03,2.163207234171459731e+03,2.241614316271955431e+03,3.002801136428738118e+03,2.264447556369991617e+03,2.181034591675545016e+03,2.755316259730268939e+03,2.600544543884844188e+03,2.298958837426509035e+03,2.699279402963840312e+03,2.190921384037228108e+03,2.146606299019097150e+03,2.142619970924236895e+03,2.692040936915648672e+03,3.099941676809200544e+03,2.357722702037433010e+03,2.116113350845751938e+03,3.025111793594125174e+03,2.390244122802814672e+03,2.836434869741367038e+03,2.955693517125954259e+03,3.111300486221679421e+03,2.669408715002251938e+03,2.501664215060012793e+03,2.642293792954318633e+03,4.048251870477774446e+03,3.620411912054422373e+03,2.715042879071528205e+03,2.914528623558262552e+03,2.806977000014562691e+03,3.040686741169380639e+03,2.533200240929168558e+03,3.178730503254626456e+03,2.791671761742979925e+03,3.397823595939010829e+03,2.207655955437179728e+03,2.599702108326119287e+03,1.901757021367428024e+03,2.017944677366067481e+03,1.445605909272459257e+03,1.650680208645695984e+03,1.748430402496369652e+03,1.333463493551533020e+03,1.196579081909061415e+03,9.262387994808930216e+02,1.009491961598463945e+03,9.135813499679226197e+02,1.343912271267762890e+03,1.665019271594572047e+03,1.132612810391737412e+03,1.170209743353940212e+03,8.845461929257153315e+02,1.327348325623147048e+03,1.095060237406560418e+03,1.049633902372933562e+03,1.211954822525111922e+03,1.162144493874245882e+03,1.119053060319948599e+03,9.310396314590353768e+02,1.023879338029074688e+03,9.876684546609056952e+02,1.207439992584600532e+03,1.309015093803196123e+03,1.120638576534578533e+03,8.963567156721275069e+02,1.318875795290529595e+03,1.218112506500287509e+03,1.054595128381830591e+03,1.084835037712147141e+03,1.392675080929971955e+03,1.350932649973814932e+03,1.343874860337076370e+03,1.400839342662026183e+03,1.361119882205243584e+03,1.407602901205308399e+03,1.384771068672363072e+03,1.797916859834553861e+03,1.432389710287794287e+03,1.747455590676789598e+03,1.597800122103503327e+03,1.502144329943219191e+03,1.401123035533040365e+03,1.322559526688206461e+03,1.644288704263539330e+03,1.556152588811179839e+03,1.074236204892594969e+03,9.099273046214051419e+02,6.732095930937272215e+02,1.469992547593514246e+03,2.415533892246145570e+03,2.924979791589527849e+03,-4.196528683002574667e+01,1.625701508860752028e+03,1.015392349191675066e+03,7.317287831997076637e+02,1.082112669768806654e+03,7.738374508923925532e+02,6.715354641143487697e+02,7.537957645747616198e+02,7.714540522113885572e+02,8.159010723786317385e+02,7.292283239419517713e+02,8.759628279713380152e+02,1.073914338981494666e+03,1.084225270842160171e+03,9.730625109446284569e+02,1.085385854845858375e+03,1.139665133852706958e+03,1.117920185022531314e+03,1.339616485827888482e+03,-1.666307919892977552e+01,4.230738108192458324e-01,1.250069593428832523e-04,-2.174344584677869488e-07,6.738358879333148598e-08,5.475483483149192801e-10,1.936265059324554770e-12,-2.806579351370328129e-14,-1.173109690026925107e-16,-3.278115988770796125e-19,1.714063484030196614e-20,-1.571579273698480359e-20,-2.119190188712894196e-20,-4.012469380913006646e-21,-1.314716752436463658e-21,-1.209774007183641966e-23,1.036247229216123850e-22,5.909219962267772341e-25,-3.611935893109111503e-24,-2.848295351268140297e-24,4.521263550434649477e-26,8.200488743008333281e-26,2.147672295941743829e-26,-4.977333289499247512e-27,-1.627412371102249358e-27,-1.763101097518646146e-28,8.953770761794673729e-29,1.889266973323725979e-28
8.461918893496409591e-14,2.709337667687663725e+03,2.006272029811824723e+03,1.541359658205241885e+03,1.834556132252387897e+03,1.890281817365460483e+03,1.263470066068084634e+03,1.796284752313991703e+03,1.772796313545218254e+03,1.810022303431243017e+03,1.821145815438910859e+03,1.875125875277443129e+03,1.845674729555464637e+03,1.776695265761851033e+03,1.936867731696809869e+03,1.825952599031697218e+03,1.690084826088254658e+03,1.515528897380112994e+03,1.423234388082622900e+03,1.530593512971413475e+03,1.722246936121083309e+03,1.580976358543710830e+03,7.027266424262459168e+02,4.003629831058238414e-02,2.371696827094415432e-04,-4.724923808038407601e-05,1.278860568889818456e-05,-1.241538728255342896e-03,9.522363157862910654e+00,-2.166550331105616678e+01,1.562409668662292688e+03,1.616631248477152667e+03,1.921583060735203162e+03,1.704441337453019969e+03,1.723331619406127629e+03,1.728956348507478424e+03,1.755261299689611633e+03,2.072252079194138787e+03,1.654538863309564704e+03,1.396318790071249623e+03,1.797819036127776371e+03,1.639353288966125774e+03,1.745637572289677337e+03,1.813048208709101345e+03,1.487337440923730810e+03,1.281145740464748542e+03,1.741058703570231728e+03,1.780666432664705553e+03,1.815686438906662261e+03,1.675441018117369595e+03,1.640314646489019196e+03,1.739036640597671067e+03,1.700459179473757558e+03,1.519211123200283055e+03,1.865574543445806057e+03,1.408273882107006102e+03,1.105819280551339261e+03,1.566818264459922602e+03,1.653814893900209427e+03,1.367152109270318533e+03,1.415194317903439696e+03,1.817473498569964931e+03,1.757173399586096593e+03,1.608807068169418017e+03,1.553472001421461300e+03,1.531565878280379366e+03,1.355970908443723374e+03,1.287341867681420808e+03,1.014181253628490026e+03,1.252331372459587101e+03,1.608339284573963369e+03,1.278326831886352238e+03,1.324904067626713868e+03,1.452654205304454308e+03,1.257327575165867529e+03,2.189455450668887352e+03,2.712695299691140917e+03,2.560272063917274863e+03,2.357001770374162334e+03,3.010804842328077029e+03,2.236525217541071470e+03,2.245265846808126298e+03,2.178116161132969410e+03,1.617060776170826330e+03,2.159213982429540010e+03,2.222336326977842418e+03,1.683392552569239569e+03,2.127245837730951735e+03,2.928811692704664438e+03,2.437243770230287282e+03,2.710057399751210596e+03,3.017502069626254070e+03,3.164114595788354563e+03,2.653228742342254463e+03,2.519037605153834193e+03,2.224717502964652340e+03,2.713623580551434316e+03,2.838557480776364173e+03,3.693057325375823893e+03,2.524724348401704901e+03,2.730662151144746531e+03,2.205778214830901106e+03,1.931983316459407206e+03,2.178712753257565055e+03,2.244457310811611478e+03,2.386111418040281933e+03,2.825674663006081573e+03,2.416537740670602943e+03,1.844681949723318667e+03,2.557962235333380704e+03,2.173453996064880812e+03,2.634659241451946400e+03,2.696526789624796038e+03,2.231186534168637536e+03,2.308163379679450827e+03,1.382581796434672469e+03,2.104045384464473500e+03,3.315504636953297450e+03,2.125793474392889038e+03,2.626891921461686252e+03,2.826989423237278061e+03,2.454074547998407979e+03,3.098115502790991286e+03,2.114261261307916357e+03,3.122839711874057684e+03,2.186197618482162852e+03,2.194677811562508396e+03,2.136942988740782766e+03,2.022063535567861891e+03,2.322210172940519897e+03,2.868649533616417557e+03,2.247977662291061733e+03,2.736413824093529001e+03,3.171335430006734896e+03,2.308435308097175948e+03,2.753047615910237255e+03,2.952833779866598888e+03,2.767097476964713223e+03,2.473179976467799861e+03,2.665034533724136963e+03,2.403667638898526093e+03,3.848139907014642631e+03,3.680553956272315645e+03,2.849039205473892707e+03,2.589119394609668689e+03,2.603415244345193514e+03,2.211823850015605331e+03,2.955464381230069193e+03,3.130740709569359751e+03,2.993256393053176907e+03,2.742538473911558413e+03,2.241669908916114764e+03,3.278585531324971271e+03,1.836589960306562944e+03,1.959359141258592899e+03,1.565635687350084936e+03,1.412130901624878106e+03,1.408528579204016523e+03,1.245680183151068150e+03,1.311651316563518321e+03,9.904626931772847911e+02,1.168692895096955908e+03,8.716537793212299903e+02,1.142095237558629833e+03,1.194047283585395235e+03,1.152466521365575090e+03,1.028766322154795262e+03,9.680663867723746989e+02,1.053086059851401387e+03,1.145105899955685572e+03,1.257474016640421041e+03,1.064590670981656558e+03,1.371717156163607342e+03,1.184166139050011907e+03,9.505235461503704073e+02,9.906889872333488256e+02,1.180660488006652258e+03,1.278886973140824011e+03,1.533592597919105174e+03,1.313507394330690204e+03,1.507416613894490638e+03,1.607274701092297391e+03,1.274956088286472095e+03,1.166307832832293343e+03,1.029629387332740180e+03,9.727641482801598158e+02,1.203174446307671133e+03,1.153236321109042592e+03,1.362717919964888097e+03,1.083485732536156320e+03,1.252226674763829578e+03,1.303786429740766835e+03,1.685296188483396463e+03,1.771308360771547541e+03,1.732851812187135465e+03,1.745446425802552767e+03,1.808965215251419750e+03,1.797743601999449538e+03,1.334164480803895458e+03,1.563017453115631724e+03,1.600936548221468911e+03,1.008488359241046055e+03,9.336174553623968677e+02,8.649168553468869050e+02,9.742620227585482553e+02,1.268271377629509288e+03,1.867482580993685360e+03,-2.091301748686796884e+02,3.907229972226452901e+03,1.807448348602777514e+03,1.184946953741074594e+03,8.499513059172412568e+02,7.835862715272475043e+02,9.501208358404413730e+02,6.925238992169759058e+02,8.716557313833627632e+02,9.100944617196173567e+02,6.155924499270312253e+02,1.067185948533646979e+03,1.135917096097636204e+03,9.393591748306378122e+02,9.939499946065618587e+02,1.276209268107964135e+03,1.138206575051881828e+03,9.875001481250673123e+02,1.091811787947334096e+03,-2.073239921365546934e+01,5.263934137281515158e-01,1.555351297735870528e-04,-2.705345100766073301e-07,8.383945428286084889e-08,6.812660268789475239e-10,2.409143457551709399e-12,-3.491587130691554565e-14,-1.454310777237474602e-16,-3.286979095674147560e-19,-1.360017810473018237e-20,-8.442357881964841775e-21,-4.087641913109194619e-21,-2.444477675744473522e-21,-2.031352422148053542e-22,9.507559720508413180e-24,-2.812661015492911367e-24,-1.004423938741741208e-23,-1.161146629855294667e-24,-2.004251191159076080e-25,1.436959935558213816e-25,6.144577426015958851e-26,2.108198980400543081e-26,1.844666514311871080e-28,3.061142599087610404e-28,4.715051089821835980e-30,-3.467365114671604833e-29,1.655339897058828247e-28
1.415411146797183610e-13,2.884583351908918303e+03,2.224048556249375906e+03,1.246198079905382883e+03,1.505256444040621318e+03,2.001426200483000912e+03,1.727593928140464868e+03,1.768598646443342432e+03,1.666788515748067539e+03,1.663426472548491120e+03,2.006895418304004806e+03,1.780632010911155703e+03,1.618661206852627629e+03,1.419988470305198007e+03,1.787504937801355936e+03,1.940292483317621645e+03,2.176561106368529181e+03,1.884670453192624109e+03,1.575720545205374947e+03,1.567860716788217132e+03,1.692564766399213568e+03,1.469171937529393972e+03,9.003761067170198373e+01,-2.646454589379269515e-02,-1.553892549608587397e-04,3.115763991414269139e-05,-8.547130459568522091e-06,8.206804934630982469e-04,-6.294307129211111018e+00,1.432095489536281363e+01,7.081181420403781601e+01,1.642626064287141617e+03,1.823792724004639467e+03,1.814412256073007256e+03,1.533034171046912206e+03,1.396591268252498594e+03,1.825490802131275359e+03,1.688972735266687550e+03,1.375963243762702177e+03,1.590101382401053115e+03,2.042169147279164463e+03,1.727984743553388626e+03,1.807981471386015301e+03,1.667085841728534206e+03,1.599567549706120644e+03,1.562262300800291086e+03,1.789335866253489257e+03,1.837116256234169441e+03,1.847959750106681668e+03,1.610405983683064051e+03,1.760885393393808954e+03,1.849987287992693837e+03,1.830887495011700366e+03,1.820057722905552509e+03,2.281152282404873858e+03,1.399364497726922082e+03,1.322091856481411014e+03,1.455957626422698695e+03,1.618004446800320466e+03,1.234604916156017453e+03,1.517510088117553778e+03,1.590235022115106176e+03,1.645157444576400621e+03,1.552252977444761655e+03,1.530411654296367260e+03,1.663034973247843254e+03,1.205576350809868927e+03,1.400345725389330255e+03,1.163628592113097284e+03,1.394155148809007414e+03,1.439735700513427446e+03,1.191696980179424372e+03,1.281226270083298459e+03,1.339052644901910526e+03,1.773538248926459119e+03,2.306670062438558489e+03,2.462141195680701458e+03,2.108840019115791165e+03,2.178567597166907490e+03,2.920396454172571794e+03,2.190568234262441365e+03,2.075081723398000577e+03,1.977543035317068188e+03,1.721174818783749970e+03,1.788726141314924689e+03,1.806083516612447966e+03,1.597403246471440070e+03,1.752678815565179093e+03,2.121001500557727013e+03,1.976078797419915873e+03,2.846657617361794109e+03,2.911476248831717839e+03,2.636788723455856143e+03,2.573319690149634880e+03,2.400155790699120644e+03,2.425583058168998377e+03,2.442305931190309366e+03,2.181126834521528053e+03,2.432888367614324125e+03,2.673144756937830152e+03,3.038072364288246717e+03,2.345232643396789626e+03,2.760175591396864093e+03,2.788337192669615433e+03,2.617620220319167402e+03,2.000082350290843351e+03,2.269235391243551476e+03,3.198571608289691085e+03,2.543707222449781511e+03,2.460105619562313223e+03,2.177105305980277535e+03,2.595752233457676539e+03,2.417883056539695644e+03,2.334151682276076372e+03,2.442235889468055575e+03,2.154034355841445631e+03,2.033144186040868590e+03,2.799471691386461771e+03,2.395507082242774231e+03,2.241816678871248769e+03,2.934184198958121215e+03,2.079295308813828797e+03,2.905984792437002397e+03,2.628970287628540063e+03,2.706238552636131317e+03,2.420474778702948242e+03,2.570625756741369969e+03,1.839205071456902942e+03,2.278444754379513597e+03,1.880344415195557076e+03,2.698473451659685907e+03,2.271867761315746066e+03,3.327415512456409488e+03,2.793837100025761629e+03,2.828495495259327072e+03,2.393516379684145249e+03,3.305981717841632872e+03,2.303159988631727629e+03,3.003653159271866116e+03,2.885308332195176263e+03,3.422099721194229915e+03,2.802335978290891944e+03,3.221883022214625271e+03,3.715403134226747625e+03,2.725426549960469856e+03,2.798723577398930956e+03,3.080111215631005052e+03,2.901260794394882396e+03,2.922635032824896371e+03,3.248625334440278948e+03,3.157931697737136346e+03,2.605319230084858191e+03,2.635290712382874517e+03,1.926955281017205834e+03,1.588984549028871243e+03,1.547255543401772229e+03,1.610631765254843231e+03,1.100643099198261325e+03,1.067418808284648776e+03,1.053992709688397326e+03,1.099267831550477695e+03,1.362406204334760787e+03,9.760380690278423117e+02,1.081856229292048056e+03,1.068276047136447460e+03,1.152111380287753946e+03,8.197395713669473025e+02,1.048791372728086799e+03,9.917612248085282545e+02,1.250773059724633185e+03,1.092842639852273805e+03,1.006990824544886550e+03,1.199658055504453159e+03,1.210674551308397668e+03,1.039935550044823685e+03,9.855422228772969220e+02,1.087869839905977642e+03,1.087027241060144661e+03,1.132250528662629222e+03,1.057929117358236454e+03,1.242128443584076649e+03,1.181574862414509198e+03,1.427661174132988435e+03,1.127110305674832262e+03,1.154281119892075594e+03,9.776464200899611114e+02,1.032435171632141419e+03,1.051637166932782293e+03,1.197304198420739567e+03,8.467109784247642210e+02,1.377110408121510545e+03,1.297579769443592113e+03,1.612032488517162164e+03,1.465803371977053530e+03,1.625286533330343900e+03,1.484094581464338944e+03,1.616564902145030601e+03,1.527654605027641537e+03,1.583016276619123573e+03,1.798248402361218723e+03,1.355222434968491143e+03,9.351699031159096194e+02,9.127193057837491779e+02,9.668439650044988412e+02,9.826415756542235158e+02,7.635562264558051311e+02,1.144827955483089909e+03,2.581816684859616544e+03,5.974463027369030215e+02,2.569596293069429294e+02,1.690400378723671338e+03,9.752911482855955683e+02,8.650480744267592854e+02,9.008276839562092846e+02,6.888590605004486633e+02,8.460927794749541135e+02,9.169302574246922859e+02,8.738515479958443848e+02,9.104244987896717021e+02,9.851331283569261359e+02,8.626259419927253020e+02,1.416158398152699192e+03,1.601567164479051371e+03,1.388729380064615953e+03,1.209787034809440229e+03,1.184486402268431220e+03,1.370417032948003033e+01,-3.479474289351043303e-01,-1.028091292590451426e-04,1.788240207858651315e-07,-5.541809949740901616e-08,-4.503185877721300827e-10,-1.592439713986248139e-12,2.307982871972706399e-14,9.648489061365227180e-17,2.512235007523892292e-19,3.081266662027694721e-20,3.432510893510970114e-20,6.984489704509153952e-21,-4.031928239806923530e-22,2.696533690252643908e-22,1.626679254287875939e-24,2.844917453023652986e-23,2.966847796418102148e-24,2.490030983710247027e-24,1.652086564988022329e-24,3.245347147664408771e-25,4.668870931704679990e-26,2.164233955624057051e-27,-1.854564878316662114e-27,1.593710957417096448e-27,3.367376420940456958e-28,4.550663849368245389e-30,1.696522044804541789e-28
1.067573289813422521e-13,3.147563812796075581e+03,1.796462281800391338e+03,1.429611449205983718e+03,1.231739350494470273e+03,1.639006924875644017e+03,1.746157727779824199e+03,1.772232210508958588e+03,1.776537308947574957e+03,1.950302725671980625e+03,1.968483569139845940e+03,1.493744583124648898e+03,1.523616635043137194e+03,1.594945072409869226e+03,1.800828658194314357e+03,1.674427910338971742e+03,1.672975106004212648e+03,1.674534983958328212e+03,1.882279012989649573e+03,1.570053280735398175e+03,1.494575247875312243e+03,1.307447403868038919e+03,-3.514390764457778715e+01,1.122046195922420803e-02,5.986284627618657621e-05,-1.288491398839389107e-05,4.031514707344419215e-06,-3.479800707938436729e-04,2.668203072453609437e+00,-6.070758687217618466e+00,1.043539186212625054e+03,1.923850917810919327e+03,1.895389841958594161e+03,2.025248908952658894e+03,1.559290844477324754e+03,1.359277240884204275e+03,1.486650069341144672e+03,1.340971038858713428e+03,1.676912637953495278e+03,1.650158167526374655e+03,1.837314480494447480e+03,1.798961410904224977e+03,1.912691987122543878e+03,1.577340058630858266e+03,1.675559439861503279e+03,1.846052653334083971e+03,1.928480800829341206e+03,1.626445956700289798e+03,1.755698284624293137e+03,1.263979608328103723e+03,1.566362272771982134e+03,1.714243996103735526e+03,1.644224269628137108e+03,1.658577971318531581e+03,1.882931314659187592e+03,1.394436015264952175e+03,1.332448275319774666e+03,1.420624975338038666e+03,1.473291574278726785e+03,1.362804914458660505e+03,1.539312175271846399e+03,1.351586325805220667e+03,1.284970787845390305e+03,1.335007356140087722e+03,1.543598260657809078e+03,1.468942719494199764e+03,1.184345955605800327e+03,1.298128458811784867e+03,1.108250843772169219e+03,1.375302433804722114e+03,1.420278058988116982e+03,1.230675253658665042e+03,1.386876702770234942e+03,1.639037499324355622e+03,2.094493478053568651e+03,2.229409871755618497e+03,2.444327022457952353e+03,1.778582909288492829e+03,2.203403161735194317e+03,2.033542297070101085e+03,1.911779532453328102e+03,2.038366317543862806e+03,1.656467576158615884e+03,1.785677505167912386e+03,1.638356824248846351e+03,1.582550612197316696e+03,2.030979048111719067e+03,2.006334097595938374e+03,2.203720336830798715e+03,2.117577881947841433e+03,2.644091118697108413e+03,2.358905335346177708e+03,2.204588241226936134e+03,2.506438381646318703e+03,2.011014350588547131e+03,2.672765869598822519e+03,2.292915377567948781e+03,2.504718566055760220e+03,2.215470004943339973e+03,2.542667244243280038e+03,2.529540400173836133e+03,2.471328867921566598e+03,3.310698948728716914e+03,2.971957555554864484e+03,2.837273033882349409e+03,2.287419685906550967e+03,2.274941782222688289e+03,3.098248783210374313e+03,2.587887630968156827e+03,2.888431535928253652e+03,2.349207438100494073e+03,2.620863828578826087e+03,2.853064617453997471e+03,2.485213546658941141e+03,2.915428122496680771e+03,2.098876692484319847e+03,2.410841894714942555e+03,2.164414554460605814e+03,2.043293038806090635e+03,1.796405928733231121e+03,2.066495427295732952e+03,1.989202023465498314e+03,2.213858837797556589e+03,2.514732508094378318e+03,2.186177440737913003e+03,2.363733828363215707e+03,2.727461568252886991e+03,1.608301473716188411e+03,2.239044664866103631e+03,2.166987461645836447e+03,2.432697991132965399e+03,2.474152392683126436e+03,3.003359504231278606e+03,2.499732500889921539e+03,2.632956770296202649e+03,2.410079526764130151e+03,3.476800006876230782e+03,2.504745815122825206e+03,2.916800909546279399e+03,3.088332923026805929e+03,3.412293328355464382e+03,2.637977833975149679e+03,2.483204205133529740e+03,4.100401499675860578e+03,2.890165544432113620e+03,3.008675571722847963e+03,2.992098203670016574e+03,2.606424398341674987e+03,2.852220855279942498e+03,2.946755249118282336e+03,2.629862561456080130e+03,3.000348200690050817e+03,2.903337270419737706e+03,2.088989129338652674e+03,1.701666364768091626e+03,1.759799939014742904e+03,2.109065662466320646e+03,8.754234047728058385e+02,1.111021332146090344e+03,9.023511318902802714e+02,1.290797130448434018e+03,1.301787765978497646e+03,1.312706361092765292e+03,1.214111108235197889e+03,1.282206148112327810e+03,1.159265404037043254e+03,1.018688458906474693e+03,1.084689389784690320e+03,1.049143741788772104e+03,1.632182683528906637e+03,1.128518454493893159e+03,1.052205517553145910e+03,7.943701773511386364e+02,1.012324155476765213e+03,1.182993497921340804e+03,1.070625088555229468e+03,9.634538624356113132e+02,8.955434010671093574e+02,1.028601080553802603e+03,1.014484885042886162e+03,9.681048226148969889e+02,9.161327397512186508e+02,1.033135621127422382e+03,1.031988010969609604e+03,1.204077360239968129e+03,1.047207492119431208e+03,9.811983428105552321e+02,1.186726905543217299e+03,1.200223607173789560e+03,1.156060373915829359e+03,1.387554209055476576e+03,1.296673284063007259e+03,1.720214342733687999e+03,1.495636938796373443e+03,1.878308687456122016e+03,1.486260455698437227e+03,1.475942908142332044e+03,1.375725585076764673e+03,1.608475751890634001e+03,1.630463744689890518e+03,1.227605488942722559e+03,9.099797298106792596e+02,8.356993495956498919e+02,1.036474748476165132e+03,1.064255653460001213e+03,8.010079711677039995e+02,1.137900661861193839e+03,2.420875055537184835e+03,1.231281211558289669e+03,6.412696950971431988e+02,1.285623314041789627e+03,9.089218092529616797e+02,7.584585217119227991e+02,7.994293982533890812e+02,6.537444973563972326e+02,7.804754162770040011e+02,9.657882846653155866e+02,1.066346172630218007e+03,1.065496718640913514e+03,9.103314030830515549e+02,8.572743752513714526e+02,1.232384809170107701e+03,1.537106857373539697e+03,1.323737104908591618e+03,1.302610591233086780e+03,3.640646369708339307e+02,-5.809297870412323483e+00,1.474974558349993747e-01,4.358154060617529214e-05,-7.580480765230782587e-08,2.349213691867918264e-08,1.908933378788648024e-10,6.750548292593930854e-13,-9.782060245556973069e-15,-3.994565995966438277e-17,3.455089634169500157e-19,4.194209341029106533e-20,1.595943629821324454e-20,3.580055821266643094e-21,-1.851745373755632053e-22,6.008864958436520152e-22,7.415962169167146307e-23,-3.652933170222302495e-24,1.383620637471509943e-25,1.978904227625310354e-25,7.292842317104581103e-25,1.284657700768322905e-25,1.489019430523178943e-26,8.898378194372177975e-27,-3.762991564723885448e-29,6.269644658632814242e-28,2.730567812383636541e-29,-1.990147641794821419e-29,1.837920862345298371e-29
4.788326888727347283e-15,3.230980576165245566e+03,1.335318740199021931e+03,1.724914763033821828e+03,1.514536904671240791e+03,1.367422699354267706e+03,1.572911301953867905e+03,1.612850498539583896e+03,1.706500996923359253e+03,1.903853641355712853e+03,1.704408139634027975e+03,1.363833144552576869e+03,1.612925607952459586e+03,1.738089624416063771e+03,1.671153613515210509e+03,1.483141825389106089e+03,1.587710530658823245e+03,1.669298245218007423e+03,1.783095275464180986e+03,1.643655595156957361e+03,1.270842890996654205e+03,4.685671388267358566e+02,1.212324143183828795e+01,-3.877601185433338874e-03,9.186796329912044201e-07,3.285021960365167266e-06,-2.856659095700500546e-06,1.203537033393029410e-04,-9.204240098020043392e-01,2.094172645115567111e+00,8.619215067508728225e+02,2.080015591691166264e+03,1.916045371368596989e+03,1.890737275852769699e+03,1.793376558967212986e+03,1.752546620076985164e+03,1.661345170188823658e+03,1.560824740561866520e+03,1.689249831827532034e+03,1.534269253560342804e+03,1.754054991405819464e+03,1.867884299854833898e+03,1.905100541284256906e+03,1.399384996538835367e+03,1.472873611767655575e+03,2.096308001335968129e+03,1.727788684162537947e+03,1.300027383775965291e+03,1.538937708635738773e+03,1.361645865104616405e+03,1.537681891516446967e+03,1.426493771101584798e+03,1.635377195818248083e+03,1.400943512532523982e+03,1.230360557041429047e+03,1.222551849690271411e+03,1.222551103070773024e+03,1.615770529019481728e+03,1.266974113469466602e+03,1.436450065844031769e+03,1.445869355495516174e+03,1.392773835506715159e+03,1.465324941577935761e+03,1.233892935665223376e+03,1.320991021407134667e+03,1.274844305172722443e+03,1.252137543046840847e+03,1.080688532827412473e+03,9.134170922397985350e+02,1.049163041079662435e+03,1.363657543792227671e+03,1.239328222957453590e+03,1.208957770611365277e+03,1.782974772836387274e+03,2.035000908269255206e+03,2.378273589861106302e+03,2.368190222161061229e+03,2.236180103111088101e+03,2.545136746396138278e+03,1.815146390408472143e+03,2.059901735591493434e+03,1.965130431086548015e+03,1.555798759801135702e+03,2.029754452135119209e+03,1.927867128019461916e+03,1.700543286144947842e+03,2.505648166820351889e+03,2.634215889252568104e+03,2.888912295853963769e+03,2.474283442826114424e+03,2.730387822990295717e+03,2.440490782826965187e+03,2.139148737688909023e+03,2.477027823393148992e+03,2.856876908472941523e+03,2.585154489455688690e+03,2.322388540101153922e+03,2.639620029758073542e+03,2.342790398743925380e+03,2.418640526577052697e+03,2.336620452763975663e+03,2.239422653351273766e+03,3.121689111244379092e+03,2.641774693762588413e+03,2.730885406612530005e+03,2.354262150626389939e+03,2.516869686570124486e+03,2.595856847366826059e+03,2.671578021269777309e+03,2.701456889364016206e+03,2.552848742060561108e+03,2.547591686246989411e+03,2.793259836109069511e+03,2.570771669695852779e+03,2.689628149920218675e+03,1.891253041396730168e+03,2.299491933234756743e+03,2.161607472309614423e+03,1.978304667284262223e+03,1.457091719161715218e+03,1.446609110660134093e+03,1.947603112734667093e+03,1.780176560098233267e+03,1.930353914843532721e+03,1.946564136656482333e+03,2.120650946232170099e+03,2.466831318859658950e+03,2.621098566936009320e+03,1.852960986953816473e+03,2.446351120304014330e+03,2.313820860792402527e+03,2.547430159381108751e+03,2.903445886550046453e+03,2.517958830787576971e+03,2.350540125690098648e+03,2.533250483549828004e+03,3.069474326265797572e+03,2.725995575863287286e+03,2.120499593259962239e+03,2.671999732925546596e+03,2.951871921979589388e+03,2.887615432285825591e+03,2.043266825795519253e+03,3.609911936398173111e+03,2.842204509703351050e+03,3.121002295640846114e+03,3.046897866102961416e+03,2.618223634421456609e+03,3.194664493905880136e+03,2.976119287445445934e+03,2.513050432324529538e+03,2.793363346296971031e+03,3.249708104626860859e+03,2.401523824355887882e+03,1.851007518375297650e+03,1.805849290660261659e+03,1.742263008076415645e+03,1.021815530380954669e+03,1.252192529774359400e+03,8.808921515672969917e+02,1.192633370063416578e+03,1.175509109074712569e+03,1.318158042811301812e+03,1.292832951251196391e+03,1.315893888900402771e+03,1.377097010497148631e+03,1.285947330725833581e+03,1.234198148527656031e+03,1.232489809510900386e+03,1.518559995861528705e+03,1.199825404917544802e+03,1.018475084175537290e+03,9.515629161868561141e+02,1.050030513364296894e+03,1.134648172931668341e+03,1.066772724022956027e+03,1.199245744685799082e+03,8.518884431918583005e+02,1.224156674077018124e+03,1.091796278877050781e+03,9.934190171910237268e+02,1.034288414674160094e+03,9.253523042860936130e+02,9.352410882809425630e+02,1.069370116662387773e+03,1.122456035997717208e+03,1.149353936771493863e+03,1.071370248771863089e+03,1.131021422033895760e+03,1.147461628941310209e+03,1.197893913187776207e+03,1.169343033908799043e+03,1.848869602437319145e+03,1.637270064232821142e+03,1.764112334221490528e+03,1.645234545953987435e+03,1.599876631393386560e+03,1.431210245835803335e+03,1.305289872777939991e+03,1.489069187287088653e+03,1.338833275364090696e+03,1.046886372076644875e+03,9.174022891814173590e+02,9.380233745054499650e+02,8.319496921924293247e+02,6.931499211983319810e+02,8.822105926197918961e+02,9.240291674122299810e+02,1.649491906236241675e+03,1.049934691846425039e+03,8.300606236314768012e+02,7.261795477406103601e+02,6.034575946074592139e+02,7.391775404935941651e+02,6.950120333166646560e+02,7.666816327982667190e+02,9.168502525344813421e+02,9.714876390811360807e+02,1.084349919524888946e+03,9.438272576234935514e+02,9.620246484731297869e+02,9.509843710506690968e+02,1.206330666685220649e+03,1.225768393838903194e+03,3.979547907916990539e+02,-1.092748195047470290e+02,2.003974372765109813e+00,-5.088069645161381882e-02,-1.503388059141715586e-05,2.614961358001231388e-08,-8.103843505648659948e-09,-6.585056173907322872e-11,-2.328723484206777887e-13,3.375271841200439796e-15,1.457627555291723983e-17,1.112421237443929123e-19,-3.003143091457709269e-20,-1.287455891867939807e-20,-7.781130821817851052e-22,5.452035722666171067e-22,1.118664946999104922e-22,-1.530395854657231615e-23,-1.163100005584638547e-23,-7.275750543648604315e-25,-1.104045531310423179e-24,6.596681778201017908e-26,1.143757402811174569e-25,2.878334184616236736e-26,-1.364222988608545946e-27,-1.058484259149460184e-27,2.386390351348325201e-28,5.403266635490108418e-29,-1.049309949527826368e-29,-2.764027125190300703e-29
1.092792846550539828e-13,2.704141821783804517e+03,1.552904456158819130e+03,1.926670006242369254e+03,1.883904295113374019e+03,1.493109112046308610e+03,1.583538458149085500e+03,1.439060122555493763e+03,1.480159917506646025e+03,1.649126499209936583e+03,1.784401536941195218e+03,1.524517835328799720e+03,1.642742084128402666e+03,1.844435374781460951e+03,1.383704067454299548e+03,1.411416506730067340e+03,1.987468063192116006e+03,1.922045564187007358e+03,1.703070614408760321e+03,1.564019476837211187e+03,1.113900104587979058e+03,-1.045058047084366564e+02,-3.587467931927398990e+00,1.168997104924693895e-03,-6.676172461575300028e-05,2.603050588782310757e-06,5.364357456620057429e-06,-3.658417521107482973e-05,2.723710210907983598e-01,-6.197123693943680234e-01,-2.085878735104359976e+02,1.018708560329739839e+03,1.488121055456446811e+03,1.621640827019583639e+03,1.816647656072045720e+03,1.772981192610820244e+03,1.878557721480055761e+03,1.617463717120050205e+03,1.736303314517677563e+03,1.973836434456916550e+03,1.750445229836272802e+03,1.854116986725038487e+03,1.772293962379857703e+03,1.474477405020994411e+03,1.539266977508520540e+03,1.995502490280380925e+03,1.504537270332306662e+03,1.417416657346924467e+03,1.617267775405176963e+03,1.605452438232731538e+03,1.618847218611338576e+03,1.500072305769068862e+03,1.674836027450879783e+03,1.315037111748541292e+03,1.033056466530753823e+03,1.235201635304915271e+03,1.175228328358159615e+03,1.788000302733751596e+03,1.356803875986940511e+03,1.158697226724122174e+03,1.345870292231354370e+03,1.448146752332394726e+03,1.609614792891621164e+03,1.310561733896945043e+03,1.394328905719651175e+03,1.165806484610085136e+03,1.382939960483498453e+03,9.509325965069070890e+02,1.062464336794122573e+03,1.020039632384602328e+03,1.404570573651250925e+03,1.305571962143679002e+03,1.166026647105948541e+03,1.855373339783747269e+03,1.782681482707717350e+03,2.260611355554251077e+03,2.341935168007004904e+03,2.884550366997393667e+03,2.480596404215302755e+03,1.845178194424173398e+03,2.186604622508092689e+03,1.754996389618723242e+03,2.052930997954518261e+03,2.167411126790388607e+03,2.203527355414706108e+03,1.962116402394862462e+03,2.825379624172214790e+03,2.661160921082172081e+03,3.282367458868978702e+03,2.563869439124835480e+03,2.933279080749279274e+03,2.873053076392214734e+03,2.387440096028001335e+03,3.165319626478930786e+03,3.072715975329275807e+03,2.459179521587181171e+03,2.665764971509830957e+03,2.715573667628814292e+03,2.792012173425760011e+03,2.594399851152721567e+03,2.746964813169240188e+03,2.532634493626719177e+03,2.875899861376059107e+03,2.283463436711979739e+03,2.882112067474336072e+03,2.112445534267004859e+03,2.376706571708794854e+03,2.739900473580778907e+03,3.072537986248345987e+03,2.079232601774218438e+03,2.368194854136010235e+03,2.480089818718360675e+03,2.451836480704436326e+03,2.461153730058537803e+03,2.505690546706185614e+03,2.118566724783421250e+03,1.926889922582146255e+03,2.085806323011576751e+03,1.993487886381320777e+03,1.390130788550736952e+03,1.425791128807527230e+03,1.646246832721270721e+03,1.621352666317851117e+03,1.515963796785391196e+03,1.853884034296887876e+03,1.854928107090257754e+03,1.989465862477203473e+03,2.657504294923605357e+03,1.823356996562593622e+03,2.101766093906923743e+03,2.367741841732487046e+03,2.484252030313765772e+03,2.603677795675746438e+03,2.534081020223492033e+03,2.363603520806937922e+03,2.172314407501076403e+03,2.559074558068482020e+03,2.414588942284947279e+03,1.768064887072743659e+03,2.034916479418901645e+03,2.772904280546170412e+03,2.493087114558623398e+03,2.538580436685901077e+03,2.814664049842456279e+03,2.838447530646250016e+03,3.001245010379759606e+03,3.020040505965123884e+03,2.626482762255803209e+03,3.217061215224419357e+03,3.218185999586140497e+03,2.810932165669631104e+03,2.492485057349575072e+03,2.466662424643850500e+03,2.545574601128724225e+03,2.018607657455867638e+03,1.807314085003368291e+03,1.212905594032014733e+03,1.145561728631189908e+03,1.370276068905440980e+03,1.237812045975322235e+03,9.633919266309334262e+02,1.205956562741259404e+03,1.439335501746922546e+03,1.326514957626631713e+03,1.251539129679045800e+03,1.442778299584208753e+03,1.482095984852715901e+03,1.303362344198446408e+03,1.322902644197220070e+03,1.235752065696404088e+03,1.121773322847595182e+03,1.036700965736599301e+03,1.126770349945315957e+03,1.122913786064521219e+03,8.885965752740243033e+02,1.041158992199394788e+03,1.241379492017922757e+03,1.101084456123563086e+03,1.250289637195165824e+03,1.177911105834176169e+03,1.017584012143393807e+03,9.817255343961929839e+02,1.085529849351803023e+03,9.353591645562064514e+02,1.006701594992809646e+03,1.046517813947526292e+03,1.115115263124111380e+03,8.802336197972316540e+02,9.895118898912576242e+02,1.072772512195614127e+03,1.336221708669418604e+03,1.330267930907299387e+03,1.624355459161238969e+03,1.410985480595625631e+03,1.519269572401744881e+03,1.629521856251355302e+03,1.975629189401468921e+03,1.639209174950911802e+03,1.341291806525604443e+03,1.557724343796018957e+03,1.509709926546902807e+03,1.142004813241705051e+03,1.001131892481368482e+03,1.000674782037845603e+03,6.334669518524536898e+02,6.325851350040325087e+02,7.005601379592724243e+02,7.866220513028461028e+02,4.157665939107465647e+02,5.655348181355150246e+02,7.351863911954916375e+02,6.497236592397034656e+02,6.148099275987431156e+02,6.699585109172861621e+02,7.903647102925191348e+02,7.965518284989959739e+02,8.139021495742855450e+02,7.648370357428016177e+02,9.181105826696950771e+02,9.330564432284044187e+02,9.487596185165006091e+02,9.287560066335171314e+02,1.160470733227480423e+03,1.282566698220907483e+03,2.231740688905686625e+02,3.233608378120854354e+01,-5.930065453945911891e-01,1.505637319523813258e-02,4.448754292272417099e-06,-7.738068984175168027e-09,2.398050719154340077e-09,1.948616495906530162e-11,6.890676779124749488e-14,-9.994220095209460816e-16,-4.233186967910516694e-18,-8.319112579611127802e-20,1.793844153969564680e-21,-6.067037364629021428e-21,-2.887052276329306352e-21,-1.881618540325670572e-22,8.199587786900270414e-23,-1.323717432868824596e-23,-8.522761605277722569e-24,4.826562154483762841e-25,4.109003692110075018e-25,5.559273202959354461e-26,-1.854039288323512814e-26,-7.002875600297346447e-27,4.546629803216076592e-27,1.186484242203724945e-27,2.778937301103383584e-28,2.345987380720662064e-29,-1.171682971892559087e-29,1.142662007045162463e-29
1.999548695495653864e-13,2.476307793271334049e+03,1.864332837663402415e+03,2.008365327358399099e+03,1.813714425388153131e+03,1.544779720121749278e+03,1.576840979717577056e+03,1.367541866884203046e+03,1.362553615610590214e+03,1.492909788742250612e+03,1.943729130912300661e+03,1.592116887850042303e+03,1.539888923656897987e+03,1.942936594712763053e+03,1.488078877159843614e+03,1.265833511712170321e+03,1.662209855677240512e+03,1.851851477661070703e+03,1.758331728397833331e+03,1.339442884984674947e+03,9.324906934289480205e+02,2.620581305694588181e+01,8.996312973913571653e-01,-3.487928867100428517e-04,1.884155104280276080e-04,-9.883614840554378147e-06,-1.301312627258804541e-05,1.167749010055538816e-05,-6.830859951867308821e-02,1.554365904478894334e-01,5.230511564600298868e+01,-1.279757439054780974e+02,1.596192194774650261e+03,1.681391987254417700e+03,1.644459045260957737e+03,1.321320180516463097e+03,1.325772830650846799e+03,1.436977289038846948e+03,1.263193569504672041e+03,1.532867136105682675e+03,2.128413359319786650e+03,1.786298006885706855e+03,1.691537647306294275e+03,1.940859807325974543e+03,1.930891516264689244e+03,1.668067684317546991e+03,1.442883593072339863e+03,1.678695235168034969e+03,1.752584127983039707e+03,1.534462436093744145e+03,1.553343372428915472e+03,1.853129680843713004e+03,1.726141392909235492e+03,1.386343921705958337e+03,1.278254003425067140e+03,1.263500049811531426e+03,1.206944452057786521e+03,1.596891783949860837e+03,1.427666343076158910e+03,1.023784358243190695e+03,1.286263135387688408e+03,1.518484242232755378e+03,1.407467632985476257e+03,1.417116504885798122e+03,1.497559240668608936e+03,1.295164647128410707e+03,1.509363563825302208e+03,1.007607540051189972e+03,1.298245312260462242e+03,1.425710291842602601e+03,1.906327582048918202e+03,1.472187274023706550e+03,1.375171114422415712e+03,1.904143472764035323e+03,1.826523728123748242e+03,2.044734083885502059e+03,2.449421982883377950e+03,2.530311444817450138e+03,1.929241323893182653e+03,1.879485241333626163e+03,1.859965886972871431e+03,1.912985424640163274e+03,2.337068946910526847e+03,2.044620309246238548e+03,2.319017051341694241e+03,2.448449574951047452e+03,2.639185493773838516e+03,2.501200337931407375e+03,3.171031379002017729e+03,2.675499885975594225e+03,3.065690873357663804e+03,3.080383094475734197e+03,2.563258471134094634e+03,3.318031656771359849e+03,2.217124272195786034e+03,2.400494928384036484e+03,2.899619397921334894e+03,2.768035635844501940e+03,3.150489673535817019e+03,2.811981413228331348e+03,2.727944862980606104e+03,2.962394847434288749e+03,2.682201414195469169e+03,2.411754369964763100e+03,2.953321784889501942e+03,2.190589806145374496e+03,2.133858924039704561e+03,2.809090097897234500e+03,2.859841424861666837e+03,2.038697772044180056e+03,2.171965353299967774e+03,2.635871555220950086e+03,2.629615551542099183e+03,2.297820400990895905e+03,2.577253676939989873e+03,2.131691772146372386e+03,1.860398013972040417e+03,1.909232360024357604e+03,1.640005362489507888e+03,1.540444155140741714e+03,1.491116717551393094e+03,1.580091444033247399e+03,1.297159732508545858e+03,1.413653189939497679e+03,1.775394815427972844e+03,1.574851472391131665e+03,1.595575582741998915e+03,1.395168038445449383e+03,1.826809752443226898e+03,1.509059673844572444e+03,2.188130763558315266e+03,2.569471035500081598e+03,2.056281677356422279e+03,2.699747998306684622e+03,2.502115728321391998e+03,2.055413496338568166e+03,2.349417601870739873e+03,2.362874188491699442e+03,2.065620065597573102e+03,2.048225700508386581e+03,2.336178486285210056e+03,2.339868860664520525e+03,3.005424980853046691e+03,2.283613214164800866e+03,2.863366644938377704e+03,3.112531070807654487e+03,2.764016847408341164e+03,2.554406643888267354e+03,2.703747897161374112e+03,3.193084019461221487e+03,2.427763996483801748e+03,2.547996738750306577e+03,1.963808711187038398e+03,2.420117803931027538e+03,2.183282696781824598e+03,2.029411255818266000e+03,1.330306567746958763e+03,1.072649730630654631e+03,1.485445830845043702e+03,1.550737782883098362e+03,1.245072118535865684e+03,1.313543223200081684e+03,1.898334188532993267e+03,1.361053847319172746e+03,1.541012945995239988e+03,1.481928518243606050e+03,1.698563538458631456e+03,1.205144532248034920e+03,1.364687960195935830e+03,1.381280625691545083e+03,1.046888361990266731e+03,1.118361861127776592e+03,9.215561278173486244e+02,1.062286571901083335e+03,9.504535835451047205e+02,1.051568855483608786e+03,1.042660618688461909e+03,1.321181018063796500e+03,1.138671666805918221e+03,1.247468347187329755e+03,9.877669458757413850e+02,9.124619735097226112e+02,9.982932604447498761e+02,1.030263991913273458e+03,1.021580529907085975e+03,1.009710148289444192e+03,9.147372407593311436e+02,9.264077927668294024e+02,9.671144468050057412e+02,1.325496615731875636e+03,1.560270391608668660e+03,1.667232637646467310e+03,1.539041546730185019e+03,1.376202710076752737e+03,1.558646843853943665e+03,1.464394425055546890e+03,2.035609154349420351e+03,1.871443864750242483e+03,1.699361373677978918e+03,1.774245720375222163e+03,1.451496228335408659e+03,1.067623014432105947e+03,9.150534572252585122e+02,1.132687576037287727e+03,8.511995685700956074e+02,8.453109794135546053e+02,8.478610920342752024e+02,9.101778249845675646e+02,7.135340160011057833e+02,6.943897055613172142e+02,6.820023010023874122e+02,6.166848514691698711e+02,7.267395300467638890e+02,6.470103842130853309e+02,7.455355107246105035e+02,8.106268601493901542e+02,8.353676328465523966e+02,7.708519474454348028e+02,9.611909647857884238e+02,8.605308028953973007e+02,8.322590764736065694e+02,9.809627665307638154e+02,1.242013290610068907e+03,1.131547475397835115e+03,1.229559334199958130e+03,-8.108562575415518836e+00,1.487017015881617332e-01,-3.775520407435631332e-03,-1.115564977597058139e-06,1.940390160758688865e-09,-6.013326668707928383e-10,-4.886317029307167843e-12,-1.727636758916154102e-14,2.497654247694970121e-16,6.326842184045616060e-19,7.874759408255236413e-21,-1.875407639715637478e-20,-9.478539599191581740e-21,-3.029390014029304426e-21,6.634606935516387244e-23,4.330530434517164947e-23,4.204893774724202982e-23,8.355616733688700868e-25,1.433311344793791919e-25,-4.228731886325396867e-25,-1.595392240226995684e-25,-7.310577238204802565e-26,-3.148897611024891010e-27,-1.527720629571008656e-27,-5.051345859693692689e-28,-1.567741793417251524e-28,-2.063960583766256482e-29,1.604798865989683018e-29,-3.604584425068106264e-29
3.253142030167006383e-13,2.577477260958180068e+03,1.949045293739163071e+03,2.044086830549960723e+03,1.623944736085365093e+03,1.352813761829511805e+03,1.585034730208830979e+03,1.575789652741484133e+03,1.415990138278643371e+03,1.245367992138764066e+03,1.695655368495907624e+03,1.467886288231735989e+03,1.345153098003146397e+03,1.568462655902498000e+03,1.808428286797117835e+03,1.368892999128970132e+03,1.214778050008016862e+03,1.556721446697632700e+03,1.421979963154405368e+03,1.412340862531445737e+03,1.056231517427808058e+03,-4.967253398991127611e+00,-1.705990107964927838e-01,1.717662081559820429e-04,-3.616086215909314751e-04,1.939667864374505343e-05,2.461627101945773673e-05,-6.966226824906548239e-06,1.296483758033150149e-02,-2.953458198455733222e-02,-9.913834460882480215e+00,-3.849841187087051253e+01,2.147801102360158438e+03,1.621937257629313081e+03,1.476553722972552350e+03,1.153281449313205712e+03,1.046013488796599177e+03,1.018606376055451506e+03,-1.195488976311212497e+02,-1.464031056616180990e+02,2.147352861047429997e+03,1.966222967141659637e+03,1.765102472710591883e+03,2.161735022028158710e+03,1.897709550409054600e+03,1.582950450034169990e+03,1.348364249183717902e+03,1.649759809644721372e+03,1.660010327122139870e+03,1.741876950909305606e+03,1.691156552013615965e+03,1.911735966407548403e+03,2.185423089805908148e+03,1.796015165535706046e+03,1.408975610114170195e+03,1.004470041013032755e+03,1.379634133789661064e+03,1.227854794571098864e+03,1.202758292926440163e+03,1.323598492553802316e+03,1.252425061060199369e+03,1.603453175260872058e+03,1.621035968162619611e+03,1.496558165476151544e+03,1.077731399582576159e+03,1.541977768749016604e+03,1.504859677856462667e+03,1.172896926791158194e+03,1.213805750994580421e+03,1.624659503379789157e+03,2.127653014310404160e+03,1.562699405999505416e+03,1.509326035791501909e+03,1.902516722946220398e+03,2.572153560851354541e+03,2.311961790729958466e+03,2.296118705040949408e+03,1.791166349459778985e+03,1.780642015970299326e+03,1.974730514583930699e+03,1.802831178852901985e+03,2.461212870321372975e+03,2.074653742434661581e+03,2.575838474549640523e+03,2.298705682099998739e+03,2.654761333657711475e+03,2.225662169865433953e+03,2.999990531947003547e+03,2.923208725070916898e+03,2.584724215472481319e+03,3.539943308489619994e+03,2.904360297522304791e+03,2.517884082183431929e+03,2.261713720514891520e+03,2.305157548613769450e+03,2.348217355159062663e+03,2.650436415197680617e+03,2.042814477249173478e+03,2.695684540566505802e+03,2.792387550671732697e+03,2.544896781592785828e+03,2.543270204103639117e+03,2.366818299255378861e+03,2.588254089553005542e+03,2.482665256985072574e+03,2.228872135242067543e+03,2.132788976093954716e+03,2.319016701060623745e+03,2.323586321366911307e+03,2.187952863083872671e+03,2.599064383836805064e+03,2.655890696331084200e+03,2.782445734532797360e+03,2.487105543033278536e+03,2.071025784638938148e+03,2.281544716394530496e+03,1.702892291846713988e+03,1.867842127651670353e+03,1.460319220836474187e+03,1.657012682707726754e+03,1.589430694267995705e+03,1.661411329345285139e+03,1.088914780248893067e+03,1.676632909871097127e+03,1.626712122603380976e+03,1.529438195121974786e+03,1.367977607864755328e+03,1.180709939336280968e+03,1.356472020638183722e+03,1.316953218311495675e+03,1.759763366512128414e+03,2.549517408108961263e+03,2.161304176811441721e+03,2.903883157102073255e+03,2.793992768012898523e+03,2.914278071036989331e+03,2.440831436265633783e+03,2.835569959596960416e+03,2.312503415289101667e+03,2.338450100616717009e+03,2.126735510706871992e+03,2.603896220030251698e+03,2.667486594867069471e+03,2.209503850951229197e+03,2.903958463317050246e+03,3.572384934860967860e+03,3.605763715386693548e+03,2.730942368804699981e+03,2.611576341991543813e+03,3.182846788942149942e+03,2.395899102738472720e+03,2.672334324628191553e+03,2.347581348953335237e+03,2.423401983656095581e+03,2.474541895602663317e+03,2.116548956308521156e+03,1.429435818811417448e+03,1.264327046851720752e+03,1.455387609807619810e+03,1.364270910309102192e+03,1.736223316577874357e+03,1.434528611813187581e+03,1.922314337959805698e+03,1.394664896629975601e+03,1.882579126698000209e+03,1.757584972873708466e+03,1.623004090691471220e+03,1.416552348940096635e+03,1.603746968416156733e+03,1.483905160784386453e+03,1.049910513983187684e+03,1.127642342526158018e+03,1.098245626963040195e+03,1.285481432517228995e+03,1.353163374925812377e+03,1.017103411407757676e+03,1.140470306860817800e+03,1.128850510131632063e+03,1.072053617265503817e+03,1.160480540573289773e+03,9.845298310189974700e+02,1.118836969787928183e+03,1.098239657982233666e+03,1.134694650677160553e+03,9.839711693892322728e+02,1.268988460668268999e+03,1.159644080966889078e+03,1.000983048661805583e+03,9.868923827535217015e+02,1.278030278824219067e+03,1.335398749962737611e+03,1.564610801160782103e+03,1.831711279715133742e+03,1.749084221306468180e+03,1.594211695162058504e+03,1.370595978638080624e+03,1.483884615536366482e+03,1.762737780041566111e+03,1.613432047888193893e+03,1.963586024134257059e+03,1.366307361218777260e+03,1.117199916337269769e+03,9.030065905805126931e+02,9.012883841380121339e+02,1.008069895041840027e+03,1.115241704723145631e+03,1.044343382051304843e+03,7.320725435989788821e+02,6.469391868432984438e+02,7.310289793262492140e+02,7.175359902581848246e+02,6.497554588385278294e+02,7.694401704891408826e+02,6.966764886805684682e+02,7.411740804952896724e+02,8.006063249980059027e+02,9.319210904895847989e+02,9.923542307930496236e+02,1.024302091732844701e+03,8.092959368357203402e+02,9.351515158940509309e+02,1.129679594297324229e+03,1.148852633060461585e+03,1.051995426046648390e+03,1.034450306390557216e+03,1.536932524230975483e+00,-2.818557289947870928e-02,7.156287018910258233e-04,2.114490803773488125e-07,-3.677898199171266906e-10,1.139792381391975817e-10,9.261821967674062928e-13,3.278794395154241017e-15,-4.721261191316418348e-17,-5.525428324697128338e-19,2.806023263095800658e-20,-2.385723148104576320e-21,3.034850821529434774e-21,2.390158434877836895e-21,7.329283478144366656e-22,-1.788310969473330403e-23,-1.865839772654464518e-23,-1.353821388088235554e-23,-3.489392986819566149e-24,-6.144773575976747909e-25,1.698681631015857574e-25,-3.604962161339364676e-26,2.353423718607460810e-27,3.194924940321439159e-27,8.300316050779394238e-28,2.749209696369335008e-28,6.104496211979851343e-30,7.116559009999576757e-30,-3.772925736077322307e-29
1.950988323716980107e-13,1.819757223733337241e+03,1.936850112953286498e+03,1.859344970499713781e+03,1.689883666936396139e+03,1.515007891365719843e+03,1.734463121991776688e+03,1.811543937725411524e+03,1.640162924405856529e+03,1.474846422064927992e+03,1.504365580815372141e+03,1.526521595438059194e+03,1.406115915392289708e+03,1.492045421547964224e+03,1.773498024884949245e+03,1.713794120853058075e+03,1.458862889570023299e+03,1.247798034108982392e+03,1.271015655125459261e+03,1.436718438520663994e+03,1.386729297322056937e+03,2.563097132296729974e-01,8.840059822338035278e-03,-6.060050352254392741e-05,1.782465050627383908e-04,-9.581836454760141546e-06,-1.211666995593966186e-05,2.686848729130127022e-06,-6.773553770742027358e-04,1.559201102444079988e-03,5.113159633669092097e-01,3.274313277589606486e+01,1.439046882923414159e+03,1.126121154246597598e+03,1.226178715998290500e+03,9.156178372643615830e+02,1.128044066711862797e+03,-1.522221983824523939e+01,6.165833515004348619e+00,7.550734032090855585e+00,-3.463883386750197246e+01,1.974422230058615469e+03,1.790191937600508481e+03,1.671754031788858128e+03,1.335773841584938737e+03,1.323619729835162389e+03,1.507594227858198337e+03,1.654705861801335686e+03,1.819544183169435200e+03,2.024304508517175236e+03,1.758464679435557400e+03,1.882983622381632358e+03,2.151043954008909168e+03,2.254753592594442580e+03,1.232872184303134190e+03,1.008725178259909626e+03,1.467193678980578852e+03,1.289005978809868566e+03,1.217005789499240336e+03,1.442533400521808517e+03,1.216910060401268538e+03,1.556478003067393729e+03,2.002475467859239643e+03,1.685680560790415257e+03,1.525018736404751962e+03,1.398402049342787905e+03,1.423834604178123527e+03,1.237869183919086481e+03,1.480664008437699977e+03,1.567084242508999068e+03,1.599652856484354743e+03,1.644515366459675079e+03,2.126150678869345029e+03,2.044984678189959368e+03,2.828576420549189152e+03,2.543946296662762052e+03,2.210995423733872940e+03,1.792664594567628228e+03,1.436287473698267604e+03,1.635136633593468559e+03,2.072239423489656474e+03,2.686741021288633874e+03,2.565793671273765995e+03,3.414571419429242724e+03,2.266389280001107181e+03,2.220682939333015383e+03,2.841951632799708023e+03,3.211650452363753175e+03,2.704777014894307740e+03,2.140367141449070914e+03,3.496251549793375943e+03,2.136829048294267977e+03,2.751555390842427187e+03,2.644109535053991294e+03,2.218277396231374951e+03,2.439434440021326736e+03,2.780809191604773332e+03,2.000581922943755444e+03,2.738224711522411781e+03,2.529751914835661864e+03,2.986010385292692717e+03,2.452050337575790763e+03,2.537850278654978410e+03,2.064494119497164775e+03,2.330195855216773907e+03,2.383028541965414206e+03,2.463386945117464620e+03,2.444596864310753062e+03,2.607497902235139009e+03,2.238607056044789260e+03,2.700078219661658295e+03,2.365092506982905434e+03,2.426351171558629176e+03,2.641226515789710902e+03,2.174213439128230675e+03,2.622400713916784753e+03,1.694672439526803828e+03,1.573335634552657211e+03,1.232964651444272931e+03,1.476453939622476355e+03,1.618541015043154857e+03,1.362715001030577241e+03,1.416045051298397084e+03,1.619453891708867104e+03,1.729685417373428209e+03,1.377809699134752464e+03,1.204715325874286691e+03,1.118334537666380584e+03,1.300293480426121278e+03,1.525429218455190721e+03,1.747973430545443762e+03,2.245208830326537736e+03,2.265075690307470268e+03,2.347394448738104984e+03,2.614324385560691553e+03,3.316475778402851120e+03,2.725545699344021159e+03,2.879142961611671126e+03,2.334480849529454645e+03,2.305310198626377314e+03,2.427635305571726349e+03,1.803050498305822885e+03,2.819436427426651335e+03,2.511160278311372167e+03,3.205796174564838111e+03,3.373504830685656088e+03,3.408966487804294957e+03,2.733438136033153114e+03,3.070365915632900396e+03,2.704967513418382168e+03,2.801529943904704851e+03,2.842013635956000144e+03,2.441897771947908041e+03,2.383690610811544502e+03,3.294708689667196268e+03,1.947186577957959344e+03,1.438812070744709217e+03,1.527708461013661463e+03,1.474544230969028604e+03,1.518944368135285231e+03,1.624919898502800606e+03,1.497254227586656953e+03,1.692371971072453107e+03,1.512898503452115165e+03,1.582251603437307949e+03,1.664974788349532673e+03,1.290309588418754402e+03,2.051230746378544154e+03,1.672185779965508118e+03,1.416789669060158758e+03,1.158009488237684309e+03,1.319902891884046994e+03,1.512508701391860995e+03,1.449215069657353752e+03,1.382621788673495985e+03,1.082292338791053453e+03,1.163150486161359140e+03,1.029591474661435541e+03,1.046257359555512494e+03,1.180161126626426494e+03,1.000373499563649375e+03,1.066909350392748138e+03,1.375764940285891726e+03,1.253767652932062902e+03,1.116677560387229732e+03,1.179811085455579132e+03,1.407134855907729616e+03,1.042020318460786712e+03,9.918922293945440742e+02,1.142279688499896793e+03,1.292844085558454935e+03,1.450975932169966200e+03,1.647441976403498984e+03,1.849577270135246863e+03,1.879478065747869778e+03,1.631297508823497765e+03,1.348047103615651849e+03,1.507132946096394562e+03,1.322178572971337644e+03,1.505055309396462690e+03,1.616368080795228707e+03,1.343101748221909702e+03,9.648366360144805185e+02,8.706169290394377640e+02,7.708879106237251335e+02,9.422534010196222880e+02,1.160694908473627265e+03,8.188492467170239024e+02,7.832825810212063971e+02,6.298700035749100152e+02,7.278303557367074745e+02,7.179799400492220229e+02,7.536359759879011335e+02,8.023089583168181207e+02,9.757834527654445083e+02,8.927538923468499661e+02,9.616821914330458867e+02,1.068830679753224331e+03,1.017483178869769176e+03,8.067067755303985450e+02,9.753979835255837543e+02,1.021271978517062166e+03,1.094304866360299684e+03,9.725593451295638943e+02,-1.567596799172833144e+01,-7.929211627377691363e-02,1.454126117029513280e-03,-3.692010764706540730e-05,-1.090890079654914650e-08,1.897509976374547557e-11,-5.880251055173195135e-12,-4.777582633944902464e-14,-1.692266799163084616e-16,1.269148380445843411e-18,4.194296839039730453e-20,-9.661766577017944956e-21,-2.660565979573707768e-21,1.484051933629669063e-21,1.224235721524490199e-21,4.846072936883760811e-22,2.363683644929831350e-23,-1.563709618823744650e-23,-5.756108533181579124e-24,-1.133599536520294838e-24,-2.172674543209095614e-25,6.073514728299309549e-26,-2.890454173118538984e-26,-5.520450015357989091e-28,7.573296451137599050e-28,3.121400745379637539e-28,1.887214561711044948e-28,2.475722948236854547e-29,-1.046584867019531233e-29,8.034279834698761428e-30
1.637325074811335456e-13,2.080368962729007308e+03,1.977090975877011488e+03,1.852915893846350855e+03,1.609762386390278152e+03,1.644350532022151128e+03,1.761462747477863786e+03,1.736481911327658509e+03,1.661760298134148798e+03,1.579461447541337975e+03,1.493070165471661312e+03,1.420142942760859114e+03,1.475305870842403237e+03,1.391328076973129100e+03,1.538635377470964841e+03,1.842148443578356364e+03,1.642419873769536935e+03,1.532257265849317264e+03,1.514844036596171463e+03,1.333206900474908025e+03,1.229713983049460239e+03,3.759108461878604146e-01,1.347049694305346712e-02,-7.923797604942368769e-04,2.431419853236613509e-03,-1.307331032125793355e-04,-1.652560384074315504e-04,3.558742452583896486e-05,-1.107256054955739867e-03,2.765672752160268800e-03,7.466904685701502009e-01,2.090157981023268349e+03,1.330604716258763801e+03,8.722983431704735722e+02,1.588619250688509055e+03,6.704170683984467871e+01,9.113377466411031946e+01,-2.232137476626518691e+01,9.003872795181646183e+00,1.102448706566813819e+01,-5.061362617347211312e+01,1.294357233385601830e+03,1.361416276516743665e+03,1.336119986596244644e+03,1.098564105828213542e+03,1.406960565598267749e+03,1.344516825138525292e+03,1.469150475569293349e+03,1.559684778513269521e+03,1.677551424283405140e+03,1.462421251964648263e+03,1.603990145991878080e+03,1.763324123645231111e+03,1.747489424453213815e+03,1.906133477994583700e+03,1.289055502434369600e+03,1.254834665536938701e+03,1.001927784840362165e+03,1.121961447394919560e+03,1.503274232586418748e+03,1.332677706900966314e+03,1.588245204221586846e+03,2.127446623168044425e+03,2.172660353420447791e+03,2.651181615575552769e+03,2.075901994825820566e+03,1.415653551870186902e+03,1.527076223632013580e+03,1.791274662066007977e+03,1.764500022188395178e+03,1.662978225368298354e+03,2.401366668138115074e+03,2.124277722076377813e+03,2.259141968169175016e+03,2.402633264442399650e+03,2.890856001912732609e+03,1.862669956752199369e+03,1.665593812664073766e+03,1.532203086945045698e+03,2.661661307088625563e+03,2.086122527594715848e+03,2.191921467564215618e+03,2.949572254453904407e+03,2.799237844382953426e+03,2.426909121947110634e+03,2.533470169998934125e+03,2.826968955882165119e+03,2.835497458551326417e+03,3.024658713204121796e+03,2.571900773963641313e+03,2.553556054769616821e+03,1.688487399933512961e+03,2.129316419123736068e+03,2.542004044670545227e+03,2.495934063342802801e+03,2.224489222305403928e+03,2.692288709959764674e+03,1.901715499817080627e+03,2.430714639141920088e+03,2.963072291476924420e+03,3.011705201025877614e+03,2.558010207795646238e+03,2.504727386147331345e+03,2.319742116653482299e+03,2.471777491286599343e+03,2.767556369766677108e+03,2.900300340945481366e+03,3.050927819659892521e+03,3.033520408837715422e+03,2.183510509463194921e+03,2.758542567169502945e+03,2.001236199315558906e+03,1.759921289066024656e+03,2.060550985264087558e+03,2.037227412179483736e+03,2.140680004825595461e+03,1.704640668501825530e+03,1.225044851684834384e+03,1.526474960153384245e+03,1.457628216039653353e+03,1.558286083134210230e+03,1.093264334911696551e+03,1.691869737361253328e+03,1.391357809871666632e+03,1.614543430814770545e+03,1.413086665486752963e+03,1.384631165581033201e+03,1.301872752174599100e+03,1.375068312294740281e+03,1.316079434217287371e+03,2.000174228399194362e+03,2.307180500186004338e+03,2.943380661585645157e+03,2.156000122224453207e+03,2.421338040577471929e+03,2.511568827591194804e+03,2.959352049395569338e+03,2.436927026713305622e+03,2.315878416048171857e+03,2.740256655143980424e+03,1.793370823898337676e+03,2.152703544088651142e+03,2.787298591404849503e+03,2.972643436331579323e+03,3.319508160816987584e+03,3.445941417002449271e+03,2.578534307651908875e+03,2.537278260031973787e+03,3.210172453064052206e+03,1.968563545793093908e+03,2.973192572995660612e+03,2.585299072343263560e+03,3.035763141233056103e+03,2.305930469842316597e+03,2.393636544022879207e+03,1.583261822263594922e+03,1.357024830561874296e+03,1.713287719306397094e+03,2.074957788913184231e+03,1.404299294548825856e+03,1.753447576053539024e+03,1.221179251660945283e+03,1.789481263283912313e+03,1.466360993003976091e+03,1.486977218028739799e+03,1.822567775000185065e+03,1.459539889980351973e+03,2.245870538416763338e+03,1.619129461679031238e+03,1.388723045402866092e+03,1.218147342327240494e+03,1.424543729089976523e+03,1.400321505433078300e+03,1.106453346605144134e+03,1.289680670293358389e+03,1.190250542928354662e+03,1.181597153765135090e+03,1.135844498438552591e+03,1.044621219677262388e+03,1.248092891573653560e+03,8.576488602493902818e+02,9.401890171055595147e+02,1.287787221860068939e+03,1.179031639890660244e+03,1.090748577746939873e+03,1.004733823759679581e+03,1.021196241905332840e+03,9.891695935431448561e+02,9.727874426398176411e+02,1.280608061077590946e+03,1.503392278807586763e+03,1.487743930332102764e+03,1.720791931131975616e+03,1.534024461233702141e+03,1.996082784745940444e+03,1.866202000624779203e+03,1.444322661526393404e+03,1.250681128623881023e+03,1.430040385116932612e+03,1.144415334098515132e+03,1.182061807470627173e+03,1.300937684928265298e+03,7.791306240711950295e+02,8.205430708881598321e+02,9.706101014674773069e+02,8.583606281727329588e+02,7.935387888947805095e+02,8.930334764349831858e+02,8.181519637818430510e+02,6.906434506434038667e+02,7.084534148715758874e+02,8.060137494356348498e+02,8.996101056775066809e+02,8.255996874180528948e+02,8.482822829252695556e+02,9.692380011183456645e+02,8.864647035882419459e+02,1.126717703812149011e+03,9.700151879553130811e+02,8.973193481764884609e+02,1.100043078001029698e+03,1.116097053969702074e+03,1.115517502842573776e+03,2.293958165255832782e+01,-2.295470652698421077e+01,-1.161094013414952775e-01,2.129312734449159434e-03,-5.406302414124323819e-05,-1.597417327109329863e-08,2.778513503111639685e-11,-8.610697384068037897e-12,-6.996449926639246193e-14,-2.463828342224215357e-16,3.045608503145902839e-18,2.967161191405163027e-20,8.478711375685982945e-21,-3.447118161740234217e-21,2.186327278274722551e-21,1.016440873875089558e-22,1.136313364487482481e-22,-2.785603384526382787e-24,-1.118886280010227561e-23,3.917596694129088888e-25,1.544835178398157426e-25,-1.126089202652521935e-26,2.843356071823060407e-27,-1.929762947574202938e-26,-1.408728619039144092e-27,1.560006407170682230e-28,3.555857237306408233e-28,3.645473734777968866e-29,4.255167124908991426e-30,-4.171599271102417221e-30,-2.557127239698545792e-30
7.686394780110690690e-14,1.803366092537766690e+03,1.674136004232611185e+03,1.472229860406516309e+03,1.445502298323211789e+03,1.546108376004527372e+03,1.605358958205775707e+03,1.593014452083941478e+03,1.625489418697673273e+03,1.498701452833312032e+03,1.495136623435608726e+03,1.408747214233532077e+03,1.609773452152135178e+03,1.496794477159931375e+03,1.396592511179123676e+03,1.362502512863929496e+03,1.672285516190227327e+03,1.479833993781052413e+03,1.344186224754206478e+03,1.159568074174007734e+03,2.048035977223515545e+02,-2.474688579989480774e-01,-1.212845419193408006e-02,5.060064647759220796e-03,-1.559973823071962237e-02,8.387904998224458668e-04,1.060248521196545304e-03,-2.275877324876462906e-04,1.463254178281629464e-03,-4.910207542837772762e-03,-4.707899194202863624e-01,2.185787439740412992e+03,1.176731392794716157e+03,1.491376127611333402e+02,3.160391067159578142e+02,-4.283942617098698236e+01,-5.805746554263274817e+01,1.466908068318583425e+01,-5.675120665551769861e+00,-6.937468691092401052e+00,3.210292794723145704e+01,1.581702438136947421e+03,1.131070091776274921e+03,1.410783811850646771e+03,1.549895017705094006e+03,1.596289183181513181e+03,1.351147850943336607e+03,1.273077825218215139e+03,1.444030572869069374e+03,1.815782324182548109e+03,1.498424261658950854e+03,1.557461537672053055e+03,1.978283577965838049e+03,1.911399576676145898e+03,1.375107569109789665e+03,1.553324357766080084e+03,1.090496805409907211e+03,1.135592971723712026e+03,1.075205663392578799e+03,1.512026545233124125e+03,1.467662859020447513e+03,1.484605576821666318e+03,1.992195210857933944e+03,2.287062361516162127e+03,3.118842990874627048e+03,2.399258891812974980e+03,1.680681579254300914e+03,1.955800751321368580e+03,1.831404036379987929e+03,2.048552880003643622e+03,1.828011291092645251e+03,2.642371603869356022e+03,2.249151268491209066e+03,2.600506503453972073e+03,2.738573168951863863e+03,2.743290172168216941e+03,1.759176060123409343e+03,1.674698289924733672e+03,2.673893650801790045e+03,2.680999613387426962e+03,2.230039544940946598e+03,2.662967821550924327e+03,2.804225885806377391e+03,2.959495759437008473e+03,2.397223020350612387e+03,2.619029053376973025e+03,2.735132003644091583e+03,2.913802188720324011e+03,2.859440652522028358e+03,2.334549333507396113e+03,2.381182983914559827e+03,2.851882117547217149e+03,2.479890561205093036e+03,2.237227494058946832e+03,2.430485605697177562e+03,1.920365508562061677e+03,1.913406502333577009e+03,1.965069513934568931e+03,2.822460842953079009e+03,3.027744249186040179e+03,2.547422014620241043e+03,2.185272129466080969e+03,1.950160704771978317e+03,2.491798389023871550e+03,2.471464163116084364e+03,2.552112569828201686e+03,3.122653798453569834e+03,2.882097960639137909e+03,2.761980218937667814e+03,2.347841889863387678e+03,2.673222095272077240e+03,2.201227928569956475e+03,1.600166104123722562e+03,1.911328885029398634e+03,1.690360189889926687e+03,2.135681619253154167e+03,1.544492608632982865e+03,1.299207700615513659e+03,1.539968122131945847e+03,1.301386196465746707e+03,1.288370311318515860e+03,1.052456948303068657e+03,1.423725553434472658e+03,1.285856879560913967e+03,1.853255217172312541e+03,1.390957085209842944e+03,1.149799948539389561e+03,1.323102324499362339e+03,1.226402503430868364e+03,1.150422289150942106e+03,1.339654675405285843e+03,2.147956291339136442e+03,2.306215680434837850e+03,2.111437666359333434e+03,3.065059053593286080e+03,2.591273560342540804e+03,3.123852959800105054e+03,2.208293502960633305e+03,2.832978313343020545e+03,2.617614063986049132e+03,2.066988089149055213e+03,2.612685517925895510e+03,2.394751048439802162e+03,3.417353296170861540e+03,2.890237064005774755e+03,2.935828237005404389e+03,2.655565205411771331e+03,2.495800699540710866e+03,2.989761804066859440e+03,2.693624115750624696e+03,3.321189607746405727e+03,2.225788067297944508e+03,2.569224105893289106e+03,3.014286880442663460e+03,1.953952405831696296e+03,1.786622556642375457e+03,1.386885812757016993e+03,1.668960841459034100e+03,1.986065087047025600e+03,1.453170981134325530e+03,1.796801151854471755e+03,1.488283902423253039e+03,2.015031779558474909e+03,1.509574377590103722e+03,1.470468399530663646e+03,1.752095742331968268e+03,1.780779124442848342e+03,1.871651902620884584e+03,1.674606488513213662e+03,1.369936123854804237e+03,1.446715028465114983e+03,1.178941162582132165e+03,1.100481959070534913e+03,9.873764214169538036e+02,1.144163125151329041e+03,1.481333755582159711e+03,1.139990089101808280e+03,1.106002396586209670e+03,9.562534523108115536e+02,1.190052722449092471e+03,1.350493256061815600e+03,9.476153518911901301e+02,1.037700405351677318e+03,1.139830797773593986e+03,9.698023137281008985e+02,1.114249433702008446e+03,1.128400609346154852e+03,1.205108489100106908e+03,1.067131263959943226e+03,1.148142386071191368e+03,1.572172472586804815e+03,1.587561229457296804e+03,1.636056983796762097e+03,1.462057295603476177e+03,1.794139220774696696e+03,1.704080978902017932e+03,1.486945896255195748e+03,1.617733778106019372e+03,1.444927136477758268e+03,1.424106642254966346e+03,1.093738390669535875e+03,1.084723024276306433e+03,7.528870103164368857e+02,7.335412056084352344e+02,8.592150601436753732e+02,8.692194678071274438e+02,6.852168813642916803e+02,8.646881300777614570e+02,7.779223612453193937e+02,7.889159786823935292e+02,7.343478414497855056e+02,7.292375373310769646e+02,7.602649058669744591e+02,7.460470900819976805e+02,7.594390699605190775e+02,9.387137037135350965e+02,9.654793470717447690e+02,1.054786824110563657e+03,1.015647868381112062e+03,9.318548646184773361e+02,9.059269906120729274e+02,9.131440190474543215e+02,1.068598840240156960e+03,7.934819018624277760e+02,1.487862310739920702e+01,7.525898968715824533e-02,-1.380163219086177374e-03,3.504219752378688526e-05,1.035402905965820031e-08,-1.800960727667567211e-11,5.581218318291335581e-12,4.535144789947869404e-14,1.604538921809014382e-16,-2.416974640326417405e-18,2.059934250711921027e-20,-1.191575183328488297e-20,-2.953065242303948554e-21,-1.007996235285062782e-21,-2.775955947713833502e-22,-1.657454662876824624e-23,3.949131586694214488e-23,3.727781875771450605e-24,4.628956969658390573e-25,5.580325938269418916e-26,1.505608161278659414e-26,-2.838198382016527009e-26,-4.420851921912526291e-27,-4.245001583559874362e-27,-1.823761106948602434e-28,3.939220327666530699e-29,1.060780129422081130e-29,-1.754026573615852173e-30,-1.520935123552245738e-30,7.640551841519581824e-30
7.268188266451760242e-15,2.396690710186057004e+03,1.666210579149491195e+03,1.507824595964483933e+03,1.681826150919338943e+03,1.665789139738413269e+03,1.396855384966782822e+03,1.522011732620559997e+03,1.482022016743215090e+03,1.724476912938902842e+03,1.800235109377082608e+03,1.517050622334835225e+03,1.491783218615031274e+03,1.698559461969668291e+03,1.380669389568460701e+03,1.333187270987147713e+03,1.516780149879989494e+03,1.167979919885347954e+03,1.287047752025794807e+03,1.499546743089661049e+03,-8.059341765545141811e+01,1.206845889554436918e-01,1.979815777915179195e-02,-2.179206412342090879e-02,6.721503938870579398e-02,-3.614129604219013577e-03,-4.568315721092513701e-03,9.802915764564410633e-04,-3.840323835884048263e-03,1.554959111555671153e-02,1.411560341533618923e-01,2.043488639977578941e+03,1.981238740511479364e+03,-5.874911188798371597e+01,-1.252051085059314630e+02,1.822239311054043398e+01,2.355053904108726215e+01,-7.045259707069996935e+00,1.693379459974465373e+00,2.020057535921869540e+00,-1.047419339724183551e+01,5.194045133982801872e+02,1.726914751595375492e+03,1.434331189150259434e+03,1.259421150752004678e+03,1.475306991709311433e+03,1.226405098345638635e+03,1.426694396224414959e+03,1.584561061482491368e+03,1.762927612678734704e+03,1.630352069200256665e+03,1.658686273840090280e+03,2.115860663023235702e+03,1.969121650557151952e+03,1.439142255408119354e+03,1.368153256052895813e+03,1.055481181992196525e+03,1.097551051027905032e+03,1.131208593574225233e+03,1.594783613509257520e+03,1.469651407990203097e+03,1.460377034483084799e+03,1.710073533893448030e+03,2.181725709660455323e+03,2.888552046828415314e+03,2.437065556215688503e+03,2.021541833752162802e+03,2.077840048641696740e+03,2.369971812051903726e+03,2.200967662287088388e+03,2.332355899302459420e+03,2.987946724196372998e+03,2.278253170882761879e+03,2.566432738120198792e+03,2.500394617845689936e+03,2.214821871963881676e+03,1.615889657900520888e+03,2.116764590440456232e+03,2.658439491419926071e+03,2.551614889059142570e+03,2.352236133546236488e+03,2.768549034063522868e+03,2.975870865569405396e+03,2.937725827234426106e+03,2.813989730136955586e+03,2.527396713969005305e+03,2.331724837734283483e+03,2.869126320099065651e+03,2.380036510416844067e+03,1.881108750602545570e+03,2.627092944077334778e+03,2.709993118045275878e+03,2.359293723212824716e+03,2.751621536175451183e+03,2.489669633183869792e+03,1.838654821013956280e+03,1.973391704714384105e+03,2.159404039878492313e+03,3.125220606977025909e+03,2.718045697532573740e+03,2.377601779362036268e+03,2.216967360541399103e+03,1.942801146738943316e+03,2.573116349373060984e+03,2.372580550895229862e+03,2.473048422054644107e+03,2.630275368820507538e+03,2.930163134003160394e+03,2.526757930427129850e+03,2.566476133137490251e+03,2.229074886934321512e+03,2.694085276207181323e+03,1.993505046631899177e+03,2.265689801400882061e+03,1.929182734887920333e+03,1.695144451860744084e+03,1.582845438651028189e+03,1.495847343158633976e+03,1.188839431612189173e+03,1.132391219615041791e+03,1.128071389794316019e+03,1.038893827464196875e+03,1.244600099191836080e+03,1.144222516947351551e+03,1.550782089132460897e+03,1.084890036195012271e+03,1.146282713012811655e+03,1.040486966065459228e+03,1.078777868214354612e+03,1.055629468090582122e+03,1.076098434902670078e+03,1.691000730175236640e+03,2.163184204624185895e+03,2.390529365377503836e+03,3.117825512500401601e+03,2.961692222143366962e+03,3.441312259171374535e+03,2.382231216287206735e+03,3.381543717811058741e+03,2.374499643634419954e+03,2.428365429787927951e+03,2.510357352690353309e+03,2.303134219545213000e+03,2.939493877842214260e+03,2.558291832426919427e+03,2.669464715015135425e+03,3.156154748307908903e+03,2.701864576456771374e+03,3.162418129482886798e+03,3.481444069512493115e+03,2.694297695910099719e+03,2.374639284379647052e+03,2.378133589221882630e+03,3.140336936208503175e+03,1.915876688559813374e+03,1.836301650058064070e+03,1.283998606277202725e+03,1.478279371940580177e+03,1.474037241479682280e+03,1.445586286287420080e+03,1.604399717379904359e+03,1.528145063655760396e+03,1.841639894941966531e+03,1.531206341350454977e+03,1.562689612989697252e+03,1.719569892268548756e+03,1.586625566215270055e+03,1.461461139907395136e+03,1.714137091411032998e+03,1.557951261677468437e+03,1.309865541463277168e+03,1.334039179718969081e+03,1.084055772462375899e+03,1.110564909708947198e+03,1.070543617302926350e+03,1.245729957292822519e+03,1.336025126941964118e+03,1.007023586541739746e+03,1.016164636754395360e+03,1.072573069595963943e+03,1.352499996975239810e+03,1.238568230203028634e+03,1.051258890843914969e+03,1.385632777710838582e+03,1.149606813836503534e+03,1.237554235966327042e+03,1.215273938748317960e+03,1.248283137440146675e+03,1.123339195712668015e+03,8.751001622456508358e+02,1.579162032693084484e+03,1.527016636973501591e+03,1.754185277502427880e+03,1.663520097251887137e+03,1.623965200420142764e+03,1.788397608215516811e+03,1.432327205618440075e+03,1.413216759466107533e+03,1.432010119907923126e+03,1.618458668788958903e+03,1.227517047477244205e+03,9.407459365825304758e+02,7.700166623444915786e+02,6.459305162890788097e+02,6.311108351053134129e+02,8.853614864648443472e+02,8.083708422322165461e+02,8.380714200147235715e+02,1.088686009511822249e+03,9.522773582323183064e+02,8.030186223470174127e+02,7.153672046874054331e+02,7.720551985648525033e+02,8.439105890611577934e+02,9.575521108678425435e+02,1.127803679055301473e+03,1.092735156507115107e+03,1.077480780708659495e+03,1.192295810583123057e+03,1.144426238399992599e+03,1.176868864156012933e+03,1.498679408007550819e+03,1.129357804381997312e+03,1.566779678406920311e+03,-6.264387028964609527e+00,-3.168649648602343827e-02,5.810938623195359551e-04,-1.475391143812085771e-05,-4.359384972350089094e-09,7.582629313670208515e-12,-2.349894568365532882e-12,-1.909331762387246103e-14,-6.673249509137800724e-17,7.878224454286231201e-19,-6.061518228833633713e-20,-2.877749756856137639e-20,6.847978703755709582e-21,-8.643485126057000347e-22,5.048669488768514318e-23,1.404507665339989286e-22,2.567328640784171597e-23,-1.917366029589101966e-24,1.822663017645073242e-24,-3.358853575139646542e-25,-5.179879067461355221e-26,-6.639972604857660294e-26,-3.397325404635787657e-27,2.415601691306341692e-27,1.909562877391808750e-28,-1.438900789726119221e-28,2.567231627570646417e-29,1.270321366867702512e-29,-4.698828575302491740e-30,1.624868478725346884e-29
-6.284591191039904145e-14,2.597728455207509342e+03,1.822959293293610472e+03,1.264252977156342013e+03,1.359463533149452132e+03,1.581537850105894904e+03,1.494953550731609994e+03,1.621179405206723004e+03,1.447425873252035217e+03,1.646700548606193934e+03,1.765882207037893977e+03,1.529731051510724456e+03,1.228843226450595012e+03,1.752148440600285994e+03,1.320681567471091967e+03,1.397027111154584190e+03,1.376726305022937368e+03,1.189981793105829183e+03,1.734920373799399613e+03,1.778957496180644739e+03,2.800366005716265150e+01,-1.004228965135622875e-01,-5.933140375390507509e-02,7.778652940858507558e-02,-2.399345197385176764e-01,1.290119991616644340e-02,1.630730968580240345e-02,-3.499190416942424709e-03,1.284758302316562316e-02,-5.354759845030405280e-02,1.555413193487250600e-01,8.689872563177377742e+02,1.028994794998027828e+03,2.032277610239825805e+01,4.241889453472627736e+01,-6.922900432397811166e+00,-4.894550864088432540e+00,5.527510861572321410e+00,1.907029234579287635e+00,2.527131405173043799e+00,-7.279664674650161871e+00,-1.101795272741954932e+02,6.205393604893156407e+02,1.473203199544252584e+03,1.358991743859122835e+03,1.423795811009549652e+03,1.489181802048273994e+03,1.480883522676267376e+03,1.637267521757808254e+03,1.544479653732535780e+03,1.545299359274664994e+03,1.855437280151277719e+03,1.910282763170338740e+03,1.768564653615025691e+03,1.696073252016699371e+03,1.214576471546473840e+03,8.807928722150815020e+02,9.848615907305303381e+02,1.238994735402305878e+03,1.318510975418761518e+03,1.600193234670932270e+03,1.747241085598899190e+03,1.779243648457177642e+03,2.394662633303069470e+03,2.539584607523705472e+03,2.352726723991244853e+03,2.480042496554185163e+03,2.473261968850490121e+03,2.645999006561306942e+03,2.543918500572953690e+03,3.065327974593777526e+03,2.837814102993092547e+03,2.120231081758574874e+03,2.477059941418743165e+03,2.224636115229437110e+03,1.913393772442078216e+03,1.863160754000885163e+03,2.350696806335196470e+03,2.555519559636055419e+03,2.778600231767387413e+03,2.301101548339755936e+03,2.561610464733379558e+03,3.246646868858983908e+03,2.847847652512361037e+03,2.779346738313824517e+03,2.463872040808065321e+03,2.252861696492611372e+03,3.162342782125416761e+03,2.480401485366251109e+03,2.239304265918930014e+03,2.785878313179537145e+03,2.280539185230284602e+03,2.453059075461209886e+03,2.813670965050421273e+03,2.434486326787971393e+03,2.583297854601975359e+03,2.161241483696302566e+03,2.932253811808463070e+03,2.479529172400291372e+03,2.589171795473343082e+03,2.298226220912174995e+03,2.478305368926182837e+03,2.650047979930257497e+03,2.176659529377763192e+03,2.916375274426582109e+03,2.410959843282097609e+03,2.289892476179829373e+03,2.625859014578390997e+03,2.648720093732585156e+03,2.573319642099498651e+03,2.311563867086662412e+03,3.243906998787162138e+03,2.323825898298710399e+03,2.045224263137517937e+03,2.176695515273661840e+03,1.325259934137880919e+03,1.425454727948285381e+03,1.912079360995059915e+03,1.453794616756926644e+03,1.183079856483939693e+03,1.167582598078921137e+03,9.190791002655113289e+02,1.136580783247737145e+03,1.458395818768107574e+03,1.158729626072910833e+03,1.167887416095102935e+03,1.195025356828666872e+03,1.063373151418602447e+03,1.115604730835669670e+03,1.018705251190650188e+03,9.637757984947609202e+02,1.426458217418271488e+03,2.153303615943242676e+03,2.343323089995248665e+03,2.432219511232398872e+03,2.783920497541713758e+03,3.211196988104838056e+03,2.441260245543312976e+03,3.160192872736186928e+03,2.131417060810796102e+03,2.281275783607854919e+03,2.484369743863916938e+03,2.348447667984535201e+03,2.322506885667153256e+03,2.465061059890301294e+03,2.486520556074646720e+03,3.125768690491222969e+03,2.937356190437548776e+03,3.227773439223673904e+03,3.319004985811947790e+03,2.631216186961382846e+03,2.642292407781380916e+03,2.426922094462679979e+03,2.601800789618410818e+03,1.880388190062127933e+03,1.972404443107616544e+03,1.472327623487638675e+03,1.742539903198486172e+03,1.349939861308155287e+03,1.211946792833358131e+03,1.447009765916568540e+03,1.428587343811804431e+03,1.533488678540941919e+03,1.621504718397098941e+03,1.796643765768152889e+03,1.517802957472561729e+03,1.548767995249256046e+03,1.526303021100292881e+03,1.612796342905249276e+03,1.359557568949999222e+03,1.121345318243577140e+03,1.359637297229946398e+03,1.227558907812407824e+03,1.168036637080020228e+03,1.010090229567670463e+03,9.256491325489374731e+02,1.447400977170481838e+03,9.834106487463827762e+02,1.017397291145814961e+03,9.863386881305677889e+02,1.047715116034124549e+03,1.228690389341567652e+03,1.040907413621171372e+03,1.324140109229813334e+03,1.174069659913874148e+03,1.353632482184290211e+03,1.156781438913080365e+03,1.111960911923565391e+03,1.053210713639042979e+03,1.121377986343268276e+03,1.485835606728505581e+03,1.582759303782573170e+03,1.789250489805054031e+03,1.622866103523785796e+03,1.595440785629849870e+03,1.992078896153861024e+03,1.590648435706733835e+03,1.211651094553227722e+03,1.486970075341564325e+03,1.570077856545418626e+03,1.270109113074016932e+03,9.149935651966826526e+02,8.294240388062548845e+02,7.322072921246849546e+02,7.049065780098641198e+02,8.155959945595448062e+02,8.287472540068648641e+02,7.208483578540813141e+02,1.119048696281841103e+03,9.314115949096261602e+02,8.403413853901510038e+02,7.971103029702215963e+02,8.128083786754662015e+02,9.405800838878019476e+02,1.071770448213594818e+03,1.243901728272075843e+03,1.263173934189566808e+03,1.289876898806430290e+03,1.234017255837628909e+03,1.120726549615995282e+03,1.327290069602766835e+03,1.557572764903966345e+03,1.486652697235534788e+03,2.019092684066231868e+03,2.151786070673041618e+00,1.088415537730469222e-02,-1.996028778143697812e-04,5.067895864095760075e-06,1.497427489676232672e-09,-2.604552727304503580e-12,8.071408858909156440e-13,6.550514972065473632e-15,2.347384874889448186e-17,-6.295182407991105758e-19,-5.947297693444987998e-20,-5.933759641476910717e-21,3.692797576860077015e-21,8.950250470887849897e-23,-3.442112708454736709e-22,-2.115086912730700093e-22,-8.545466804721673210e-24,6.961535199204583438e-26,2.450891714740014401e-24,2.875133267583852466e-26,6.185542783299756522e-26,8.877110928352515743e-27,-4.038471015141044697e-27,2.272239549489563793e-27,1.459193007066579122e-27,-4.211996096581376666e-29,4.399227943271996943e-30,-1.058126108960924925e-29,-4.105678691142036585e-30,2.365131700698809542e-29
2.479553438458150442e-13,2.348256932662785857e+03,1.588413308645447387e+03,6.916899785868450863e+02,6.943661353830609642e+02,1.383440192257796753e+03,1.738921200318579622e+03,1.693661946926156816e+03,1.515069857337566646e+03,1.485430801709444950e+03,1.698482630114696804e+03,1.539628501989192955e+03,1.322308796220935847e+03,1.636266900521457956e+03,1.484752273613936268e+03,1.351307382513745551e+03,1.264259241714519248e+03,1.369934042172797945e+03,2.131925255620814369e+03,1.894367484311070939e+03,-9.238183269716760293e+00,2.106617673957029702e-01,1.787827601824220070e-01,-2.387854728724255471e-01,7.365431434312230685e-01,-3.960368258712228251e-02,-5.005964529269237712e-02,1.074166706526838953e-02,-3.918468667680015394e-02,1.637998411797487175e-01,-6.723062737899719865e-01,-1.972809394253374933e+02,-2.386925718297687524e+02,-6.429078482896638747e+00,-1.069753967645265647e+01,4.078286068017162869e+00,-8.367066605749672092e+00,-1.117080851047545487e+01,-8.203559398614771681e+00,-1.063488422934105060e+01,3.554465351962642217e+01,-1.061345014179497355e+02,4.994742659357543744e+02,1.387480147109144355e+03,1.944482311095602427e+03,1.626671779512165585e+03,1.702301588636902807e+03,1.363056288103495490e+03,1.689209537767668508e+03,1.555577933627644597e+03,1.479870811403030984e+03,1.853450492572644407e+03,1.732840241988495791e+03,2.029054694824526223e+03,1.582717865361035820e+03,1.094127683005443487e+03,9.070616176320238537e+02,1.032973644640001112e+03,1.279329659231209007e+03,1.340580350969677511e+03,2.031386259385456469e+03,2.646444591865097664e+03,2.132014392351348306e+03,2.679190615861511105e+03,2.510919878633420012e+03,2.501721856661822130e+03,3.078400794567300636e+03,3.188165910411796631e+03,2.608726095019294917e+03,2.762601586694918751e+03,3.130535172085019894e+03,2.281979381238035330e+03,2.223623760084531568e+03,2.474436049581065618e+03,2.258082202999829406e+03,1.622679264196310669e+03,2.191783104926628312e+03,2.337310429754326833e+03,2.726605983308946179e+03,2.756114627847544398e+03,2.523358355825701892e+03,2.479059265546486131e+03,3.065367869557576796e+03,2.620706244548727227e+03,2.420745624311626216e+03,2.377057873343008396e+03,2.926752924558386439e+03,3.180778818817030242e+03,2.851287825880225682e+03,2.819440897100563234e+03,2.693226588309307772e+03,2.924539760493848917e+03,2.588564744289657938e+03,2.399222547046410455e+03,2.216613960993265209e+03,2.900224779234167272e+03,2.082911218725559138e+03,3.041282684842202343e+03,1.784401337167627389e+03,2.532945214415507508e+03,2.265904070789621983e+03,2.491799676058081332e+03,2.640124936528876333e+03,1.914700095331473676e+03,3.178133146632811531e+03,2.284353076773575140e+03,2.374247906990133743e+03,2.108869610047280275e+03,2.915011347265709901e+03,2.445851727272417520e+03,2.566994282934494095e+03,3.047386006400749466e+03,2.115804075145311799e+03,1.943637789453762707e+03,1.975962313583918785e+03,1.294787329806208618e+03,1.607935369124924819e+03,1.110884413153917649e+03,7.452300311306696585e+02,1.274093677053815099e+03,1.180867674520826313e+03,9.651096992363894742e+02,9.777059338955978092e+02,1.631235866672321890e+03,1.299728048521097662e+03,1.336380287283512644e+03,1.076336754569570076e+03,1.078885278829930257e+03,1.175853224098110786e+03,1.074014429158026360e+03,9.096682993744032046e+02,1.321753827431033415e+03,1.666146197016296355e+03,1.919397297397807051e+03,2.307828879344186589e+03,2.460578619666864597e+03,2.461728976578737274e+03,2.586564878473267981e+03,3.171496722428240446e+03,2.015902902224329409e+03,1.900538469808655464e+03,2.678322259309957644e+03,2.197550144977104992e+03,2.220039192526483930e+03,2.494859499738398426e+03,2.549129639850569220e+03,2.808528910290831391e+03,3.083327217889746407e+03,2.774719029179011159e+03,2.705077713094127830e+03,2.975297126499736805e+03,2.510419182176669437e+03,2.714271557358969403e+03,2.447413348694203250e+03,1.763008172950703283e+03,2.079132757534202938e+03,1.642140292404821139e+03,1.755907190753547638e+03,1.519273287985891102e+03,1.207257942391201141e+03,1.479107090260859650e+03,1.485194274079200341e+03,1.518143923591956764e+03,1.697178397556219124e+03,1.968303591209594742e+03,1.697338310528938337e+03,1.596732479517339925e+03,1.607116686517479366e+03,1.440957030783380105e+03,1.142638694155374196e+03,1.213802721850097669e+03,1.459278115538365228e+03,1.277084274107804958e+03,1.201328999792481682e+03,1.195884912536174170e+03,1.121382154490622725e+03,1.311627725596790697e+03,9.819366688778136449e+02,9.589240176960258850e+02,9.870232598505115220e+02,1.104754013131997681e+03,1.080253700539531565e+03,1.027039378193801895e+03,1.078545844371355543e+03,1.103128504414212102e+03,1.288691820026120013e+03,1.153512428924256710e+03,1.032747106610415358e+03,9.548878995446872295e+02,1.226296488747227386e+03,1.198927047120107090e+03,1.427980318484222380e+03,1.757762762006163030e+03,1.595433688931566167e+03,1.516923684345716765e+03,1.836087372824388694e+03,1.824929664211111231e+03,1.594524817411903769e+03,1.479561904199371611e+03,1.294154263025262708e+03,1.129435748201047545e+03,9.087022827161137002e+02,8.165442689115471921e+02,7.698941640839673255e+02,7.289317796157829434e+02,7.450822929551395646e+02,8.098343997030669925e+02,6.570506022550646321e+02,7.246123834821748915e+02,7.662162629070757021e+02,8.002062865576740478e+02,7.910669547361218292e+02,8.274705420746026903e+02,9.321237538542739003e+02,1.039861753838459663e+03,1.268019888313344609e+03,1.240927646115782863e+03,1.238631525621243327e+03,1.174382188297028506e+03,1.079175827392492465e+03,1.224181361601254366e+03,1.180400503956720058e+03,1.513104021549595927e+03,2.060305464693608428e+03,-6.343075167039065043e-01,-3.208451649959925909e-03,5.883930911415566253e-05,-1.493923806813977237e-06,-4.414139245112525170e-10,7.678249026367226726e-13,-2.379581643828121397e-13,-1.942404455747438761e-15,-8.857720293608500468e-18,-2.379519440160547011e-19,6.383167636075638328e-20,1.217628897508363258e-22,-2.333121537486044200e-21,-2.108416241982290348e-21,-7.562530177547461506e-22,-1.925291572862474035e-22,-2.756668196355362202e-23,-1.577204826902290641e-23,1.319123405071723589e-25,5.405365046538982774e-25,1.353807934682803061e-25,-1.971016379674554421e-26,-1.108281747884255220e-26,2.537125343064418909e-29,-1.031441399585592509e-27,-4.454166214243548631e-28,-2.151586620896496335e-29,-5.105566661446302599e-30,-9.473411452700455008e-30,2.010992026919470056e-29
6.282339497316187139e-14,2.283723132945410271e+03,1.335083427694915599e+03,8.878094604269250567e+02,1.028757650625516362e+03,1.619610282046432076e+03,1.677483629154894516e+03,1.518573984795042406e+03,1.409275382995075461e+03,1.561512289172521150e+03,1.802524315231421951e+03,1.607079664061144058e+03,1.603222119014692680e+03,1.662416747892094691e+03,1.662587499580144595e+03,1.444841232127896546e+03,1.210728715398668328e+03,1.404436121937865892e+03,1.945325905666666813e+03,1.901614931427351166e+03,4.829559657124248062e+00,-5.174733204953988475e-01,-4.587655087157747058e-01,6.138387367145248241e-01,-1.893410440305701714e+00,1.018080568954356085e-01,1.286869014262607414e-01,-2.761328879141492984e-02,1.006682265062632947e-01,-4.209328540120503837e-01,1.776318730962588521e+00,5.049220676163071886e+01,6.094916337595621769e+01,2.729474970238441767e+00,-1.970326642598940969e+00,-6.249416673858402049e+00,2.727688902448379693e+01,2.728699912180929488e+01,2.166796293600228651e+01,2.804823110895985394e+01,-9.462785604958135366e+01,4.161283363228757821e+02,1.812241527412028518e+03,1.281304883191072804e+03,2.039495557769822199e+03,1.813004919631503299e+03,1.725174842898854422e+03,1.391444516253089205e+03,1.758216320455659798e+03,1.722400620245099844e+03,1.642945459255744254e+03,1.632595955856101000e+03,1.740094168036115661e+03,2.088314766031277941e+03,1.451101351103349771e+03,1.044165722534837641e+03,1.179623172876827766e+03,1.246059067295920613e+03,1.505735880829450025e+03,1.831155311093611999e+03,2.629976606697041461e+03,3.056701201445334846e+03,2.252727033024502816e+03,2.880539380347192946e+03,2.730644437715674030e+03,2.757565436673729437e+03,3.105070142431182830e+03,3.400885950690108075e+03,3.113737531792151913e+03,2.698075861538230129e+03,2.648134679901708296e+03,2.232138836870090927e+03,2.621661300109713920e+03,2.355731297798106880e+03,1.993344475243739225e+03,1.526583904242661220e+03,2.164012127324130688e+03,2.215882626176823578e+03,2.688314232632186304e+03,2.553699282988747200e+03,2.735240212330505983e+03,2.663824620975137350e+03,2.606972952984880067e+03,2.552801485107615918e+03,2.420820701969318634e+03,2.283455761084665028e+03,3.033306731429905540e+03,2.565780965567551448e+03,2.782104763386705599e+03,2.866515846220284857e+03,2.315562996068893426e+03,3.255595668845442106e+03,2.292551809234184930e+03,2.646644865569558078e+03,2.312194106824640130e+03,2.249745594418150631e+03,2.253258256190043994e+03,2.193370585019697501e+03,2.059624235212879285e+03,2.422177739895783816e+03,2.477764500147788112e+03,2.563197201649628823e+03,2.101746968689810728e+03,2.328420591407822940e+03,2.495959124238220738e+03,2.056606295337321171e+03,2.335324834178247784e+03,2.323920911614617125e+03,3.049312209207783326e+03,2.355438266715779264e+03,2.259325952737543048e+03,2.396519351785422259e+03,1.686918108287111636e+03,1.977488539528194906e+03,1.658311556922057434e+03,1.168902791842498118e+03,1.274951909208796451e+03,-1.795469020132576645e+02,2.409051757610884579e+02,1.221266291456399586e+03,1.137059860797397732e+03,1.049234693380463796e+03,8.855346874196494582e+02,1.272870457955615620e+03,1.477146493196024494e+03,1.336643829401734365e+03,9.666093018997444233e+02,1.015002643322774702e+03,1.125335853180700497e+03,1.217776465683286460e+03,1.039103536004472971e+03,1.084793484409423854e+03,1.356915386542705846e+03,1.672008693464637645e+03,2.318395057007817741e+03,2.130392485697755546e+03,2.065785384369484291e+03,2.684682867543166140e+03,3.355469005535746419e+03,2.287802923697333426e+03,1.887166574142972422e+03,2.630921392814531373e+03,2.592372731466922232e+03,2.368372879572768852e+03,2.867242452212310127e+03,2.718127722874199662e+03,2.665435553901103958e+03,2.887650032945988642e+03,2.694719430813541749e+03,2.400223100386807801e+03,2.754930669173406386e+03,2.539564790998007538e+03,3.027943757688391543e+03,2.845170537618661911e+03,2.022738934269201536e+03,1.743871760917985739e+03,1.538292146066511805e+03,1.413834015494569940e+03,1.468498216404551613e+03,1.495358939014660336e+03,1.465606926922726643e+03,1.533688823520863707e+03,1.577533866058495732e+03,1.731160749793000377e+03,1.876756246571079373e+03,1.879491181669297930e+03,1.630911906292710910e+03,1.626429954994691570e+03,1.417848632029862756e+03,1.287447945964601331e+03,1.308529018541125879e+03,1.578493707928874301e+03,1.186896140091081406e+03,1.374185871562790226e+03,1.463440205591271024e+03,1.320883391805884230e+03,1.265499226274706416e+03,9.822823095183109672e+02,9.592816040244237001e+02,9.874422078512454846e+02,1.157897498561828570e+03,1.160952678399356046e+03,1.183687365610013103e+03,1.058497775825166173e+03,1.179480984593493304e+03,1.181726839522429373e+03,1.296146873842477135e+03,1.138664621902111321e+03,9.167901691743419406e+02,9.953761984480071305e+02,1.016354152084080738e+03,1.163816804029830337e+03,1.749653606917898742e+03,1.659015388854874800e+03,1.433674067370377088e+03,1.594072958477776183e+03,1.700636718995810725e+03,1.684719795254593009e+03,1.412707422854824699e+03,1.043122489171963707e+03,8.689643851527239349e+02,8.583371007119052365e+02,7.522398795788197958e+02,7.205836181356260113e+02,6.942634485471966173e+02,7.069263865013194845e+02,8.623067307271677464e+02,7.644697585092819736e+02,7.706381315977230315e+02,6.904321988109397807e+02,7.605883570636108288e+02,7.555042757346874396e+02,8.846193905578900285e+02,9.251447423667169687e+02,1.066645978177267580e+03,1.345539865005978982e+03,1.086782890850832473e+03,9.429906109665286067e+02,1.084468656550901642e+03,1.076173022082599346e+03,1.305404239296707829e+03,1.206848077543866793e+03,1.200836245089437170e+03,1.022526288754608117e+03,1.582593076978204283e-01,8.005065737635257139e-04,-1.468036887032570283e-05,3.727330067568945880e-07,1.101330694032464963e-10,-1.915734615321829718e-13,5.933637394647998974e-14,4.756620638274334480e-16,1.267077767779425190e-19,-3.910443271763126992e-19,2.668321871606761193e-20,7.296109793546242315e-21,8.456181288555370129e-21,1.299675200942335559e-21,3.441157993695902199e-22,1.769077006769973792e-22,3.685539578488255379e-23,-1.365135867329220299e-24,3.435083910488890612e-25,2.753067991794484658e-25,-7.292178934680549732e-27,-1.518012077554976800e-26,5.825968017402039398e-27,8.104928880221805096e-28,1.194805721623724927e-29,1.553857301651405217e-29,1.671526243127552896e-29,1.017212596530070911e-29,-1.809487331807537117e-30,8.101787129257178243e-30
2.662298895707468538e-13,2.535360341622482338e+03,1.397414715858027876e+03,1.538892017255169094e+03,1.797475080911965961e+03,1.778896523920591562e+03,1.468736939152472814e+03,1.313546015109435075e+03,1.174454877332691694e+03,1.648089874637455978e+03,1.658736874878200069e+03,1.598380876792569779e+03,1.609538911816216796e+03,1.703903573141392144e+03,1.373552461744337734e+03,1.381884412398678478e+03,1.446251557420971267e+03,1.567842727937776090e+03,1.515437836567294653e+03,1.709449508646059485e+03,-5.640369500713770634e+00,9.689641436071932956e-01,8.627681415028815026e-01,-1.154604685240893325e+00,3.561425054792643596e+00,-1.914966543793563958e-01,-2.420546254215673043e-01,5.193942825431176885e-02,-1.893412627607015397e-01,7.917309366408750160e-01,-3.349925360423298137e+00,-1.184823996985858940e+01,-1.404246038886923387e+01,-2.622422930671859387e+00,9.070627303215719195e+00,1.098406987231741283e+01,-5.235662191237117469e+01,-5.106548120099173360e+01,-4.086197553324429776e+01,-5.288667845693266401e+01,1.835294941209021715e+02,1.790834645607996208e+03,1.140105906757897401e+03,1.449002176732175030e+03,1.984923153371954868e+03,2.002754134144154932e+03,2.031646941538393548e+03,1.483283054950933547e+03,1.712548432456581168e+03,1.845099737419857320e+03,1.749067521558788712e+03,1.716894559298198146e+03,1.724636006546709950e+03,1.405052562694416565e+03,1.281166367733795596e+03,1.238534255184275935e+03,1.206086651650901786e+03,1.551211515139833864e+03,1.793614562020009316e+03,1.908851594249173559e+03,2.908604769991023659e+03,2.358279104620543876e+03,2.176694807568699616e+03,2.940606938484026159e+03,2.849771013761406266e+03,2.887400250700505694e+03,2.589273926049879719e+03,3.056437146169383141e+03,3.498433557489822761e+03,2.628233332545741177e+03,2.581576107843325190e+03,2.513666747414762995e+03,2.867546106493845400e+03,2.315529970418134326e+03,1.635205994727872167e+03,1.939631483356613444e+03,2.102869406893145879e+03,2.060299418483674344e+03,2.885952018797263918e+03,2.539021468482870205e+03,2.579668255796581889e+03,2.926395883900152057e+03,2.417926765144135516e+03,3.026250308560786834e+03,2.457362514336525237e+03,2.085755669860583566e+03,2.329603314807593051e+03,2.349785184569860576e+03,2.526540274141951159e+03,2.716140346084978319e+03,2.127647797456300850e+03,2.573344494364500861e+03,2.300948604720479125e+03,2.999560434732594786e+03,2.519701793129398084e+03,2.083896778070892651e+03,2.598621532264564394e+03,1.964644504577737507e+03,2.827411542423139963e+03,2.490641554488823203e+03,2.658807515162921845e+03,2.793535821027862312e+03,2.264137825740545850e+03,2.561086228722570013e+03,2.081759520432087811e+03,1.652792704078203542e+03,2.321070833071061770e+03,2.776172814446799748e+03,3.076727148689250043e+03,2.295885355710410295e+03,2.019989176362947774e+03,2.216605061651666801e+03,1.500174003100354412e+03,1.330489095649320006e+03,1.445051122590446539e+03,9.684415628514250329e+02,-1.199016103749161886e+02,3.365650857464716239e+01,1.279104949613013105e+03,1.492288060023672188e+03,1.317359981921919598e+03,9.009628149859856876e+02,9.857361608648494666e+02,1.086624795655104663e+03,1.311996054430745744e+03,1.414468107938220328e+03,9.611610246245174949e+02,1.283640158048495778e+03,1.021300318199033654e+03,1.286448022190432312e+03,9.657718281921087282e+02,9.478070427008016168e+02,1.299957978621829625e+03,1.570060201131011354e+03,1.534382365672974402e+03,1.622201814587227091e+03,2.146081742102192493e+03,2.188709275701092793e+03,2.872016754764815687e+03,2.651237876082092043e+03,2.308210609932523766e+03,2.496902054050740844e+03,3.298107508193159447e+03,2.579099529355100913e+03,3.193927169552397118e+03,2.495547021533543557e+03,2.724665792722515107e+03,2.793745149923627196e+03,3.216182637735057142e+03,2.514001165710751593e+03,2.687748068255314138e+03,2.943338260107210317e+03,2.825576764102488596e+03,3.078906479064658924e+03,2.708924120375448183e+03,1.514321052081760854e+03,1.456966203433730925e+03,1.646061252212316731e+03,1.275043664144757486e+03,1.534669861207225495e+03,1.267880919628367565e+03,1.428934394672199005e+03,1.452896952558018938e+03,1.920091897161715906e+03,1.598929881257953184e+03,1.615541449062931633e+03,1.823368617467211834e+03,1.920611835156016014e+03,1.605468951219688279e+03,1.259439356796522361e+03,1.286114841571580428e+03,1.121021651563547039e+03,1.061183269445338965e+03,1.472995391577792816e+03,1.350818849773987040e+03,1.094291247122680716e+03,1.305421809310754497e+03,1.055667050785076526e+03,1.015275519562656541e+03,9.479923177589199668e+02,9.810051860595033304e+02,1.134703694827586332e+03,1.195388831263803013e+03,1.082666570901244313e+03,1.210796428372421587e+03,1.248728763395808301e+03,1.400200019827681217e+03,1.234536997350832507e+03,9.678305259889036734e+02,1.160094135633410588e+03,1.207677646135246732e+03,1.488918066430766203e+03,1.471983682014195665e+03,1.474035244716288162e+03,1.549446149377220536e+03,1.805887976279058421e+03,1.401389874731850796e+03,1.346009738996803208e+03,1.412912327292606278e+03,1.117217904408287950e+03,7.645053987824721844e+02,8.050116183175626929e+02,7.620535330290020966e+02,7.543309063047653353e+02,8.510886925596201991e+02,7.117614587236810166e+02,8.501369229899645461e+02,8.693264071247259608e+02,1.062429590418108546e+03,7.182393401498981120e+02,7.778846844403477689e+02,7.887418808598922624e+02,8.561057199242371780e+02,8.758727942529694701e+02,9.928403368415914656e+02,1.251212117496056635e+03,1.059543729070221616e+03,8.872591011362725339e+02,9.349715393276471787e+02,8.797009338790995798e+02,1.320756124509322717e+03,1.119876159375086672e+03,1.172246297101536356e+03,-8.612369481921409431e+01,-2.966618220905009248e-02,-1.500573597929402768e-04,2.751879203255218561e-06,-6.986992102302037782e-08,-2.064463066209565391e-11,3.590822119333039575e-14,-1.112572354951782831e-14,-9.146410443869015124e-17,-1.326663201257148126e-18,-2.308735406924902370e-19,-8.100303826983350701e-20,-1.049988215877327601e-21,2.190753851041708446e-22,-4.158604567423839705e-22,6.191499374197523006e-23,3.558016512750464829e-23,-1.567563309398304391e-23,2.414587364632290768e-24,-3.465140849491979087e-25,-3.895866177729470296e-26,-3.390313409276267309e-26,9.030314909526511417e-27,-5.911769518814451515e-27,-8.630050736140428027e-28,5.169982581047893088e-28,1.025921324294669985e-28,-8.606530084592913845e-30,6.184320818979470180e-30,1.908951115264174200e-30,-3.740963509080006868e-30
3.599086964727917406e-13,3.933505606846746105e+03,1.339514965305862233e+03,1.489136229522964868e+03,1.562774791038894818e+03,1.420383688217826375e+03,1.472024383133953734e+03,1.374334941153656473e+03,1.216916273125660155e+03,1.947968171363912916e+03,1.726752734376775834e+03,1.554749641379493369e+03,1.597238007750686393e+03,1.303677054411379231e+03,1.170889102348856568e+03,1.234029338150348394e+03,1.678449067829866408e+03,1.853494884505491655e+03,1.521007205861289094e+03,1.830212178296191496e+03,2.281125680133692768e+00,-4.169213058592173282e-01,-3.713877550753091339e-01,4.970204921577852653e-01,-1.533079904706009078e+00,8.243320247849361682e-02,1.041967966082287256e-01,-2.235826734152127765e-02,8.150488813368575447e-02,-3.408138102337169850e-01,1.442408985286081524e+00,1.555127410193406501e+00,1.754395237213792536e+00,1.021753723700993044e+00,-4.133403829640494465e+00,-4.695417639449750880e+00,2.259545860470433354e+01,2.198453603983016791e+01,1.760355598427950596e+01,2.278407265286078598e+01,1.652056840657828843e+03,1.454916315667695244e+03,1.211018374522024942e+03,1.557195253466864415e+03,1.994080213102357220e+03,2.206441739859445988e+03,1.770365869489229226e+03,1.583675640004118577e+03,2.034542155202559798e+03,1.913537314242568527e+03,1.707994356266337263e+03,2.226731826981676932e+03,1.653766581339448521e+03,1.304753078523195654e+03,1.311727248021800506e+03,1.103872735227808107e+03,1.190319858366758808e+03,1.564233974881071163e+03,1.451676951417295868e+03,1.928872875976948080e+03,2.579430421333865979e+03,2.369061830916397867e+03,2.348167584394999267e+03,2.600888941820284799e+03,2.865402205447217966e+03,3.033952435149109533e+03,2.569580794878843335e+03,2.775083554399535387e+03,2.683304712002709493e+03,2.318699318490930182e+03,2.722424444695007423e+03,2.473425028758404096e+03,2.799858822178478931e+03,2.454342217112782237e+03,1.577839071945918022e+03,1.921279738551153514e+03,1.989968493800115084e+03,2.264760382324866896e+03,2.724026783239012730e+03,2.421349852771079895e+03,2.554269372860404019e+03,2.419505096392406358e+03,2.515281879503364053e+03,2.405928609542142112e+03,2.464779856848238069e+03,1.890946348700374529e+03,2.649705695826673946e+03,2.392477440070374996e+03,2.574250868368479587e+03,2.733399452255375763e+03,2.526643932626451715e+03,2.158599223288040321e+03,2.249762693246221261e+03,2.638073863373291715e+03,2.327733461186125623e+03,2.306195398093649601e+03,2.900086069948348268e+03,2.236788979888560789e+03,3.043433719984831441e+03,2.449670999969833701e+03,2.560376289083333631e+03,2.722803692139023497e+03,2.212736891389855373e+03,2.232974907406928196e+03,2.365509409452928594e+03,1.942873278190562587e+03,2.551033553195684817e+03,2.666415511773513117e+03,3.191655422700577674e+03,2.204131579463932667e+03,2.168666280917147105e+03,1.867669178893310345e+03,1.404478737680154381e+03,1.385562146816065933e+03,1.474614268066050499e+03,7.897372799120762465e+02,5.416052638754531579e+00,-1.520248866877143445e+00,-2.082940709692281089e+01,1.764269459648694010e+03,1.842358832716536426e+03,1.002212298482183769e+03,1.355482319932595374e+03,1.041437055741128233e+03,1.165060911410497056e+03,1.074600435858801120e+03,1.173209356072506580e+03,1.271402270166885955e+03,9.077192815214461916e+02,1.087771739572079923e+03,1.023536455168425846e+03,1.175637055449730042e+03,1.169010031884309228e+03,1.404586113640563326e+03,1.362623889411554046e+03,1.410228004457962243e+03,2.051599048794951159e+03,1.714236969538522089e+03,2.832670741499135602e+03,2.755831974386064758e+03,2.249044370641620844e+03,2.680734879538022142e+03,2.649658699619627896e+03,2.691879894953282019e+03,2.750872255770088941e+03,2.691850461016242662e+03,3.054285820045373384e+03,3.496448936976626555e+03,3.056341903353540147e+03,2.614999824456645911e+03,2.703952519039082290e+03,2.863298641775637861e+03,2.768043111989754379e+03,2.881966058685244207e+03,2.669123308265286141e+03,1.908489852669375978e+03,1.480882774038513162e+03,1.765309131474733931e+03,1.327112406547318642e+03,1.356804920451840417e+03,1.092756384404065102e+03,1.153216287134242521e+03,1.395651636287925157e+03,1.906363660295125783e+03,1.396228023519065346e+03,2.079208770085818742e+03,1.471106883630557149e+03,1.839112377743193292e+03,1.795408135166113198e+03,1.216318031280868581e+03,1.394134803357000692e+03,1.022588867196074148e+03,1.063864115071428387e+03,1.238722299449837465e+03,1.185964690748887733e+03,9.751494968373609709e+02,1.156157339101118396e+03,1.142549003561550080e+03,1.239483209808429820e+03,1.051888758811140406e+03,1.112354406837030410e+03,9.863688430007904344e+02,9.938132156911185575e+02,1.155058863070378493e+03,1.246878415290083694e+03,1.081257276108805172e+03,1.159157399873468421e+03,1.082880871601981198e+03,1.076408019399192426e+03,1.261437815693650691e+03,1.116837247577713924e+03,1.478408477975575806e+03,1.235237849667310229e+03,1.438050514792480953e+03,1.664186568544388592e+03,2.030509417803212727e+03,1.552960411519823992e+03,1.669411033285320400e+03,1.401718700805294475e+03,1.137396165914097082e+03,9.141666706483348435e+02,8.060019519809989106e+02,6.764584901717926186e+02,6.833130673746148886e+02,7.719967257878964801e+02,8.325507090900238154e+02,7.345180681454588694e+02,8.621133287288884048e+02,6.409889631881137575e+02,7.701255857403097025e+02,8.095521242148676038e+02,7.462798003158794700e+02,8.144807989845959355e+02,8.088479756453224354e+02,8.062461287742937657e+02,1.037120344996033054e+03,9.677259284585011301e+02,9.437757035485454935e+02,9.673132845348600313e+02,1.042455418762355293e+03,1.113470084742485369e+03,1.176061126464783456e+03,1.203237667510656593e+03,3.890273619359223556e+00,1.340044296484562900e-03,6.778206501887169112e-06,-1.243045040512313595e-07,3.156078114947752897e-09,9.325206081045202485e-13,-1.623985089202270212e-15,5.009776575263027281e-16,2.907281314829863610e-18,-3.063291658329613554e-19,-4.718104019463968380e-20,-3.010699890415669035e-20,-2.115182109084747714e-21,-6.340172593593638271e-22,7.859780580167193704e-23,2.680617559080684728e-23,1.187430510121656497e-23,-2.706712187483349158e-25,-2.450910819992793093e-25,-2.663421814077556223e-27,1.523464284774591578e-25,1.608472377900733581e-26,8.082450629906646434e-27,5.289551033659178747e-29,-2.035008421745773064e-28,-1.513358349169136733e-29,6.865780759970568746e-30,-9.174053045272945240e-30,-3.433353270852377447e-31,1.179712857673722762e-30,-3.093614123359970752e-30
-6.235278805258203207e-14,3.462232326458266471e+03,1.759955716293769228e+03,1.596549845418108816e+03,1.634808351874486334e+03,1.775560835618498913e+03,1.335379923724452055e+03,1.519647369158530182e+03,1.585824415567730739e+03,1.667777806972903136e+03,1.553658335982683639e+03,1.480893046232528150e+03,1.595456980535501998e+03,1.339112553010607144e+03,1.298598907735705779e+03,1.493322138772991821e+03,1.378379386257812030e+03,1.719689035208151836e+03,1.816225696317058919e+03,1.592655305895365927e+03,3.714005235668114580e+01,-6.833822182166948700e+00,-6.087749214139548393e+00,8.147122616704308484e+00,-2.513013078397575129e+01,1.351238870767418332e+00,1.707986072998824323e+00,-3.664950408020543615e-01,1.336021176144333467e+00,-5.586592507980711275e+00,2.364449974637632579e+01,1.940915084817451941e+01,2.139687861971804494e+01,1.656473357268095725e+01,-6.814697369786584602e+01,-7.691053203068858579e+01,1.645839079217592825e+03,1.710153423098208350e+03,1.211599891238948203e+03,1.620262945189747597e+03,1.611146887424715260e+03,1.861193522546881695e+03,1.348312003289094946e+03,1.813530113942388653e+03,1.896252908677534606e+03,1.784980990515849498e+03,1.451572776040067765e+03,1.825839517640035183e+03,2.635400701465209750e+03,2.153686628008722437e+03,2.055475104266274684e+03,2.593881756583391507e+03,1.841253679789088665e+03,1.393858190324546513e+03,1.200770065926774123e+03,1.124536414144920172e+03,1.248997632618767284e+03,1.465558958041817277e+03,1.379384387029467916e+03,2.086450994850252300e+03,2.498303813842951513e+03,2.420265044316089643e+03,2.697469419003359690e+03,2.969393169731682065e+03,2.976388187446975735e+03,2.093189747947016258e+03,2.085880651556207795e+03,2.327506482238921308e+03,2.105072990141712580e+03,2.239076577370073664e+03,2.680666769299313273e+03,2.258583124880530249e+03,2.467900359163519624e+03,2.329076482005421440e+03,1.745309164246720002e+03,1.865359321092694017e+03,1.971298475038322294e+03,1.898614771461074724e+03,2.363819869596999979e+03,2.214160374448259518e+03,1.872070160187453439e+03,2.130889890573647790e+03,2.220348538090156580e+03,1.512902720263522497e+03,2.314277613150760772e+03,2.357760056342599000e+03,2.773979022357039412e+03,2.542568846505328565e+03,2.828347925730561656e+03,2.896504717808974874e+03,2.711368911413153455e+03,2.373586340735912472e+03,2.444143420638976295e+03,2.542881566158125679e+03,2.147848196595741229e+03,2.035919885103914339e+03,2.690397656387819097e+03,2.711845400453643833e+03,2.454501394935683038e+03,2.023890392414959706e+03,2.196763542747348311e+03,2.536326375979877866e+03,1.997466260637021605e+03,1.967939245803068161e+03,2.543248740681936852e+03,2.852449089074641961e+03,2.337402582755253206e+03,2.418064042281798720e+03,2.756167482290712087e+03,2.105985305275908104e+03,2.067590317577361930e+03,1.833880794309673774e+03,1.459651167805260002e+03,1.702042726438587806e+03,1.825742325635236739e+03,9.362874231594327057e+02,9.518717429087843129e+00,-2.671138572693431801e+00,-3.660940253149230728e+01,1.478109959985980879e+02,1.996508770616256470e+03,1.284583913279321905e+03,1.534299128777937312e+03,1.218942291254383235e+03,1.115642033786194133e+03,1.036358073393260611e+03,1.351437890778686096e+03,1.232613411674416056e+03,9.034539234029239196e+02,1.005516933596221065e+03,9.610254830934360371e+02,1.278877408663822280e+03,1.136483828668042179e+03,1.301329298443540893e+03,1.813128809264791016e+03,1.313330260295234211e+03,1.675794009922523401e+03,1.465068050730887990e+03,2.106485011081890207e+03,2.697940724616257285e+03,1.998251784101894145e+03,2.545352000936019067e+03,2.316283357854649694e+03,2.587020569945545958e+03,2.720727238117316119e+03,2.961289733215523938e+03,3.142794013327373250e+03,3.090811525394114597e+03,2.616573394999635184e+03,2.641418415521161478e+03,2.928575928360560283e+03,3.068325087549296768e+03,2.192701417143454364e+03,2.770808688327946584e+03,2.440314397798425034e+03,2.507069273930791951e+03,2.508878104428404185e+03,1.532434860791463734e+03,1.463692591160415077e+03,1.408734078116047158e+03,8.992702251229824242e+02,1.060084104246184324e+03,1.263250995795055360e+03,1.222494338031029429e+03,1.410615814490301545e+03,1.436172538361757915e+03,1.331632011297303734e+03,1.488070507135674006e+03,1.870431766798507397e+03,1.422583323682786613e+03,1.549867094440287701e+03,1.226309140150160374e+03,1.182000886594458734e+03,1.103624680599713429e+03,1.133251723076890130e+03,9.281301555055879362e+02,1.198702317505822066e+03,1.155317539189994704e+03,1.283120598194199374e+03,1.165645788736032955e+03,1.233483547227695453e+03,1.015928731271882839e+03,1.046501670665857091e+03,1.206365834542702942e+03,1.050950077861876480e+03,1.064285116884262834e+03,1.225774508884249599e+03,1.318522343219636923e+03,1.057828189985388235e+03,1.123784675073413837e+03,8.747688114337671550e+01,1.177829644833299341e+02,1.350194169313509974e+03,1.437668991273468464e+03,1.527916059361286898e+03,1.466915077078459717e+03,1.892223860060311154e+03,1.989075182864075941e+03,1.270053522765768321e+03,1.130453254665209670e+03,9.728127352873898417e+02,8.353280651194853590e+02,7.550824272048529338e+02,8.379339626850889999e+02,8.215833192293017646e+02,7.349980965635595567e+02,6.565640044089340108e+02,6.710034003989511575e+02,7.717398845707359669e+02,6.894990756272019325e+02,9.048021505112163823e+02,7.999496744468513043e+02,7.468521473267026067e+02,9.323349270327827298e+02,1.061251768508995383e+03,1.013161795254342110e+03,1.118693626108923809e+03,1.060931311734564815e+03,1.087896857955008727e+03,1.028058971621396950e+03,9.250081400744144275e+02,1.267780076579280376e+03,1.328105884758662796e+03,6.837105850820304198e+00,2.355110615940343970e-03,1.191261074730475590e-05,-2.184635656447330512e-07,5.546766960075308145e-09,1.638894877473994707e-12,-2.857007763928339424e-15,8.807297163052459676e-16,6.185825431119741585e-18,-4.115376249270272959e-19,-4.616514622756955397e-20,-2.510045697372380192e-20,-8.069478310648447024e-21,-2.866848157144524613e-21,-9.047063543169579354e-23,6.724639769363597829e-23,1.049581462551872026e-23,-5.728682050013268555e-24,-3.219969881546325515e-24,-1.904103137760965985e-25,2.366801602875906593e-25,4.631212689163621526e-27,-7.818231166935866159e-27,-1.605819315574145107e-27,3.570124801246694270e-29,-9.893026881332595996e-29,-3.362176446444798816e-29,-2.276525229940566560e-29,-1.978705432478054306e-30,2.226475168003810638e-31,-3.940872905507420384e-30
-1.189341724998838994e-13,2.759984901812695625e+03,1.736776513035230209e+03,1.677242262938324075e+03,1.695325517773345609e+03,1.585057616576723149e+03,1.579514217536181832e+03,1.660893396170592723e+03,1.504040640079319019e+03,1.816375883533214619e+03,1.727139079859833600e+03,1.709791251412349311e+03,1.696334485704034250e+03,1.478368954430952499e+03,1.695598870764274352e+03,1.510580991169320441e+03,1.550040314582976407e+03,1.604844755709567607e+03,1.577707713676378944e+03,1.252566045416052475e+03,-2.339439105497260414e+02,4.307735029811342997e+01,3.837462778231893168e+01,-5.135606739452531855e+01,1.584098768305231033e+02,-8.517647000206695296e+00,-1.076643276462664112e+01,2.310232078362362440e+00,-8.421720423358461716e+00,3.521555085343148761e+01,-1.490455131010825767e+02,-1.182073934224687122e+02,-1.298669188856782171e+02,-1.042920978756149282e+02,9.757519605797548365e+02,1.066257255058927512e+03,1.811323730231502623e+03,2.335256057032474928e+03,1.125136014922110007e+03,1.663115384801451910e+03,1.293650579028999346e+03,1.784801363451820635e+03,1.697141742187992349e+03,1.563072685468122017e+03,1.979527451145417899e+03,1.382558099069238779e+03,1.625725194981702543e+03,1.567972291142142240e+03,2.030777353869846820e+03,2.034874678318390806e+03,2.052768666542361188e+03,1.931939892046102386e+03,1.559949371040297819e+03,1.245721392882918963e+03,1.211537369922551761e+03,1.126776870824488697e+03,1.269279331097153545e+03,1.334508956418939988e+03,1.325765677502154631e+03,2.113407185044051403e+03,2.242683971742340418e+03,2.528379149408265221e+03,2.920069315722298597e+03,2.624004290654202123e+03,3.170465672241348329e+03,2.817928564604922940e+03,2.654727856619414524e+03,2.409570731886275553e+03,2.244061740174786792e+03,2.356699983005717968e+03,2.840011861283557664e+03,2.892611055921862317e+03,2.127455286561674257e+03,2.067813134789687410e+03,2.100008396160083521e+03,2.070057541585859781e+03,1.955063929358432915e+03,1.733288566610350244e+03,2.177482038314145029e+03,1.987800263737325849e+03,2.664878988946263235e+03,2.057181252720724387e+03,2.260794352572243497e+03,2.195099710555831280e+03,2.427309165710113575e+03,2.179684176982443205e+03,2.763325741214063328e+03,2.881837051197753226e+03,2.927100948312720902e+03,2.466816777320112124e+03,2.411868367872744784e+03,2.715095808848218439e+03,2.009272161510850083e+03,2.023240480249135089e+03,1.939338304589456129e+03,2.047309840857516292e+03,2.959395643299532821e+03,2.792308689823910754e+03,2.067795257067057264e+03,2.414882395230613383e+03,1.999180282275696527e+03,2.187729819041905102e+03,2.022852915933535542e+03,2.177828369038077199e+03,2.278145278714756387e+03,2.686260229115101083e+03,2.409848073306797232e+03,2.330212760318900564e+03,2.017808029918593547e+03,2.276409758347233947e+03,2.373976018113174177e+03,1.989906671006566739e+03,1.421461261271572084e+03,1.378600337221402924e+03,1.536088903564070506e+03,1.846640328645091529e+02,-6.055292281721304626e+00,1.694788777200302521e+00,2.329971413929941093e+01,-9.265693384665489418e+01,3.663158493934402600e+02,1.416111796884623573e+03,1.590258876320581976e+03,1.453336738852192411e+03,1.462659397434065340e+03,1.238239482279918093e+03,1.549243512279477955e+03,1.054817896938967579e+03,1.053570165575265037e+03,1.092874509685633257e+03,8.767910129647887061e+02,1.053150733173061099e+03,1.187594622086925483e+03,1.418975643032493281e+03,1.537285994723799377e+03,1.563804374340717231e+03,1.499455875844447519e+03,1.500392606751972380e+03,1.637269166123186778e+03,2.180019692782415859e+03,2.289669964426544084e+03,2.075164254669353340e+03,2.835186166398822479e+03,2.627491811624694492e+03,2.896825596200327709e+03,3.244386029815033908e+03,3.102020094720758607e+03,2.371699978891134833e+03,2.709181383907772215e+03,2.740984414805849610e+03,3.479895479201232320e+03,3.235490284619650993e+03,2.268169581205187114e+03,2.937640360385149052e+03,2.428134845761546330e+03,2.797994765626214758e+03,2.660473128295274819e+03,1.873137902689750717e+03,1.657748263580593630e+03,1.419784305512388300e+03,1.039974695247874706e+03,1.108745310417604287e+03,1.024951118002616795e+03,1.014988668730096492e+03,1.639091940566284165e+03,1.337812641316222198e+03,1.126542966240936494e+03,1.323365055086722350e+03,1.524844903188929266e+03,1.589712283275879145e+03,1.543233563648467907e+03,1.500643367209603184e+03,1.158403235145068720e+03,1.176613726996255082e+03,1.184230382353284767e+03,1.007430139897159165e+03,1.197672316906691321e+03,1.092989241381451848e+03,1.104123801353060571e+03,1.096708152095362948e+03,1.230524269508470979e+03,1.037353866568661260e+03,1.126716573056614379e+03,1.013670867278108062e+03,9.478631784905921904e+02,9.600048122074626917e+02,1.090430545589824078e+03,1.286310034874080429e+03,1.088892222304974212e+03,1.946650605055463359e+02,-5.544500779049135275e+01,-7.363161362504747842e+01,1.438480337570182883e+03,1.383311170129319862e+03,1.507668236225928922e+03,1.373650294385044845e+03,1.432827868144662943e+03,1.475438020597606737e+03,1.197096947074126547e+03,9.051860881892507678e+02,8.472443744505925451e+02,8.815811293754512690e+02,7.897032899685245866e+02,7.766816850365823939e+02,7.664178526681000676e+02,8.092365459907446166e+02,7.100836562950996722e+02,6.315010278642297408e+02,8.283061810914746275e+02,7.489269346907002500e+02,7.694629579708439451e+02,8.948407738146278234e+02,9.858461501790940247e+02,9.123821576065288355e+02,1.006228144047520914e+03,9.687689081491288334e+02,1.165120175263502688e+03,1.056274572263866048e+03,1.115443006647873290e+03,1.214489671055280951e+03,1.129565095433345959e+03,1.077565715540586325e+03,2.513233589551792875e+02,-4.349056247420773680e+00,-1.498076636700480411e-03,-7.577565029668037281e-06,1.389638181012652780e-07,-3.528276560925931626e-09,-1.042513779980026869e-12,1.809437971274462028e-15,-5.612881625578084478e-16,-5.207474703506814528e-18,2.304397505086108738e-20,-3.106162597694475787e-20,-1.904967987359100415e-20,-6.639116154792921998e-21,-1.063385667479129275e-21,1.027068596180693287e-23,5.408801663858265598e-23,-3.232288338535528812e-24,-6.003687250936866026e-24,-1.628351501780021992e-24,-5.780482557097763041e-25,-1.139733362761697283e-25,-2.260189765339200456e-26,-7.904698148857400000e-27,-4.883912500660057226e-28,-7.586223032677886503e-29,-8.300657251698088711e-29,1.326085255789127743e-29,-2.417112683577935971e-30,-2.501555103078603162e-30,5.380342230898388966e-31,-1.713532462430609120e-31
-4.740787484950434851e-14,2.930380162749130250e+03,1.811947887180787802e+03,1.471502644449557920e+03,1.600845705372484190e+03,1.396117307395573789e+03,1.767688712398211692e+03,1.676724949114013270e+03,1.658485851682735756e+03,1.934713709000228391e+03,1.583537192049930582e+03,1.417464463093071345e+03,1.295293681872099341e+03,1.481884086299545515e+03,1.683050918598504040e+03,1.329875586559873454e+03,1.777702824423067113e+03,1.814205296254149061e+03,1.623841236055212676e+03,1.415375295097447179e+03,1.585180931921120191e+03,-1.844796357434187541e+02,-1.643402112184316195e+02,5.553340292913159146e+02,-6.783938929571038443e+02,3.647701660349598995e+01,4.610749268033337245e+01,-9.893621310912678268e+00,3.606620861425375324e+01,-1.508113952563251985e+02,1.056655980376336174e+03,8.322767919067207458e+02,9.064362432970099235e+02,7.279121069726170390e+02,1.246526797965735568e+03,1.132676711331424258e+03,1.297956293110442402e+03,1.679075577630951784e+03,1.405812989732954065e+03,1.486609791372025711e+03,1.347101899762629500e+03,1.598179636350923374e+03,1.818028395445577644e+03,1.785350428218103389e+03,1.793935350570672881e+03,1.845177476140817816e+03,1.872840361315586506e+03,1.286839315608015568e+03,1.552295149552151088e+03,2.016198117435312042e+03,1.838216308879155349e+03,1.764880175424594654e+03,1.540855936379834020e+03,1.138627025147429777e+03,1.208543219388837770e+03,1.149681458401751570e+03,1.348341636629547793e+03,1.327177497659218261e+03,1.262409016926206959e+03,2.121367468654464574e+03,2.245320098152707487e+03,2.614893170843814460e+03,2.935984849285482596e+03,2.885372946061224866e+03,3.569712190811207620e+03,3.551213246551443262e+03,3.373563674653912130e+03,2.352819113943370212e+03,2.855680274437129810e+03,2.899252957164917916e+03,2.635186460549515687e+03,2.314718530208426728e+03,1.999250807411403912e+03,2.166312047123748926e+03,2.339340415668338665e+03,2.212180144808968635e+03,2.465612606549264456e+03,2.517507977666445640e+03,2.660736233156006165e+03,2.817176400399954218e+03,2.785548720854025305e+03,2.253874987076624620e+03,2.500277198508739275e+03,2.376563775575026284e+03,2.004925870933084980e+03,2.508974098230567051e+03,2.601843781175814456e+03,2.708494661582986737e+03,2.622542616313075541e+03,2.079000162398727298e+03,2.276831080060392651e+03,2.498133442151237432e+03,2.307264519012728670e+03,1.984540632285016954e+03,2.352331890554249185e+03,2.148544280194683779e+03,3.261098378467844668e+03,2.679048307211317933e+03,2.589260432269947160e+03,3.031769003355914265e+03,2.223405862859108311e+03,2.576863878758247665e+03,1.913328059781975526e+03,2.744281465040262901e+03,2.332632230097498450e+03,2.234660682870341134e+03,2.466367043485356589e+03,2.581040538159361404e+03,1.986807044618316922e+03,2.256359004015807841e+03,2.525818011217099865e+03,1.601329213847939400e+03,1.308610861737031428e+03,1.160899787274045593e+03,1.605509706917579479e+03,-7.256432401360736151e+01,2.534520387465977187e+00,-6.902730893058864892e-01,-9.798791684328008955e+00,3.870690500937052292e+01,-1.434740751037438429e+02,1.767150338334187381e+03,1.391323351597596911e+03,1.701872508700066646e+03,1.547677299934655593e+03,1.325228810203136163e+03,1.334547284665042980e+03,8.942020884780899905e+02,9.907518280808716327e+02,1.431797414345460538e+03,1.275932168328818307e+03,1.026174115724508738e+03,1.386493517623913476e+03,1.370142716329723953e+03,1.283166423259229077e+03,1.756545881893502838e+03,1.562910872436757245e+03,1.285727084041980788e+03,1.740465809333071547e+03,1.928940484247351378e+03,2.246412726851323441e+03,2.442473069113433212e+03,3.323216025468806947e+03,3.256973309515426536e+03,2.779460833907962751e+03,3.202293288870564083e+03,2.930472997849049079e+03,2.552418631032231588e+03,3.491192501990429719e+03,2.676016954072991211e+03,4.098338106074957977e+03,3.481033566598799553e+03,3.012899839492532465e+03,2.918381012930737597e+03,2.644141899272217415e+03,2.589199666679427537e+03,2.183701255828204012e+03,2.061202813809878535e+03,1.635010035301980906e+03,1.288833818977835335e+03,1.003248824897468467e+03,1.045925000890335696e+03,9.027104510587168988e+02,1.190277471458926811e+03,1.553788076842391092e+03,1.684610583541328197e+03,1.240631361383150534e+03,1.807279208987275297e+03,1.465180096075419442e+03,1.424265159073126142e+03,1.427700254996007516e+03,1.387296725275397648e+03,1.091677134832360252e+03,1.057106568457899129e+03,1.130651293058116153e+03,1.183500931138971282e+03,1.124041885185883075e+03,1.071137408571328706e+03,1.161465489740159910e+03,1.044555219823939296e+03,1.166078939103958419e+03,1.091959752578713505e+03,1.082432199184653427e+03,9.829446003460693646e+02,9.726563301643150226e+02,9.315697086545377488e+02,1.024525162967299138e+03,1.119514830866105740e+03,1.288487651961202801e+03,-7.648937938820374427e+01,2.603254204599259580e+01,3.014260504996253687e+01,1.532228349373901210e+03,1.441255542017501057e+03,1.542797683411640037e+03,1.442459031054436537e+03,1.355009072184016304e+03,1.153487282557707658e+03,1.022333448930289933e+03,8.540090632954370449e+02,7.439231212973944594e+02,8.300668534441308566e+02,7.721050947018978832e+02,7.672562735706516150e+02,6.957860206082000332e+02,8.305766704999681451e+02,7.593310083899519896e+02,7.472423927891128415e+02,7.896763048851113354e+02,6.997464644687833015e+02,6.774992792700072641e+02,8.563173787099618721e+02,1.046547053435477210e+03,8.250887332501041556e+02,8.647853399314119542e+02,1.051429438916907429e+03,1.369569635801717141e+03,1.234057988061189690e+03,9.195336021767094508e+02,1.255321604881999974e+03,1.193249943957639061e+03,1.100896888475390597e+03,-9.855581740403415836e+01,1.818891973222050318e+00,6.265358309287229676e-04,3.169140941426688652e-06,-5.811839590244487804e-08,1.475619886407831751e-09,4.360172901968524409e-13,-7.609458054150921352e-16,2.343161408248262415e-16,1.353602582428392799e-18,9.242830041202929066e-20,1.344586492962770408e-20,-4.472707808353712597e-21,-1.921015690420954302e-21,2.313076788605298626e-22,-3.653642948734368671e-23,8.464544672190701283e-24,4.461858994398346030e-24,1.463193356098045524e-24,-5.136730710308754803e-25,-3.134318153461544308e-25,-1.011271621272043372e-25,-8.215465731832284027e-27,-1.669807094513489168e-27,7.646175755674774209e-28,9.873402903779724354e-29,2.728754018634586615e-29,1.403224361680516697e-29,4.837299118034155413e-30,-1.013491071592150603e-30,-4.243414900317725875e-31,1.103861086122531357e-30
8.806040992886531458e-14,2.973000521868222677e+03,1.718957160305081516e+03,1.382802134249325263e+03,1.420259042139789699e+03,1.540547918117633799e+03,1.496733657230645804e+03,2.019110145778509150e+03,1.830836530709137378e+03,2.056228332355231487e+03,1.823670519721867777e+03,1.136860447331240493e+03,1.251980888247446273e+03,1.567098564788466547e+03,1.729494800530226712e+03,1.439338146256019172e+03,1.541273785367693108e+03,1.676568358857772864e+03,1.762363021793932603e+03,1.467497835301815485e+03,1.835506355799293260e+03,8.864945718046375305e+02,7.938352419388094177e+02,2.896636971048800660e+03,3.294859701221668274e+03,-1.296884996699570536e+02,-1.639281966026470911e+02,3.517526989834973961e+01,-1.282279340901222326e+02,7.148874306695266796e+02,1.681294488388433592e+03,1.305480890327484303e+03,1.345273756885017747e+03,1.065219514117806511e+03,1.258918514474719359e+03,9.974130360449112231e+02,1.017370094568194986e+03,1.340269698004841302e+03,1.559715826971857496e+03,1.374384349835453804e+03,1.726408061270826011e+03,1.774817926986682323e+03,1.704140487660562030e+03,1.683061296202563881e+03,1.668457667433694269e+03,1.880309636276739639e+03,1.895255568479759631e+03,1.550912145251804304e+03,1.795499130843060357e+03,2.116174987258792044e+03,1.572073361062828781e+03,1.655014031952923688e+03,1.819037678995605347e+03,1.266357090744800871e+03,1.435688825250390437e+03,1.412232193048901536e+03,1.349667642055843544e+03,1.300297797083277601e+03,1.146626562594468169e+03,2.026595940521385046e+03,2.476966476197376323e+03,2.774608589181413208e+03,3.033076645280280900e+03,2.917357942362973517e+03,3.725324022316518494e+03,3.188348496495289965e+03,3.253179037281527144e+03,2.600460552054355048e+03,3.041785182200923828e+03,3.233461735924606273e+03,2.457202650545712004e+03,2.038872703433049992e+03,2.688094599069298965e+03,2.789510722742240887e+03,2.390334114200625663e+03,2.575398500582995894e+03,2.821036676549462754e+03,3.121562173046869702e+03,2.816600886143376556e+03,2.823919864205599424e+03,2.432455755417530781e+03,2.217799302251140034e+03,2.514215766167615129e+03,2.353549004594478902e+03,2.077054555710799377e+03,2.816810927890550374e+03,2.548538755131466587e+03,2.000992560358744868e+03,2.191596037198853537e+03,2.154962141311523283e+03,2.498944613080449017e+03,2.720622325177154380e+03,2.656289111785556088e+03,2.771240371604368647e+03,2.642757287585134236e+03,2.368910032535024584e+03,3.174803801123966878e+03,2.573351209765926797e+03,2.752353979712821001e+03,2.956104994892727973e+03,2.505710580920442226e+03,2.721507540228607922e+03,1.957504333898086543e+03,2.939375671733967010e+03,2.552355087184280819e+03,2.384465803717191648e+03,2.268787883714937834e+03,2.893899425442427855e+03,2.716696809809358456e+03,2.222042400907478623e+03,2.543087297468095130e+03,1.320004193482484879e+03,1.484757908345151009e+03,1.280832495203986582e+03,1.356746327352293747e+03,2.481547249514847309e+01,-8.741702138343634410e-01,1.701081605905642447e-01,3.544748172816140741e+00,-1.308035402974898176e+01,4.927061342218055984e+01,7.897104574071495335e+02,1.535869758820344487e+03,1.726526577124242294e+03,1.616292528600021342e+03,1.208381969979090400e+03,1.447782046954924908e+03,9.033077628938973476e+02,1.098979791601842862e+03,1.664762137577319663e+03,1.557099709634187093e+03,1.186212306619678657e+03,1.527495917786312248e+03,1.124034157991369284e+03,1.341868166990628652e+03,1.712603663780929537e+03,1.704949595051825554e+03,1.576370939570148039e+03,1.728266523030582448e+03,1.708482222817397769e+03,1.891130121288650571e+03,2.562392337045266686e+03,2.793011335889736984e+03,3.778167331839074905e+03,3.382308253051761312e+03,2.916593776575389256e+03,2.535108902789760577e+03,3.117727008234227014e+03,3.262577447807448152e+03,3.072359840408031232e+03,3.400758556084304928e+03,3.418687515817797248e+03,3.582550313398443905e+03,3.167103792948848877e+03,3.763885675439501028e+03,2.259546935186151131e+03,2.177414039883840360e+03,1.770650043965415080e+03,1.428631214220618631e+03,1.215449995986112299e+03,1.228518193453096956e+03,1.075139583864122415e+03,9.479365412026260174e+02,1.145972487969240092e+03,1.491525533487390931e+03,1.853075755086579420e+03,1.549368252469427489e+03,1.978730208254111403e+03,1.719451035090907908e+03,1.400084185852676455e+03,1.323062406115472186e+03,1.169056709799777309e+03,1.169004877319438265e+03,1.068609232282660287e+03,1.228629452568156239e+03,1.227386665318854739e+03,1.297588851746920909e+03,1.079549760049851329e+03,1.305864880083645630e+03,1.153509487037212921e+03,1.218114318630778143e+03,1.164453342153977701e+03,1.026734294660431942e+03,1.055990032633570991e+03,1.128910305929192418e+03,1.110665091709658100e+03,1.092453388877175257e+03,1.084578199178299428e+03,8.578986202244407195e+02,2.798520736182033630e+01,-1.903186636202105220e+01,-7.987965433152872663e+00,1.436477022778059336e+03,1.593542941963516796e+03,1.793355780881930968e+03,1.405640936233027787e+03,1.501966448852264648e+03,1.212385535524923853e+03,1.087351799033130874e+03,9.483843869949046166e+02,9.627959638624513445e+02,7.910446344820506965e+02,7.715491491730576854e+02,7.517108312337805955e+02,8.193406857015401101e+02,7.949720099205442239e+02,7.432375130136379084e+02,7.468497084309784668e+02,8.497677065621579686e+02,7.077534474323811082e+02,7.187869534535186631e+02,7.358152342593439244e+02,1.069341715613235692e+03,1.003459562237778073e+03,3.288368818465518757e+02,4.470210233590821645e+02,6.017453736565894360e+02,5.438563040374932598e+02,1.331929097259175705e+03,1.281984670356166589e+03,1.085554842054395749e+03,4.744318106059862998e+02,3.371069300418952963e+01,-6.221460136209263636e-01,-2.143045190917386824e-04,-1.083994229378762689e-06,1.987920609376201268e-08,-5.047309190919541456e-10,-1.491288291457948433e-13,2.581327371217120730e-16,-8.091306707146903276e-17,-7.415269589349016560e-19,-3.134991915056974018e-20,-9.686290422015981463e-21,1.564821449840427718e-21,9.512111529067465765e-23,-1.011686793531807842e-23,-6.832264386180430032e-24,4.823990072479768890e-24,-1.374305816699618076e-24,-4.431375152011056022e-25,-4.150533123306936367e-26,-4.161985223774288797e-26,-1.905573922580804153e-26,-2.152400874003494378e-27,4.480637698866682955e-28,-2.730221944844328983e-30,-1.460925974828651447e-29,1.595567030751114565e-29,2.358360197065582164e-30,-1.741772866609236902e-30,-1.860639201750965195e-31,1.502607107567834687e-31,1.720445241971921547e-31
1.065076166687383972e-13,2.349242695399750573e+03,1.267543107962201020e+03,1.104494707856689729e+03,1.330182811458869992e+03,1.932211974685899577e+03,1.416433373922392093e+03,2.050371271862105004e+03,1.787285608309350209e+03,1.809204602879385448e+03,2.038785206235020269e+03,1.566448076698424984e+03,1.467064055142973984e+03,1.889951295804490428e+03,1.811401611198186174e+03,1.499723939794070475e+03,1.177247685342253817e+03,1.334710890770234982e+03,1.616629714097548685e+03,1.446097282130669100e+03,1.178009567524106387e+03,1.769289369975516820e+03,1.648594823065363016e+03,6.350665272927040860e+03,7.055640956793676196e+03,4.708377383301915984e+02,5.931295439183119242e+02,-1.075537155667025786e+02,4.663931355195522315e+02,1.266782052910298944e+03,1.245953158994751220e+03,1.073909662889947185e+03,1.004643645443725518e+03,9.959632251659965050e+02,1.386871834470085787e+03,1.346368098179555318e+03,1.061210952887441863e+03,1.414860070754408753e+03,1.358742624984360873e+03,1.594976235799620781e+03,2.052214321379302419e+03,1.884908730422517692e+03,2.167686007600286757e+03,1.613079774848454917e+03,1.635505579113298381e+03,1.681980277915355828e+03,1.842136673067788024e+03,1.927632465630135812e+03,2.009998270058635853e+03,1.642066911226736465e+03,1.979312758560524571e+03,1.698400675519878860e+03,1.637943952594626580e+03,1.376790009140286429e+03,1.467709101452435561e+03,1.441914748234122271e+03,1.174027407978287101e+03,1.217198678557795347e+03,1.121124425784649020e+03,1.926438974106469004e+03,2.581555666515168923e+03,2.800452284624012918e+03,2.935918046178069744e+03,2.773910020130298562e+03,3.384052770514366330e+03,2.964291549390748969e+03,2.729823499975640971e+03,3.132018915581120382e+03,2.954003083046005031e+03,2.779600380450960529e+03,2.603876472736711548e+03,2.618265012639076303e+03,3.048877404975999980e+03,2.683849750254712035e+03,2.164405098347837338e+03,2.505332320017856091e+03,2.904131506585859370e+03,2.945211468213277385e+03,2.416287763222627291e+03,2.098493130508542436e+03,2.370998877510303828e+03,2.445087582664075853e+03,2.926808238461178462e+03,2.709758226188685967e+03,2.743129213429640913e+03,2.659668560369495026e+03,2.322973641183139534e+03,2.070477936302635044e+03,2.074354643938065237e+03,2.348831313856027009e+03,2.776869720780750868e+03,2.644643004731006840e+03,2.647354775611110199e+03,3.212231143655139931e+03,2.573026794260664701e+03,2.716033737622586614e+03,3.038309341993704948e+03,2.430220886823786714e+03,2.318449931445400125e+03,2.384188756561883110e+03,2.399430638801169152e+03,2.450301480810109751e+03,2.216514305369538306e+03,2.871155095592770977e+03,2.464537452781067714e+03,2.688472710819899021e+03,2.266589988314015045e+03,2.917285926125438891e+03,3.013394125150131913e+03,2.167545342626321144e+03,2.424046637495505365e+03,1.747094195347788855e+03,1.629688809743899810e+03,1.292860148423156261e+03,1.607318038879433061e+03,-7.272044190036142552e+00,2.788600077618861861e-01,1.518825046297349324e-01,-1.631471145983524496e+00,3.354137383677910478e+00,-1.506707654330215185e+01,-1.755870367054345422e+02,9.602963882096821635e+02,1.641274222236366541e+03,1.750979309534744971e+03,1.122218543673990325e+03,1.617612348853510184e+03,1.101130223251603411e+03,1.317203254676002416e+03,1.646557436873475353e+03,1.408406364684042728e+03,1.329605165061938578e+03,1.756225628031617816e+03,1.379861128280201228e+03,1.497762431915411298e+03,1.602084208769274483e+03,1.750050170917294508e+03,1.948096871527320673e+03,1.481232533006381573e+03,1.564015865345342263e+03,1.667729883617436371e+03,1.953974888616669659e+03,2.187603207633691454e+03,3.202689804873478352e+03,3.633039153299951522e+03,2.719716251234045558e+03,2.554506757338796433e+03,3.656248896000128298e+03,3.021372431367392437e+03,3.261240195234849125e+03,2.755200532367487085e+03,3.127374093898496540e+03,3.521227790173653375e+03,3.324283820714141712e+03,3.921188363288542860e+03,2.160972311302294656e+03,2.584705886799529708e+03,1.970604399968511643e+03,1.505211830183772918e+03,1.217497513135500867e+03,1.473049501070573342e+03,1.095068392174013752e+03,1.001818077021088470e+03,1.038263897399729331e+03,1.457246654277844073e+03,1.443384760514139771e+03,1.605509755493503008e+03,1.493382048570971392e+03,1.668558757684681723e+03,1.628561248363981804e+03,1.588146189985432102e+03,1.101568534254548467e+03,1.249712834948556520e+03,1.154931650864542689e+03,1.369912135139008569e+03,1.219015970794056329e+03,1.360795727962475894e+03,1.105111001738743198e+03,1.215077104387286454e+03,1.256527523877823114e+03,1.287972471300973211e+03,1.131309015563275352e+03,1.095984698043363096e+03,1.209453433752778437e+03,1.178071426016408168e+03,1.138519499850193142e+03,1.049527940415796820e+03,1.142096196068556083e+03,1.718464110575875452e+02,-1.379076651567789114e+01,3.656091421381411521e+01,-4.756170915764756479e+00,1.460702916207405451e+03,1.613646999066630315e+03,1.899221087824416600e+03,1.367319044864994567e+03,1.345782684801722780e+03,1.135641309290881509e+03,6.326139823057376361e+02,4.803708845720188947e+02,6.259824664747321776e+02,9.224438143728718842e+02,8.503207017268973686e+02,8.458157918125045853e+02,9.384248258838865695e+02,8.747284342815448781e+02,7.135031500427885476e+02,5.785705183726429368e+02,9.095547294215615466e+02,8.326190694897230742e+02,7.296566607258138220e+02,7.676909999021712565e+02,1.247959736479750745e+03,6.016048043144583062e+02,-7.274358965953818768e+01,-1.003383049235069109e+02,-1.356082305289516796e+02,-1.226143240178147380e+02,9.247320145616496347e+02,6.783103168496936632e+02,1.185459694055453838e+03,-1.066720437926708627e+02,-9.899164130111007154e+00,1.826935299420424652e-01,6.293064364081475432e-05,3.183155208743313986e-07,-5.837540228093639935e-09,1.482145029357647139e-10,4.378837542947971096e-14,-7.612727880750714735e-17,2.388022454672827263e-17,3.545302693544431617e-19,1.769569405167902806e-20,8.328118763639954326e-21,3.539566690163038337e-22,1.199765698365477161e-22,-4.638700521201232242e-23,-2.420349484464421129e-23,-1.183075677774782350e-23,-5.092771703691768632e-25,-4.005962105317226390e-25,7.157822209177380239e-27,8.281111726401361419e-27,-2.757733575229735637e-27,-2.000697796723351247e-27,-3.190266517059698695e-28,-1.679539543266225540e-28,-9.038728355172373546e-30,-5.580221621748146717e-30,3.817275893471977227e-30,-5.091294652124418347e-31,7.776436371147266605e-32,2.394795041708767414e-31,-3.034438155389525164e-31
4.239304324790048387e-13,1.806410970814997654e+03,1.379498761195281531e+03,1.284306639350977548e+03,1.508965058092029722e+03,2.503314359364101620e+03,1.539019952234097900e+03,1.478925019557948872e+03,1.471707083226206123e+03,1.368244742425473760e+03,1.466406625907170792e+03,1.729271692704713359e+03,1.565344696527591395e+03,1.795897655206070340e+03,1.477755698408520630e+03,1.370813717975510144e+03,1.197283029614195357e+03,1.370073087675491252e+03,1.448000109064617845e+03,1.661720943879058723e+03,1.860474763643256892e+03,1.505711364620827226e+03,1.434323784974437785e+03,5.638630689762871043e+03,4.194006491397961327e+03,1.320990371230667506e+03,1.604365435807791755e+03,2.977442596356106606e+02,1.334188476197997716e+03,7.877769356406522547e+02,1.059896319069006722e+03,1.122926223967594524e+03,1.028104561216415959e+03,1.233483373598948901e+03,1.244509953504828673e+03,1.336599292758369302e+03,1.271663274495556379e+03,1.312016985929175462e+03,1.608416433267745333e+03,1.950152211767494236e+03,2.092277514436942056e+03,2.159649813751082547e+03,2.449650197432843470e+03,1.919664790202102495e+03,1.526586042043255702e+03,1.722444779090201564e+03,1.719260203750477558e+03,1.881443463818899545e+03,1.831592132208239263e+03,2.104042727834328616e+03,2.297752860371155748e+03,1.995127406203107512e+03,1.377548701147152997e+03,1.408003284200147391e+03,1.081065138073635808e+03,1.125268866320174084e+03,1.257566408782901362e+03,1.396805760816809652e+03,1.259802314640754958e+03,1.889416124628321086e+03,2.416721564801816385e+03,2.868216510427180310e+03,2.808232589348389411e+03,2.969088693426056579e+03,2.963568945160653584e+03,2.955092363335658774e+03,2.619039428419840078e+03,3.437325111082805961e+03,2.945700780394191952e+03,2.480383248994702171e+03,2.837924415117422996e+03,2.685595206939483887e+03,2.546051296949455718e+03,2.433818863371113366e+03,2.456426606390727102e+03,2.410231876204978107e+03,2.900663221542651627e+03,2.662550989881807709e+03,2.198115857256783784e+03,2.123825351086235969e+03,2.586111960408886716e+03,3.165818475576651508e+03,3.174333332298852383e+03,2.673740870153793367e+03,3.054520393743069235e+03,2.381582946070631351e+03,2.117777929707267049e+03,2.556455620303329852e+03,2.030530508600479834e+03,2.264440604110835011e+03,2.627723038384549000e+03,1.933737557492079304e+03,2.631538655012403069e+03,2.704480429426219871e+03,2.352321513051027523e+03,2.647222165286076688e+03,3.094643290744863862e+03,2.443275612797950998e+03,2.034502358447780807e+03,2.325130958160052614e+03,2.205198880401514998e+03,2.466345817408339826e+03,2.472261655032716590e+03,2.748738435880370616e+03,2.419659943855484471e+03,2.741925826950503961e+03,2.255232480226375628e+03,2.392795802126625858e+03,2.524382081663254212e+03,2.240830025739962821e+03,2.438621291183716949e+03,2.570639892623353262e+03,1.725691258839701277e+03,1.451882783767558749e+03,1.572026082044439590e+03,1.766753561467406808e+00,-1.258036937375341113e-01,-5.530703023564360610e-01,1.912910190498877672e+00,4.107016451885364683e-01,5.268916215654869006e+00,3.680770451758242245e+01,-2.428325854994151598e+02,1.715216242356595330e+03,1.692679901599198729e+03,1.272337486962439698e+03,1.381947817491256046e+03,1.254968787570446011e+03,1.275878128646461846e+03,1.446383626493044630e+03,1.296684821410764471e+03,1.627605451905362315e+03,1.915308054965224756e+03,1.849664466172410130e+03,1.794979774676149646e+03,1.516378589339473137e+03,1.671947800869817684e+03,1.717365953295611916e+03,1.382174323155579259e+03,1.486939080429618116e+03,1.472496510381182816e+03,1.612650139917829392e+03,2.075232649291907819e+03,2.140515650926649869e+03,2.866760776938395338e+03,2.743411829296965607e+03,3.284356767474575008e+03,3.891276481182253974e+03,3.501234710023366006e+03,2.919410115874333769e+03,3.264145614317522359e+03,3.265801059596568848e+03,3.018571616586855271e+03,2.948709831692585340e+03,2.965291249534525377e+03,2.362865538451442717e+03,2.798566554077254295e+03,2.537637226049288529e+03,1.980678922832663147e+03,1.364903077662464511e+03,1.310086506862787019e+03,1.025947780130593856e+03,1.004943166286322821e+03,1.048357105100871649e+03,1.398527228868810880e+03,9.882770545428776359e+02,1.406892334413532126e+03,1.256854085848074646e+03,1.365479793428183939e+03,1.717138677998465482e+03,1.838230726195360830e+03,1.247000270185977797e+03,1.301362432469413761e+03,1.251041265868548635e+03,1.320590891797624636e+03,1.294760425032533249e+03,1.248644736424180564e+03,1.116046328768244166e+03,1.024687945869676696e+03,1.174355997688060143e+03,1.141905037725849525e+03,1.146811078397779283e+03,1.098240501600823791e+03,1.247552088244290417e+03,1.117977847869396328e+03,1.094343837431974180e+03,1.097690540196408847e+03,1.166047849801306029e+03,4.634483119312567396e+02,1.765320454201766509e+01,-8.816043880109921815e+01,1.931458493196160475e+01,1.718122501110011171e+03,1.506775107805014841e+03,1.561773249782960193e+03,1.288768002526029704e+03,1.189562527897110613e+03,1.253825917758029163e+03,-1.059080426270068500e+02,-5.092732009872990062e+01,-1.530208026561127497e+02,1.041731875773724141e+03,9.125040165073598928e+02,1.011525237615222522e+03,9.147789736632105360e+02,9.165010114177802052e+02,8.915023480151490958e+02,6.824217410456957396e+02,8.617868753299648006e+02,8.535878891966033279e+02,7.257222836969343689e+02,8.612740741835062863e+02,3.419402927706502169e+02,-9.701408015450870437e+01,1.812575329676421276e+01,2.497065468532120747e+01,3.374350506986730380e+01,3.051725718616656735e+01,-1.519156882259174779e+02,-1.050090926815076102e+02,6.685036052017261454e+02,2.647920935466638781e+01,2.457270247365616722e+00,-4.535002850869537805e-02,-1.562127834487493850e-05,-7.901548544163954645e-08,1.449052918698606933e-09,-3.679130933192213361e-11,-1.087731735502444788e-14,1.889001250286315648e-17,-5.783402625220636892e-18,-1.861885300504417885e-20,8.268503502615448869e-21,9.208821958499396090e-21,3.183504598988204773e-22,1.242996063665190323e-22,7.610011617898267446e-23,5.032692560024976718e-25,-7.198611547909469814e-24,-5.308975330091768308e-25,-7.259424992990486910e-25,1.527736132161574911e-26,2.856940229752644726e-26,1.136714159696000360e-26,2.229103631400956471e-27,5.431606361761024770e-28,8.480161472598567156e-29,-3.707798323244280669e-29,-1.143763076803260127e-29,1.526529260232680821e-30,1.555150292147385224e-30,3.367679197487620526e-31,1.147472867401715076e-31,-1.646298239337508938e-31
2.607804332960753995e-14,1.701140176270071379e+03,1.440307846755296168e+03,1.618287575038798877e+03,1.226443486635376985e+03,2.020417941590826786e+03,1.464696549604144593e+03,1.088986839809903586e+03,9.815555233174912928e+02,1.443687239050878816e+03,1.177201672950700868e+03,1.381179453778995821e+03,1.796399224981802945e+03,1.265500712384077815e+03,1.179161004052592034e+03,1.417317900655284575e+03,1.355953374777859153e+03,1.500515046338814955e+03,1.455866113751137391e+03,1.802778817208109331e+03,1.981221709848497312e+03,1.756164846716761303e+03,1.632918093091504261e+03,1.109015029160781296e+03,1.035835893744811528e+03,9.515255313657368106e+02,1.071579306830742098e+03,1.247859624525066693e+03,1.015709015772778685e+03,8.971053771215565575e+02,1.032169417745049259e+03,1.091707048678770434e+03,1.051088575830153559e+03,1.109415490505436082e+03,1.163939526999762620e+03,1.110275662215728744e+03,1.330073295276105227e+03,1.396407373258970438e+03,1.771096716373359641e+03,1.659276456009581125e+03,1.946190889537541125e+03,2.497593213973878846e+03,1.851206688212500239e+03,1.764969362340842963e+03,1.511857311164667863e+03,1.556282054933993322e+03,1.713077202068274346e+03,1.687484395149727106e+03,1.667196814474487610e+03,3.790911712372136208e+03,1.594406313350715891e+03,1.684712443128105178e+03,1.516246875572263662e+03,1.456007370426595571e+03,9.895897609907345895e+02,1.185503748740796027e+03,1.638184193317547852e+03,1.717638528673853216e+03,1.449054807421023042e+03,1.898412535840985583e+03,2.387715400941134249e+03,3.440507710022582160e+03,2.949414502277027623e+03,2.742422355409351439e+03,2.627480154183491777e+03,2.450136945844592901e+03,2.667207944815719657e+03,3.299148011951101125e+03,2.764710943602919542e+03,2.874034566510107197e+03,2.805752520743923924e+03,2.369927444465643475e+03,2.573752986359367242e+03,3.246466165773493231e+03,3.237880954224148354e+03,3.023904574455998045e+03,2.559729529977249513e+03,2.729028793474013128e+03,2.349936356988227544e+03,2.481395831142224779e+03,2.846743897920505788e+03,3.301651856065207085e+03,2.602081347007262139e+03,2.274104597580279915e+03,2.694857564657391322e+03,2.165577580243847024e+03,2.452602805625451765e+03,2.287743849274009790e+03,1.980480710666428422e+03,2.165244127368450336e+03,2.160207868081339711e+03,2.021683889408881669e+03,2.530412903389993517e+03,2.282260962897888021e+03,1.995021256302274651e+03,2.103894745693006371e+03,2.987179846903991802e+03,2.457746506663436321e+03,2.074732009461321923e+03,2.794283015500105648e+03,2.198973580517283608e+03,2.505553902802183984e+03,2.634017589289334410e+03,2.569177592956069930e+03,2.646820568940275734e+03,2.757084032547576953e+03,2.071042791695640062e+03,2.066831339235007817e+03,2.195993995540688502e+03,2.612287085403257151e+03,2.945339607778705158e+03,2.852947925670616314e+03,2.114974217340195082e+03,2.351464641043779011e+03,-2.268356711179143588e+02,-2.563110270845634364e-01,1.281237571676190901e-01,1.057134494611710274e+00,-3.147705091516467046e+00,-2.379128230523219312e+00,-3.808328084160205407e+00,5.734466210513991413e+00,2.078051443489203507e+02,1.772236826469565585e+03,1.548361155840956599e+03,1.530575471634882206e+03,1.275332617701898698e+03,1.172294494300974748e+03,1.096631651632495050e+03,1.181421376986456835e+03,1.465980221432082772e+03,1.859748302092672020e+03,1.646565738850585149e+03,1.673724132232467127e+03,2.177897592213900225e+03,1.518366040662677960e+03,1.611588378659440423e+03,1.622567016747754678e+03,1.337833006447419621e+03,1.220790691289405686e+03,1.339025350333057531e+03,1.870123557456788603e+03,1.891954323534065679e+03,1.933832863033715057e+03,2.736585646757012000e+03,3.323745187259958584e+03,3.749876572252877850e+03,3.524110775575526986e+03,3.197551297127415637e+03,2.857003441787036081e+03,3.539073123490660237e+03,3.533245731249541222e+03,2.525534321213835938e+03,2.670887868571388481e+03,3.093852754645051846e+03,2.637824819164137352e+03,2.729143911950375696e+03,2.625226090575259605e+03,2.323635228396541606e+03,1.669969335326571809e+03,1.255419642109369306e+03,1.072203301883678705e+03,1.028099631774955924e+03,1.049201127974667088e+03,1.419060098628693822e+03,1.113788939461197288e+03,1.303998684143252831e+03,1.370829712313336586e+03,1.268788279223066411e+03,1.536235269804356449e+03,1.444812936638111523e+03,1.469335289612870383e+03,1.289416239192295734e+03,1.366146520238136191e+03,1.181739200990397194e+03,1.302327204959006167e+03,1.314343991605433303e+03,1.077865754471492210e+03,9.499242387740086997e+02,1.050858783885621961e+03,1.056696756163569717e+03,1.286019159903838045e+03,9.881439503040443242e+02,9.709891571081024040e+02,1.090896503260126565e+03,1.127888179300010734e+03,1.282522616881086378e+03,1.172270034371124893e+03,1.356909884448395815e+03,-2.963019677540546226e+01,1.660643797924275020e+02,-3.716970294771183347e+01,1.261779869848142880e+03,1.447590286284036438e+03,1.278898513852279393e+03,1.168366857206363420e+03,1.170912264932200287e+03,1.233814567412603310e+03,2.810912842453222993e+01,-3.403902958516509614e+01,1.244911498396913032e+02,8.936772858105177875e+02,8.988332732638228890e+02,9.244006342805406575e+02,8.764448126995939674e+02,8.254762646801367509e+02,1.141771098368842786e+03,1.021401476569097781e+03,8.036065993831817877e+02,8.225108161716825634e+02,8.623717994977914714e+02,9.130893143013353210e+02,2.306421996423031032e+03,1.868161057927920510e+01,-3.486160205747146801e+00,-4.745517387178152191e+00,-6.404268952339419840e+00,-5.804953063594963325e+00,2.876006653340185437e+01,1.618803942293389397e+01,1.022921466143632898e+02,-4.907145491129069725e+00,-4.553830310164059259e-01,8.404298819436264653e-03,2.894946166900315959e-06,1.464320466470938462e-08,-2.685395280924233937e-10,6.818189973592425401e-12,2.011058185184425735e-15,-5.027131225336357555e-18,1.515234517361625343e-18,7.848638197766129428e-20,-3.463393192180222407e-21,2.547905010472566006e-21,5.439567928336255515e-23,1.569930753321151365e-22,1.462084992248878197e-22,2.267125199531004575e-24,-4.264435547016241887e-24,5.447735386522050393e-25,-3.670693897436600461e-25,2.030246005506899872e-26,1.111822889663094650e-26,1.092135024069984654e-26,1.722198304181269706e-27,9.054829113304270942e-28,-7.453910262661925676e-29,-5.250152095696412064e-29,-1.037098303107872502e-30,-1.480710065172393863e-31,7.324767540756943104e-31,4.968310163528353317e-31,1.281921598998941773e-31,-2.353556148829974524e-32
-1.327928841213417447e-13,1.204718716342596281e+03,-1.679763123255539625e+01,-1.948676580495320110e+01,-1.350462364023857909e+01,-2.247158084416987123e+01,1.296923714936599936e+03,9.554448504913118541e+02,9.756133983964011804e+02,1.478619685025373883e+03,1.754677132689456130e+03,1.944133466109799201e+03,1.681814019665424667e+03,1.437173709060166630e+03,1.338560910897807844e+03,1.305324045426302291e+03,1.202436692784769775e+03,1.408304347292547163e+03,1.561005803153155966e+03,1.839292731966194879e+03,1.878789027496874269e+03,1.830923586775419381e+03,1.894820702176901023e+03,1.720989982831414181e+03,1.527517258186524941e+03,8.767620027879341933e+02,8.436033026420599299e+02,8.858347498759657128e+02,8.625323392516819467e+02,9.046004909565234584e+02,1.094231800221560889e+03,9.372816757497398612e+02,1.094993733761917611e+03,1.092831776420246570e+03,1.017160618906468244e+03,1.037725891755223756e+03,1.270584673153476160e+03,1.691116093082868247e+03,1.415155059907405985e+03,1.674653155199825505e+03,1.740636221116396882e+03,1.858995914131347490e+03,2.083533714184404289e+03,1.713516784004689043e+03,1.454729777845523358e+03,1.822690257537387197e+03,2.135820703910202610e+03,1.749655816829743117e+03,1.820255887988128507e+03,2.984823809510035062e+03,1.544594402071979175e+03,1.405613785164532146e+03,1.270798781463266778e+03,1.320697465587305260e+03,1.161351468084226781e+03,1.515292919961331108e+03,1.602148536991321635e+03,1.597949571355545913e+03,1.677747311470519890e+03,2.159769450790074643e+03,2.780605880828162753e+03,3.719108293203474659e+03,2.683910417974817847e+03,2.712450380863673672e+03,2.384065903095571684e+03,2.400201120006565361e+03,2.200273586968781274e+03,2.584783743008458714e+03,2.649086233528801131e+03,2.794345464617219022e+03,2.351546318780838646e+03,2.275815760852140102e+03,2.903943324576463510e+03,3.162818523785243542e+03,2.729987149885362214e+03,2.793649973603170565e+03,2.493036286072168878e+03,2.873262603652389316e+03,2.555737437800041334e+03,2.627270202198170409e+03,2.424003614466000272e+03,2.738088413185455920e+03,2.770966268407652024e+03,2.109038350810286374e+03,2.065910599098735929e+03,2.340256090647557812e+03,2.526025197952625149e+03,2.339143848938717383e+03,2.438701283941791189e+03,2.509687650823046170e+03,2.243842042240408773e+03,2.489257260817117640e+03,2.612098723582552793e+03,2.698992973926607647e+03,2.063948813079691718e+03,1.986498652653825729e+03,2.614519405920971167e+03,2.055197867454313382e+03,2.409006929755776127e+03,2.648311800807552572e+03,2.054122424009746283e+03,2.472284474654604765e+03,2.595952610139907847e+03,2.725653881347212518e+03,2.730177481313629414e+03,2.756932528421429197e+03,2.414040281057461016e+03,2.865166308804062737e+03,2.202904392292066859e+03,2.698808446038491184e+03,3.038186251592665030e+03,2.277560856367072574e+03,2.424644403132403113e+03,2.933436481181217459e+03,3.569153206108797605e+01,-1.600490619747312396e-02,-4.305456210979685672e-02,-3.879279868467226944e-01,1.137149276743162574e+00,9.292716252882202710e-01,1.176635726851200880e+00,-4.787871517045233283e+00,1.651811386698665046e+03,1.566694934418556841e+03,1.503349869945015826e+03,1.599584040332101495e+03,1.246913769097439626e+03,1.159791750644614922e+03,9.276416982993665670e+02,1.135804308396855049e+03,1.674368454863275247e+03,1.536853215185191402e+03,1.467089018795310722e+03,1.427487705170335403e+03,2.248543982470551327e+03,1.652646592805766431e+03,1.616150602730021546e+03,1.840562933209840594e+03,1.212000305117037669e+03,1.352746700570527082e+03,1.654947364033989516e+03,2.068746793810171312e+03,1.952838674145998539e+03,2.343706954868281173e+03,3.133379695137680756e+03,4.194625648445180559e+03,3.364076673382577610e+03,3.159983164526158362e+03,2.761924358896462309e+03,2.772755095168319713e+03,3.413761213738676815e+03,3.103856937971268053e+03,2.523224073715180566e+03,2.577078000450817854e+03,3.057178339218232395e+03,2.644591792852788785e+03,2.575194133551897721e+03,2.647697824756110549e+03,2.209401935835108361e+03,1.804573962229674180e+03,1.432196998134404566e+03,1.108400508713306408e+03,1.066404171959938367e+03,1.224444687061872628e+03,1.093689666233973639e+03,1.095434712820488130e+03,1.407434872247924659e+03,1.051086608305847221e+03,1.186999575347644168e+03,1.260252068527880965e+03,1.024618279522856255e+03,1.323683326623604898e+03,1.085549393302479757e+03,1.031675098770696422e+03,1.087169547458939860e+03,1.294042127532104359e+03,1.224897453129680343e+03,1.078665567235984099e+03,9.661804571051304720e+02,1.145134165034879288e+03,1.375472680306121902e+03,1.271096838825851819e+03,1.107563205005263399e+03,9.603612534483439731e+02,9.792993060413281228e+02,9.731032272227757858e+02,1.111554014199932453e+03,1.264920088930527754e+03,1.447141850780990353e+03,1.073218354537852370e+01,1.138388502240330354e+03,1.365411526776138018e+01,-1.648105311501755921e+01,1.397878749891308644e+03,1.237380165747482124e+03,1.084732866179635494e+03,1.111913994214837658e+03,-1.741544012925804097e+01,-4.166838474220217137e+00,1.713121031723768795e+01,1.232235648779661688e+03,8.713333377231518853e+02,9.978727338807231035e+02,8.410700630130590980e+02,8.099967123448860775e+02,8.726004808577099539e+02,9.484726809945864261e+02,9.070809926918760766e+02,8.198714801890273520e+02,8.578339201631213200e+02,1.009335001001589490e+03,1.135768501157955370e+03,1.210775951332470322e+04,-9.743660304463925836e-01,1.803402611768054886e-01,2.254612117433399399e-01,3.012631850200384043e-01,2.776890210014921756e-01,-1.327181747463427541e+00,5.675870506236854185e-01,1.552573624040576533e+03,1.887777401788325315e-01,1.751857157413046553e-02,-3.233131240487656572e-04,-1.113684890562931302e-07,-5.633228782464332282e-10,1.033082026356674426e-11,-2.622718143526575200e-13,-8.391128867527435591e-17,-3.255212261242568297e-18,3.837999469585011995e-19,1.174244182187167720e-19,-2.001796229226391794e-20,1.272806250967404407e-20,-1.671750424767632551e-21,-6.346378114221185270e-22,-3.810229750666585138e-23,-2.979425103322914545e-23,-7.432988925663081818e-24,-8.321581686312117694e-25,-5.475010574425928522e-25,-5.444242031522718230e-27,-1.233161699943366487e-26,-1.449723396527946322e-26,-1.116556080502792385e-26,-8.192011307556367750e-28,-3.566628464832789593e-28,2.836870101011764341e-29,-4.119190810193169712e-30,2.948419236791948378e-30,2.186256746536602525e-30,4.537779938262380924e-31,8.468255545853929911e-32,-3.919155395442347577e-31
-8.010543012702435957e-15,8.903345099592738165e+01,-3.632134385904159757e+01,-4.216228128859213342e+01,-2.926586429828677183e+01,-5.510624174260581754e+01,9.562249875798858767e+00,1.195254271201069059e+03,1.139599632142916107e+03,1.498472617974994137e+03,1.675704813041410034e+03,1.717118423318204805e+03,1.763334471863342060e+03,1.326599817760884207e+03,1.340305817506853145e+03,1.119356280367324416e+03,1.297050570740893136e+03,1.381693083295198903e+03,1.546331211404116630e+03,1.543737083409880825e+03,1.529111396542664352e+03,2.081546137774217641e+03,2.195273821260853765e+03,1.966983654933605749e+03,1.988286000684015107e+03,1.317299152375466747e+03,7.597206377610754089e+02,9.270749437778721358e+02,1.031118630168138679e+03,9.121072076358402683e+02,1.174329012408030394e+03,8.811598849893218812e+02,1.102489033312152515e+03,1.192877132243454980e+03,1.036293209143596414e+03,1.088704590973944278e+03,1.178146084108628656e+03,1.434066144589825626e+03,1.342559103507027430e+03,1.541166130147298645e+03,1.754545326884979659e+03,1.885386489700361608e+03,2.262637364195697046e+03,1.626611524220211550e+03,1.465916318632499497e+03,1.657280623819760649e+03,2.040941958052682821e+03,1.885331458585119663e+03,2.029581353578205153e+03,1.702536688903218874e+03,1.500187914373852209e+03,1.421347522516125082e+03,1.331363422001971230e+03,1.212395367676964952e+03,9.816556189582955767e+02,1.313096481842363801e+03,1.570669244280114526e+03,1.445892174990718331e+03,1.745595521371208179e+03,2.374114846734862567e+03,2.437023133708735713e+03,2.957938875930861286e+03,2.691818183806492470e+03,3.244219487805793051e+03,3.073027573905319514e+03,2.557953813215598984e+03,2.220397416038470510e+03,2.615083089553259015e+03,2.602954936382005599e+03,2.830219276057725892e+03,2.475679590963552528e+03,2.420755294652976318e+03,2.378014366258333212e+03,2.711428927018943341e+03,2.391776705109236900e+03,2.674891206020592563e+03,2.998290673791066638e+03,2.594474150828954862e+03,2.294567328668294977e+03,2.213408021938756974e+03,2.380652808464131795e+03,2.298445160758905331e+03,2.666430407924634437e+03,2.047495461238712323e+03,2.835521401145355867e+03,2.201693651544578643e+03,2.212506610892723984e+03,2.293461086039685142e+03,2.380102600301408074e+03,2.726789663642088271e+03,2.637824919216955550e+03,2.834203122057548626e+03,2.485789235235209162e+03,2.966714113265431024e+03,2.259740428777915895e+03,2.377095844951493746e+03,2.690079101169599198e+03,2.318140823167944291e+03,2.675623214942822869e+03,2.430017796009684389e+03,2.315395580157764925e+03,2.734397874925763062e+03,2.730677311297357846e+03,2.371213453013959224e+03,3.152336283307430676e+03,2.785625060977679368e+03,2.245026815969557902e+03,2.736687326627711627e+03,2.059960070382233880e+03,2.918953167764334921e+03,2.388223997084617622e+03,2.585019798435521807e+03,2.927402206006047436e+03,1.735670470606239633e+03,2.176431633652838173e+03,-5.571985917565288604e-01,-8.635053043418876584e-01,-7.855910557338265932e+00,2.299036492163622114e+01,1.893769987098231056e+01,2.336023004888619070e+01,-1.026420635908129810e+02,1.625637015096820733e+03,1.342181251917602594e+03,1.771340179343695354e+03,1.421229255403965908e+03,1.304985208126817042e+03,1.406337214588477082e+03,9.734562803687290398e+02,1.121730214429583157e+03,1.614024456555594952e+03,1.606562945654588475e+03,1.473753849502116509e+03,1.434272285893113576e+03,1.815040402779115766e+03,1.565712395304616166e+03,1.551775027038608641e+03,1.729098193460617949e+03,1.521656416208661994e+03,1.478811660702701147e+03,1.944530708473248978e+03,1.698778891891694911e+03,1.703716867424136126e+03,2.658630923364864429e+03,3.126603602043468982e+03,3.428592444707091545e+03,3.087786081008116525e+03,2.891194661549208377e+03,2.763224929900253755e+03,3.039018650812987744e+03,2.901750886044167601e+03,2.858777840464972087e+03,2.990755210490361151e+03,2.301646439290589569e+03,2.663740172865326713e+03,2.620076286155869184e+03,2.415065322898324212e+03,2.118922433049928713e+03,2.044078240083419360e+03,1.885918382883057575e+03,1.539179055287904475e+03,1.151520575677950774e+03,1.121408804415250415e+03,1.348405961885971692e+03,9.657524478912516770e+02,1.035175334438128175e+03,1.388183916856886981e+03,9.687705546052555974e+02,1.037532298714237413e+03,1.167380477870130335e+03,9.324679119068788395e+02,1.153057812296080328e+03,1.333889344441511184e+03,1.030869412644415206e+03,1.347036437665198036e+03,1.515458988858289558e+03,1.292757146654323151e+03,1.131323269466073498e+03,1.182501409652733855e+03,1.329626608019690366e+03,1.385242806310428932e+03,1.328351057030232823e+03,1.075789009859468479e+03,1.188275238262172707e+03,1.249700689135542461e+03,1.491964168854297895e+03,1.122797494666556076e+03,1.294036497238054835e+03,1.129235616564219072e+03,9.069627967015981085e+02,5.739183502261027314e+01,1.189138601498252683e+03,-9.227294315196171226e+01,1.389267613486384562e+03,1.013187232204208385e+03,9.137372882681206647e+02,1.222611974155354801e+03,-9.795499107315330889e+01,-7.136212163644444217e+01,1.469100781021866169e+03,1.962107436690436771e+03,1.576897882463428687e+03,1.178562290603955034e+03,9.254783879942991689e+02,8.314408286693989112e+02,8.942870839104200513e+02,8.380573675638471514e+02,9.068623979325996061e+02,8.023635986271045795e+02,7.998640220137851884e+02,9.260575072826637779e+02,1.124935068978444633e+03,1.405105151136098902e+04,-7.277103932898563166e+00,1.324748110306517512e+00,1.355349907650024388e+00,1.761861740737103998e+00,1.700289876349592832e+00,-7.336774509371871922e+00,2.527655590127907104e+01,1.618297387233463041e+03,4.091801622138683259e-01,3.797191316978953263e-02,-7.007887498857741761e-04,-2.413938082603326274e-07,-1.221016653018595422e-09,2.239208581774527481e-11,-5.684986690659787429e-13,-1.648279207292560671e-16,-1.159641816792540469e-18,-3.602297962719742771e-19,-4.895805713101385880e-20,-2.881422528306466582e-20,5.608038889904791134e-21,-4.206636341905968501e-22,5.831747691297760760e-23,1.079843877335957629e-22,3.914056418657705277e-23,-2.624387692116300206e-25,-2.472960854295161520e-25,-8.680272087374387882e-25,-1.903159436408985875e-25,7.791523372599258438e-28,4.839936553728034289e-27,-2.872311058694556422e-27,-6.460779704337251483e-28,-4.377457433819431947e-28,-5.809373341704175260e-30,-2.692723313043592836e-29,-4.021969014482860508e-30,-3.968925020764336023e-31,-1.109492691111448157e-32,9.614556368669881990e-32,-3.734873278356808199e-31
5.864017982240345002e-15,-5.519381358009970739e+01,2.214144194579013458e+01,2.586629680993567248e+01,1.824682371629570810e+01,7.436028728798582677e+01,1.258755206992512967e+03,2.734821988912980828e+02,1.946761344560402904e+03,2.794518110638697408e+02,2.922241336043157958e+02,2.887525003173437881e+02,1.596001176865707521e+03,1.263221780147453501e+03,9.777330773252886047e+02,1.206442472916942052e+03,1.206737625926062947e+03,1.275723102187260110e+03,1.432655381591466721e+03,1.370274610756318907e+03,1.316099278456385719e+03,1.943016321680348710e+03,2.235175768769217029e+03,1.856549924856537700e+03,1.786397371941164693e+03,1.249744402596652662e+03,9.509602080107874826e+02,1.135552289317753548e+03,9.481661470686460689e+02,9.014290977981507922e+02,1.193130153966024181e+03,1.236508748608298674e+03,1.322906685773022218e+03,1.287470050224606211e+03,1.401493522581933576e+03,1.223115993593351959e+03,1.355684825797321764e+03,1.504915516934453308e+03,1.670627155112081709e+03,1.681324289039254609e+03,1.404424013957492889e+03,1.782638377920044377e+03,2.216822261502562469e+03,2.040473960556831116e+03,1.635210497874451221e+03,1.581043415566189196e+03,1.948735191683149651e+03,1.859433567585363107e+03,1.938636891876781874e+03,1.560563345466023065e+03,1.503994734891345843e+03,1.264241728888727266e+03,1.251976817509194689e+03,1.130280192853285143e+03,1.227152321933112944e+03,1.334936775803120099e+03,1.307433755923976150e+03,1.198885131148731034e+03,2.027121258734971207e+03,2.552800287273998492e+03,2.343517103186803070e+03,2.984642606274717764e+03,2.831187259324866318e+03,2.640643317953243240e+03,2.954267819999410221e+03,3.009480620183044266e+03,2.699206287112259361e+03,3.041545703790362040e+03,2.716304602217133834e+03,2.540837721032701211e+03,2.635544485939354217e+03,2.524231494640159326e+03,2.443451522331669821e+03,2.704554611072711850e+03,2.199915007480025906e+03,2.451863378364869732e+03,2.666229449150004257e+03,2.142367993427157671e+03,2.030600322148188525e+03,1.978879883121854391e+03,1.819130413383937366e+03,1.605429830082963690e+03,2.600251145760486907e+03,2.996235317808594573e+03,2.894214416190991869e+03,1.894530753772983644e+03,2.031764912693281758e+03,2.232979571691893398e+03,2.173450500487735098e+03,2.727686136473239912e+03,2.727360343845459283e+03,2.798783985367747846e+03,2.594202586661776877e+03,2.551469465937909717e+03,2.800104346728470773e+03,2.504428635362777186e+03,2.609933506000662874e+03,2.516196230492414088e+03,3.925454405877492718e+03,2.532297631638142775e+03,2.295051467833476636e+03,2.707596652020797137e+03,2.258348929685114854e+03,2.005589903844020455e+03,3.250886731854881418e+03,2.582448554226343276e+03,2.293206146951370101e+03,2.253022602483231822e+03,2.376463224457486376e+03,2.902630426065308711e+03,1.993607313623964956e+03,2.385106542784224530e+03,2.712593659900061084e+03,2.103957893549023993e+03,4.272029452930652837e+02,3.609191732908526351e+00,5.346353710066860110e+00,4.869050496115307425e+01,-1.424676497266796105e+02,-1.174543691071651210e+02,-1.444729557466849599e+02,1.443330598778089779e+03,1.506059905177962492e+03,1.293938090630034822e+03,1.695389404307161612e+03,1.227209079489543910e+03,1.229965503503068248e+03,1.419693628635732694e+03,1.230369828423679337e+03,1.161290599841525591e+03,1.524414979870154184e+03,1.910062307233798037e+03,1.515355717902185688e+03,1.763892379090846362e+03,1.649276331880772204e+03,1.391065160004396830e+03,1.273331839698085560e+03,1.269271773040988137e+03,1.790586879697386848e+03,1.238459355860006781e+03,1.340717562179823517e+03,2.091318054035399655e+03,2.189357461159596369e+03,2.897597108232185747e+03,3.128567972649643252e+03,3.085961650501926670e+03,2.955451781162244515e+03,3.039591879939800947e+03,3.083646488093498192e+03,2.988712851036481425e+03,2.963862417929174626e+03,2.910706094671639676e+03,2.477318907730329101e+03,2.516716973889288511e+03,2.822097609428874421e+03,2.633599521654160526e+03,2.298444256532544841e+03,2.195453010215407176e+03,2.155803628828211458e+03,1.644962319483258852e+03,1.453282377950612045e+03,1.000614026609409734e+03,1.155503957113037586e+03,1.287884848203540287e+03,1.081879734633502494e+03,1.285234239375360403e+03,1.300331847535130919e+03,1.119422660405313309e+03,1.008532717859131481e+03,1.263194716542796641e+03,1.352908925213498151e+03,9.998245238490168276e+02,1.088689165807565587e+03,1.043918259999177735e+03,1.250948692434421218e+03,1.332597042900583119e+03,1.271271490706279337e+03,1.244495564510080158e+03,1.233660308485568066e+03,1.318991557526169117e+03,1.275990715467909467e+03,1.103302269459113177e+03,1.011582819647235624e+03,1.066278411665665089e+03,1.143491864003888395e+03,1.186101899747464813e+03,1.226673204468521817e+03,1.060036513859914749e+03,7.954241572101626616e+02,9.092132034161753609e+02,7.619257857505153879e+02,1.291121247042841787e+03,9.286295486962301311e+02,1.404245046544638626e+03,1.060018459089538510e+03,8.551518121950256273e+02,1.069630875822111875e+03,9.448837506583516870e+02,9.574671969589655873e+02,1.297765607786038345e+03,1.477133163708379470e+03,2.049731335632654464e+03,1.606564045432699913e+03,1.201235239443381033e+03,8.289834074340849384e+02,7.177108059995302938e+02,9.051846529845915938e+02,8.146692754742324496e+02,8.096567965765515282e+02,1.073773181279085520e+03,1.139518376168471377e+03,1.098520021066954996e+03,3.752137514839542291e+03,3.678305588021575545e+01,-6.656019693580763175e+00,-6.255730744081549943e+00,-8.021372498796942807e+00,-7.917535291725015689e+00,3.241983235809651376e+01,-1.658696468228683045e+02,1.754758311022967291e+03,-2.556170383178321681e-01,-2.372125748033545103e-02,4.377864844753356758e-04,1.508000039927853059e-07,7.627759479479874924e-10,-1.398844748801514530e-11,3.552058724215252565e-13,1.137063417721113578e-16,-4.333655566578918102e-19,-2.170465506419048639e-19,1.677981593256302379e-19,-7.759723457599840792e-21,-2.504543355424275928e-21,1.168110179232149921e-21,5.981946068730009768e-22,2.491052946950917364e-22,8.021815961337483866e-23,-1.359557363011086302e-23,-2.791130215086877888e-24,-3.719789643754102927e-25,-2.769096449887034979e-25,-7.013441385628318953e-26,-4.978970572536354531e-27,-3.300347933805048940e-27,1.841475238818954135e-27,5.729491012287819938e-28,1.230273703858869735e-28,7.792248328246087854e-30,2.589741213804757794e-30,9.663378165003380647e-31,-3.327167324131071516e-32,-8.290881720182807188e-32,-4.855837213927803281e-31
-3.426342874783440182e-15,2.537578583433979418e+01,-6.855430387651272994e+00,-8.727689672439122859e+00,-7.428723547377466652e+00,-2.014997304035811112e+02,1.609723030243104404e+03,-2.278600778625577732e+02,6.833269967226810877e+02,-1.085176339096575475e+02,-1.130319062814499347e+02,-1.114532465833735984e+02,1.809609036928503656e+03,1.144844580310293850e+03,9.739671108667075714e+02,1.170515393740146010e+03,1.184112286616472375e+03,1.205062159466217963e+03,1.215211392551642803e+03,1.230365156364767927e+03,1.166534970750231878e+03,1.509819870677128620e+03,1.911417739885260062e+03,1.940701244697970196e+03,1.780079050875594248e+03,1.357083040261321685e+03,1.363133745240952067e+03,1.121627766092654610e+03,8.472190220415557178e+02,8.783641132497954231e+02,1.106001026872935427e+03,1.202779133792768107e+03,1.255042014323587182e+03,1.541186351433526397e+03,1.219751593590483708e+03,1.131600260856824889e+03,1.465537207886366559e+03,1.532966094259312285e+03,1.752617455372566383e+03,2.078249441286267938e+03,1.639235358707146588e+03,1.730410835329609881e+03,1.831194301593378441e+03,1.864244979974790340e+03,1.893357827765859838e+03,1.738182466160696094e+03,1.606053771886133973e+03,1.767302940696514952e+03,1.821291637895410986e+03,1.777245017845613802e+03,1.628103341963524372e+03,1.110732239041668208e+03,1.154874875588457826e+03,9.501228408418850222e+02,1.348726081709352002e+03,1.343227299368797276e+03,1.226820546894236486e+03,1.206673230014698902e+03,1.621777961633180439e+03,2.102741289053923538e+03,2.242528800818292439e+03,3.281323066305440079e+03,3.156188083993077726e+03,2.521696664233928004e+03,2.512269653239739455e+03,2.913345078598265900e+03,2.620593929514500815e+03,2.804770262644069135e+03,2.929818528878245615e+03,2.284524092488307360e+03,2.315572753678228310e+03,2.721033454880783665e+03,2.863356076085956374e+03,2.740040377425698352e+03,2.212156392085420066e+03,2.296077693754977190e+03,2.392436356242105376e+03,2.205565659246829000e+03,2.303164539381849409e+03,1.910536586461348634e+03,1.601222208823632400e+03,1.652085141126123290e+03,2.323290184686983594e+03,2.630415130200659405e+03,2.752678765208102504e+03,1.741048503303815778e+03,1.985433256819778990e+03,2.126904049551643766e+03,2.734832401468900571e+03,2.707459778438491867e+03,2.539506339045755340e+03,2.279676108325227233e+03,2.645646920140816292e+03,2.325387643243704588e+03,2.906744491104099325e+03,2.969785253996427855e+03,2.481117387627588414e+03,2.355078739635313013e+03,3.304376242827708666e+03,2.681820000930913466e+03,2.044193718147933623e+03,2.724681410042207517e+03,2.670848016419584837e+03,2.340814211963096568e+03,2.766320907821079345e+03,2.773073263376987597e+03,2.510464136006774424e+03,2.500134966818619887e+03,2.618764622064205469e+03,2.825046031927711738e+03,2.250682649162999496e+03,2.832524204551770708e+03,2.520251253803909549e+03,2.068713423887289082e+03,6.103424806939563041e+02,-1.543111513248354072e+01,-2.275663082593918318e+01,-2.072719874236101418e+02,1.033630817508181508e+03,8.530642821951454380e+02,1.035900085277225344e+03,1.868337160380907562e+03,1.578043899399089469e+03,1.469097885895214858e+03,1.753804571214253428e+03,1.593915251123563394e+03,1.137925008719639891e+03,1.337724297916975729e+03,1.397067121752218782e+03,1.143253561200526519e+03,1.349703414994718969e+03,1.791308596418523393e+03,1.740853765641214977e+03,2.175002712051146318e+03,1.677244775668674947e+03,1.537215613711595552e+03,1.183029767438576300e+03,1.271974945872322905e+03,1.425632413882575520e+03,1.310489487257964811e+03,1.260597252911548821e+03,2.119987855693084384e+03,2.376566379450466684e+03,2.243045530706670888e+03,2.769138833506756328e+03,2.522778696530454908e+03,3.097447293547831123e+03,2.769204835399076273e+03,3.148420513843032950e+03,2.842554167841075014e+03,2.983420665421706872e+03,2.603378615724566316e+03,2.763026574525637443e+03,2.898641622821419332e+03,2.672382707733479492e+03,2.593077736035079397e+03,2.536126862726010131e+03,2.907655714852477558e+03,2.755797754448977230e+03,1.796000703592695800e+03,1.223839455891064290e+03,1.082373074182604796e+03,1.021893574378534822e+03,1.193625591455365566e+03,1.117828572591153488e+03,1.254468003623235063e+03,1.297969049789028304e+03,1.421816003503123966e+03,1.152059793709184987e+03,9.993475462837886880e+02,1.266734072169574347e+03,1.071948445520085897e+03,1.039598692301723759e+03,1.062607700874622424e+03,1.360264133705682298e+03,1.078629471859034993e+03,1.168000626936927574e+03,1.275497403227666837e+03,9.971146991794450969e+02,1.074641576013033728e+03,1.347032464722926079e+03,1.073311006046459397e+03,1.072411741510069305e+03,1.148997479510038147e+03,9.579774034998365551e+02,1.136085496760339538e+03,1.061462386560643608e+03,9.012457175842207562e+02,7.590796832562275540e+02,9.589397746194553065e+02,1.078336686794272055e+03,1.018589460578667058e+03,1.327414586705896227e+03,1.195134860500485956e+03,1.041800133539187755e+03,8.208124143944461366e+02,9.174291326956491730e+02,1.082113349822521286e+03,1.105867537996339934e+03,9.433575710025556873e+02,1.234256775327216928e+03,2.085334665333576140e+03,1.686757582567763848e+03,1.102444184925580657e+03,8.493883949319686053e+02,7.389503979569143439e+02,7.701373730126890678e+02,7.065680929580984184e+02,7.243074554778470429e+02,8.769673910073374827e+02,1.151589202975339958e+03,1.033335055387131206e+03,3.891525414580259508e+02,-1.530003243472185375e+02,2.766476500040421271e+01,2.570673528124852325e+01,3.289832701424652583e+01,3.257590894132233927e+01,-1.323883975918239457e+02,1.059839469500827363e+03,5.561298955050513086e+02,1.062054951173409395e-01,9.855868419767866567e-03,-1.818944881159988364e-04,-6.265540437215609879e-08,-3.169229986107575050e-10,5.811976861531866525e-12,-1.475605641771594576e-13,-4.219584788886199055e-17,2.530398688758958845e-20,-6.643300827116808153e-20,1.956420520052392727e-20,6.122698039022863887e-21,1.975949370735503110e-21,-1.241591974345280398e-21,5.386551910384443607e-22,2.249649379113308732e-22,1.091228566227490733e-23,-1.757860132581091832e-24,-1.186045792617629531e-24,-3.230045440778144477e-25,3.852739675101279688e-26,2.914666999205058252e-26,-7.237366870105126505e-27,-9.040218827081023657e-28,4.878221063334403065e-28,-1.425318723874377765e-29,5.355123842723609750e-29,3.426435657091493052e-30,-2.222930392821841886e-31,5.812022659890559083e-31,2.995038019657211112e-31,-5.589535961424171185e-32,-1.075076145967049099e-31
-3.272221903554426790e-15,-1.730973210700384257e+01,-5.978631205889595179e+00,-4.189534422669565217e+00,1.989133189078371666e+00,8.905927462887974571e+02,1.280967818933808076e+03,6.649534326507026663e+02,-2.026636099501473893e+02,3.697480437216795934e+01,3.843610377175632919e+01,3.790854423473207646e+01,8.144279962860013029e+02,1.372653298276163241e+03,1.036976078067070148e+03,1.092144256305852650e+03,1.078499412408647004e+03,1.252246961233705179e+03,1.052123889490502734e+03,1.092725970110205481e+03,9.748256986695055275e+02,1.177738124320084125e+03,1.528085160135045726e+03,1.823715542372973687e+03,1.776037500385928070e+03,1.652463015007615240e+03,1.418100225202981164e+03,8.371337570366624732e+02,9.045890489442022044e+02,9.516226910514096744e+02,1.151228079612744523e+03,1.113777833742062967e+03,1.231044463066269145e+03,1.518513897283808319e+03,9.701743953504678757e+02,1.298538448354490583e+03,1.746299719295875775e+03,1.669018247017104159e+03,1.763771334796660540e+03,2.048283784702001867e+03,2.044869429007898589e+03,1.830638600822874196e+03,1.531507348441007707e+03,1.624786771331147747e+03,2.047275404621524103e+03,1.767023684065194630e+03,1.485831903488728585e+03,1.757757210571384348e+03,1.794537391875975572e+03,1.817993225843979189e+03,1.529626325219005139e+03,1.183255704738041231e+03,1.058007919185569108e+03,8.196604754026539013e+02,1.096006095036090073e+03,1.164813685331549323e+03,1.291158509344144477e+03,1.412106523867139686e+03,1.572942825719694383e+03,1.685953366697773163e+03,2.355718814667028255e+03,2.857227536183184384e+03,2.922713559455828090e+03,2.682018623334585754e+03,2.619747541021712095e+03,2.684507621044816460e+03,2.563025607243400827e+03,2.359371338014860612e+03,2.556349063795429629e+03,2.374914532551036245e+03,2.358442320290805128e+03,2.892911625546502819e+03,2.915718668978519872e+03,2.873834472274383188e+03,2.324439410443690576e+03,2.308109184546903634e+03,2.573802960405630984e+03,2.572582019315630987e+03,2.567400889593774082e+03,1.931191009016956514e+03,1.347731187321912557e+03,1.728203851053902781e+03,1.971936494522014982e+03,2.371538673507863223e+03,2.584432912869482152e+03,2.203932139244670907e+03,2.275958655847869977e+03,2.319775214824195245e+03,2.819220103326797016e+03,2.943323662036668338e+03,2.306778722900647153e+03,2.388426724773216847e+03,2.790619156399946405e+03,2.608393824504938948e+03,2.681451246747981713e+03,3.581310491951064250e+03,2.641679090543316761e+03,1.909606066470397536e+03,2.124048557284560502e+03,2.292463522167647170e+03,2.085980366481681813e+03,2.392138472665598329e+03,2.894403363931096010e+03,2.370812286968761782e+03,2.040351740666626029e+03,2.590045387820479846e+03,2.646084029722379000e+03,3.042790072716783925e+03,2.573202539867446376e+03,2.971721285371811518e+03,3.098875562498822546e+03,2.951291976189133493e+03,2.518061405035541611e+03,1.548080472440641870e+03,1.596878904818524688e+03,5.466742839201776860e+01,8.058428883036197021e+01,1.008179697137804396e+03,2.030118799679214590e+03,1.697430552424741109e+03,1.929401906977396038e+03,1.664717875687295191e+03,1.670931982901485981e+03,1.671461511220720467e+03,1.917683119292803894e+03,1.605318272762975539e+03,1.504213196473991275e+03,1.576894017963454417e+03,1.369326855906205765e+03,1.245723026055175069e+03,1.542660442977450202e+03,1.703216285547725420e+03,1.942205239912492061e+03,2.323264550394998423e+03,1.778667873593199829e+03,1.734986025072737675e+03,1.488555009026517837e+03,1.640909474538207405e+03,1.308227266911529341e+03,1.792319182526035775e+03,1.628679105166655518e+03,1.774056452398061538e+03,2.263972276500801399e+03,1.936664663385623498e+03,2.457807102065461550e+03,2.440855206451723006e+03,2.671864191708473300e+03,2.345984461127258783e+03,2.717303828305110073e+03,2.786321240806788865e+03,2.963492342068595008e+03,2.688990459183052735e+03,3.423164264129786716e+03,3.153240173244646485e+03,2.348597364713050865e+03,2.344919793249133818e+03,2.378341599241930908e+03,2.972304238803816588e+03,2.647295787588150688e+03,1.905085877579325597e+03,1.217938579097871980e+03,1.184818375229981939e+03,9.999460639537041970e+02,1.209643322252660482e+03,1.109613550265361482e+03,1.271038987908575791e+03,1.427149957946964832e+03,1.567101216612249573e+03,1.261833308807138792e+03,8.376116074862770802e+02,1.011797508747570873e+03,1.184330928768273907e+03,1.223400891915840248e+03,1.224663978831927352e+03,1.307919032302957021e+03,1.160996184704750931e+03,9.717984606006340300e+02,1.244893185465204169e+03,9.710920165064836738e+02,1.006389417847742379e+03,1.259644165987825318e+03,1.289564824455551388e+03,1.137553470415361062e+03,1.193312929662163015e+03,9.959290887473276825e+02,1.221532085108177398e+03,8.630694532246571953e+02,1.067360114594909874e+03,9.302750138063423719e+02,1.129331845319622971e+03,1.037018794056722072e+03,1.246971440756937227e+03,1.167298755332360543e+03,1.235193322188191587e+03,8.943027984533682684e+02,8.021946261305225789e+02,9.112055675364325680e+02,9.098992868847651607e+02,8.387357095942508067e+02,9.079121066431914642e+02,1.066680317345592584e+03,1.736904541823084855e+03,1.701774065545730309e+03,1.082870371846396665e+03,8.823801314822460427e+02,8.487649804871720107e+02,7.074725727582956551e+02,7.555025472314713397e+02,9.044238740006909438e+02,8.055035949522051624e+02,9.566644231052487157e+02,9.919986487861268643e+02,1.397859752709482791e+03,7.270316918393087917e+02,-9.773393008695111916e+01,-9.071227493846868128e+01,-1.160665590453910312e+02,-1.149662265949909141e+02,6.368843100073891037e+02,6.674333414632397989e+02,-1.635826953104080985e+02,-3.617509769041490908e-02,-3.357048545513025006e-03,6.195584202033796125e-05,2.134131987139366256e-08,1.079485590799160270e-10,-1.979640987954306736e-12,5.027033084227345964e-14,1.772412653509257568e-17,3.411982817564415116e-19,1.887307851779268695e-20,-4.293730785165223482e-20,-6.405745864394762009e-21,-1.585652592240461200e-22,-1.283402870935914358e-22,1.044805073870349252e-22,5.225064568299045696e-23,3.430482065381991078e-24,7.381544282742654523e-24,-3.024120461147244309e-25,-2.766186467095412032e-25,-4.160769069508958301e-26,1.302555283582157416e-26,4.847246236541527565e-27,-9.831638743616878886e-28,-2.503698568986835325e-28,-4.036264174591524106e-29,5.951488146133923569e-30,9.150565250441752366e-31,-2.703018349804731712e-30,6.317530977166376341e-31,4.837695640512614653e-31,4.261112772858219213e-32,3.989107699156951831e-32
-2.568700333154545156e-15,3.146121758890697961e+01,2.707233473900213028e+01,2.304189143691039021e+01,1.066615566993917241e+00,1.541174495242950343e+03,1.178944845061201931e+03,1.214091478798031631e+03,5.924675932614501761e+01,-1.085294669907220033e+01,-1.104791953084922973e+01,-1.092452733812107546e+01,-1.832745349716879844e+02,1.785277768106611347e+03,1.128905030263025992e+03,1.151789173240254740e+03,1.076919618349029179e+03,1.272366997218461165e+03,1.097959759544186909e+03,1.075014054584788482e+03,9.019030719630238764e+02,9.439261554425913801e+02,1.348827394055175091e+03,1.528025015559354188e+03,1.545870574273421425e+03,1.609320377972468350e+03,1.118198553627757065e+03,1.219989599478912623e+03,1.205445345114356769e+03,1.152033723554185372e+03,1.224878439703945560e+03,1.065983917228829796e+03,1.412789238771432565e+03,1.440639733023781446e+03,1.141634455182103238e+03,1.413746074062911930e+03,2.020120530383411733e+03,1.397425598938471012e+03,1.526588367352605019e+03,1.644959667833064486e+03,1.774772486692291750e+03,1.858436425463768501e+03,1.716879079862658273e+03,1.750495310213783569e+03,2.066789054164094523e+03,1.775281803832087007e+03,1.735946488621043272e+03,1.974260216104814617e+03,1.854321915128952469e+03,1.665855886018043975e+03,1.305186974759081522e+03,1.262590390010416286e+03,1.059495411653066412e+03,8.348697658570371232e+02,1.024198251041239928e+03,9.636668710439618053e+02,1.176444352973519699e+03,1.422593917868259268e+03,1.729550474076635510e+03,1.566570109990372430e+03,2.260624759778965654e+03,2.256865231861164375e+03,2.402877133323191174e+03,2.154713370504688555e+03,2.530916939195932173e+03,2.622789741123140175e+03,2.792158777584833842e+03,2.734836518484510634e+03,2.269723760708156078e+03,2.909916004546407748e+03,2.836238821767380614e+03,3.003973701985653406e+03,2.787951935326523653e+03,2.843390540381258688e+03,2.301006739947162259e+03,2.342440961067276476e+03,2.700595409683900016e+03,2.930599124941747505e+03,2.654976317127863240e+03,1.751842439859661681e+03,1.177444895523837431e+03,1.441368725293362559e+03,2.041640741796993325e+03,2.665676073167579943e+03,2.715997119426450809e+03,2.688350927807882726e+03,2.527913955369426731e+03,2.520190606753328666e+03,2.642990201487742070e+03,2.673330001292084944e+03,2.404465910658813755e+03,3.084431536620926181e+03,2.830610365617596472e+03,3.134703085583911616e+03,2.258422619136104004e+03,3.160050258531422514e+03,2.668165303060949554e+03,2.078307538117263448e+03,1.986081197151465403e+03,2.294713785107534477e+03,2.623862524696569835e+03,2.369365439538466944e+03,2.327024893507238176e+03,2.234456820258331391e+03,1.877766530922421452e+03,2.133189371272463632e+03,2.552706696260657736e+03,2.951079310814808650e+03,2.267861564543890381e+03,3.612803009908643162e+03,3.724500048739675094e+03,2.380508586004019435e+03,2.659240829312779624e+03,1.548054229142670238e+03,1.842849658668887741e+03,-1.664982076577367138e+02,-2.454217933530661639e+02,2.352437272354250581e+03,2.208114756924369431e+03,2.096846050244991147e+03,2.200109741663449313e+03,1.689141601587100467e+03,1.861263186601580628e+03,2.073496243474774019e+03,1.888273493401184396e+03,1.375839751149465428e+03,1.807406684316760220e+03,1.661700477422283484e+03,1.593540151850053235e+03,1.570367054919939847e+03,1.686124107610424289e+03,1.620476938607139118e+03,2.144563162737678340e+03,1.914178320417900522e+03,1.940330421158925674e+03,1.637298079550182820e+03,1.767405970481922168e+03,1.815119053767832838e+03,1.581537765485393720e+03,1.809357757695660439e+03,1.530781482291598422e+03,1.548709723087424209e+03,2.250371131676547520e+03,2.277263259048180771e+03,2.586850789200501367e+03,3.245960220347413724e+03,2.015368037813215096e+03,2.332769178382083282e+03,2.678170273857210759e+03,2.955676740246402915e+03,2.898590535483351232e+03,3.149287741342539448e+03,3.273413500449313688e+03,3.167521263402162276e+03,2.676960928577424966e+03,2.386286434954973629e+03,2.191622690242560566e+03,2.400963377680350277e+03,2.392944029321581638e+03,1.764885508165617466e+03,1.291880404262339425e+03,1.140623164326039841e+03,1.047000777336511192e+03,1.345320161222830848e+03,1.021748898376178772e+03,1.397676575727965655e+03,1.425814118384766971e+03,1.301393758987831689e+03,1.158364214228986839e+03,1.077559122717276750e+03,9.869177170953900031e+02,1.295879853623098597e+03,1.239188573607477338e+03,1.156731497401572824e+03,1.114185014244717422e+03,1.185262778136862607e+03,9.542423706876296592e+02,1.235034831927954656e+03,1.143003415732915300e+03,1.048598050748618107e+03,1.073674519572041845e+03,1.230427503333098684e+03,1.128683509309942792e+03,1.112265870829585083e+03,1.095012359110329953e+03,1.276265994827828308e+03,9.899828687257513593e+02,1.112740214250485224e+03,1.209887111537218743e+03,1.370693817053036582e+03,1.538815116753090706e+03,1.542645746790919929e+03,1.208589828606473475e+03,1.232654268504532865e+03,8.857161317710101684e+02,8.227938328511463624e+02,9.563968356283195362e+02,9.710805586621904695e+02,8.123643518705853239e+02,8.010531937029771825e+02,7.241017925132539403e+02,1.098935622279125482e+03,1.368609086091411427e+03,1.071103087502013068e+03,8.203637627049045022e+02,8.730760018242452816e+02,7.912744981682031948e+02,7.548177594875313616e+02,8.988011325483622613e+02,8.950584342207413329e+02,8.860959256050020940e+02,9.538244813161193179e+02,1.007481780726590273e+03,1.449696009295747217e+03,3.531742643008417417e+02,3.288097903578371302e+02,4.202969039416790906e+02,4.166236847128997169e+02,1.413578113247171132e+03,2.171409723036963442e+02,4.785138423834127508e+01,1.058197810075642287e-02,9.820074155907560550e-04,-1.812338888445977955e-05,-6.242785024095591090e-09,-3.157714266294760529e-11,5.791262818541391668e-13,-1.469640508894561661e-14,-3.731081465844299488e-18,2.142881015204050045e-19,-1.381801566404426215e-20,-9.517499726950048847e-22,-6.591524058278156517e-21,-3.847010552740239536e-21,-1.415582995598165563e-21,-2.081685059869283969e-22,-3.801849476240466675e-23,-1.300984168093552750e-23,-1.621861600858422882e-24,7.233577949698863547e-25,7.724372938748876412e-26,-5.836086272328783655e-26,-5.346370109117114549e-27,-3.519503108131948363e-27,-1.046557948840347991e-27,-9.531058823724544966e-29,-9.115137121372849753e-29,-6.510263071407872668e-30,-4.107266630014658688e-30,-7.426753766967011003e-31,-1.334839469621029924e-31,-5.672992427908576643e-33,-3.140965990957948128e-32,-3.706279332182758652e-32
-1.785933042233812985e-14,-7.479250339435287742e+01,-7.098105641498437990e+01,-6.108132416223336492e+01,-4.448841349807246104e+00,1.055608206642673395e+03,1.111723536047140442e+03,1.162927114189528538e+03,-1.453806541236664707e+01,2.774180562764701374e+00,2.232048945985665167e+00,2.280107733579074925e+00,4.718475377930500514e+01,1.896416466543632168e+03,1.252293043784734209e+03,1.347490154780818330e+03,1.199667519948664221e+03,1.063291705461147558e+03,1.193179828935293472e+03,1.061756552236220841e+03,9.151899906041633130e+02,8.207475296240093030e+02,1.301947888304059234e+03,1.524057463148054239e+03,1.495832135212057892e+03,1.393410376009708443e+03,1.203470511631407362e+03,1.755915151832125957e+03,1.428474703668345228e+03,1.367195948653116830e+03,1.185845306870078957e+03,9.999092958299178235e+02,1.374773231306706521e+03,1.547445756899385742e+03,1.349424929939694266e+03,1.222827687564024018e+03,1.713904950174229725e+03,1.002024618004156878e+03,1.193291359913193219e+03,1.473418035949159503e+03,1.448075516586830418e+03,1.775369044381378671e+03,1.914413009636323977e+03,1.869317555759198513e+03,2.079410696527650998e+03,1.704052764259186006e+03,2.038375142977794440e+03,2.246203514330675716e+03,1.904975538308384785e+03,1.473531061825124880e+03,1.281757122431729613e+03,1.194691057400995533e+03,1.149440523454661388e+03,9.533921066605765873e+02,1.024392834404352016e+03,8.711668607858860014e+02,1.018414420512804668e+03,1.211494607997576850e+03,1.437707293993458961e+03,1.477970977093708825e+03,1.700934792505814357e+03,1.823813086690144928e+03,1.998341945676818113e+03,1.503827297234033267e+03,1.962307048159425676e+03,2.410553947599096773e+03,2.476847018565561939e+03,2.967323507619996235e+03,2.573446618210491124e+03,3.541474506589770044e+03,3.167143064537409373e+03,2.985909770503243180e+03,2.643574467564132647e+03,2.418237064685231871e+03,2.372002874930031339e+03,2.299704710392464222e+03,2.880073129610962496e+03,2.771201303411854497e+03,2.571246608655119871e+03,1.622269170246332123e+03,1.457129283979577394e+03,1.267575644247498758e+03,2.097426764055902368e+03,2.558472163278087464e+03,2.933519600550660016e+03,2.863104440754390907e+03,2.665889061129725633e+03,2.632527040163207857e+03,2.915356381182051791e+03,2.294302248645267355e+03,2.768536601707485715e+03,3.447462676097832627e+03,3.252015347532612395e+03,3.394392812392136420e+03,1.829306710993846309e+03,2.462225036310637279e+03,2.672283477157714515e+03,2.923483186475748880e+03,2.393644359512692517e+03,2.914388667929122676e+03,2.703245856637188353e+03,2.751212624941945705e+03,2.181770407210967278e+03,2.370807712455366527e+03,2.328223340105557781e+03,2.237701635572547275e+03,2.759797627163840843e+03,2.442089607097092539e+03,2.046866341520053538e+03,3.971695870255380669e+03,3.342367656665109735e+03,2.141264037695807929e+03,2.946150874290291995e+03,1.866730115897350743e+03,2.426522364377177837e+03,4.609188768079906140e+02,6.788063892849723970e+02,2.381862912395767580e+03,2.256830549564721423e+03,2.561542787234307070e+03,2.568525570287680694e+03,2.023144352822769179e+03,2.345032740114649641e+03,2.490721269315223253e+03,2.191526007065976955e+03,1.820695911511257918e+03,1.731503677586591721e+03,1.558796853419331001e+03,2.055437205881778937e+03,2.020333011030819762e+03,1.609060687240722473e+03,1.431695263979714355e+03,2.207411433190886328e+03,1.645003155865221061e+03,1.903927644434846343e+03,1.525548702064687632e+03,1.796430856501621292e+03,1.746203032185325810e+03,1.732946254548203342e+03,1.531166279946792201e+03,1.214430727526604869e+03,1.489697591396869029e+03,1.934243760522517050e+03,2.534096625981724628e+03,2.965038950685038799e+03,3.521298847733446109e+03,2.335861374682024689e+03,2.437657889234297727e+03,2.926036382884044087e+03,3.070975955821342723e+03,2.673710343270982321e+03,3.149884993094512538e+03,2.742550481447684888e+03,3.011544196895667937e+03,2.941900145044984129e+03,2.732660254205681667e+03,2.235101040695535175e+03,2.146029168675830533e+03,2.755194094218172268e+03,1.983533627876957553e+03,1.387273679478927534e+03,1.052746289807301764e+03,9.876254043833437208e+02,1.253580967213552412e+03,1.061607405065452895e+03,1.280278292543143380e+03,1.207916506929101160e+03,9.609556356212648325e+02,1.062530707515919630e+03,1.299387112754961436e+03,1.030936225474682260e+03,1.276193173491975358e+03,1.065522152259099357e+03,8.823907816564077393e+02,1.166810767492096829e+03,1.047934571997833245e+03,1.099290010840227524e+03,1.171725141607000751e+03,1.282578335793762790e+03,1.007767001724586976e+03,1.186553918961331647e+03,1.064766184256943006e+03,1.069471587448545961e+03,1.151550326573257962e+03,1.238403917255905526e+03,1.428869107688509985e+03,1.210897912457266330e+03,1.033482275341801369e+03,1.354094918631670907e+03,1.709976339508032652e+03,1.834593654279863358e+03,1.646429921648649497e+03,1.319928317889208074e+03,1.044127123970815319e+03,9.887780768599579915e+02,8.311988051939667912e+02,8.882542873325927530e+02,9.466071304963486455e+02,7.670837042512630433e+02,7.423213836899169564e+02,9.711446786275108707e+02,1.118151258994667387e+03,8.655529394760325204e+02,8.441764653434136108e+02,7.565137293261780087e+02,9.180473574609933394e+02,9.270886886715384207e+02,7.718752115715826676e+02,6.810417305567409585e+02,7.635787356560280159e+02,9.540254620964479955e+02,8.719429608939321952e+02,1.105622251820343308e+03,1.153309266079405461e+03,1.026094528291500637e+03,9.868589787594693234e+02,1.249874797152473775e+03,1.247276625511835164e+03,1.242681274553629919e+03,1.348392065943835405e+03,-1.181693515149196827e+01,-2.613227411955834547e-03,-2.425074662548098948e-04,4.475584450006186835e-06,1.541660823657276262e-09,7.798057575865955318e-12,-1.429756105990006221e-13,3.633703514394951591e-15,1.951695260960583824e-18,-8.807368221207406096e-20,8.137753303626128535e-20,-3.896474324248507555e-22,-5.031889764417548890e-21,-1.668191128883430983e-21,1.079439834758170975e-22,5.556317177243098740e-23,2.008200710798831177e-23,-4.148955164676493567e-24,-3.096829950014214252e-24,-1.309281549169494875e-26,2.160017962030521997e-25,-1.595874368562784282e-26,-3.042133659371192349e-27,-2.353912624174674160e-27,-6.256711722468974150e-28,-2.480723007163272597e-28,-5.494243392538984038e-29,-2.784367768400382224e-30,-3.546314350495984087e-30,7.363436126953704601e-32,2.276817067409981661e-31,-7.963152273332080623e-32,-8.497489751639056046e-33,7.955659584852779626e-32
-5.868145787469435860e-16,1.399181972275104329e+02,1.339041374448190425e+02,1.153794574490501930e+02,8.468858818873892247e+00,1.481604760840118843e+03,1.025044888628138779e+03,1.164551668903996188e+03,2.492575700611461720e+00,-6.800491450455024012e-01,4.987079067323659798e-01,3.462942966886103924e-01,-1.216195775575528870e+01,1.636631273742391159e+03,1.047039353980020906e+03,1.490622330920388777e+03,1.010068539743126621e+03,7.783546948253931532e+02,1.083485631903882449e+03,9.591514826134422265e+02,8.563775406244234318e+02,9.328240552042215086e+02,1.190075190754584810e+03,1.575181429269828868e+03,1.576971118238600866e+03,1.460216671390649481e+03,1.648806719512919472e+03,1.423550506985378433e+03,1.299046083811095514e+03,1.398991392918771908e+03,1.362779001152125147e+03,1.086016373206804701e+03,1.127811376878041528e+03,1.549442874585620302e+03,1.460458324056466381e+03,1.398283793553748865e+03,1.332013213389014254e+03,1.443839047437001000e+03,1.436226631280167339e+03,1.585030259904547620e+03,1.662533271476822392e+03,1.658644636041240801e+03,1.797670010578439133e+03,1.966178291279125460e+03,1.990111110211079676e+03,1.418308970832859586e+03,2.023066259677918652e+03,2.278737551813491336e+03,1.929508629365153183e+03,1.555648780970013149e+03,1.428796580259075654e+03,1.138423370136799576e+03,1.161295966406480829e+03,1.123113483190177476e+03,7.902052668995646627e+02,8.947402182556735397e+02,1.016162202645257025e+03,1.012703839128026402e+03,1.271078051827718355e+03,1.438416002860699336e+03,1.290139293805295893e+03,1.290410795464657440e+03,1.431249698906589401e+03,1.382322700938120533e+03,1.748060285522213007e+03,2.075222934282076039e+03,1.747502228821821973e+03,2.149172565156250585e+03,2.459596134810355125e+03,3.408337772602770656e+03,3.340630774666569323e+03,2.919099038744748668e+03,2.557949865393396976e+03,2.560136696340075559e+03,2.780429894897743907e+03,2.435916942897697481e+03,2.973001005923706998e+03,1.974973403356860899e+03,2.183112574132221653e+03,1.924584507407202636e+03,1.599341520236524502e+03,1.177594710017943953e+03,1.844918212540583909e+03,2.692767022728345637e+03,2.855783979474893385e+03,3.135125318883219734e+03,3.055865219967509347e+03,2.806841573306287501e+03,3.075885197057774349e+03,3.228075682617001348e+03,3.182015194365214484e+03,3.437898583687264363e+03,4.085985279701804757e+03,3.037915791771635213e+03,1.958328255126373506e+03,2.790976860386399949e+03,2.992771523798298404e+03,3.410644966256826137e+03,2.996356049278723276e+03,2.826399113185399528e+03,2.047232932998517072e+03,2.456648528540551069e+03,2.591957670914657228e+03,2.353838709779799956e+03,2.819676391787515058e+03,2.543357293811252930e+03,3.376649635574498916e+03,2.419317852419305837e+03,2.487094193794106559e+03,3.274025637185358391e+03,2.614730323100820897e+03,2.566635182671817347e+03,2.983819670145436248e+03,2.169224287434969028e+03,2.510390164956165790e+03,2.217280310015613395e+03,3.219791946054948767e+03,2.687598947177750233e+03,2.368464395777910795e+03,2.663352613690990893e+03,2.655634285653248753e+03,2.792229133469059434e+03,2.877240257454573111e+03,2.322441816863663462e+03,3.541541549647758075e+03,2.166851733776091351e+03,2.115162609176082697e+03,2.044256355909620424e+03,2.241488101371694938e+03,2.254041712023486980e+03,1.881128369892687033e+03,1.686601178599831428e+03,2.097227759935457016e+03,2.109282353479403355e+03,1.722846011281257006e+03,1.729966638808887865e+03,1.751512602563021346e+03,1.798614007944384866e+03,1.829796720743934657e+03,1.689505520269194903e+03,1.249866181028410892e+03,1.650236216100709953e+03,1.581141816118440829e+03,2.704792866332773883e+03,3.218907066877401121e+03,3.007919028052692283e+03,3.094713901632574107e+03,2.501850727432365147e+03,2.798518361839671343e+03,2.782246621740875980e+03,2.557409032986776765e+03,2.952437146661133738e+03,2.468817152501083910e+03,2.779005788141978428e+03,2.406899677706148850e+03,2.761789832086341448e+03,1.782622961354896461e+03,2.357189522914660756e+03,2.586321838636594293e+03,2.377400302097317763e+03,1.707429450631414511e+03,9.487581972530828125e+02,9.629606408751253639e+02,8.596032897300228797e+02,1.385313579360450603e+03,1.079028217443539233e+03,9.655087959953112886e+02,1.026857564391132655e+03,1.331987348508471086e+03,1.365894575089086857e+03,1.085548135929743466e+03,1.026773136372323734e+03,8.649535178580613319e+02,8.603572228145890222e+02,1.145096796910584544e+03,1.144126903968155375e+03,1.104879319379273966e+03,1.034823899044942664e+03,1.249782165613022698e+03,9.801498036069521049e+02,1.463626590324300651e+03,1.180523076184907723e+03,1.046142179345387149e+03,1.191625237387360357e+03,1.309946754604369744e+03,1.329405392256196365e+03,1.292064057905191248e+03,1.146609173383091957e+03,1.178977204043879055e+03,1.656787665714128025e+03,1.581487884996862022e+03,1.609523663671613122e+03,1.266771308192823199e+03,1.145506174352179187e+03,9.805542079258327703e+02,8.229756870025930766e+02,7.671103580355264739e+02,9.395375331150924012e+02,8.191320709902694261e+02,7.813373658094550365e+02,1.711556809067598806e+03,2.291789761242938766e+03,8.804135394180608500e+02,7.933920030622947479e+02,8.269273377438927355e+02,9.504863930765445730e+02,1.083492234378110652e+03,9.368780141885899866e+02,7.588148875533025830e+02,6.828401638790887773e+02,1.015753116511671692e+03,8.686036944451210502e+02,1.001642297971778135e+03,1.219218675463761656e+03,8.656094727970411213e+02,8.773645796151208742e+02,1.149637466982025217e+03,1.107938505217269949e+03,1.147878534205062579e+03,9.475856785576224866e+02,2.164222678817829593e+00,4.786017658039576220e-04,4.441423698548771027e-05,-8.196847356721498289e-07,-2.823484197032090489e-10,-1.428101912059277763e-12,2.619243140440379159e-14,-6.643890423730693312e-16,-8.163155070624020383e-19,-4.297110905993909828e-19,-1.279485201492777134e-20,-8.248694503717459512e-21,-1.057692263354825975e-21,1.198410723585672581e-23,-1.946789141897633211e-22,-1.367055835431303012e-22,-1.626626882822145235e-23,-5.244567542135752419e-24,-2.565017351739050625e-24,-1.798726440248967736e-25,-2.764606731118423771e-26,-1.492632871384544701e-26,8.887702007307410322e-27,-2.766004373378890622e-29,2.535204470144746588e-28,4.534977143466429564e-29,-5.775733639001541133e-30,-1.127570590993801656e-30,-1.046396531040796407e-30,-3.554088160336591191e-31,1.354349721833715089e-31,4.013007689569229572e-32,-2.453524433620919444e-33,5.057176194938237239e-32
3.077873533913536526e-13,1.395176747950073604e+03,1.267923200389392150e+03,1.105173018139983242e+03,-2.539603488323997293e+00,1.216607206401765097e+03,-9.725877843630996722e+00,-1.077929922862129608e+01,-2.794946030893899480e-02,7.247178288688764514e-02,-2.852015819788815132e-01,-2.377556084872533559e-01,1.428169393598670123e+00,1.269401974477747672e+03,9.551855390607815934e+02,1.226719140930099002e+03,8.320782411485414514e+02,8.300567442049149349e+02,9.223460353536704588e+02,1.014486958814421655e+03,9.209227127423539514e+02,1.019419025887358885e+03,1.119600509747272326e+03,1.114672621450428778e+03,1.239644316921001291e+03,1.525525205379334466e+03,1.569028231165141051e+03,1.563264787207762311e+03,1.452639317435476869e+03,1.321859950248747509e+03,1.650246845951658088e+03,1.000981361464431984e+03,1.169292400012360304e+03,1.615727145321599892e+03,1.646704278535613412e+03,1.837733869735963935e+03,1.714634380698525320e+03,1.691530317855926569e+03,1.679428015236002238e+03,1.631262171347713775e+03,1.663068748789078199e+03,1.553644364697650190e+03,1.848210487038793190e+03,1.924526101191559974e+03,1.740056101659813521e+03,1.596814661829737361e+03,1.527278630164469860e+03,2.102943710664346327e+03,2.011488103926805707e+03,1.862239327470664875e+03,1.554214931921695779e+03,1.214997246681577053e+03,1.233990089627278394e+03,1.170254681235211592e+03,9.368215724418179207e+02,9.891098007271690449e+02,9.680026998097654314e+02,8.288173130818645404e+02,1.022229000921654915e+03,1.219432530823170964e+03,1.004427177708878844e+03,1.154996660482319385e+03,1.175182484655506642e+03,1.366726749002573570e+03,1.683977582253306309e+03,1.751055731703860829e+03,1.596329075407443042e+03,1.795005524107149313e+03,1.859670040921996588e+03,2.481906669915494604e+03,3.147247368113756693e+03,3.094995954360627366e+03,2.870229507720802758e+03,3.410494972204511669e+03,3.032780758812722070e+03,2.917740517647317120e+03,2.319818205500565000e+03,1.690666409007689253e+03,1.980779083648362530e+03,1.908389189383377925e+03,1.552186461094990364e+03,1.164772438274428623e+03,2.076835008093954002e+03,2.988095324541293849e+03,3.550030330506231621e+03,3.233480096691151630e+03,3.316667815625537969e+03,2.877182538323983863e+03,3.479797708103239074e+03,4.044732081370894321e+03,3.541522901021756752e+03,3.268631684612393201e+03,3.538758608440040916e+03,2.534026237333547215e+03,2.409882853800956127e+03,2.771255935021724781e+03,2.807955881716423391e+03,3.376269567820965221e+03,3.157662075205163546e+03,2.549923648220837094e+03,2.179067516417580464e+03,2.163484484080993298e+03,2.624409583240354095e+03,2.451270655172749230e+03,3.194518354780013851e+03,2.583029479471252216e+03,3.116254355160801879e+03,2.825387639959509670e+03,3.114630301625135417e+03,2.713500505640183292e+03,2.707066893745973175e+03,3.417337945158302773e+03,2.768191347590889109e+03,2.336646075348766772e+03,2.487138957321662019e+03,2.370167094419014120e+03,2.971704796345530212e+03,2.965421010791918434e+03,2.961615623407236853e+03,2.763828921697435362e+03,2.882094122902695744e+03,2.657346620149925457e+03,2.868097598068664411e+03,1.962361125540205421e+03,4.678068802663732640e+03,1.787422420405975799e+03,2.868844209581543964e+03,2.684400851600981241e+03,2.355213253932068710e+03,2.153147948157029532e+03,2.040820156323271021e+03,2.234642753141746653e+03,2.458362333335900530e+03,2.428786997357735800e+03,1.780502327489052959e+03,1.901986394354274580e+03,1.687164570791933329e+03,2.227940412490015206e+03,1.818643222466973612e+03,1.656079586460755763e+03,1.337476733040822637e+03,1.844557430914321230e+03,2.087089294756503932e+03,2.543541938163041323e+03,3.089320280996310885e+03,2.979707299139395673e+03,3.125924305854489830e+03,3.084960960533237085e+03,3.166442949861184388e+03,2.660184354323729167e+03,2.502523887951180768e+03,3.076722700746137434e+03,2.388551686727807009e+03,2.371904824429721430e+03,2.295652797478476714e+03,2.685857129548416196e+03,1.716151580281731412e+03,2.680505329279721082e+03,1.920927355880296545e+03,2.225202610297205865e+03,1.900725656174480946e+03,1.074380433427337948e+03,1.045630787919499653e+03,9.511368355219673276e+02,1.383630659402746687e+03,9.840422555720307400e+02,8.652566423916442773e+02,1.277577575559674187e+03,1.664418562267210291e+03,1.459762723902639891e+03,1.041051117446466606e+03,1.015240706089886885e+03,8.294316671068579581e+02,8.715311735112056795e+02,9.597335081604336438e+02,1.219338938272319638e+03,1.153296039043852261e+03,1.061918107417669034e+03,8.175904904218016327e+02,8.966738860159963451e+02,1.382242690749755639e+03,1.150495159343237901e+03,1.186823782426895150e+03,1.208219484789036187e+03,9.893176661766957523e+02,1.184770211235785382e+03,1.417384258431566877e+03,1.057675947032542808e+03,1.163535286869399670e+03,1.437481955644381287e+03,1.288674161742588012e+03,1.207243024706262759e+03,1.308900563524962308e+03,1.118754863205338097e+03,9.216553374622585579e+02,8.093894893659854688e+02,8.984814668401983226e+02,8.638045848992254605e+02,7.557335357272497731e+02,9.388920189463740371e+02,1.709773336358241750e+03,2.677202752578355557e+03,7.144088159736526222e+02,7.813634912432917190e+02,8.426065299305719236e+02,8.410354271554830348e+02,1.016694741362723221e+03,8.333684366619356751e+02,6.174335837275486938e+02,7.535946459153435626e+02,1.079634072138555211e+03,9.388380466643058071e+02,1.008806492480163683e+03,1.181792516757590192e+03,8.493308310869235811e+02,8.713201188584910142e+02,1.212696657024344859e+03,1.082331445399352788e+03,1.071751576256410544e+03,-7.742214081084776822e+00,-6.810605845665144986e-02,-1.506114880918868762e-05,-1.397674392815754394e-06,2.579470977268498128e-08,8.885209147104748077e-12,4.492744068491146464e-14,-8.275855193522314250e-16,2.302877546574613485e-17,-5.554903616524484755e-19,-5.786893547331821431e-20,-4.586144465950391312e-21,-3.857556225522660533e-21,-6.056372223411242787e-21,-1.298414378657940803e-21,-1.634078869580134977e-22,-1.199088897930646406e-23,1.043942486046512862e-25,-5.009046648646821963e-24,-1.790181036082232676e-25,-4.656043839942554524e-26,-1.335514470327240615e-25,8.444755519793032223e-27,5.109133852993013482e-27,1.000769595063569252e-27,-4.978471760033311855e-28,-1.333114257195877797e-28,-6.506212751632223918e-30,1.285457109139283759e-29,1.680006698727718924e-30,6.218040597998163324e-32,1.246980253662880047e-31,6.572534772039038273e-32,-2.605975549118965226e-33,-1.678287161542476111e-32
1.019361235702188691e-13,1.662981217025803744e+03,1.293398203846573551e+03,1.197686289752527955e+03,-6.611782372335166258e+01,1.390076019788601513e+02,-3.541839536263958621e+01,-2.814690303263117599e+01,1.233903180089898965e+00,1.528395564193009148e+00,-7.794955445536825955e+00,-6.554967601973824998e+00,3.113272008823340187e+01,1.787685485437820489e+03,1.147703501139814534e+03,9.592643222716524178e+02,1.008149469564873129e+03,1.005549294629858878e+03,1.004639587894901410e+03,1.166461613463814956e+03,1.043226128601378150e+03,1.033058671464149938e+03,1.361588586992967748e+03,1.006747958804050540e+03,1.058187253568839878e+03,1.096394409522235946e+03,1.407032733451490230e+03,1.513529950098289191e+03,1.884178123094961848e+03,1.625197425709112167e+03,1.343553181527058769e+03,1.352060173778786293e+03,1.566836550198924670e+03,1.573876637808453097e+03,1.585982067689886662e+03,1.974528031519185333e+03,1.891044500275992277e+03,1.726894564303637026e+03,1.498489561494627651e+03,1.545164949367170493e+03,1.618689726734742408e+03,1.543239721569739913e+03,1.631984415190609980e+03,1.609694496736244446e+03,1.807329728790582294e+03,2.055518081872938183e+03,1.882297774427001059e+03,1.702356040407183627e+03,1.735027041481603419e+03,1.911660362103393709e+03,1.436950567158756712e+03,1.458735297967951055e+03,1.248285241903693532e+03,9.573565836570213605e+02,1.098636900507376140e+03,1.164167247209290736e+03,9.520540117988595057e+02,7.183102917459966648e+02,8.371047828984919761e+02,1.019438054491961793e+03,1.059030787585420967e+03,1.076454705966247957e+03,1.111143694690891380e+03,1.256127197636251367e+03,1.391647375649000196e+03,1.455408714829264909e+03,1.408993620964465663e+03,1.419658115461388661e+03,1.658791302246328087e+03,2.034848303707289460e+03,2.300545771165837778e+03,2.681339087845130052e+03,2.687327158857579434e+03,2.809764179487003275e+03,2.849942916221338237e+03,2.885861449248871850e+03,2.397622497979553827e+03,1.938744746043924806e+03,1.865827298534886950e+03,1.557684812085430394e+03,1.405185085470854574e+03,1.274129779083746371e+03,1.897009478731054060e+03,2.866489520262998212e+03,3.665927067804316721e+03,3.331902136037136643e+03,3.515066161100716272e+03,3.917661372014321387e+03,3.810468715676030115e+03,2.932595563142376250e+03,2.859726933128177734e+03,2.937462902440661310e+03,3.011963022888556225e+03,2.469781210930449561e+03,2.512426282288164657e+03,2.325206614227756745e+03,2.504738178448284089e+03,2.764520131592581947e+03,2.608408960433318953e+03,3.204117689255041114e+03,2.379851124639376849e+03,2.354053256601272096e+03,2.552422368333676332e+03,2.161626820976065574e+03,2.738862918085229921e+03,2.683087161426656621e+03,2.370260439057999065e+03,2.875858808377623063e+03,2.880479815883526499e+03,2.824300854830717526e+03,2.887923945426189221e+03,3.391339039113129729e+03,2.826249002929764174e+03,2.550314279238205927e+03,2.569080031812288325e+03,2.695217832250004903e+03,2.197525906733047123e+03,2.547672517240146590e+03,2.769899565018927206e+03,2.892951687397568094e+03,2.543958938826926442e+03,2.254842660205944412e+03,2.816910844877061663e+03,2.168138975836535337e+03,3.317963012744365187e+03,2.615032840419939930e+03,2.662745538887485054e+03,2.588794369769252171e+03,2.632600012767622047e+03,2.655598634733499239e+03,2.115877960087445445e+03,2.475553946213091422e+03,2.684632647227801954e+03,2.769294383785109858e+03,1.654892783767877745e+03,1.764183649884251054e+03,1.989657069222223754e+03,2.969787915428092674e+03,1.736426676818214219e+03,1.604396188035825844e+03,1.401191743242694656e+03,1.862437549894785207e+03,2.338971026747914948e+03,2.308280396207175727e+03,3.109946416280238282e+03,2.707497647637483169e+03,3.460623415908538846e+03,3.729102846694532218e+03,3.336599731470106235e+03,2.919961117991314950e+03,2.467438230137513528e+03,2.987658622448634105e+03,2.646063051777238343e+03,2.214557210589593524e+03,2.518775821011913195e+03,2.593543225507354691e+03,2.807464421535391011e+03,2.797740392689222062e+03,2.241867021581832432e+03,2.154191531575308545e+03,2.078454732934485492e+03,1.559573418475592916e+03,1.259115497760559037e+03,1.541193265052846527e+03,1.155278273574400146e+03,9.353184192730150244e+02,1.228189747563246783e+03,1.265557675001213511e+03,1.373167698087984263e+03,1.322986709183093808e+03,1.117115064891915608e+03,1.021911727717834651e+03,9.136542100315075459e+02,9.271347129943221717e+02,9.674531095330652306e+02,1.073583119894980882e+03,1.120866575831071032e+03,1.263082537358336367e+03,8.036605369734545548e+02,9.416406351644243387e+02,8.912540896020337868e+02,1.155712839758311247e+03,1.311829186906389168e+03,1.194504650389640801e+03,9.520078954262301068e+02,1.085337444341669197e+03,1.175032625056036750e+03,1.143812916885522554e+03,1.452723302516808189e+03,1.407920936919611222e+03,1.416434282453837568e+03,1.191353032124293122e+03,1.237526053539745135e+03,1.074505401127941695e+03,1.023372370401816625e+03,7.442053148924825337e+02,9.704566791700902968e+02,9.790476113620967453e+02,7.892133841547599786e+02,9.559468432263479372e+02,9.082106326838511450e+02,1.048519797466516138e+03,7.266567653941250455e+02,7.405812692407503164e+02,7.289504450193288676e+02,7.486267798369725597e+02,1.054877515393478006e+03,7.900236473092249980e+02,8.164225977961415310e+02,1.287799457482228718e+03,1.086487943107107640e+03,9.628520642117242687e+02,1.066256667452601960e+03,1.325791909972531357e+03,8.179716985065734889e+02,9.334230670634011631e+02,1.143090710326748876e+03,1.072255424702530036e+03,1.045844150720100743e+03,-2.153947341755782929e+01,-1.894766303718662948e-01,-4.190134904118265262e-05,-3.888444588084625656e-06,7.176299525152651360e-08,2.471949116070703067e-11,1.250321439787855144e-13,-2.296986263495531182e-15,5.784001805354261590e-17,-2.600620175657642739e-19,-4.856251724144101659e-20,3.024268032233559482e-22,1.613030876815376365e-21,-1.566473508552271974e-21,-3.168379628248788812e-22,-1.870382371918696405e-22,-5.380801051260373268e-24,1.662890682085088962e-24,2.026537890300978048e-25,-2.246085478269362820e-25,6.247024579173544091e-26,-3.819713241114656771e-26,-4.193563479868145982e-27,1.152139932820844918e-27,5.190150603664443787e-28,-2.683940578973861384e-28,-2.525159411434347979e-29,6.079611639370376078e-31,2.013543083391140537e-30,-6.749168321388554002e-31,-7.192178094653490204e-32,-1.901760224132662735e-33,2.876810056453567392e-33,-5.536092630615976377e-34,-1.761055651481485372e-32
5.586080792045093281e-14,1.632885981012859475e+03,1.249914344242327616e+03,1.288305122952108150e+03,8.791518931293602463e+02,-3.244366516874197828e+02,7.307857452853815516e+01,5.970301467341759150e+00,-8.811465448309220960e+00,-9.085059775792014847e+00,4.777659151320955289e+01,4.021198416387893104e+01,-1.858793049034136118e+02,1.896014057040203170e+03,1.138173944499411164e+03,1.086322056668977211e+03,1.478979096282101409e+03,1.021398643632498988e+03,9.660670903223600590e+02,1.051513903416378980e+03,8.441082004509572698e+02,1.334879051672543483e+03,1.270571945735357758e+03,1.128696732709535127e+03,1.382350674309283932e+03,1.161503418292214974e+03,1.316818213296759495e+03,1.328669026024535015e+03,1.720190977008116306e+03,1.661911626315680905e+03,1.728399196402466941e+03,1.634615176981071500e+03,1.783973684531631307e+03,1.822552450146812589e+03,1.582665079473649257e+03,1.691637344260291684e+03,1.785077796301052331e+03,1.742110719480721855e+03,1.522539248244203236e+03,1.433482313342465204e+03,1.603707336788603925e+03,1.624504991294223146e+03,1.745145655828459212e+03,1.628226765833745958e+03,1.442059221229585773e+03,2.021811593670991215e+03,2.086160513849861218e+03,1.667984946649504764e+03,1.777200742735555650e+03,1.733737159699421682e+03,1.387235890997938213e+03,1.476210952135813613e+03,1.301047889399396809e+03,8.274926404575708148e+02,1.157146902039198949e+03,1.026011029124710376e+03,8.592328729452895004e+02,7.767896255965328010e+02,7.956436940646755147e+02,1.023451740737553564e+03,8.889312009869900066e+02,1.077851049912745566e+03,1.113577135011569453e+03,1.106830692217032038e+03,1.144485061959136374e+03,1.243791702526061727e+03,1.338272369065252178e+03,1.403858594774879066e+03,1.327443050121628403e+03,1.493451575461696848e+03,1.802142445198221822e+03,1.957378969355627078e+03,2.467303349504867583e+03,2.817543232970250756e+03,2.669311015282548851e+03,2.485287046377487513e+03,2.475806883395335262e+03,2.307318437616474057e+03,1.796916253612321725e+03,1.265371028772343379e+03,1.417955103477522016e+03,1.468205313938103700e+03,1.424511256836806069e+03,2.140171404873334723e+03,2.152729599236396098e+03,2.526073827686775076e+03,2.681688293946221165e+03,3.190619763274806701e+03,3.066144949031378474e+03,2.714622693074487415e+03,2.925546647660895815e+03,2.634842471075330650e+03,2.889841365751035028e+03,2.674901810095496330e+03,2.251462933282175527e+03,2.309271234736193946e+03,2.467250832658398394e+03,2.826239925788656365e+03,2.544800471096919864e+03,2.658640058789726936e+03,2.351677738051328106e+03,2.571117657098394830e+03,2.952207542709660174e+03,2.100066221502861026e+03,2.267432860194540353e+03,2.385619663475116340e+03,1.826575438583329287e+03,2.576613850788869513e+03,2.699793615859865895e+03,3.039929727992770040e+03,2.625235826156336771e+03,3.077887912143083213e+03,2.668233986798633850e+03,2.620451577333457408e+03,2.374074031938837834e+03,2.649727372907575045e+03,1.802692274669798962e+03,2.551959192211486879e+03,2.575808399677056059e+03,2.634274494133795088e+03,2.285905031796143248e+03,2.412909141764671858e+03,2.670438154999333165e+03,2.553476502770987736e+03,3.026261737489215193e+03,2.821249432304316997e+03,2.320349591757526014e+03,2.515175571454557030e+03,2.870687488525102708e+03,2.804397544486713741e+03,2.771689384484448055e+03,2.435000486173099034e+03,2.674646755589886652e+03,2.856271949001734811e+03,2.139777292432450849e+03,1.831458562331082703e+03,2.329213790450352917e+03,3.547146999254485308e+03,1.860192638643454529e+03,1.614612059986206987e+03,1.716762589772272122e+03,1.564361405683951034e+03,2.073730479465462849e+03,2.795976793995251683e+03,3.329068624271720637e+03,2.965024940765157226e+03,3.180538065393461693e+03,2.951390197644147975e+03,3.455749545520997799e+03,3.167964104810582285e+03,2.635171206855675337e+03,3.071156930043817283e+03,2.854514122762855095e+03,2.251957408590407340e+03,2.596317120288778824e+03,2.519854612125962831e+03,2.831957567236305749e+03,2.523900091774626162e+03,2.655538954210613156e+03,2.088403889428353523e+03,2.316473353434593264e+03,1.911135332038647221e+03,1.218944556117057800e+03,1.379851555695564684e+03,1.047472677485534177e+03,9.773620504443289292e+02,1.158093795652259359e+03,1.092230100794035707e+03,1.157323341024671436e+03,1.241303762636278179e+03,1.350578022188882642e+03,9.666303231588826748e+02,1.089023834467728648e+03,1.274274059303484137e+03,1.102275931061856227e+03,9.124528361161175098e+02,1.180620280662154755e+03,1.223058161861157259e+03,1.067418954447946589e+03,1.049674822981985244e+03,1.086301385858120511e+03,9.508770972096710921e+02,1.307336247261996959e+03,1.131704268794096606e+03,1.051760499425535727e+03,1.181885467145439634e+03,9.933215613281124661e+02,1.160951474434684087e+03,1.441508081092241810e+03,1.468514597646173797e+03,1.516945166115546499e+03,1.445492827561003651e+03,1.268147476948274516e+03,1.200122091008751568e+03,1.130174701970204978e+03,8.837492615741756481e+02,9.384839658454377513e+02,1.151791741075008304e+03,1.189859131488878575e+03,1.090829831828622901e+03,8.812525579121441979e+02,7.359653914456425809e+02,7.477363491736142578e+02,7.708125838756695885e+02,7.013784765198636251e+02,5.768866808866579277e+02,8.584742011288711865e+02,7.344311652328283344e+02,7.522565214199264574e+02,2.801145502764339312e+02,2.033041939738254769e+02,1.178746970052260394e+03,1.121997781370355369e+03,1.213195224415707344e+03,9.949887140046881768e+02,8.859743636652081022e+02,1.280223869416867956e+03,1.017587116813441185e+03,1.408314469112972347e+03,1.322399228014107209e+01,1.163277044304351776e-01,2.572500755254382782e-05,2.387280329155620813e-06,-4.405833327774072048e-08,-1.517638446033011073e-11,-7.676579100877132978e-14,1.400149817643683043e-15,-3.508321286575556433e-17,1.918198391735508426e-20,-5.729095445287025607e-20,-9.293699721948417563e-22,5.263078500475982786e-21,1.449926345673872936e-21,1.074631087446110968e-22,-1.245015208147926676e-22,4.239181192379217313e-25,8.577375623096322520e-24,5.229742732344938832e-24,-8.650184667756211715e-27,5.228501720935502345e-26,1.478710142152935125e-26,-2.103461465515308323e-28,3.346114207121351209e-27,6.814422573679765411e-28,-4.110173807272769265e-28,-7.807748367168881638e-29,-1.337016244924023020e-29,2.727286884743246006e-30,-2.259824569414747749e-30,-6.043882233676961425e-31,-1.524696516487775780e-31,-2.892094913915429404e-32,-6.195272372567006774e-33,-2.227589767665413327e-32
9.284868490896146952e-14,1.561511074091129785e+03,1.322972874647454546e+03,1.286482593145367218e+03,1.072824122651595417e+03,1.872067692040101292e+03,-2.481627880591508699e+02,4.556591347203568887e+01,3.783946193968382943e+01,3.834646178225450086e+01,-2.022891697506552475e+02,-1.702752293595416972e+02,1.253015247234573735e+03,1.446726866263261172e+03,1.294809390830978600e+03,1.269837873646512435e+03,1.452548447334075036e+03,1.075287547346884594e+03,9.243351028466360049e+02,8.940273234865821905e+02,9.650496030849438966e+02,1.232247131330862430e+03,1.226965440724824020e+03,1.129437780277838556e+03,1.447020015457226009e+03,1.371745728097877418e+03,1.329435529974664632e+03,1.397713306643506712e+03,1.447588700948183259e+03,1.666024920269278027e+03,1.432145135161583539e+03,1.494091337438176197e+03,1.327982319058466146e+03,1.585831899195065262e+03,1.676170352199702847e+03,1.475553634693682170e+03,1.634727363909769565e+03,1.642894349904732053e+03,1.347202582243004827e+03,1.516551958144904575e+03,1.675313961090986368e+03,1.680492757514887899e+03,2.090958072002109020e+03,2.010135724404040957e+03,1.465125695688499036e+03,1.955390170157968441e+03,2.017867474658832407e+03,1.561901356399089991e+03,1.762023377207073736e+03,1.633404127105527778e+03,1.409581523586059802e+03,1.401900688217424886e+03,1.113908947019882589e+03,9.900429769831235944e+02,9.273887352682630763e+02,7.873798336014347115e+02,7.537266342848307659e+02,8.505149477400253772e+02,1.073539635229992882e+03,1.042226925359976804e+03,9.627555867365338145e+02,1.241159331078527202e+03,1.027073811152956068e+03,9.869415803441125945e+02,1.142228476869147698e+03,1.233063116494870656e+03,1.308892928662696022e+03,1.195524095441555346e+03,1.106128291221284371e+03,1.188000582594396292e+03,1.475018464450135525e+03,1.558668145494874580e+03,2.121143629340785992e+03,2.945231409979747241e+03,2.466756772420249945e+03,2.429685003258308825e+03,2.179661711605326218e+03,2.099309521387870063e+03,1.645499488398629410e+03,1.286818225180612444e+03,1.528058268795551385e+03,1.634277887820832120e+03,1.358857688932977453e+03,1.617256655923554945e+03,1.463765600094347747e+03,2.011500615023076307e+03,1.914549935525653837e+03,2.167463785641406048e+03,2.623223115380151739e+03,2.843943482921657051e+03,3.197320685427234366e+03,2.376355900612031746e+03,2.999520414005275143e+03,2.556355694041948027e+03,2.267602164066988735e+03,2.303441918243490363e+03,2.353097269734895235e+03,3.005194489133831667e+03,2.562499162864731716e+03,2.110489684199611929e+03,2.503979852999043487e+03,3.241298494864211989e+03,2.834105479043263131e+03,2.538379924925251544e+03,2.108751388237606079e+03,2.627057108317317216e+03,1.757042350284209078e+03,2.301668577071163327e+03,2.642829137070099932e+03,3.111232903122302105e+03,2.595548319087361506e+03,3.242738583333878978e+03,2.603593064663276891e+03,2.838017471519583069e+03,2.328896406021066923e+03,2.625264026206355538e+03,2.271361712943075872e+03,3.119163610027620962e+03,2.788770973571336071e+03,2.623581761932733571e+03,2.522615609084933112e+03,3.235020025363487093e+03,2.503776379548047771e+03,2.715699579923488727e+03,2.717225744370618486e+03,2.522910479344620398e+03,2.649213976315671971e+03,3.117888663672877101e+03,3.501713663877026647e+03,2.907953080269107431e+03,3.150453671848218164e+03,2.973003408104007121e+03,2.401085152943634512e+03,2.856584216433101119e+03,2.411327424458033420e+03,2.025175416833323652e+03,2.376147275166317286e+03,3.375763488106395471e+03,2.099851470173986854e+03,2.148253511799270655e+03,2.479831167295764317e+03,1.729801762688693088e+03,1.861115572738569654e+03,3.104242209509394343e+03,2.850784725391297343e+03,3.066004851418755607e+03,2.856474312374166857e+03,2.515307562604258237e+03,3.154177354147459027e+03,3.202627832011798091e+03,2.419221170128111680e+03,2.620042574194233111e+03,2.844232383990974540e+03,2.361488192845821231e+03,2.526428751731593820e+03,3.049049717198138751e+03,2.708787847440574751e+03,2.597199271780758863e+03,2.497731801459625785e+03,2.109372654579977279e+03,2.099951257699972757e+03,1.849643320046825920e+03,1.219575684564760422e+03,1.213887281024873573e+03,9.970135606925009597e+02,1.146297931424996705e+03,1.081988865140693633e+03,1.043936227301469444e+03,1.148640570010828014e+03,1.228883559503496826e+03,1.526524383835931758e+03,1.120719290468324743e+03,1.254457654215626235e+03,1.321729755764504489e+03,1.244113928666115726e+03,9.616381413610281470e+02,1.246027688964118397e+03,1.162321050622023449e+03,1.257982037325776673e+03,1.036771194411622218e+03,1.337358969964936477e+03,1.080343690277914220e+03,1.217908060444726516e+03,1.185171115375636191e+03,1.083916139229839018e+03,1.095812137032881992e+03,9.668704025162829794e+02,1.365954098979618720e+03,1.466923027525917178e+03,1.427144375056661374e+03,1.455187132189412296e+03,1.326011272700503923e+03,1.320956375054764976e+03,1.360065147204249342e+03,1.035755467721804735e+03,1.129630431755672134e+03,1.281442964136512956e+03,1.113467334183422054e+03,1.264443271021218834e+03,1.110836417276680095e+03,8.637176975050200554e+02,8.329583799704253124e+02,9.340232279015095855e+02,9.571065740215602773e+02,8.247317003473054911e+02,6.254494901935290727e+02,7.821601341149107611e+02,7.564629422554544362e+02,1.013513135355577788e+03,-1.070916178583919844e+02,-7.587658974214465957e+01,3.834972529643720236e+02,3.348012463894481812e+02,1.121580133180732446e+03,1.278766837290819694e+03,1.303098590823263294e+03,1.065690393031244639e+03,1.464110080654167859e+03,5.470703637717044785e+02,-5.458993675612942909e+00,-4.802121699192638676e-02,-1.061953535207628638e-05,-9.854927279670190929e-07,1.818771194480581245e-08,6.264956475450846128e-12,3.168975903634969546e-14,-5.860781898553518813e-16,1.572433593441104725e-17,2.619283913963030007e-20,-4.062491238622323888e-20,-8.747581812036273120e-21,-2.629428868247663596e-21,2.176751459329073361e-23,-5.333395231690027659e-23,-5.948102123553355009e-23,-9.835705710267617265e-24,4.927487593628505376e-25,2.378176766116836240e-24,-4.051438198044067439e-26,-1.033351638469839271e-25,-2.294511552168667430e-26,-5.015230277219180250e-27,4.219323642656686850e-27,1.538650149188836610e-28,-4.155849112841136291e-28,-1.031681991489563750e-28,-2.489536111658520014e-29,-2.957578176048226069e-31,-1.414642755112177977e-30,-2.895360416498843832e-31,-5.456670842135170660e-32,-2.365749281836653775e-32,-8.007352015790277114e-33,-4.498409880573476938e-33
3.294258917080596671e-13,1.746347267830286228e+03,1.363346108716421440e+03,1.192239722194977276e+03,1.584728777646906792e+03,2.992695927680570549e+03,1.151383566457230017e+03,-1.851238943659099903e+02,-1.336538109387782640e+02,-1.352177939614416573e+02,9.603947108160925836e+02,8.037640942384359732e+02,1.723867917991104150e+03,1.295235927584128376e+03,1.175760420225213238e+03,1.109640166411287737e+03,1.215459057948699638e+03,1.057994414194537967e+03,1.019461716460574621e+03,1.074234716070935519e+03,1.156168434282519684e+03,1.000786159351340984e+03,1.249214270150834409e+03,1.277401448669113051e+03,1.069833255099734515e+03,1.317210099430490800e+03,1.444036636342274733e+03,1.320423777964140754e+03,1.403216085508393007e+03,1.503709842441516685e+03,1.444142783013081953e+03,1.693586023286114369e+03,1.274904016972889167e+03,1.269065722963736107e+03,1.540673230238298174e+03,1.310863343288615852e+03,1.487365913737479104e+03,1.671297853950018862e+03,1.391389116378820063e+03,1.637342185800988773e+03,1.832881901906157736e+03,1.698927603145228886e+03,1.907786039369389982e+03,1.923230576353256311e+03,1.859103350315511761e+03,1.802151231933872396e+03,2.077027027037633616e+03,1.781960533154988752e+03,1.856637952888258724e+03,1.871684045227601473e+03,1.535973623218397051e+03,1.500557595241071795e+03,1.194289139795018855e+03,1.294163092404902045e+03,8.977650697368168267e+02,8.670445765569370451e+02,8.281639835438805903e+02,9.832987605614564472e+02,1.162623125246444943e+03,1.008544217704710718e+03,1.134820981523425871e+03,1.144867825882372244e+03,1.100757750499621807e+03,1.081725256802880267e+03,1.284744876153617270e+03,1.238183410902915512e+03,1.220327333891220405e+03,9.039864319601945226e+02,1.073027210066358975e+03,1.178360017441151740e+03,1.316144350981862544e+03,1.193800122133086234e+03,1.567852794167505181e+03,2.191253216763044747e+03,2.065852609803781434e+03,2.203895653691987263e+03,2.107368320695280090e+03,1.964540553902365673e+03,1.619624154493240212e+03,1.564410347237834912e+03,1.836298631885157192e+03,1.456959879554791542e+03,1.446398228752802652e+03,1.348032516070330303e+03,1.584132444977947671e+03,2.057420642517183296e+03,2.127936612972253442e+03,2.395107835369828081e+03,2.801416114609619854e+03,2.557624445376183758e+03,3.062193816351727492e+03,2.280423035725549198e+03,2.769840004711182701e+03,2.439581887079600165e+03,2.693476360811021550e+03,2.244319899418817840e+03,2.317262955745356521e+03,2.747373171753424685e+03,2.560937855591586413e+03,2.326850067597761154e+03,2.735381352070596222e+03,3.076039370596475237e+03,2.591221955556021840e+03,2.839855666401648705e+03,2.065642288448172167e+03,2.480286923709124494e+03,2.089221038706197760e+03,2.297454972078956871e+03,2.623749987561841863e+03,3.044226802650473473e+03,2.930411213335236425e+03,3.700633050850042764e+03,2.699474270922043615e+03,2.846865924692231147e+03,2.481419547417199738e+03,2.751842755780543030e+03,2.922044903064489063e+03,2.887759441260346648e+03,2.875096693010814761e+03,3.172997490841747549e+03,2.871395879430969217e+03,3.319478673805007475e+03,2.501894789284090621e+03,2.583900387657728515e+03,2.317120405399980427e+03,2.118771133999719950e+03,2.793598760805567508e+03,3.057588715814453280e+03,3.337582905299317645e+03,2.952837290342332381e+03,2.633061927989703236e+03,2.994085719964125019e+03,2.519667029793532492e+03,2.596678716888607141e+03,2.369834344410155154e+03,2.569076239864755280e+03,2.835562635547467835e+03,2.645263350741418435e+03,2.137246644483151158e+03,2.660890572863265788e+03,3.011604321956322110e+03,2.468897404046955216e+03,2.579775719167606894e+03,2.829969673868386508e+03,2.136506601367580060e+03,3.129414436819959974e+03,2.523057951575092375e+03,2.635617017425705399e+03,2.877118553548219552e+03,3.065989996275709927e+03,2.135901491163192077e+03,2.037337301825943086e+03,3.005813654643871814e+03,2.486317056362439871e+03,2.724655552088250715e+03,3.800802433051398111e+03,3.252355138611586881e+03,2.660993489800987845e+03,2.674223937810279949e+03,2.420301217268681285e+03,1.799278200642331512e+03,1.686105507636917309e+03,1.297941311021247884e+03,1.257208859667993238e+03,1.157947600314784268e+03,1.401733380109880272e+03,1.183023803158540431e+03,1.116127444759055379e+03,1.221727188580722895e+03,1.124890259801901948e+03,1.327826168597551032e+03,1.189417935906327102e+03,1.391477842771893393e+03,1.163918587332896777e+03,1.282855905593443595e+03,1.326017478908696148e+03,1.416754809111508621e+03,1.197909853670251778e+03,1.169140399895319206e+03,9.862340051027066465e+02,1.323951885814027264e+03,1.201620730396140743e+03,1.020942492668675982e+03,1.059768740045020422e+03,1.176874088086022311e+03,1.075080716118854752e+03,1.125767070227144586e+03,1.453797238533044720e+03,1.606786044802199740e+03,1.340285870886208386e+03,1.257266095361522957e+03,1.110317518163599971e+03,1.405401277779762040e+03,1.364044095939834506e+03,9.032933299488307739e+02,1.108332370064348652e+03,1.533036372258944539e+03,1.158059498468949641e+03,1.067694663138041051e+03,1.087257812526760063e+03,8.770368045592961153e+02,8.735290081379829417e+02,9.725486424798625649e+02,9.301307577320267228e+02,9.568003816902225935e+02,7.441428600429617291e+02,9.427851715022463850e+02,9.409007741554108861e+02,1.767723137454643847e+03,3.083396505022868084e+01,1.736400147535785621e+01,-1.213994252566515542e+02,-9.498728488088917743e+01,1.405713434960753375e+03,1.351619814015942211e+03,1.255203001392243323e+03,7.923748728478802832e+02,1.675995241902618091e+03,-3.793760106618565260e+02,1.851673984984316679e+00,1.628865016431506677e-02,3.602113961736080447e-06,3.342761235277228785e-07,-6.169216222073992056e-09,-2.125014341964420316e-12,-1.075448037060423068e-14,1.962572546452481754e-16,-6.021786472767695945e-18,-8.011892641570628291e-20,-9.180008891314437075e-20,-4.678674410292245004e-21,1.618113272932365871e-21,9.987830665418029489e-22,1.141530222175856715e-22,1.108713344570122203e-22,-8.424102208778353227e-25,7.038703060920426320e-25,-1.184664482150730703e-24,-2.626741536435212303e-25,-1.613624164049041888e-25,1.268465030314659385e-26,-4.638229391334664230e-27,-9.601127334010151119e-28,-5.143339945808096345e-28,-1.095959165718371915e-28,-1.738403732738091201e-29,9.428363645690672115e-30,-1.150236497195929030e-30,-3.407712584624520541e-31,-6.896533838866855287e-32,-2.816873336372027610e-32,-1.499717547838712333e-32,-3.372385329734613806e-33,1.529409667827301296e-32
1.455215493424620253e-13,1.720659870415888008e+03,1.311221610888656642e+03,1.344584690240290456e+03,2.374520615645301405e+03,2.552769400851233058e+03,2.436242124213387797e+03,6.750649153891647529e+02,4.854693564484811077e+02,4.964730492522454028e+02,2.005135338309818280e+03,1.609382054381023863e+03,1.138511534914649701e+03,1.400509405669136868e+03,8.604661113409548534e+02,8.662503805598911413e+02,1.199490558930261386e+03,1.112826173605423492e+03,1.220410476900430695e+03,1.217435881964864166e+03,1.042778293750679040e+03,1.246172693719482368e+03,1.302792684990903581e+03,1.345728093889191541e+03,9.942954015742985803e+02,1.283338183407201768e+03,1.602578179779444326e+03,1.293406919900196272e+03,1.345915544134398942e+03,1.310181527288104689e+03,1.785052627952740977e+03,2.043373293157549142e+03,1.417394881749364231e+03,1.325189215942582905e+03,1.497564113068678353e+03,1.291022366209076381e+03,1.569419438405461733e+03,1.514304038148554127e+03,1.502016384361123073e+03,1.677797711074796325e+03,2.028496222477104538e+03,1.763161038694820718e+03,1.616457616084038136e+03,1.612343686849788810e+03,1.909338841903838784e+03,1.731370484183154986e+03,1.855819241926435097e+03,1.808897103534154212e+03,1.875575751751157213e+03,1.897020272439085147e+03,1.573147858630156861e+03,1.611417862532918207e+03,1.455044890663359865e+03,1.463184469423928022e+03,1.151129774134057016e+03,1.171664217729602797e+03,1.150510180970921965e+03,1.265113199007814046e+03,1.020750339050818638e+03,1.072438624775703374e+03,1.132086869751490667e+03,9.139662651909767419e+02,1.113117025831185401e+03,1.189219041735167821e+03,1.181852689175655314e+03,1.106696428445781521e+03,1.163589052758374692e+03,9.831153476374556703e+02,1.030679776363049768e+03,1.145041271814538732e+03,1.223962622539052745e+03,8.391775889176499277e+02,1.049272148971526576e+03,1.505961952971814753e+03,1.553016874250354476e+03,2.014570007630384453e+03,2.724461884067927713e+03,2.276448410340885403e+03,2.028617741706271090e+03,1.904031380348573521e+03,1.949647166725936586e+03,1.523511340720927137e+03,1.439893855535403645e+03,1.405868365867690954e+03,1.583551276151701813e+03,2.213603075077790436e+03,2.457770360735352824e+03,3.072233213800750491e+03,2.951794317510796645e+03,2.302830645025730519e+03,3.056143861671458126e+03,2.490452819006025038e+03,2.671910758335474384e+03,2.827082606121577555e+03,2.792903384919364726e+03,2.302141088460559786e+03,2.606138224967845417e+03,2.744373252816481909e+03,2.931892272641370255e+03,3.325123035190673363e+03,2.887270040460824021e+03,2.305974974338953416e+03,2.482128187390191670e+03,2.711676623716385620e+03,2.576855148738260596e+03,2.140915187429220623e+03,2.422905373505102034e+03,2.387302801258985255e+03,2.676956815257792186e+03,3.101564774944317378e+03,3.313774218261874466e+03,3.431950380156142728e+03,2.743680537399774039e+03,2.922548045187558728e+03,2.421867758879059693e+03,2.667497023412552153e+03,2.850636265916039974e+03,2.298877358371526498e+03,3.027638194272819874e+03,3.225589230212477560e+03,2.886093831811000200e+03,2.832720581558532558e+03,2.641374051365591640e+03,2.709793248224581930e+03,2.496294491585131254e+03,1.959969859040662641e+03,2.785857301847958752e+03,2.265933700186963051e+03,2.538370523358982609e+03,2.552413919555925531e+03,2.466802316910510854e+03,2.631181276283491115e+03,2.939136137758355744e+03,2.305074739964265063e+03,2.435634215934330769e+03,3.517015962430848504e+03,3.059609661131550183e+03,2.269580747791631438e+03,2.780160754451998855e+03,2.701490925274507845e+03,3.207891055987860909e+03,3.095582929374129435e+03,3.124325275487894942e+03,2.700529611035112339e+03,2.614985989957442598e+03,3.011582666760862139e+03,2.341662053363572795e+03,2.756279069452953536e+03,2.877255921183378177e+03,2.931571225283311378e+03,2.222354174423076984e+03,2.181767760053800885e+03,3.054393744893126495e+03,2.582829914963159808e+03,2.740191252461252134e+03,3.452664619940175726e+03,3.041110062707663474e+03,2.658098522502643391e+03,2.853849459236330404e+03,2.493935800622344232e+03,1.792626868568205055e+03,1.747633376066999517e+03,1.254614236838859142e+03,1.146570126458776258e+03,1.174551958391889684e+03,1.233042405724891978e+03,1.411192740252163730e+03,1.065557199604445032e+03,1.195988405459713931e+03,1.088122792119989981e+03,1.135103159063229668e+03,1.077619562861572604e+03,1.283115350523026336e+03,1.194963467709965926e+03,1.268648690847565376e+03,1.424698987216494970e+03,1.256669949512803896e+03,1.239977498672953288e+03,1.002049488336394006e+03,9.833314989993992867e+02,1.239910997890037606e+03,1.165868968242014034e+03,8.367082267650082485e+02,9.191413549550145490e+02,1.196317403436496306e+03,1.072182708390096423e+03,1.205212466322557475e+03,1.431983797360581775e+03,1.777385585018175789e+03,1.350858544580991747e+03,1.258727481143977002e+03,1.223110826546620046e+03,1.367695439604371131e+03,1.366565558537802872e+03,9.816480020422601456e+02,1.204502087173151949e+03,1.398176275070927659e+03,1.329818816693713416e+03,8.615893122385572269e+02,1.146835302151529959e+03,9.121699458702462380e+02,9.274582053277447358e+02,8.667932960038592682e+02,8.778109766640249063e+02,9.684994402915660885e+02,7.689447942974608168e+02,9.171983960930247122e+02,8.614173360912124053e+02,9.470749023740537496e+02,7.674162690031654854e+00,2.034229083675150562e+01,6.312766698809705446e+01,2.105600753412540982e+01,1.582285259629573602e+03,1.230197615182175014e+03,1.094729924764766793e+03,9.487242278988231874e+02,1.664064279213758482e+03,8.714364875945661879e+02,-5.395650093485233612e-01,-4.746400148979039620e-03,-1.049631131832567143e-06,-9.740575336971694720e-08,1.797667231198810242e-09,6.192051302213237242e-13,3.142647611543837802e-15,-5.577033717485107683e-17,1.653860591885182359e-18,-5.996087561704456712e-19,-3.171284270274615634e-19,-4.573524515099875859e-20,-1.906914480682356796e-20,-2.858533712099479981e-21,-2.144859822414717108e-22,-3.147771441240138802e-23,1.447475384811322968e-23,-6.885621357021828300e-24,2.724742748793449010e-24,8.172558921870017337e-25,-6.355179419681287851e-26,2.527743682683862532e-26,-9.674288827702111772e-28,-2.642298082360350346e-27,9.540521686717386547e-28,-2.607054869201309295e-28,-7.930689760986682051e-29,-1.922828808599749694e-30,4.868856295816528662e-30,4.883597863866272122e-31,-1.779235484849464446e-32,1.238515026343356195e-31,9.213286003635715924e-33,1.530877041441300534e-33,-2.733990095816943104e-33
-2.048114400545361692e-15,1.560267234935223541e+03,1.261862371960880864e+03,1.486439942297368589e+03,2.162349214205816224e+03,2.367348870566722780e+03,2.131163856234595187e+03,2.039231087195598093e+03,1.595540546112648599e+03,1.795403840628750231e+03,1.746823249759324199e+03,1.551245984149848027e+03,1.312719493628002738e+03,1.375616868367352254e+03,9.337050852692609624e+02,8.747468600561808216e+02,1.239135166808116992e+03,1.338334161907320549e+03,1.257423041983861822e+03,1.080109825583838074e+03,1.005882810260281076e+03,1.496420813803115607e+03,1.274107091279578526e+03,1.157650842370607734e+03,1.507155028345928940e+03,1.387517691438766406e+03,1.615447058623457224e+03,1.405455237931534612e+03,1.289246409834831866e+03,1.312639068515121380e+03,1.629561657014311322e+03,1.848401394892070812e+03,1.282270588988372083e+03,1.584377162644142345e+03,1.665450844004731607e+03,1.501664745073511085e+03,1.554935750996777642e+03,1.231417578594123597e+03,1.518084974131347963e+03,1.773767004414807161e+03,2.051142571058517206e+03,1.793162950257820967e+03,1.755805939164426263e+03,1.697858335529466103e+03,1.547401493104050587e+03,1.693464762444127928e+03,1.476222986592484403e+03,1.696501129805155415e+03,1.747686007922833596e+03,1.679459131610062968e+03,1.662179509101371650e+03,1.603781465655085412e+03,1.462407358291305627e+03,1.383171078417678018e+03,1.214902302023136372e+03,1.338463694564866955e+03,1.413132262836880273e+03,1.375270789528767409e+03,1.040305912395817359e+03,1.264782601258450313e+03,1.003634452816957605e+03,9.726232763077460959e+02,9.501261384582250002e+02,1.179462762898486062e+03,9.209812132553538504e+02,8.977337416273663848e+02,1.089256719454916038e+03,1.163658285157043338e+03,1.001090257251561070e+03,9.684025608973479393e+02,9.716718546300991193e+02,8.261566005487493385e+02,9.002785591064847495e+02,1.370300280259029932e+03,1.575186083495553021e+03,2.327328060278364774e+03,3.089097955884367821e+03,2.411429081994701392e+03,2.391840442610000537e+03,1.875652266715347423e+03,1.730272528725953180e+03,1.969983689871434535e+03,1.654027408265028726e+03,1.886418226013716321e+03,1.833384371190959655e+03,2.380221314396687376e+03,2.338408321588930903e+03,2.951833196760319424e+03,2.783430863617268642e+03,2.272872798842007342e+03,3.040453928479186743e+03,2.750069755622758294e+03,3.140348607535144311e+03,3.294058840939640959e+03,2.804322367930311430e+03,2.758383477291337385e+03,3.008887823969583224e+03,2.915460927086299307e+03,2.876231214792356241e+03,3.787083587166945108e+03,2.943576514492264778e+03,2.372115629219782477e+03,2.569483021239051595e+03,2.450925968274101251e+03,2.896725948349667760e+03,2.493073156951000783e+03,2.811911863645482299e+03,2.621873607973097933e+03,2.761032950983353203e+03,3.214945246739138383e+03,3.673266329630723703e+03,2.725081925112436693e+03,3.175604572225483935e+03,3.407077399204902122e+03,2.274199777272385290e+03,2.598456190156507091e+03,2.753063020083607171e+03,2.435025934847592907e+03,3.040077688086887065e+03,2.476093236742208319e+03,2.994942417272018702e+03,2.885426844249430815e+03,2.748643204849954600e+03,2.992124414152201098e+03,2.992862525148796522e+03,2.140598869397058024e+03,3.083097471830573340e+03,2.285271749930962869e+03,2.964403920657960953e+03,2.416293050701983248e+03,2.906628975837249527e+03,3.080496256659958817e+03,2.699226759248381313e+03,2.549301106585871366e+03,2.520317776062151552e+03,3.653568938749434892e+03,2.512845972547514975e+03,2.580225032250958066e+03,3.401213181175032332e+03,2.759460478212291491e+03,3.074119037736761584e+03,3.187374140249970878e+03,2.940917453353329165e+03,2.836214247581762265e+03,3.073246376799640984e+03,2.596423953286755477e+03,2.625578418783629331e+03,2.838169546753250415e+03,2.843070440435935325e+03,2.891273156610453498e+03,2.341740520303616449e+03,2.685416158129542964e+03,2.762674419140136706e+03,2.628573011415614019e+03,2.372628714248367942e+03,2.698547891065208205e+03,2.208284522841488524e+03,2.681481870486620664e+03,2.279954814538668870e+03,2.300701356252442110e+03,1.907768510162233270e+03,1.624513884682598928e+03,1.128762316549365323e+03,1.061306904728814743e+03,1.120254689463610930e+03,9.455895679131916722e+02,1.407651805691680693e+03,9.359566905563515320e+02,1.085882537189620052e+03,1.238552899350696407e+03,1.267815667563504576e+03,1.170150848837886542e+03,1.109328485157747537e+03,1.268832468676394001e+03,1.254519208246614653e+03,1.119406439431634908e+03,9.952338148487050375e+02,1.222971779249559631e+03,1.015315320728491770e+03,1.067207748487984645e+03,1.216487624932927929e+03,1.178737861026120527e+03,9.184980932604880763e+02,1.019899828496312239e+03,1.154171417948289672e+03,1.004430501144472601e+03,1.357565343609344836e+03,1.512516311998948368e+03,1.796909530722672116e+03,1.555044058671584480e+03,1.502042010806746930e+03,1.541490450134913090e+03,1.181755180842497793e+03,1.214607054388010738e+03,1.164758032081589363e+03,1.449565807791319003e+03,1.187065258447187034e+03,1.352599200381128867e+03,9.533763128373362861e+02,1.167843293235553574e+03,8.334388182177933686e+02,8.125315622824463162e+02,8.681937244093531945e+02,9.542589762822668717e+02,8.793924649619622187e+02,7.702772243820829772e+02,7.290728266266656874e+02,7.606991791311530733e+02,1.856173508126286720e+02,-4.393921725667567557e+01,-6.912233836319052216e+01,-8.556708211580050261e+01,1.154556259835053211e+01,1.322995511234984633e+03,9.879284124642611005e+02,1.243664212185316956e+03,1.205408112782075932e+03,1.101711859423394117e+03,1.603970186046481786e+03,1.325500521469959170e-01,1.166005164068470087e-03,2.578533815658345046e-07,2.392878943074630446e-08,-4.416167929216293151e-10,-1.520886458975904460e-13,-7.335244476219491430e-16,1.426146727851240536e-17,-1.989306528637942509e-18,-3.562302245531290141e-19,-2.868631838425053496e-19,-2.105575447339520418e-20,-6.644819768829547553e-22,-1.475104644654928969e-21,-1.392173634806226285e-22,-1.372295096604687010e-22,1.662735408714711748e-24,5.786982732691697912e-24,2.588883657770592753e-24,1.800371289818320148e-25,1.637481012511933167e-25,-6.438500478895709207e-26,-2.226214302785931251e-26,-7.613560191833045165e-27,9.906559411054663731e-29,-3.376970296206362736e-28,-1.184775651740124252e-29,1.794957113565798844e-29,6.863255826467957415e-30,-1.482936938775509178e-32,4.721527586051259102e-31,-1.044444383809796106e-32,-3.219498578174928534e-32,1.349802509945038953e-32,-1.643008952884190812e-32
1.279453774090609755e-13,2.144568847840208946e+03,1.395897367886358325e+03,1.389457339581379074e+03,1.654304928328315327e+03,1.733266462393985421e+03,2.020680394600245336e+03,1.709477535559177340e+03,1.612318615787596173e+03,1.978963073968864819e+03,1.899790243834539751e+03,2.107558444333266380e+03,1.636686837924839210e+03,1.345981373616452174e+03,1.155450266877184959e+03,1.030654032935147370e+03,1.249834280206523545e+03,1.422564198662324998e+03,1.266003748671872472e+03,1.083220198292894565e+03,1.315384632931200940e+03,1.389497067176037035e+03,1.262338754198961396e+03,1.233067797028057385e+03,1.815862532383308690e+03,1.460796464551617873e+03,1.430065047791020561e+03,1.313002417119051415e+03,1.387818818115989870e+03,1.343865643940036307e+03,1.657721390466497496e+03,1.656239343283988774e+03,1.423555624844184422e+03,1.727692308478777477e+03,1.651648528925935580e+03,1.535528999366346170e+03,1.164391780497187256e+03,1.384412379612250334e+03,1.772998490857652769e+03,1.884250564002274587e+03,1.830554227625211752e+03,1.656662164890187569e+03,1.893158051713959594e+03,1.899114588367269334e+03,1.408320721399112927e+03,1.649456356692644476e+03,1.580330032599950073e+03,2.015274045889938179e+03,1.752670387762635528e+03,1.731836700598637890e+03,1.865222979556828250e+03,1.564839863771802356e+03,1.347095707031334996e+03,1.228225759474637698e+03,1.121538157345207082e+03,1.306153759314618355e+03,1.341601810366343443e+03,1.097397218728230882e+03,1.156368582574673155e+03,1.331498487351333551e+03,8.627641667385653363e+02,1.125496618405369418e+03,1.023255588875545072e+03,1.193654087253825992e+03,8.817503194964372142e+02,8.645984815500266905e+02,9.454265096468144520e+02,1.119413828936929576e+03,1.056302077311651601e+03,8.695651982570590235e+02,8.646424949597829936e+02,1.008824393032232024e+03,9.837340204645893209e+02,1.022447448760808470e+03,1.797866899190262529e+03,2.107292946983744969e+03,2.362419384258991158e+03,2.173793856413553840e+03,2.185805775860866561e+03,1.556417803320488702e+03,1.663608759307924629e+03,1.997214373043240812e+03,2.088348353697066614e+03,2.271078990118257479e+03,2.408484284480065526e+03,2.423823867906175565e+03,2.327618583911106725e+03,2.403803192366804524e+03,2.605868124383174290e+03,2.343035081518026345e+03,2.525055392248836597e+03,2.669218501407568965e+03,3.372953541968815443e+03,3.178376936498371379e+03,3.073981346262120951e+03,3.281012196502372262e+03,3.149608399648811883e+03,2.602341276273079075e+03,2.117258921953380195e+03,2.842168171065857678e+03,2.731982139290247687e+03,2.738991459193467108e+03,2.872241615760168770e+03,2.303252058645657144e+03,2.218646597621998353e+03,2.612664682711133992e+03,3.135967997120472319e+03,2.975199831845489825e+03,2.935575728214183073e+03,3.030687288683562201e+03,3.654001560661131862e+03,2.566104610623570352e+03,3.748561472510927615e+03,3.541480078552462601e+03,2.944368407763945925e+03,2.973046312444935666e+03,3.232996833560485811e+03,2.740102665862310005e+03,2.543442824992105216e+03,2.282849389827696541e+03,3.433326565320051031e+03,3.140176324876330000e+03,2.700339802237853746e+03,3.130920682569738347e+03,3.268369379396334352e+03,2.300420726309868314e+03,3.041526322268864533e+03,3.395487673140876268e+03,4.519981259279308688e+03,2.828099830746932639e+03,2.816561839363283525e+03,3.689281306722834415e+03,2.127862439798959713e+03,2.957327937801900589e+03,2.575554959822991350e+03,2.681115702946430702e+03,2.325837009633564321e+03,2.881406369657701816e+03,2.967144884159036792e+03,3.049690653808060233e+03,2.433846241548162652e+03,2.946311402955456742e+03,3.259338024076159854e+03,2.971760089827505908e+03,2.390317109505704593e+03,2.532921022896682643e+03,3.117300178834966118e+03,2.847400326237006539e+03,2.816809461173434556e+03,2.655988694938542267e+03,2.357034402449658955e+03,2.666068248138156378e+03,2.493646540090228882e+03,2.486884598333514987e+03,2.305478380882268084e+03,2.938798106709099557e+03,2.433183212500841819e+03,2.790746143087364999e+03,2.003965461012220203e+03,2.322817674110523967e+03,1.921023097775113911e+03,1.245515120635897347e+03,1.083373486574647814e+03,1.169320659810063944e+03,1.285967260216464410e+03,1.184709652702785888e+03,1.008437715987188312e+03,1.003753984171432990e+03,1.049645342468728813e+03,1.352075925084610162e+03,1.347380859125018105e+03,1.349259109667903658e+03,1.200321954374770939e+03,1.143979178544655042e+03,1.214490528556547815e+03,1.142554322836826259e+03,1.189485485829360186e+03,1.125174782871701836e+03,1.095146184242424397e+03,1.287274090769366012e+03,1.306481029898215183e+03,1.094844646128694421e+03,1.121816965524527632e+03,1.157399892647002844e+03,1.205317325155106573e+03,1.160971772180939752e+03,1.716313514335218997e+03,1.549685178941574577e+03,1.642474062750759003e+03,1.777627047437780448e+03,1.545348112399126649e+03,1.616833885017016428e+03,1.210630647198318457e+03,1.047004439476722609e+03,1.111200547718665803e+03,1.192166106276354412e+03,1.140850408110095486e+03,1.231194933237389932e+03,1.356388198219426613e+03,1.188088649251237257e+03,9.146268472990694818e+02,7.687665987594318722e+02,9.522592947148204985e+02,9.173171199458689671e+02,8.056314274741127974e+02,7.732150023765245805e+02,7.419943741187395290e+02,9.847179393559811160e+02,1.497818394707470361e+03,8.589508932451094836e+01,1.313117060330471020e+02,1.453041371643894308e+02,-3.226035820536515786e+01,1.112819601319360800e+03,8.236838340287605433e+02,9.986724728597583862e+02,1.093166827175851722e+03,-9.372448417732258008e+01,-1.547684036591207359e+02,-2.398185457625092235e-02,-2.109615637806192912e-04,-4.665257938643290373e-08,-4.329358122466358037e-09,7.990023790849885593e-11,2.746447050087666454e-14,1.380937384472759183e-16,-2.384012527029141644e-18,4.770476794048221233e-19,8.749690776315893066e-20,-4.984659899499121611e-20,1.559207536293973598e-21,5.613252186009464848e-22,3.367067025636175772e-22,1.126970596385125848e-22,-8.272817349325195129e-23,-4.043441319513832122e-23,-7.441517865429460636e-24,-7.251536726746134037e-25,4.092188670301314622e-25,1.335338923291273963e-25,5.399502462259832284e-27,-5.290435636990649608e-27,-8.980831502091039809e-28,1.602096694946953894e-29,-1.135959984542041371e-28,1.873178093453414543e-29,5.921661944419465376e-30,3.337838980664248004e-30,1.020891142920723364e-30,2.593359689200625610e-31,4.164741781134310691e-33,-2.162717440236723107e-32,3.388116173433041780e-33,1.045535609361983024e-33
5.741494197791018421e-13,2.688692534129873366e+03,1.589873123679013815e+03,1.542671513131224856e+03,1.493591402928963589e+03,1.416461189776843412e+03,1.377772320675578840e+03,1.458644448809521464e+03,1.629587104117123772e+03,1.692659178056864675e+03,1.759416896704632563e+03,2.005277276803210952e+03,2.004923245463113290e+03,1.200185554266917507e+03,1.140631557430970588e+03,1.182427994219368202e+03,1.393932641789446507e+03,1.330646999868100011e+03,1.718603212551450952e+03,1.299518331987532292e+03,1.627345881876173507e+03,1.614520451832446270e+03,1.719486234893834080e+03,1.574978827047380946e+03,1.507447469378295864e+03,1.585183391030422626e+03,1.412953305078582162e+03,1.462487057859945025e+03,1.444685529927188554e+03,1.455400645283149288e+03,1.757917898038269186e+03,1.910325998161067446e+03,1.480118901088735129e+03,1.491104505570864831e+03,1.671120212566811688e+03,1.306858032371075069e+03,1.168366515210201669e+03,1.444726835929112667e+03,1.706493247275770045e+03,1.793049394500973449e+03,1.636686642357319897e+03,1.444064981523706365e+03,1.795160882516538777e+03,1.903817499089519515e+03,1.723129457934810489e+03,2.098386956683635162e+03,1.540525763847735334e+03,1.544587494835485586e+03,1.469572391801841604e+03,1.582543332320665058e+03,1.551990085416122838e+03,1.444042473562278246e+03,1.191404070360865262e+03,1.228995161500789663e+03,1.267997753703921035e+03,1.247928255051120232e+03,1.173720257406852397e+03,8.720948378063039854e+02,1.175062323849251698e+03,1.145548745569660468e+03,9.496947254904206375e+02,1.086634571106454132e+03,1.158876252116587466e+03,1.141828890020113477e+03,8.834742395578393825e+02,1.112077682745402626e+03,1.021316744401700475e+03,1.172314289094973219e+03,1.078716714899988574e+03,1.015407801355793595e+03,1.113674041836486140e+03,1.074209153073024254e+03,8.097845104603698019e+02,8.005222608510645159e+02,1.000560474167323832e+03,1.005484437807789732e+03,1.719141850938364541e+03,1.961303637978994175e+03,1.901379351635898956e+03,1.571976074952066256e+03,1.591356049957668802e+03,1.804030211456941970e+03,2.242868294628351123e+03,2.300711816576930232e+03,2.579646030815951690e+03,2.351180542347696246e+03,2.443878481960119188e+03,2.507065337576615093e+03,2.836974562454145598e+03,2.604197476669097341e+03,2.441635119453194875e+03,2.463879200344881156e+03,2.981021161598421713e+03,2.743081923209380420e+03,2.431514579624544695e+03,2.738533381118837497e+03,2.904714503382409021e+03,2.475627719393388361e+03,2.302852106104082850e+03,2.524443901640388503e+03,2.380705538832024558e+03,2.601018443193728217e+03,2.591293110274762057e+03,2.286710993956729908e+03,2.155331749404945640e+03,2.156873224741454578e+03,2.590718847722352166e+03,2.763691480859005878e+03,3.035877922197741100e+03,2.779535055475548688e+03,2.907930825931791333e+03,2.457014424922523631e+03,3.080960626802027036e+03,2.962355982862041856e+03,4.177305648689132795e+03,3.288069419094249042e+03,3.121333160575421516e+03,2.611774845365191140e+03,2.628361851094968642e+03,3.204418283181509196e+03,3.200806677302086882e+03,3.006001095209162941e+03,2.718850908712275668e+03,3.717311229339478359e+03,2.913100561384525918e+03,2.417364433697561708e+03,2.480494228498028406e+03,3.902146222317398497e+03,4.946516023640077947e+03,2.535498861587569991e+03,2.861153179541119243e+03,3.230814473806936803e+03,2.548102048848956201e+03,2.656881745205485004e+03,2.829528176236032323e+03,2.524649776143193321e+03,2.748243335408892108e+03,2.718229887233685531e+03,3.157830810629790903e+03,3.094136949226968682e+03,2.129455237306689469e+03,2.660199429213281292e+03,3.593840436805233821e+03,3.303612489403766631e+03,2.833267996383495301e+03,2.684006280485014940e+03,3.565856207689163057e+03,2.889989116008662677e+03,2.929738770768077302e+03,2.168581413657999747e+03,2.564346941198688000e+03,2.361131583190810034e+03,2.387943750398475913e+03,2.201767781418584946e+03,2.566777283178226753e+03,2.912474354176394627e+03,2.735289920849489590e+03,3.216587181758997758e+03,2.650056117115301276e+03,2.139540191801558649e+03,1.764576674902893956e+03,1.391791620685912221e+03,1.096728589641438475e+03,1.116088355388516675e+03,1.029561968974311640e+03,1.203142839016731841e+03,9.563671640012642001e+02,1.187117908608869811e+03,1.039080247005249475e+03,1.251357308245674858e+03,1.283233876887925362e+03,1.129724518102376123e+03,1.181196420494421318e+03,1.006635230264485131e+03,1.234568924146390373e+03,1.455912676647556282e+03,1.093793828133940451e+03,9.842903269901636349e+02,1.081214547846873074e+03,1.441543510702789717e+03,1.392080240387803542e+03,9.926761096128875579e+02,1.026246577020234326e+03,1.244402957926521140e+03,1.110941081333762213e+03,1.313898118845516137e+03,1.569085894721029263e+03,1.565688890630544165e+03,1.696535553840312105e+03,1.744857399340222628e+03,1.405438679228982437e+03,1.275697004338013130e+03,1.401975116594559267e+03,1.614339537627449772e+03,9.162400656593872554e+02,8.637630210054878717e+02,1.338564374282448398e+03,1.180655037596378406e+03,1.294162865603808996e+03,1.348869980883238213e+03,9.364446224108062324e+02,8.795484690154356713e+02,1.086619385557449277e+03,9.942427430272360880e+02,7.875704012231861952e+02,7.736146467398179993e+02,7.372442573422616761e+02,7.960366358459269804e+02,8.766780880091293966e+02,8.374273037131011961e+02,1.257082956889440538e+03,1.382986202514156048e+03,7.641682957668489706e+00,1.178564453896324949e+03,1.049175131822650428e+03,9.797369268472335762e+02,1.156203455403009912e+03,2.263116977674036523e+00,3.737113146077987391e+00,5.790775241331101763e-04,5.093980526051888113e-06,1.126496975509218026e-09,1.045390338183563782e-10,-1.929285568821201165e-12,-6.712531970529202089e-16,5.192636984740750791e-19,9.141380398589621087e-19,3.117626916997267145e-19,7.286061777669083218e-20,6.023278245765345394e-21,-1.794874543155975271e-21,-7.231353115415804688e-22,4.853379809412162885e-22,1.482857372317811644e-22,-1.451987209960497424e-23,-7.850081166810315443e-24,-4.019173758859443845e-25,1.713556336869922823e-25,-1.531778785085705436e-26,1.714299719194693904e-26,2.029167782061532015e-27,-9.753777768398371519e-28,-2.102500031441862530e-28,-1.289530456243086720e-28,-4.938806839218959978e-29,-1.063412541016963585e-29,-1.995980092669277115e-31,9.061531974193994328e-31,2.943407961128055771e-31,7.198434631702829200e-32,3.589709630223824791e-33,-5.213380110536708422e-33,1.856371773399787963e-33,-5.750668632369661840e-34
2.268127651268947724e-13,2.252170714823047547e+03,1.657896292489061580e+03,1.579585334764948357e+03,1.317189820616368934e+03,1.506671533386524061e+03,1.420202873063815559e+03,1.634417015205599682e+03,2.098521530709225317e+03,2.094521823782047250e+03,1.650145628781403957e+03,1.894380320121806335e+03,1.586402177640085938e+03,8.833279225641146013e+02,1.184133883833943855e+03,1.184548056649142382e+03,1.508567851538021841e+03,1.172875238771026261e+03,1.635806464963003236e+03,1.467016300215390856e+03,1.727977312387823986e+03,1.783255957450472806e+03,1.669362894338392380e+03,1.676730456165022588e+03,1.530119044275352508e+03,1.622696697819430938e+03,1.643929094759560712e+03,1.538092379993212262e+03,1.602449314127635262e+03,1.604132363954702896e+03,1.486269190637299289e+03,1.528970280715917625e+03,1.486241882152607559e+03,1.529027281236393947e+03,1.708690703529629900e+03,1.380828597900950399e+03,1.191933500195443230e+03,1.236866895762684635e+03,1.533801865585093765e+03,1.675298925393883110e+03,1.430372672496877840e+03,1.285251094992014941e+03,1.388076762323902130e+03,1.582510966358015594e+03,1.602919626503251493e+03,1.543507398423002314e+03,1.227499247890988727e+03,1.294833899716692258e+03,1.338465502985112153e+03,1.460572018614023818e+03,1.392997374415783497e+03,1.395283302334019481e+03,1.183333859119107501e+03,1.275048761623191695e+03,1.424877361206213891e+03,1.205300502400215464e+03,1.040697136985927045e+03,8.315251796474258299e+02,1.161746573327061014e+03,1.134007598054413620e+03,1.152941037497278558e+03,1.076934335465248751e+03,1.029709166784649142e+03,1.247581799730561443e+03,1.025329905500799896e+03,1.085001258907167312e+03,1.271788478698225390e+03,1.185188069925824948e+03,1.064678391707772562e+03,9.546604531142768337e+02,1.137107164373995829e+03,9.637737000598502846e+02,7.771081634441270580e+02,8.763907940781341495e+02,9.571748299596227980e+02,1.120518105556776163e+03,1.606910028508453024e+03,1.485425667879908133e+03,1.489964388271571806e+03,1.175694346552250408e+03,1.261945016377922002e+03,1.696511951444550959e+03,2.043377552416047592e+03,2.333508126434053793e+03,2.477556848433093364e+03,2.702287680154761802e+03,2.596266875543825336e+03,2.473916662357728910e+03,2.846128418538559345e+03,2.574629495880844843e+03,2.975896778774687391e+03,2.529530088255009105e+03,2.725808492578068126e+03,2.593027390843689318e+03,1.946322196628158508e+03,2.135510160697479932e+03,2.585133391758723519e+03,2.314247087046773231e+03,2.563649674358091033e+03,2.527240656157754074e+03,2.525667586287751419e+03,3.061336895677526172e+03,2.630985704351284312e+03,2.215911563110763382e+03,2.244151842642111660e+03,2.526899353965925457e+03,2.233066805958900204e+03,2.476640949697080032e+03,2.508232275789955565e+03,2.687122220036902945e+03,2.650036960229129818e+03,2.675798186312138114e+03,2.453189412158752930e+03,2.618617135961759686e+03,3.493704278821752723e+03,2.932754223159574849e+03,2.842804499392780144e+03,2.230575065347229156e+03,2.794471195999206429e+03,4.141192963466281071e+03,2.459012282780983242e+03,2.866383473019470784e+03,3.263425518057460067e+03,3.610461151873506424e+03,2.714102488656743390e+03,2.442236103565017856e+03,2.121549364575426353e+03,2.483296680964182542e+03,3.968921870211539044e+03,2.567880311217792496e+03,3.280056291793911896e+03,2.387397096690473063e+03,2.908734305280302124e+03,2.241349727130691463e+03,2.864593606681171877e+03,2.761198424013747626e+03,2.958630424011638752e+03,2.591169346194191348e+03,3.048848747110630939e+03,3.216682514735771292e+03,2.447966153841740834e+03,2.400279825256274762e+03,3.063911591484464680e+03,2.813359189887589764e+03,2.644121495468690227e+03,2.544009274161887788e+03,3.578743820081858757e+03,2.778414987228254176e+03,2.760622700866039395e+03,2.498544598706171200e+03,2.479847008040141645e+03,2.471521031163156294e+03,2.898894244336559041e+03,2.483654034268350188e+03,2.846441358077520817e+03,2.636154827958059286e+03,2.355189910505289845e+03,2.341266485816282966e+03,2.472758674531189172e+03,2.031149072626235693e+03,1.674393390253233747e+03,1.268403738234558887e+03,1.090883748731291689e+03,1.056967476927253756e+03,1.087541271628518416e+03,1.070941863018847926e+03,1.019154564731299729e+03,1.281960194837447261e+03,1.195543962517901264e+03,9.877289251987276657e+02,1.354055156380177550e+03,1.070999939212380696e+03,1.160748876843622384e+03,9.362714653037189692e+02,1.277924762088166290e+03,1.336332396006538374e+03,1.107740749681751140e+03,9.008377787534145682e+02,1.145622366550163179e+03,1.254050959988368049e+03,1.347787936207558232e+03,1.044084517481980356e+03,9.287544364780229671e+02,1.090780947578160976e+03,1.175536557996160809e+03,1.312177009250177434e+03,1.457859004409311865e+03,1.507308212774943286e+03,1.547448928693861035e+03,1.800529850283356382e+03,1.426390160744729201e+03,1.245647353179137326e+03,1.190707724399418794e+03,1.631519652264575370e+03,1.069998176019463244e+03,1.124630479130699996e+03,1.519130860895123760e+03,1.300842066424818995e+03,1.112423372087666166e+03,1.294469173625251415e+03,1.076906169004343155e+03,1.121947648879613780e+03,1.029765749551187582e+03,9.862637061851397675e+02,7.675666441759409508e+02,7.192098920160190119e+02,6.706204572638588388e+02,9.412748456846961744e+02,9.159811642434038959e+02,8.830583864653800674e+02,1.207506937413100104e+03,1.364774271932481497e+03,1.140436455316448246e+03,1.196787414606238599e+03,9.900559149140293584e+02,1.149828146402314587e+03,1.907437624918146639e+03,8.612690337594161250e+00,1.422224242107136938e+01,2.203781530510170658e-03,1.938604024173164943e-05,4.287078594527923157e-09,3.978407079287501916e-10,-7.342361429972839643e-12,-2.531855126221309105e-15,-1.206827793499110900e-17,3.775887492644099519e-19,1.614405433341866404e-19,-7.334902369623262941e-21,4.059612415435188587e-21,-2.180223273286480959e-21,-4.043733935640059005e-22,1.622580553719479304e-22,6.036402295514316910e-23,-5.013091941961238919e-24,-3.217774593123372753e-24,-6.724435054360433493e-25,9.847782592492408363e-27,-4.105135655062703722e-26,2.290504632371730363e-27,3.591319629051978853e-27,-2.790307561914403800e-28,-7.255031165060130587e-28,-1.763487904051336514e-28,-1.853502760390893813e-29,-1.971240753242534311e-30,-6.724510968050481203e-31,-2.897946010907013721e-32,-1.975126742355551941e-32,2.979177406117043920e-32,3.814016198029613230e-33,-4.625606407243797252e-34,1.250121959564105501e-33,-1.745328778170550290e-33
2.696650519310754261e-13,2.013463758039688400e+03,1.379089963830415400e+03,1.308050378808855839e+03,1.423728132975491917e+03,1.319001903450721102e+03,1.698964284241430050e+03,2.055645209237920426e+03,1.786037185762789932e+03,1.682401763734392944e+03,1.465890271418959628e+03,1.401687297756702947e+03,1.067248625488094149e+03,9.513679855159474528e+02,1.114629127684689593e+03,1.133843829684801449e+03,1.288407938340131068e+03,1.097556879823561758e+03,1.292232809938503124e+03,1.222446800507826765e+03,1.431428098342293652e+03,1.823412323654318016e+03,1.926727571745689147e+03,1.749453066970471355e+03,1.602270878733208292e+03,1.869119858153513860e+03,1.418878272704384017e+03,1.516036180126710633e+03,1.796970801253615946e+03,1.995014763152780461e+03,1.485179557075084404e+03,1.234362162166781445e+03,1.350080255371974090e+03,1.411409153305706468e+03,1.813175404459239189e+03,1.505512429430637667e+03,1.417657227666518793e+03,1.319874017690230630e+03,1.427326799745404514e+03,1.495490690190522628e+03,1.637404833258817234e+03,1.543585256397363537e+03,1.456493594259614383e+03,1.354549192203414350e+03,1.472036553206889948e+03,1.255313140670977646e+03,1.328063644078451716e+03,1.320488762423049593e+03,1.249626676303494605e+03,1.400335564253448865e+03,1.363848158407774235e+03,1.227418489564645824e+03,1.000220647896736409e+03,1.267252862813931870e+03,1.414320459704734276e+03,1.135245764561493843e+03,1.001914946242157157e+03,9.767037249930042435e+02,1.248153352770213360e+03,1.358446607919032886e+03,1.178214533106113322e+03,1.026826074701033576e+03,9.826138595049233118e+02,1.305766930590994207e+03,1.190370185475938115e+03,1.206761978066739175e+03,1.255340303446317193e+03,1.055079533369741966e+03,1.027259950020207498e+03,1.059086056749411227e+03,1.108581333917348729e+03,9.212514165272392574e+02,7.687305457769384702e+02,8.766802900902833926e+02,1.090239007024390730e+03,1.261930496662288306e+03,1.229300972488134221e+03,1.057034565613109862e+03,1.169365998700817045e+03,1.078038433964283058e+03,1.279895563417823269e+03,1.379128053048647644e+03,1.516868272392215431e+03,2.092995796034091200e+03,2.312488917364096324e+03,2.699876752079402650e+03,2.445946091299314503e+03,2.326534190457216482e+03,2.425838707095141217e+03,2.406484474458938166e+03,2.876813564049645265e+03,2.338036198898770181e+03,2.985848507082178003e+03,3.034165847507927083e+03,2.348912122006649952e+03,2.310021354329894621e+03,2.488548340250560159e+03,2.341214716709257118e+03,2.610869182651311348e+03,2.857028698173915473e+03,2.834440339686534116e+03,2.726825243303547722e+03,2.686028177311651689e+03,2.247145830903692968e+03,2.527913198650986033e+03,2.757189825977517557e+03,2.350772197466398211e+03,2.894849032008308313e+03,2.711486821732511089e+03,2.512511467327905393e+03,2.593311989919496682e+03,2.538428194464330772e+03,2.565140341891182288e+03,2.835838600369970663e+03,2.538582757317492906e+03,2.445192012742527822e+03,2.426346642153997436e+03,2.171137601203726717e+03,2.792717602460340913e+03,3.955830330499181855e+03,2.185261651447519853e+03,2.756914103271391468e+03,3.303080956471714217e+03,2.742628712401115536e+03,2.668135423680012082e+03,2.742337658368108350e+03,1.882831682517473382e+03,1.779877459041144220e+03,3.129776258070734002e+03,3.224092092081202736e+03,2.710530056066349061e+03,2.357431212019953364e+03,2.780545292748489828e+03,2.295346288144733990e+03,2.580586993151010120e+03,2.847732615456932308e+03,2.673803866493740315e+03,2.867699556611666139e+03,2.772196088582362790e+03,3.118939579148820030e+03,2.480311914534809603e+03,2.284029641642467141e+03,3.009890030937021947e+03,2.788254119892960716e+03,2.315954043530656236e+03,2.441536266349422021e+03,3.271681427537096624e+03,2.825048514151731069e+03,2.614814851606690809e+03,3.172831250952064693e+03,2.939585338077401502e+03,2.436838889139155981e+03,2.900896043324073162e+03,2.744347546412157044e+03,2.709764519603804274e+03,2.466898605962165220e+03,2.406975104921460570e+03,2.247388960510684228e+03,2.166405237440146266e+03,1.942353450903116254e+03,1.717751057119612824e+03,1.054760883706920140e+03,1.156165920808745113e+03,1.087954441398702556e+03,1.284628655363631879e+03,1.163157023357386151e+03,1.054920549521716111e+03,1.365638780536700779e+03,1.385147482562909772e+03,1.035605973197224330e+03,1.310447668427466397e+03,1.139986655090544673e+03,1.064573040801463094e+03,8.459665892916372059e+02,1.090436604739510130e+03,9.947203036613304903e+02,1.036653353230897892e+03,1.014349349732366022e+03,1.282717933895846954e+03,1.116845458045071609e+03,1.248565102382105351e+03,9.487054671728870971e+02,9.153589881480254462e+02,1.113223231272665771e+03,1.231455000578907175e+03,1.344761003500237166e+03,1.361251912702927484e+03,1.514154486412976212e+03,1.419653177874668017e+03,1.651662991018912862e+03,1.537825949656126113e+03,1.562548835043995950e+03,1.125450963257771946e+03,1.038500987171191582e+03,8.712118345380750952e+02,1.278866470941667558e+03,1.393137349708636521e+03,1.218844878206287603e+03,1.202708874021610427e+03,1.119206126292895533e+03,1.055076080676474021e+03,1.178401273314593709e+03,1.017573103317801042e+03,8.443830153802626910e+02,9.334026714916199126e+02,7.075714200613042522e+02,7.064312191864539727e+02,1.100400670798377405e+03,1.002407746717392115e+03,9.800523942672876956e+02,1.117137324413998385e+03,1.254939989168183729e+03,1.341149823969850786e+03,1.124501970178762804e+03,1.078251903461055690e+03,1.226013436988435387e+03,4.194920828612665105e+02,-5.199950812627070817e+00,-8.586743298086672027e+00,-1.330543083662445681e-03,-1.170440962867062213e-05,-2.588343373764043291e-09,-2.401982615003213367e-10,4.432960310831187655e-12,1.529303085553037305e-15,6.937561083750111858e-18,-4.266020110313200785e-20,3.872475405470234463e-20,-2.267831583333596426e-20,-6.976233506588518389e-21,-4.719919083079379353e-22,3.528887173552900677e-23,1.214046300250521667e-22,-2.342695947416205352e-24,-5.198300245335372769e-24,-1.991329764674410725e-24,-6.120882898859851058e-25,-4.649962401388331577e-26,-1.212326777377836903e-27,-2.814258629080008255e-27,2.428739692044831125e-27,1.769599025436013361e-28,5.130622339202484038e-29,-4.230900547788539253e-29,-1.318751209436627874e-29,3.295425353098519433e-30,5.053969095462509480e-31,7.241306859249818020e-32,-7.318656663560284163e-32,1.904342610606601102e-32,5.195055209446453101e-33,-8.930477871266225059e-35,2.293909133808473215e-34,-5.788689705583271566e-35
1.266816679482526926e-13,1.982044144110536536e+03,1.453096985393376826e+03,1.558129184938608660e+03,1.489550510851738181e+03,1.300162441157950070e+03,1.688912539430349852e+03,1.862181118503999869e+03,1.487039213281429056e+03,1.477666083233967356e+03,1.421970907498411407e+03,1.232776963605609126e+03,1.146878092675950938e+03,1.152065729028088299e+03,1.140034839560046521e+03,1.190919769037758670e+03,1.142880443477785320e+03,1.146439456439981541e+03,1.262316867651084294e+03,1.272743227940743282e+03,1.547766306354291828e+03,1.405580904694474157e+03,2.005658230519969948e+03,1.945288387741317138e+03,1.797110404645143717e+03,1.595407086857834884e+03,1.422363093905993765e+03,1.454574416882702053e+03,1.728048976454985223e+03,1.930812078478427793e+03,1.474721295630854229e+03,1.350885365970836119e+03,1.413002404811528095e+03,1.526453724905008812e+03,1.513913033163626551e+03,1.462728831362336905e+03,1.550888156094782744e+03,1.461980858217037849e+03,1.181782549362565078e+03,1.396073254765703950e+03,1.597593232327229089e+03,1.554934522114217998e+03,1.519773199542635666e+03,1.276961143140546483e+03,1.252535101399940459e+03,1.231738907705116617e+03,1.351448482300186924e+03,1.227498237847615883e+03,1.080003509002941655e+03,1.093620433442775720e+03,1.153367329782209708e+03,9.266733619035150014e+02,8.822906517495763410e+02,9.797715228248172252e+02,1.131527098296829536e+03,1.097521900424303112e+03,1.084121126393909435e+03,9.894919213280202257e+02,1.389081785813951910e+03,1.408018868803191481e+03,1.136685121394038333e+03,1.037310881530558618e+03,9.868397652220164673e+02,1.180289006358131473e+03,1.360250965345146142e+03,1.077337015665124454e+03,1.113338997337131559e+03,8.620569662475447785e+02,1.157873728860435449e+03,1.154443516167783400e+03,1.063048872714090976e+03,9.659954277497630528e+02,9.357261564884653353e+02,1.010530467296416191e+03,1.014408493941571464e+03,1.114662199049770379e+03,1.071285322166476362e+03,1.023525819373434501e+03,1.022789322346728909e+03,1.079777623006190424e+03,1.164305955594264560e+03,9.785074698804893387e+02,1.151747817292877926e+03,1.584481627732684501e+03,2.078606514337144745e+03,2.373485404694608405e+03,2.194369346085144116e+03,2.269566243741893686e+03,2.137854949364358617e+03,2.241131605029512230e+03,2.309127077523979551e+03,2.057169676002960387e+03,2.626304858238614088e+03,3.062148216850529479e+03,2.890681809365276422e+03,2.668222929613370525e+03,2.324004516506982782e+03,2.397105664935299501e+03,2.842789114047053317e+03,3.040009038688473993e+03,2.628614419873931183e+03,2.326956275999976697e+03,2.515415784701542634e+03,2.450771254076244986e+03,2.830200491051817153e+03,2.380548256183685226e+03,2.226852807250656497e+03,2.733751518630120245e+03,2.977466591054747369e+03,2.553045042080336316e+03,2.384084742943868150e+03,2.607342996205624786e+03,2.506063506262945339e+03,3.655905045033390252e+03,2.619523721354290046e+03,2.340521029997186815e+03,2.542484730595313522e+03,2.152657104645092204e+03,2.489568923526443541e+03,2.835528132621046552e+03,2.482446195372089278e+03,2.536168659693507834e+03,3.272781965602779565e+03,2.116098306954782402e+03,2.770684017300132837e+03,2.704724500397288011e+03,2.029949120700910044e+03,1.815142170052649817e+03,2.548975962428664388e+03,3.270568478248602332e+03,2.525675958343361344e+03,2.543682558336270176e+03,2.895292707965734735e+03,2.589419567685464699e+03,2.379535535260613869e+03,2.347594137984128338e+03,2.455774762747060322e+03,2.840937780788394321e+03,2.452884158147562175e+03,2.478003453039355009e+03,2.242747637268056678e+03,2.433514896062039952e+03,3.223964312298221557e+03,2.906328820137436196e+03,2.402666542135582858e+03,2.492306711319685746e+03,2.947113699320576416e+03,2.680523159268065683e+03,2.898727959742590883e+03,2.765919755735896615e+03,2.802962861959403654e+03,2.155117334509464399e+03,2.746117740488576146e+03,2.794630034990021613e+03,2.951009432289704364e+03,2.314684304974543011e+03,2.540070966283791222e+03,2.619822333032790084e+03,2.448625073979991157e+03,1.596595559790829384e+03,1.596704380731252286e+03,8.630882697310930780e+02,1.022399614728352390e+03,1.053530593411478776e+03,1.333692847322763100e+03,1.337848050301088733e+03,1.053696337615029279e+03,1.123870783142263917e+03,1.144967493108214740e+03,1.212547861556411817e+03,1.294339118322856166e+03,1.014828484332387120e+03,8.659305404811906328e+02,8.356574868068918249e+02,9.763458592633608077e+02,8.854344923359784616e+02,1.221242524141636750e+03,1.346721437842254545e+03,1.253003274793074297e+03,1.090965333077379228e+03,1.166399007017439772e+03,8.950347225898588022e+02,1.005436432316610762e+03,1.220686095821575691e+03,1.699136117418768208e+03,1.489162991255471752e+03,1.458469705507092158e+03,1.565515642397087959e+03,1.533316135886842403e+03,1.706425486664797290e+03,1.706514551935967347e+03,1.682849769285095590e+03,1.244682478732112031e+03,9.657751142883697639e+02,9.555106512451181970e+02,1.447271587629963278e+03,1.335978618534813450e+03,1.217299738169986995e+03,1.215856113698317813e+03,1.162916016287239017e+03,1.014176863675322920e+03,9.630948808596542676e+02,8.847518923869736227e+02,7.307227908262987057e+02,8.796401409587451781e+02,8.992170608594609575e+02,9.736186015018388389e+02,9.530916113495968602e+02,8.796657622246274286e+02,9.439535777335128159e+02,1.155919949626173320e+03,1.105306731013703711e+03,1.024751157367612905e+03,1.197622914204177050e+03,1.133538693582969472e+03,1.133783238085073890e+03,-1.613856668287124876e+02,2.132985389168587709e+00,3.522225239301175037e+00,5.457799620361963996e-04,4.801071322555184802e-06,1.061721202916073565e-09,9.852771837203176579e-11,-1.818370038171951847e-12,-6.264492268521541881e-16,-3.478542805166934313e-18,7.764071614022471255e-20,-2.734597379240561595e-20,-1.052877897104695103e-21,-5.305049413326550882e-22,2.599131837984459761e-22,-1.700037427143874696e-22,-4.828923479904800093e-23,-2.401154355252203394e-23,-2.243580474674599565e-24,-4.277076519469880595e-25,-3.770472538614239397e-26,-2.247186031650153177e-26,1.828805698193933931e-27,1.449390434605494025e-27,3.632158114624978051e-28,5.439699231286704633e-29,9.229178666586232130e-29,-1.128570838518501710e-29,-6.263771521714496212e-30,-1.358128631370506832e-30,6.058769518659954184e-32,2.531631611205568093e-32,7.436282476815765912e-33,2.909045306737052884e-33,1.468782859341134946e-33,-4.846223900078478235e-34,-2.735818872216925322e-34,4.279058705694340243e-34
3.593485741785507978e-13,2.449027300854057103e+03,1.911244726492851214e+03,1.838559017924802902e+03,1.458165355029303555e+03,1.359460191428066537e+03,1.613236610559627479e+03,1.574878574753457315e+03,1.569224426624468833e+03,1.592912060483183723e+03,1.482677653072408930e+03,1.316181213800021396e+03,1.261658132533587832e+03,1.215238906651929710e+03,1.259912175629235435e+03,1.209237309641769571e+03,1.287545480531558496e+03,1.677353793746827250e+03,1.577863799152288493e+03,1.664664271344792951e+03,1.539562617090903359e+03,1.757656617914788058e+03,1.812004317421409269e+03,2.014554209682548162e+03,1.712659972507597104e+03,1.433209150778178127e+03,1.490937393266932077e+03,1.635390163059209044e+03,1.954327524751956389e+03,1.703215655410926047e+03,1.620442853647200536e+03,1.637780599444644167e+03,1.676317188517430168e+03,1.570646575527000778e+03,1.463846025935834177e+03,1.595589553210911617e+03,1.564665019767776130e+03,1.468348481028438073e+03,1.552854212987804885e+03,1.480026600139994116e+03,1.404109110456169674e+03,1.555096057190163492e+03,1.614636290295151639e+03,1.522318347340327364e+03,1.156981703806548694e+03,1.235408756657602908e+03,1.196098208453362531e+03,1.108859699725403289e+03,1.181935783916809442e+03,1.055348654584252699e+03,9.418375314299886440e+02,8.716356830512175975e+02,9.583354416706616803e+02,9.388664751936165658e+02,1.024871518620660481e+03,1.158104609072213634e+03,1.014122105321471736e+03,9.552928544585661257e+02,1.152756298299408854e+03,1.130455904861465115e+03,1.036218607854300672e+03,1.049238293877501974e+03,1.058834503603914072e+03,1.232005939364940104e+03,1.272097076354300043e+03,9.437423967689974234e+02,1.183144279957802155e+03,1.218042466159754213e+03,1.155659788468367651e+03,1.165237616627823854e+03,1.188587811212741144e+03,1.069852024795168063e+03,1.134990203376504269e+03,1.165828052707293864e+03,1.001370493317826913e+03,1.212568053434834383e+03,1.167519118062201642e+03,1.114665263991435495e+03,9.468970614182495638e+02,1.005378245835050507e+03,1.142793087964278584e+03,9.705698456085865473e+02,1.139432994625747142e+03,1.299745310131828319e+03,1.574329938887676690e+03,1.799203731880601481e+03,1.774095946518737719e+03,2.226800723275482596e+03,2.015485376804596399e+03,2.295875410492848914e+03,2.257627164639707189e+03,1.974861200443046982e+03,2.236613308323664569e+03,3.118342922852476931e+03,2.896168703540556635e+03,2.608037383151122867e+03,2.510652555940082038e+03,2.583110829167813790e+03,3.186547590582662451e+03,2.926239096735395833e+03,2.185515341536787219e+03,2.379540011001183302e+03,2.302116747184170890e+03,2.560757418904214319e+03,2.821796117404216602e+03,2.463142913295841936e+03,2.177036747996748090e+03,2.201589536785609198e+03,2.618738011857402398e+03,2.971366001983762089e+03,2.667159601875409862e+03,2.984241064208190892e+03,2.348443331785359078e+03,3.347584299074995670e+03,3.111812673478902980e+03,2.356767135867524303e+03,2.631645823826098422e+03,2.575633434308359483e+03,2.231553713735415840e+03,2.416727385900750505e+03,2.901729550570129504e+03,2.753077127745157213e+03,3.182997970095221262e+03,2.229863607831810441e+03,2.709996632287613920e+03,2.470597786037031710e+03,2.462385714930536778e+03,1.981641130166613948e+03,2.479727574764687233e+03,2.838398768731407472e+03,2.415553756836020966e+03,2.529688901529473242e+03,3.011644546978656763e+03,2.397958143878389365e+03,2.510520684036724106e+03,2.019838653011614269e+03,2.413376467342186970e+03,2.481988181987974258e+03,2.446476361864519731e+03,1.978056341687463146e+03,2.392792295792356072e+03,2.599911049410885880e+03,2.899895501243592207e+03,2.478585258229858937e+03,2.464847265511950354e+03,2.333218956616875857e+03,3.305207758783536974e+03,2.221923401502113393e+03,2.927057248499556863e+03,2.491772954114801450e+03,2.696609241971507799e+03,2.050245628056344231e+03,2.768279039947025922e+03,2.771173639458560501e+03,3.206572758157317367e+03,2.117208415297800002e+03,2.468232609488575690e+03,2.396345663038819566e+03,2.581772530910056048e+03,1.522131534840236100e+03,1.315781638335475236e+03,8.876810183593194097e+02,1.001292477891637986e+03,9.965838526523471046e+02,1.216968160838640188e+03,1.343342815778914428e+03,1.100646585465361568e+03,1.017518851189086604e+03,1.030881897741387320e+03,1.195480993986170915e+03,1.259721746683952460e+03,1.065462103905214235e+03,7.933690824184027406e+02,8.523127188214045873e+02,9.865565721895708293e+02,1.079644446433396752e+03,1.182995308964469814e+03,1.372461667632457420e+03,1.066720291323427318e+03,1.222094395102564931e+03,9.559617636285267963e+02,1.048243904242922099e+03,1.229253371519938355e+03,1.378174864236753592e+03,1.778893372536828110e+03,1.707638774231177649e+03,1.705772503347098791e+03,1.645842281921501126e+03,1.767447418824384158e+03,1.775699488836964974e+03,1.868373808194039611e+03,1.838883040189488838e+03,1.471196504774854930e+03,1.229331888040134572e+03,1.124528354177776009e+03,1.450708320689064067e+03,1.955369344844934631e+03,1.498909581488280992e+03,1.249703957085769389e+03,1.376143343425384501e+03,1.090180587171279285e+03,8.399299499456625426e+02,8.103998894597033313e+02,8.191852143230896672e+02,8.682833025099396309e+02,9.645290777920204164e+02,1.085992198510538628e+03,8.382171316456373233e+02,8.408382073800182752e+02,9.583003351058621320e+02,9.256184019518891546e+02,1.315136649613741156e+03,1.040970478876178049e+03,1.123481449162620493e+03,1.192890433530950531e+03,1.224720333297656680e+03,5.451518786990265397e+01,-7.205106965149319365e-01,-1.189788253280338992e+00,-1.843614600402903865e-04,-1.621775404596132482e-06,-3.586435632249773427e-10,-3.328211308999610555e-11,6.142320597510556494e-13,2.117092328258297355e-16,1.249794315668323537e-18,1.186836396786124079e-19,1.675910693525481379e-20,3.406507834492577723e-21,-7.224415070735523584e-22,2.128314940734024486e-22,6.550297472990413820e-23,1.133201203502302628e-23,-3.119382146690637740e-25,2.045569024919111016e-24,1.898263259829622846e-25,7.733311801349577601e-26,3.413641744142566993e-26,1.192475773126397063e-26,-1.289594499795363265e-27,-3.624069034983439171e-28,4.762870517464659733e-29,3.265813302824892730e-29,-1.597775794170728139e-29,-3.099528493466051955e-30,-4.668549315717553622e-31,1.066714120974448956e-31,3.516186532656892272e-32,3.059281757135754709e-32,3.257940620030250395e-33,-2.460173196941637866e-34,-4.517610579309838280e-34,-1.957008795175830772e-35,2.862909011515074891e-34
3.598051047157418868e-13,2.804072200760508622e+03,2.271106710748689693e+03,1.824188787518867912e+03,1.634788767858638494e+03,1.622708231395077064e+03,1.569014549028707961e+03,1.708895177225800808e+03,1.643282196511735947e+03,1.705367361871260073e+03,1.664911791289032408e+03,1.345548360177489485e+03,1.367807370989501351e+03,1.263217993584190253e+03,1.199731285557995534e+03,1.077699812683349592e+03,1.244620913871244284e+03,1.645192661889150259e+03,1.703599964857501845e+03,1.771397176980540507e+03,1.564086836837831015e+03,2.032233844263427500e+03,1.710554066379893811e+03,1.706811109773147791e+03,1.353004590436989020e+03,1.501507933725273915e+03,1.604224175660061292e+03,2.095181828778421277e+03,2.066923932312366560e+03,1.553358176327063802e+03,1.713638015800909216e+03,1.609486933043109275e+03,1.562220650180187931e+03,1.562610990688570382e+03,1.850947534831936764e+03,1.875105182253535531e+03,1.693575117202776710e+03,1.546019488615692808e+03,1.933109011053144286e+03,1.622194218674108697e+03,1.318733218758763087e+03,1.735078491631830047e+03,1.826633638457378311e+03,1.756145885106587230e+03,1.339636901714411806e+03,1.266427615522832184e+03,1.220491148161871251e+03,1.021936033644755639e+03,1.141852966538363262e+03,1.133853780281001036e+03,9.923790837615207465e+02,9.714575252409667883e+02,1.082723045248179460e+03,1.228871001451332859e+03,1.104941983714787284e+03,1.164034359411778269e+03,8.798245640478971836e+02,9.590199345736642726e+02,9.093383883758174306e+02,9.616266104159059296e+02,9.661904757458834183e+02,9.920747108744874367e+02,1.173154989768946052e+03,1.310888860024366522e+03,1.112163516398823276e+03,1.010254348847920596e+03,1.150305008454568451e+03,1.406041689824468222e+03,9.907063439520637758e+02,1.175187297116397303e+03,1.270410920658898249e+03,1.069440326945224115e+03,1.153879457066493842e+03,1.263716555265681336e+03,1.282739171140252665e+03,1.413067256512076938e+03,1.243112884448876230e+03,1.095044594305070632e+03,1.018074394555051413e+03,1.154126276259206406e+03,1.238876776324711045e+03,1.328398211520943505e+03,1.176814095052428456e+03,1.279432099600036963e+03,1.264891885130755099e+03,1.374786524437856315e+03,1.305258479271371925e+03,1.837577655619302504e+03,1.938847807848268531e+03,2.252648635136879420e+03,2.577045721121999122e+03,2.160611027309422752e+03,2.147773061915399467e+03,3.229780843069303955e+03,2.638441662833251485e+03,2.318762133194587022e+03,2.578162303636653178e+03,2.796260253307338644e+03,3.034978200703660605e+03,2.708956812414734031e+03,2.289386079232147040e+03,2.430068485379833419e+03,2.009450986818117144e+03,2.243207544942776622e+03,2.636739276108618924e+03,2.808480768419382002e+03,2.651107890253095775e+03,2.335283569039052054e+03,2.211633562773522499e+03,2.855746731323364202e+03,3.088610248184469583e+03,2.739664341874498405e+03,2.446754637618543711e+03,2.546443004461752480e+03,3.074597810497283717e+03,2.484915788376113142e+03,2.448455782519491549e+03,3.130312486502378761e+03,2.178726503166672501e+03,2.534826722154715753e+03,2.593485522619369931e+03,3.024472563497680312e+03,2.837710676242743375e+03,2.883406594215452969e+03,2.574904680051187370e+03,2.737897604654931456e+03,2.456869259778526612e+03,2.323977977591607669e+03,2.379047440946589631e+03,2.328995207833797849e+03,2.313564565233674330e+03,2.400445174931699967e+03,2.871834132637492985e+03,2.014042156956792951e+03,2.490804594685229404e+03,2.224116761733156181e+03,2.482195014479065776e+03,2.178384294887593114e+03,2.811578258440631089e+03,2.235803361918794053e+03,2.556183442491588266e+03,3.217428454904774753e+03,2.260544491753935745e+03,2.722247440437636214e+03,2.758401480413696390e+03,2.444513884823365970e+03,3.361496078184310136e+03,1.998037136544411624e+03,2.757919812029054356e+03,2.721728382007986511e+03,2.691514759685043828e+03,2.290688570537926807e+03,2.879850254578917884e+03,2.844532697648399335e+03,2.971150513201696413e+03,2.300696770566592022e+03,2.499812994651617373e+03,1.958119368996265621e+03,2.254352004255069915e+03,1.698002579443566447e+03,1.191005024947961147e+03,9.422228125112884527e+02,1.083386042394465221e+03,1.064196757255697321e+03,1.156088463642520765e+03,1.238344765228575852e+03,1.203205143253571805e+03,1.087214426164957786e+03,1.224132511296586244e+03,1.205734644259033985e+03,1.198741514179229171e+03,1.225998415637760672e+03,1.000275088501459550e+03,8.957816884889479070e+02,9.621047110509874756e+02,1.202242492968445958e+03,1.006087858277526720e+03,1.220808867860638657e+03,1.083595326378084792e+03,1.374615120591818595e+03,8.039332780051312284e+02,1.021310849765120793e+03,1.180217314960616022e+03,1.435253387268724737e+03,1.583497539788211043e+03,1.824799567868322811e+03,1.731189909193019730e+03,1.706059702391056589e+03,1.746439025189809627e+03,1.515571343001310197e+03,1.813818961359418381e+03,1.730867309550946857e+03,1.519168617122997375e+03,1.319799620195658918e+03,1.179807312164077302e+03,1.699327180465584661e+03,2.274569908649563331e+03,1.960824312638277434e+03,1.288867731622042356e+03,1.451024296768002841e+03,1.108454900439788844e+03,9.488919040606947419e+02,9.278520209972161865e+02,9.754793042384752653e+02,1.032750117216956596e+03,1.086130617955897605e+03,1.044415843936985766e+03,8.699308582612402461e+02,9.971771832240816593e+02,1.493920485003795193e+03,1.271871807513844942e+03,8.319767609507617863e+02,5.986146996273590730e+02,8.981645880466865037e+02,1.441770059468906311e+03,1.393737735345315286e+03,-1.582392649259440631e+01,2.091400349933479341e-01,3.453555348023435445e-01,5.351393447731916182e-05,4.707468836698906431e-07,1.041022136562233299e-10,9.660689601990021542e-12,-1.782929141814379916e-13,-6.089268838047713871e-17,-1.900686419085582094e-19,2.498975803621935171e-20,-4.638966320593198687e-21,-1.437721854026269057e-21,-3.134549278543727946e-21,9.417392833627038769e-23,6.465688830255744911e-23,2.098075775089922290e-23,-6.179872357315070866e-25,2.741816557683543532e-24,7.679799700960085899e-25,2.289633394743398860e-25,7.056808166919504888e-26,2.401907981581993879e-26,1.107659423678577572e-27,-1.177780995216087404e-28,9.729083148970365557e-29,4.524381939587773714e-29,-1.852133007755237486e-29,-1.044557778306296117e-31,-8.555547795371154817e-31,4.266762658258157931e-32,1.791065934118446599e-32,3.875903691393233628e-32,7.434587888179448664e-33,1.683950096651459651e-33,1.157237091762043170e-34,-6.316740282924149096e-36,3.646946645938819918e-34
3.029961222938461184e-13,2.175076835011726416e+03,1.972815328660579098e+03,1.721751061075840880e+03,1.655926671222027835e+03,1.890611617938439167e+03,1.517815260780839935e+03,1.630598829268848476e+03,1.516330233325679728e+03,1.625215546464851514e+03,1.676283940038827268e+03,1.389453639955101835e+03,1.472148817314676535e+03,1.350395783119761518e+03,1.201661437213204636e+03,1.160682395875303655e+03,1.139098595894598702e+03,1.101169865021306123e+03,1.416761753123421840e+03,1.470489760543465536e+03,1.722669621431376981e+03,1.473491347162494549e+03,1.674663478509388824e+03,1.460594983451479493e+03,1.306952576758498026e+03,1.398219570356829081e+03,1.802281746902388704e+03,2.200972061867600132e+03,1.655645817975658019e+03,1.549244206763323973e+03,1.665785297046337064e+03,1.508314104205159992e+03,1.289575351689545187e+03,1.704592288124096967e+03,1.928075708646826570e+03,1.891658461128728732e+03,1.634382027912228295e+03,1.620864308758279321e+03,1.818652822043302876e+03,1.737991882099984196e+03,1.422965471474751666e+03,1.787165077893915850e+03,1.773036251026918762e+03,1.558324182695293757e+03,1.471098823663249505e+03,1.220731761702757240e+03,1.304508998220561352e+03,9.698674130382759131e+02,8.954959022561033635e+02,9.804018383852483112e+02,1.062972296688093365e+03,1.064479897386042239e+03,1.057050134580900249e+03,1.319134707892286315e+03,1.120803594923140963e+03,1.147537760734596759e+03,9.252399946958895498e+02,1.023620783744626465e+03,1.060839738053996825e+03,1.010774290069102904e+03,9.476348393893621278e+02,9.594266841836169988e+02,1.218776978546076634e+03,1.282851351306353536e+03,1.153968374840441584e+03,1.071691277618040431e+03,1.023429970448728568e+03,1.081215112781819471e+03,9.451718443721525773e+02,1.199686235321730692e+03,1.156059204554994039e+03,9.897457111155323446e+02,1.068057957036748803e+03,1.262233882249653107e+03,1.447787182810979175e+03,1.433727766898613027e+03,1.339632695110895384e+03,1.181185102026003960e+03,1.248771491915494607e+03,1.268932789336624410e+03,1.225594381059166608e+03,1.451281886013698795e+03,1.078604105278448969e+03,1.202132396095860031e+03,1.274186398493927754e+03,1.271965014925460764e+03,1.139437416601809900e+03,1.388957941084291633e+03,1.930038439447190967e+03,1.942533087925448399e+03,2.600194150237477061e+03,2.436551840302824075e+03,2.159168486877036230e+03,2.937093513364673072e+03,2.556693303820070923e+03,2.207980684283930259e+03,2.350196520974713167e+03,2.835405291839554138e+03,2.476562110253358696e+03,2.411671303354458814e+03,2.665254779744680036e+03,2.331168524255875582e+03,1.918324616499146259e+03,1.872107504807017449e+03,2.582658389791504305e+03,2.766407055444033176e+03,2.987769674135157402e+03,2.727305084405622893e+03,2.295395060662031483e+03,2.444014511156929530e+03,3.174208102064165359e+03,2.159260941177963105e+03,2.723811321152241817e+03,2.529816673290371000e+03,2.715370389660625733e+03,2.623656991598861168e+03,2.471220003611686025e+03,3.505571618249336552e+03,2.353944053737031027e+03,2.483333179337050296e+03,2.350245162875326059e+03,2.601580068980247688e+03,2.550243332797064340e+03,3.058991028883195213e+03,2.752911503572113816e+03,2.905378386642525584e+03,1.977730423687035000e+03,2.651270158363983683e+03,2.083258832741397782e+03,1.892560844383928497e+03,2.352469134128264159e+03,2.368261179329208971e+03,2.820406481386572068e+03,2.028681821001949402e+03,2.606158527102851167e+03,2.389746845258435314e+03,2.634497529134507658e+03,2.202353045160373313e+03,2.948810131101496154e+03,2.432909657686130686e+03,2.181912277207054558e+03,2.410037473304582818e+03,2.646965884404006374e+03,3.513598333434712004e+03,3.240730742836260106e+03,2.613982831602949773e+03,2.713415992640125296e+03,2.245404739127869107e+03,2.901862557839513101e+03,2.536407193109709624e+03,2.606180846398353424e+03,2.630695278264709941e+03,2.886850662365363405e+03,2.738686260513806246e+03,2.790964639440422161e+03,2.786747002110804260e+03,2.349139170588795423e+03,2.151904286090528785e+03,1.874235831586544009e+03,1.589066040016226452e+03,1.278045506278181847e+03,1.041297301735008205e+03,1.133759118488698050e+03,1.175088336584825811e+03,1.195746007323642289e+03,1.102279755135556343e+03,1.311644600240163982e+03,1.036478993460747233e+03,1.287978379060865109e+03,1.390053111210466113e+03,1.165144416386792955e+03,1.152739021324452551e+03,1.216836479423188848e+03,1.071381519217580944e+03,1.156960378434425365e+03,1.111088608934791409e+03,1.024560689226817431e+03,1.201481537400331717e+03,1.223967266613815809e+03,1.354699040577479991e+03,8.877555430803570289e+02,8.653881995937381362e+02,1.189911465029731289e+03,1.450881824865914268e+03,1.651633755225618870e+03,1.686780449089548256e+03,1.449344438384657678e+03,1.645987988206040882e+03,1.561607673728623240e+03,1.359067078030148195e+03,1.608374334381687504e+03,1.301353105181425008e+03,1.194467201785141469e+03,1.223468433490691950e+03,1.203458814455177389e+03,2.006436857604537181e+03,1.840003328279039124e+03,2.109154823231615410e+03,1.330494898200822718e+03,1.315821328726799265e+03,9.751450062560771812e+02,1.058474906418490946e+03,1.026843900756335870e+03,9.401952622098092434e+02,9.843957932259679637e+02,1.201638868395932377e+03,1.112302088936710106e+03,1.046095220415843642e+03,7.038432621031276994e+02,1.246153910491632587e+03,1.227302260630105593e+03,-1.284158507169260872e+02,-9.101395806212136108e+01,1.318487747795868245e+03,1.445621131096405406e+03,1.142458034701274983e+03,3.866738628842917525e+00,-5.110551117163349838e-02,-8.439116471691809895e-02,-1.307667839166621148e-05,-1.150318258195038548e-07,-2.543842337497705876e-11,-2.360705294728753639e-12,4.356693806497139811e-14,1.600372252621885492e-17,1.349745488418579855e-19,-1.757116929146018950e-20,-3.991358326876043184e-21,1.906870336161690384e-21,-3.029987394882935733e-22,-3.008789126918520499e-22,-2.702307914169882966e-22,-8.636832553549807512e-24,-1.579204220336759507e-24,-2.797216505767826187e-25,-1.237845421892627020e-25,-3.053561046061072862e-26,2.134775064614622487e-26,6.838263829740275523e-27,1.340585557587556912e-27,1.140313746167791318e-27,6.840669987362447968e-29,-1.860584169769228410e-29,-1.343060328929989042e-29,-7.769643461366016647e-31,-5.799750438452085877e-31,2.481366722535617735e-32,3.608333609553324283e-32,1.057234485922100560e-32,4.195512302109260474e-33,1.185856453922565903e-33,9.144458408745284621e-35,-8.308969779009348299e-35,2.575121873065317961e-34
1.148771509377591527e-13,1.527546737506628006e+03,1.357003996824201295e+03,1.468145718035869550e+03,1.395890186710633770e+03,1.623174634969768249e+03,1.502246512421992975e+03,1.250085424787685042e+03,1.410833677827015663e+03,1.303835841497747879e+03,1.392447542712728819e+03,1.412365122604553108e+03,1.256209426869767412e+03,1.416587705462863141e+03,1.439191525979997778e+03,1.456173280006094728e+03,1.434440880856843933e+03,1.425119401245350446e+03,1.216746236920064348e+03,1.226773571297574790e+03,1.388939931020138829e+03,1.434350397153973518e+03,1.546602279877307637e+03,1.562184851894521216e+03,1.584896984209757193e+03,1.440379182595532029e+03,1.702738564720511249e+03,1.841073663247892682e+03,1.638092039154503937e+03,1.844817154326992977e+03,1.784081171606008411e+03,1.683061247800626234e+03,1.546126645550670446e+03,1.782440236181487307e+03,1.614375924223495304e+03,1.607448497644091731e+03,1.405838482462548654e+03,1.568896681382270344e+03,1.859744703577705195e+03,1.709815729793282117e+03,1.626491410184144797e+03,1.728275485934731250e+03,1.406742939144212869e+03,1.325938419840824054e+03,1.366412143925452938e+03,1.119864678118245365e+03,1.139204967753010123e+03,9.692654771915055107e+02,9.851484454690489656e+02,9.356349530526068747e+02,9.730806478938325199e+02,1.255310898420959802e+03,1.018216758474589824e+03,1.189900194768571964e+03,1.181241548208191716e+03,1.252610314713999287e+03,1.033404697222872073e+03,1.156293036715281460e+03,1.141281484724548363e+03,9.553450300427621187e+02,9.462256890955950439e+02,1.030550767781850027e+03,1.239146723376647287e+03,1.300249589754988619e+03,1.145986779933260095e+03,1.028552442937334490e+03,1.188367728873970236e+03,1.048290098598450186e+03,9.973528190270991445e+02,1.176155357285996843e+03,1.142622424178463916e+03,9.882308663104764719e+02,1.074705607280781351e+03,1.108409650118752779e+03,1.173031249551028850e+03,1.470208885496675521e+03,1.391592470647638493e+03,1.384331743421422289e+03,1.363918908462585705e+03,1.056145752786475668e+03,1.199728025577001745e+03,1.206061623193905007e+03,9.358223898521323463e+02,1.070817816044178926e+03,1.150191631590462976e+03,1.220280919303998871e+03,1.194966842649761929e+03,1.361154809176146046e+03,1.732321859329437984e+03,1.762584654117902801e+03,2.311474497301238898e+03,2.484533676222183658e+03,2.794823978342878036e+03,2.699405097241467047e+03,2.551945116696467267e+03,2.178345084981352556e+03,2.583871167061456617e+03,2.806713489293447310e+03,2.209990976393620713e+03,2.115197099450528640e+03,2.513386759224664274e+03,2.213247196810681544e+03,2.365274472710723785e+03,2.257361737807216286e+03,2.608747239471143530e+03,2.713297747912038631e+03,2.721770276108453345e+03,2.634416260686988608e+03,2.789681196188283138e+03,2.731913074247651821e+03,3.037524767299996711e+03,2.259964571414821876e+03,2.790477813615340438e+03,2.455566366112374908e+03,2.606124303797011635e+03,2.398592405989721556e+03,2.602561522125989086e+03,3.543376370118748582e+03,2.624524547344030907e+03,2.680300284994372305e+03,3.133248358806709803e+03,1.932105928256861489e+03,2.665562256482527573e+03,2.465061643239739169e+03,3.038284863655076606e+03,2.439835788430153116e+03,2.057840581763882255e+03,2.648609505287511638e+03,2.326046303865086884e+03,1.808007314343754615e+03,1.982095972657453331e+03,2.654542022615890346e+03,2.773895904301234168e+03,2.348051208309151207e+03,3.241960882733859307e+03,2.268360327482474531e+03,2.627199407574385532e+03,2.498231637054186649e+03,2.695554481685074279e+03,2.029313814000892307e+03,1.670878531291192076e+03,-2.049026480880795305e+02,2.714290862842836304e+03,3.264834702436441148e+03,3.099748559957944963e+03,2.312960536757220780e+03,2.505506977659598306e+03,2.418036099668573570e+03,3.011858364413195432e+03,2.374534101297449524e+03,2.901649593648406153e+03,2.722165313468723070e+03,2.772025751736719030e+03,2.459534748610030420e+03,2.989659999900577532e+03,2.987541486005192837e+03,2.283344539199481460e+03,2.624503838333816020e+03,1.595170902860267006e+03,1.377217004700369444e+03,1.367264994758755847e+03,1.277934247692494864e+03,1.303498300418421877e+03,1.194424362380970251e+03,1.264249197255116087e+03,9.980609599135336794e+02,1.344209088253799337e+03,9.945243039420138302e+02,1.219613376597460956e+03,1.405131731076915003e+03,1.128362110696837135e+03,1.029051812387507198e+03,1.182978996024551179e+03,1.342811068061763308e+03,1.470605271485575258e+03,1.063266424383850335e+03,1.022450539823849908e+03,1.136834454531083566e+03,1.180524894030639643e+03,1.239344733794624290e+03,9.956160690379223297e+02,1.074617026882818436e+03,1.741172740658432076e+03,1.570698987615459828e+03,1.627854812764715007e+03,1.495071491139614636e+03,1.296498074240423421e+03,1.454644946299010826e+03,1.459372900000664913e+03,1.497843096459560911e+03,1.480940995230239650e+03,1.182260201666205603e+03,1.064090222857335903e+03,1.062665268856298781e+03,1.125014494952015639e+03,1.669648928973198963e+03,1.595541965388986910e+03,1.690933301680713839e+03,1.508834423121265218e+03,1.282764976441081899e+03,9.521522377738212981e+02,9.924845031917685674e+02,9.156591161790925071e+02,8.227978636367751051e+02,7.558220774731292977e+02,9.259247332484624167e+02,1.097215818473713171e+03,9.299203281121698410e+02,-6.141744349562944905e+01,-1.098913882106006952e+02,-1.113711196022311185e+02,2.004382033427039289e+01,1.407308846985486994e+01,1.587387656101658877e+03,1.051445361353151156e+03,7.256029141558074116e+02,-6.908381272747828872e-01,9.130597906946189002e-03,1.507746961656421247e-02,2.336301694393993120e-06,2.055178255835888211e-08,4.544876359083676051e-12,4.217535785469139534e-13,-7.786811230741165376e-15,-3.534541928730624462e-18,-7.195040242622663321e-20,3.146743533361090136e-20,-5.310897392150847935e-21,-2.275467258985466320e-21,-9.654000386689092310e-22,-2.688217827945605633e-23,-6.684212178037619226e-23,5.519395180205176085e-24,2.779356890797055064e-25,-3.035899524376360813e-25,1.277470295106752655e-25,5.193512382091131255e-26,-1.416554543607710601e-26,-6.152122820505860176e-27,1.771433855126449268e-28,9.348229329473442746e-29,-2.269678231863655062e-28,-1.474387127939899474e-29,6.051761346053287070e-30,2.281531882048087785e-30,4.661752486445256427e-31,3.752492687696422210e-32,9.932137468512891394e-33,-7.136837396783456137e-33,-5.197388203048570432e-33,-1.049028321277287743e-33,-2.996131737793537203e-34,-6.554509519006671311e-35,1.707300939080619432e-34
1.023752988347967072e-13,1.822045568657490094e+03,1.517949997635430691e+03,1.272627162532642842e+03,1.611893652005978993e+03,1.479403829878300712e+03,1.356614194418008765e+03,1.388001318910832424e+03,1.438028588816187494e+03,1.480269051911415090e+03,1.519308005903353887e+03,1.292203533820478697e+03,1.216840989013847093e+03,1.505125967802897776e+03,1.388824641819313001e+03,1.349623893451461754e+03,1.571848301306274379e+03,1.627119906227399269e+03,1.430421831111571009e+03,1.288692216499483266e+03,1.419825275971750216e+03,1.694082503644754979e+03,1.446365500878551074e+03,1.399083751054290133e+03,1.689195471016868396e+03,1.580567586750961254e+03,1.636587393093376022e+03,1.893616814520689559e+03,1.969583817758868463e+03,1.831579391406920195e+03,1.740178575414723582e+03,1.531101193742626265e+03,1.741435346945503625e+03,1.860368617928949561e+03,1.523582484189957540e+03,1.460591875384931654e+03,1.796546496357915430e+03,1.726485769649118083e+03,1.638787496101319675e+03,1.414798990657029890e+03,1.458675476392679684e+03,1.602933256493713316e+03,1.168328931919096249e+03,1.521007212345527705e+03,1.331027118938146486e+03,1.145295210586211169e+03,1.004727335173577330e+03,9.083760876563650299e+02,9.776061375276498211e+02,9.199450286155299636e+02,1.008666654319617805e+03,1.305323019317292847e+03,1.232552114495457317e+03,1.199827659718407403e+03,1.221119148092212072e+03,1.268266159560500000e+03,1.076142310025596998e+03,1.134704252029950112e+03,1.001238035710274403e+03,9.588882154567168072e+02,1.102850095014615135e+03,1.171978677005913141e+03,1.324477964915563007e+03,1.113473152257515721e+03,1.025650249305015450e+03,8.501270611170406255e+02,1.155840574080205442e+03,1.012817128789238495e+03,1.063592311302138341e+03,1.070362882942467422e+03,1.188067832984194183e+03,9.836023686945809459e+02,1.159804911439623538e+03,1.115281606688256261e+03,1.033150626714004829e+03,1.471174422462308712e+03,1.276679589647312923e+03,1.379525868549351344e+03,1.440800233953787711e+03,1.169568148306773082e+03,1.089736892858821193e+03,1.259709078534131777e+03,8.265909881086276982e+02,1.026640306249373452e+03,1.138368581686095240e+03,1.342421141475429749e+03,1.172761722289529189e+03,1.308557719245980707e+03,1.290988742449431811e+03,1.628477175841758253e+03,1.861185649755562054e+03,2.187499633626341165e+03,3.416986130590976245e+03,2.729154092764386860e+03,2.466315183853615508e+03,2.130716110315023343e+03,2.674526202287555861e+03,2.652963104241168367e+03,2.202306533345305979e+03,2.104265159080334797e+03,2.162910399349224463e+03,1.923003192489562707e+03,2.624496724738825378e+03,2.919355161507049161e+03,2.580225993308854413e+03,2.630623551892097112e+03,2.498080652236731112e+03,2.553393279110897311e+03,3.224233316081753856e+03,2.727291799704444657e+03,2.397449934270237009e+03,2.368809693025602428e+03,2.524225790302248697e+03,2.290609841836058422e+03,2.495619939215426257e+03,2.315521427744854009e+03,2.515995713234468440e+03,2.515060349194954142e+03,2.600637631128544854e+03,2.724540096920213273e+03,3.090973661859899039e+03,1.792417655729411308e+03,2.984526975695379861e+03,2.608864287624841381e+03,2.800908209779920526e+03,2.536881183694892570e+03,2.929980994822429693e+03,2.679053086376143710e+03,2.732196469727155090e+03,1.923560112169375088e+03,1.932978490264020820e+03,2.851856769174858982e+03,2.385125960322846822e+03,2.913971181113740840e+03,3.175405369164614058e+03,2.117853325261273312e+03,2.401905608597531682e+03,2.560799753133125705e+03,2.694104621087202759e+03,2.093644577082694468e+03,1.605017570768387714e+03,3.379685325077113500e+00,-1.268161839572879579e+01,3.034169907243639045e+03,2.710501995137110953e+03,2.607170259603376508e+03,2.382342295561724313e+03,2.275939730089043678e+03,2.881216880530103481e+03,2.696444184862928068e+03,2.724852885517163941e+03,2.544623912192002535e+03,2.716315648062678974e+03,2.829660607967279248e+03,2.899243744028533911e+03,2.908325479105048089e+03,3.237874821898878054e+03,2.496871853224287861e+03,1.535136907901480981e+03,1.449347947744193334e+03,1.446136535759274238e+03,1.129635025886339690e+03,1.322541809716713487e+03,1.259006761441508843e+03,1.400104437320908573e+03,1.101381491369709011e+03,1.232794579080278027e+03,9.875989455286810426e+02,1.239903194738171578e+03,1.163996221442263504e+03,1.140886469133784203e+03,1.024769179747230282e+03,1.098410236404140051e+03,1.443348072148405436e+03,1.203757765675306246e+03,1.075208819693770920e+03,1.083407345997888342e+03,1.094763740929247888e+03,1.170005047801208093e+03,1.165069930748248225e+03,1.007214676374334545e+03,1.331938392085623491e+03,1.831900170604759296e+03,1.519248207442401736e+03,1.691433041355076739e+03,1.624081577916725792e+03,1.528384846760507571e+03,1.276929953937825985e+03,1.175840154089758926e+03,1.324611126295406393e+03,1.343111706911834744e+03,1.099738445586541957e+03,1.573921111076990201e+03,1.112788099394842448e+03,1.189330882260506314e+03,1.489377391385059354e+03,1.376570631907170537e+03,1.402007116299295149e+03,1.575965813120689518e+03,1.517821462265953642e+03,1.134753427672204225e+03,8.571725887342074657e+02,7.211348743575541675e+02,8.737869865178014379e+02,7.830205794053847512e+02,8.285633968175569635e+02,9.145318557479118908e+02,-3.924818893493504213e+00,1.351430629580619325e+00,2.116729174601365671e+00,2.199757296259363226e+00,1.187466420756789903e-01,1.069263569485204290e-01,-9.445453242091542023e+00,1.145556400858499728e+03,6.388984882112910100e+02,1.138403113748483707e-02,-1.504592852822773518e-04,-2.484552846926026820e-04,-3.849893339535369485e-08,-3.386639569069672807e-10,-7.486335890102442771e-14,-6.948525572704830627e-15,1.275762927068913412e-16,9.051656871322276692e-20,2.463954937395570471e-20,1.082502541048820878e-20,-6.005317565233186103e-22,-2.758365530699139098e-21,-6.347489489089070643e-22,1.589153546472569239e-22,-9.686542517361446869e-23,-1.753988637221407175e-23,-6.551269421782346631e-26,6.896383251170324839e-25,1.245433702325495266e-25,8.688644415887434660e-26,1.016361310446042825e-26,-5.967964415762378596e-27,-2.548600906240103546e-27,-3.974000865667443028e-28,-1.437357480385178107e-28,-2.477710711248051008e-29,2.044384687773318837e-30,2.301464124015951228e-30,3.854570945207329895e-31,5.478970244806417249e-32,1.260968355905140155e-34,3.639366249535859458e-33,-3.353835729876304251e-34,1.938399596231151736e-34,-9.992924283853579473e-35,-2.576717549251750581e-37,1.190155223245604660e-34
8.245650444348464580e-14,1.454076137856771084e+03,1.353333222216330796e+03,1.247658686555907252e+03,1.443384682994022114e+03,1.616934889159716477e+03,1.241001637755580532e+03,1.245147594053997864e+03,1.032920686266640359e+03,1.698285480786086509e+03,1.596622862684956999e+03,1.047638634033791732e+03,1.122930810085454141e+03,1.425783847043826881e+03,1.529614553387491469e+03,1.446834101503441389e+03,1.584354976955248503e+03,1.401955442663288068e+03,1.650600750305152587e+03,1.552911633339081845e+03,1.973606182734794402e+03,1.866523861339253472e+03,1.453701691950076111e+03,1.433152647233762309e+03,1.795580916441584350e+03,1.647321821338237442e+03,1.740275371340181891e+03,1.842802635399949622e+03,1.489725433367672622e+03,1.478708331496354731e+03,1.820514357477547264e+03,1.510352886507822404e+03,1.538689998486386685e+03,1.690360970869198354e+03,1.540771939280093648e+03,1.805486093063324461e+03,1.907576637281704279e+03,1.793001088096227704e+03,1.566826125729651949e+03,1.392110527212144234e+03,1.368717340979665551e+03,1.239531068190994802e+03,1.216046472706414534e+03,1.652176923554332006e+03,1.406235173903167833e+03,1.204960055016930710e+03,1.171486592424810169e+03,1.150294368710327717e+03,1.078722528554463906e+03,8.077335785510940696e+02,9.078865507716693628e+02,1.231456763331250386e+03,1.107913905679483378e+03,1.145877452571525737e+03,1.088266907915540969e+03,1.271498489887389496e+03,1.157495291870449364e+03,1.098959847815508738e+03,1.017469231996306007e+03,1.131660026158183200e+03,1.153543262514117941e+03,1.301531546193193890e+03,1.346152889549077145e+03,1.155989193808018172e+03,1.118270066563991577e+03,8.066827460482909373e+02,9.198717864820418981e+02,1.140284857020454865e+03,1.228673783751645715e+03,1.095776302347424007e+03,1.198839649643381335e+03,1.122529323511286066e+03,1.042427266745135739e+03,1.214400416094699040e+03,1.102524739899354927e+03,1.315782378260421183e+03,1.389881046604742096e+03,1.516281769745378597e+03,1.904017427340062341e+03,1.372758706136314231e+03,1.218660697031962172e+03,1.591927321334539101e+03,9.929879640067426863e+02,9.981726162880593165e+02,1.103403814577242883e+03,1.348925220158304001e+03,1.197416151271561830e+03,1.332999823180450676e+03,1.381126002545700203e+03,1.293822797683250656e+03,1.412486517554164038e+03,1.773734388642177009e+03,2.294460583270627012e+03,2.594387335769187757e+03,2.582823034720249325e+03,2.589403471745113620e+03,2.242748550090989283e+03,2.226938679975263312e+03,2.174817153061183035e+03,2.080651644900647170e+03,1.911261164221868285e+03,1.744437736697393120e+03,2.399198735272405884e+03,2.393919656493133516e+03,2.643408631351120675e+03,2.582035640508530378e+03,2.190834893688446300e+03,2.463091365836168279e+03,2.493003511023989176e+03,2.659984806295979524e+03,2.503707270228382185e+03,2.387456050491303813e+03,3.192428842207599246e+03,2.407087562251833333e+03,2.389286825197193139e+03,2.842168767908166501e+03,2.438910303374544583e+03,2.344809529824797210e+03,2.758384439039297831e+03,2.447674396813544718e+03,2.385610788272592799e+03,2.182375620850627456e+03,2.816441906318395468e+03,3.233762537503999283e+03,2.187004080264023287e+03,2.662474538973597191e+03,3.256336131141584701e+03,2.944452517237286884e+03,3.175860682127249220e+03,2.221535048737083798e+03,2.188860840168978939e+03,2.188879838326480694e+03,2.365466835925007217e+03,3.408133375199287002e+03,2.869067775695556520e+03,2.034201480999287014e+03,2.394834099644216622e+03,2.422160723080550270e+03,2.622893956909539611e+03,2.107516282858493469e+03,1.901903507905748256e+03,1.995194364614040694e+01,-7.489705885374303307e+01,3.159392464683504386e+03,2.780462479181221624e+03,2.680301315957736279e+03,2.280907933632976437e+03,2.428197697287052961e+03,2.884494791373610497e+03,2.408384985947639962e+03,2.400577177955978641e+03,2.609252257225297853e+03,2.353270005945891171e+03,3.221391262414771518e+03,2.507523484128108976e+03,2.461310608950717324e+03,2.953304833286375015e+03,2.254788476627763885e+03,1.678546022786092180e+03,1.405427014123586559e+03,1.502347093446232066e+03,1.066460866197407313e+03,1.137181878706216594e+03,1.411705232560698050e+03,1.238430517288245483e+03,1.132022966281680056e+03,1.132555715412620657e+03,1.142233254854017332e+03,1.262191821203887912e+03,9.955810718463434341e+02,1.125775632580807041e+03,1.059469703197242779e+03,9.809100501858446250e+02,1.123276877811774511e+03,1.118287578333233569e+03,1.007373972323256794e+03,9.657829489024377381e+02,9.797319099400556297e+02,9.813583804940678874e+02,1.093190078449225211e+03,9.000022529779995466e+02,1.360200210151103192e+03,1.636101748386021427e+03,1.599146239335785594e+03,1.939619476280982099e+03,1.809361704713626978e+03,1.633812529707032809e+03,1.296323819700112381e+03,1.120889663291583247e+03,1.318593600710771170e+03,1.326667793761081612e+03,1.085911081107892869e+03,1.686655581369442871e+03,1.357362407143928294e+03,1.171940733217604247e+03,1.348345126304334372e+03,1.281686887800241493e+03,1.495541682718859647e+03,1.687164913637269365e+03,1.516012893700509721e+03,1.068864981012365661e+03,9.194914249385062703e+02,8.065072175664749921e+02,8.044234704376659693e+02,8.433268765535924558e+02,8.596007677054759597e+02,1.088505280855688852e+03,-8.787713517637177674e+00,2.653068914234159692e+01,2.917170462562516065e+01,3.287568123114647278e+01,2.533601765240208437e+01,1.921909234983483827e+01,-1.493050735449285753e+02,1.463559742069293861e+03,5.804274646130718196e+01,6.661761025573575967e-02,-8.804647409437145510e-04,-1.453922351566435322e-03,-2.252898751954612146e-07,-1.981810984682300139e-09,-4.382554030321815046e-13,-4.066964333491232966e-14,7.465452858649626452e-16,-7.968861825881314532e-19,1.679634236660985783e-20,1.575791770472361460e-20,-4.892067133100433877e-21,-2.345527290941511429e-21,-2.581462947713876773e-22,-2.250862782539265075e-22,2.998440771748343148e-23,1.268536453704966415e-23,-3.558962002434403262e-24,-1.486416442246727716e-24,-2.010119354386737698e-25,-7.658026862912289023e-27,-4.421005275254419159e-27,1.572091167810437760e-27,-2.872710028296454579e-28,-5.038653992770097278e-28,-1.336643058374106143e-28,-4.566808398647593179e-29,8.123139435225182659e-30,4.476485872766932851e-30,1.350707535093785718e-30,5.886768588493848601e-32,-3.325281622550176184e-32,-2.553533266712330881e-32,9.868062673017166292e-34,4.374847633450539988e-34,-9.799560195606162660e-35,-1.004944590000731323e-35,-1.297252868833248946e-34
-6.097011236933336342e-14,1.249436301332380935e+03,1.046536644868251869e+03,1.444841923735179307e+03,1.727351294852502178e+03,1.742955576205445595e+03,1.346231538450181461e+03,1.034513362201260406e+03,1.004523624400951007e+03,1.337036109065285018e+03,1.693755032320303599e+03,1.227568100812242847e+03,1.410768410652982766e+03,1.455449472325645502e+03,1.615679184950513445e+03,1.519152332918975844e+03,1.379232216658258494e+03,1.597398704411510835e+03,1.778527084805423101e+03,1.706419102447404839e+03,1.791232767550196058e+03,1.604609438040863097e+03,1.564712260109889939e+03,1.934732165490727539e+03,2.037142046117776999e+03,1.994286245869143386e+03,1.615629441622623062e+03,1.513655586007663715e+03,1.758289713044469181e+03,1.831068546842225714e+03,1.429338415525903656e+03,1.481453964567157300e+03,1.800713791609446844e+03,1.699380050380640569e+03,1.541390186130761094e+03,1.750671996974748936e+03,1.665902888058237977e+03,1.697015585988764542e+03,1.645906777496316863e+03,1.323954592309016107e+03,1.514212282944885601e+03,1.451167067934654369e+03,1.364577786735648260e+03,1.345499910309651796e+03,1.129517167524725892e+03,1.320358614645686885e+03,1.324715877280668110e+03,1.279755332375755415e+03,1.167758751617673170e+03,7.846251212204562080e+02,9.558477733467719872e+02,1.172311693287041635e+03,9.453849391096955515e+02,9.962286085754227543e+02,1.110076563196790858e+03,1.185895126629340211e+03,1.547436824831228932e+03,1.150871108810375290e+03,1.099834355541648392e+03,1.421409668132763727e+03,1.430977745760504376e+03,1.166737182744366464e+03,1.160813793936093589e+03,1.178306617149676413e+03,1.065344374688285370e+03,1.008455291767054973e+03,1.077655697808524110e+03,1.032965853775233654e+03,1.239109972067088393e+03,1.153884594920466952e+03,1.348253391909706352e+03,9.053816664814233945e+02,9.330737484188759936e+02,1.217665020428907155e+03,1.152719868608909337e+03,1.454587030541977128e+03,1.481892858852580730e+03,1.659934641677144782e+03,1.719474732575466305e+03,1.412630718525248312e+03,1.363865387345365662e+03,1.545138929555119375e+03,1.245748994083053731e+03,1.138782265798424760e+03,1.157688963546968580e+03,1.188713493118746328e+03,1.145316294993209567e+03,1.310559507901032248e+03,1.408527879637491424e+03,1.157998325644529132e+03,1.150844943576129936e+03,1.791969680963358996e+03,1.943371519567259384e+03,2.434031935594038259e+03,3.047538576329219268e+03,2.472917805887160284e+03,2.300698657718721734e+03,2.087365423119166735e+03,2.063717624444816011e+03,1.910799970007097727e+03,1.766688175722799770e+03,1.563674161412517151e+03,2.365507015948341632e+03,2.323135032403080004e+03,2.803740897320321437e+03,2.774545077128084358e+03,2.361046279187353321e+03,2.755425073502206033e+03,2.261886691045525822e+03,3.496329310163025184e+03,3.049179970853939267e+03,2.711600224255269495e+03,3.453430157775801035e+03,2.513376174906346023e+03,2.497227015323660908e+03,3.056316007036372412e+03,2.437482741861352224e+03,3.035865650425123022e+03,2.558870402113567252e+03,2.432166464631974122e+03,2.537325126282583824e+03,2.549503018410293407e+03,2.502540239394484161e+03,3.306120946792166706e+03,2.477926264157596052e+03,2.846331470348524817e+03,3.099620467256170741e+03,2.649509381971394305e+03,3.166543840113429724e+03,2.340109475722435945e+03,2.011784537091681614e+03,1.901166290564761994e+03,2.945275715955107444e+03,3.272017835786456999e+03,3.034242537135361090e+03,2.520104003229424052e+03,2.536819034263176945e+03,2.410358944992392026e+03,2.267933452048726849e+03,1.903619498698335747e+03,3.909997038314403426e+02,-1.289255074232702825e+01,4.858131950767951679e+01,2.699714133564652457e+03,3.673819800731578653e+03,2.653927900917260558e+03,2.379535577872380600e+03,2.771266484042768752e+03,2.749440858521369137e+03,2.315143546966925442e+03,2.491195089499848564e+03,2.668567302258447398e+03,2.163055653827681454e+03,2.859622748135851907e+03,2.486884308131746820e+03,2.338802706004608808e+03,2.354703766949979581e+03,1.953563702194841653e+03,1.408889579195137912e+03,1.212569323017737133e+03,1.383314262279344803e+03,1.024675453022278134e+03,1.077382559809734403e+03,1.376914522758113435e+03,1.100152573182128663e+03,1.141013688503619960e+03,8.920397722261351419e+02,1.310277215192341828e+03,1.059404380360976802e+03,9.599971154337615644e+02,1.199171175848815210e+03,9.501444134749351633e+02,8.996578599195581774e+02,9.370806717085577020e+02,1.033843372639803647e+03,9.111465790149271697e+02,9.640165441268305813e+02,9.000290061241416879e+02,8.702917603009086633e+02,9.298916810041285999e+02,8.483695517497117180e+02,1.391457601878920514e+03,1.754823532753554446e+03,1.487659008350869954e+03,1.864271614145523245e+03,1.452679176065440970e+03,1.267651347573681505e+03,1.409994402483521071e+03,1.324979888995608690e+03,1.292459481486007462e+03,1.454975991217249430e+03,1.320374191776100133e+03,1.423423372166643730e+03,1.359209500607123573e+03,1.160123649102220043e+03,1.541976323120859888e+03,1.479615530833514413e+03,1.392989384062604813e+03,1.414814332072774278e+03,1.195670081671012213e+03,1.018680028329002312e+03,9.155420441849477129e+02,7.716594914312180435e+02,7.911161409301691947e+02,8.462506492691059066e+02,9.986376797345604928e+02,1.369872651215297765e+03,-7.920251321220894170e+01,-1.266353583816514146e+02,-1.172648943615022574e+02,-1.386253865637812055e+02,-1.617603806618198234e+02,-1.221192193508383070e+02,1.333141726275688370e+03,1.148964636367215917e+03,-3.384122075485718995e+01,-3.957723766096722662e-02,5.230803412286115419e-04,8.637690578749691568e-04,1.338437531134901806e-07,1.177385552404702997e-09,2.603714504216001946e-13,2.415974685859099931e-14,-4.476903207937738570e-16,-2.684537812194933059e-19,1.568523279347544513e-19,3.406775700647082201e-20,7.626279873842258247e-21,3.310230815209057995e-22,3.570640525207854824e-22,-6.686775832055310617e-23,-3.623986972890275500e-23,-3.445898836874653556e-25,-1.848860751014172979e-26,-2.664646310424437341e-25,3.259990751581313855e-26,1.971268866102715207e-27,8.588476211764703011e-27,5.124733690771315978e-27,1.256860672945430854e-28,-3.389544513478248622e-28,-8.332166909622832614e-29,-2.747849519829933261e-29,1.788968953601354424e-30,2.597900919709307315e-30,8.664471828183068800e-31,4.304901668051287633e-32,-7.885543304309682897e-33,-8.040169563377120205e-33,-5.186778958379914361e-34,4.731943626404864605e-34,2.162972821645677008e-34,3.609854323072706821e-35,-9.286682219612598784e-35
2.643723495211061920e-14,1.884821421951626007e+03,1.235609013852831140e+03,1.841086568613784493e+03,1.706542188162565708e+03,1.579581341593030629e+03,1.473710076022420708e+03,9.610332271491414531e+02,9.754293337510372339e+02,1.045355378776769157e+03,1.444346133240441986e+03,1.789762788110323072e+03,1.712677693785592737e+03,1.710965355288613409e+03,1.884257546606601181e+03,1.797236123175845478e+03,1.476641776567620127e+03,1.576540005807876469e+03,1.775566455960329904e+03,1.695324239586178237e+03,1.445722497330596525e+03,1.484595450765429632e+03,1.570513310744347564e+03,1.974657934670952500e+03,2.184291918428628378e+03,1.897532763352285201e+03,1.358177052089833296e+03,1.340515794841652678e+03,1.637976753119710338e+03,1.834459044585078800e+03,1.085743697317416718e+03,1.328480247222569233e+03,1.860541942457462028e+03,1.917194509597048409e+03,1.494150269856649174e+03,1.509685531447301173e+03,1.480425351233300489e+03,1.484992153791689134e+03,1.602007703547080609e+03,1.428596794980554023e+03,1.676822947780930690e+03,1.622914880027789877e+03,1.278588507464839722e+03,1.088441500550825140e+03,1.029621782029166297e+03,1.258669354870960888e+03,1.314455828559393467e+03,1.167908734054308752e+03,1.118048303311197060e+03,9.390192384285172693e+02,9.114054576238611389e+02,1.018680871232629215e+03,1.105528780083601760e+03,1.052131900020216335e+03,1.171201879124292645e+03,1.060789729978308060e+03,1.501878109214013193e+03,1.278735668927557072e+03,1.074820632363078403e+03,1.470270250251267043e+03,1.513106367745643865e+03,1.196849352444050282e+03,1.137871555510793087e+03,1.072595791252650542e+03,9.772195004603106554e+02,1.202846625216119946e+03,1.313479589346005923e+03,1.021497825181263465e+03,1.274912712027499765e+03,1.120772434034977550e+03,1.324647926623013745e+03,8.765568852911225122e+02,1.061565847553345520e+03,1.167880000605437544e+03,1.307929308318928179e+03,1.837517880974173522e+03,1.501023427872172761e+03,1.689532836546285580e+03,1.568167932080454193e+03,1.447199908149460953e+03,1.680758695786387989e+03,1.692977039589048900e+03,1.550810611822701276e+03,1.469748785102551210e+03,1.318662848559793247e+03,1.079825305435580049e+03,1.290941846028307964e+03,1.494206795740888538e+03,1.348229828829402322e+03,1.202420875262628215e+03,1.002376851321304798e+03,1.674942191200616890e+03,2.108658486413012270e+03,2.083511524914125857e+03,2.886936716260216599e+03,2.101835495863140750e+03,2.650285837654089391e+03,2.384003411932761537e+03,2.090337383549232527e+03,1.859897842231230015e+03,1.867304081994262560e+03,1.486486877183538127e+03,2.238933514204235053e+03,2.510530424140052673e+03,3.107220517183628999e+03,2.818149798397061659e+03,2.321120893607772359e+03,3.333657716046969199e+03,2.785551570338505371e+03,3.481636049546300910e+03,2.517910036996516283e+03,2.766750530135926965e+03,2.930012141452878495e+03,2.518383218378699439e+03,2.626471320331498191e+03,3.087169010543933382e+03,2.652724538849109194e+03,3.120619666243286247e+03,2.381890955060680426e+03,2.315192328812767755e+03,2.517084164623301604e+03,2.469057438539269697e+03,2.605406841331746364e+03,2.915639529228126321e+03,2.647246730292848497e+03,3.420907182864645620e+03,2.640137535863385438e+03,2.297697688336396823e+03,2.941888594758683666e+03,2.723401259984271746e+03,2.014269745189774312e+03,1.972231054564874057e+03,3.124501965224672404e+03,3.228736789675418549e+03,2.796244556246520006e+03,2.675199765947151263e+03,2.446067993694497090e+03,2.377791755286748412e+03,1.919962908651305952e+03,5.375244576836181523e+02,-1.492897063916900038e+02,9.617401958856246935e+00,-3.695133289523921860e+01,2.193545805335432760e+03,3.111916555689420875e+03,2.598056119130830211e+03,2.605907895629067752e+03,3.022367450724691480e+03,2.749258544764112685e+03,2.512340436403692820e+03,2.713551710864120651e+03,2.598644695913823398e+03,2.626712024844908683e+03,2.118303978198164259e+03,2.617033470483897418e+03,2.529651194896159268e+03,2.054361789314739326e+03,1.655838426240048875e+03,1.218791425256674756e+03,1.037346229567747287e+03,1.092644282763193587e+03,1.131240485519835374e+03,1.111145529992264528e+03,1.242049213116945793e+03,1.064918535897173570e+03,1.113060258305961497e+03,1.272626948052353100e+03,1.158191647560470074e+03,9.897281378379743728e+02,1.028802049010754672e+03,1.308335010601830618e+03,1.011797598003788494e+03,1.160143309696481765e+03,9.623556345907315972e+02,9.220392393400709352e+02,9.292642095111773415e+02,1.074209440006872228e+03,9.874218846973956261e+02,9.622119872891321393e+02,9.993916387043456098e+02,8.652273990986539047e+02,1.270029832849635568e+03,1.734928692545566264e+03,1.411576136728063830e+03,1.393423454924444286e+03,1.252314638378312566e+03,1.010074039298458047e+03,1.200642468684692176e+03,1.599565103888595331e+03,1.418092637847501464e+03,1.630714981822122809e+03,1.616887193994307609e+03,1.339387071374948164e+03,1.386526330423136869e+03,1.498095265437461194e+03,1.817825835557418259e+03,1.688371383281564022e+03,1.313946245974164640e+03,1.353169549874839277e+03,9.954824732514011885e+02,7.891678603468936899e+02,7.293324485371329047e+02,7.099088499540177963e+02,8.379533382882577826e+02,7.757082994980245303e+02,1.005051691832562028e+03,1.271581954332318446e+03,6.261028762130532641e+02,8.131633645853308963e+02,7.438675537445888040e+02,8.834694392383455579e+02,1.082987307799834298e+03,8.349669461132795050e+02,1.351892821979900191e+03,1.330613661922004212e+03,1.379486715522407003e+01,1.613306859876640145e-02,-2.132258724084347651e-04,-3.521025288225396025e-04,-5.455940265758984785e-08,-4.799435095444173749e-10,-1.060907739637987109e-13,-9.844294031651859483e-15,1.815657132496255945e-16,-1.997244750920931133e-19,5.841350530124364443e-20,1.361017805176612099e-20,-1.416445385164240228e-21,-1.313716720884089297e-21,9.191767645381538308e-23,1.811107436104154221e-22,3.915089763749176614e-23,8.351809210863708945e-25,-1.210138876612710295e-24,-1.822272656852325017e-25,1.198968265905364701e-25,3.403727016281282552e-26,1.847768777512434476e-26,-8.775083194727129754e-28,-1.413446423726067839e-27,-5.487326099815964445e-28,-9.414179500236541535e-29,5.783797342816157180e-30,7.626562277250113782e-30,4.104745684265513932e-31,-2.042638606922332366e-31,-9.570165515380960126e-32,2.261853694287483382e-33,-3.668124507078077786e-35,8.068681234956492104e-34,-1.153218689684490673e-34,1.682514430095853531e-34,5.206852658864466310e-35,-9.779232889718319162e-35
8.805178590763513669e-14,2.112578545216378188e+03,1.562471642172178690e+03,1.779463308599767288e+03,1.350267338527105721e+03,1.515732027515396567e+03,1.558897761091871644e+03,1.192385789433318678e+03,1.156704568059689109e+03,1.239685391661181711e+03,1.143649780529640339e+03,1.948506980725198900e+03,1.612218345141944155e+03,1.474159051901277053e+03,1.932995769955042078e+03,1.644156893569833073e+03,1.628984089919409598e+03,1.607823089487453217e+03,1.745129751214910812e+03,1.746442901032116652e+03,1.335034019036870859e+03,1.349418683196802249e+03,1.613891646612514251e+03,1.742474735599408632e+03,1.770647961667273648e+03,1.540591081764695446e+03,1.488748760194867373e+03,1.644237401966357993e+03,1.707273854582983404e+03,1.764184517790192331e+03,1.688618215947931958e+03,1.573088368234383097e+03,1.652443265646361169e+03,1.812755875865493636e+03,1.804467530081920131e+03,1.330735294726766597e+03,1.441874938032679438e+03,1.419273157822645089e+03,1.465252250088271694e+03,1.391974607157407263e+03,1.604521403814127098e+03,1.508943944163551805e+03,1.367547344805374451e+03,1.147687624683886497e+03,1.116834591844725992e+03,1.254678204279997317e+03,1.185472333384506783e+03,1.025211799636864498e+03,1.017369466784844008e+03,9.896599994353593956e+02,8.048706122003534347e+02,9.994965751510882228e+02,1.294433150060921662e+03,1.200824374750785182e+03,1.261884975227790619e+03,1.109081516381497977e+03,1.180713744190641819e+03,1.225889766137479455e+03,1.016963091932631073e+03,1.364527237724074894e+03,1.370971972619557391e+03,1.376732243323295052e+03,1.089792398911360351e+03,9.776509358092246202e+02,1.134297963699852744e+03,1.361197466089560066e+03,1.410569868935383283e+03,1.151141309929757654e+03,1.322707214987898396e+03,1.104069488770330281e+03,1.132264741133386224e+03,1.047569118190529935e+03,1.105315048593336087e+03,1.155552239888169424e+03,1.524011511303124507e+03,1.770526638292722964e+03,1.758799968772262901e+03,1.678942560744993216e+03,1.619592783412128256e+03,1.602648889085974133e+03,1.806434169839056949e+03,1.787095374456114087e+03,1.600408930397185486e+03,1.717695381423910021e+03,1.329087128339888750e+03,1.142658868129827397e+03,1.717789537989887322e+03,1.816646609156856812e+03,1.313821902188721651e+03,1.306395247981663033e+03,9.258211629231066127e+02,1.159486467019573638e+03,1.832661223927739911e+03,1.899015764563108405e+03,2.529253175125454618e+03,1.892952917553178850e+03,2.528559305837353349e+03,2.286588794425099422e+03,1.932979792956394249e+03,1.614065772096852243e+03,1.857099022641814372e+03,1.742374726995614537e+03,2.586172671680799340e+03,2.648956332129525890e+03,3.234588645061240186e+03,2.544699140377841559e+03,2.370424815808195035e+03,3.078862447287466694e+03,2.743491556039754414e+03,2.665459133406081037e+03,1.925663791777752976e+03,2.742665824586495546e+03,2.321274229240914792e+03,2.508321911925133918e+03,2.600066859281782399e+03,3.087942510791273889e+03,2.794587302691133118e+03,3.053270512296626748e+03,2.607393362676069046e+03,2.426357758514193847e+03,2.437587031821351502e+03,2.552156790203493529e+03,2.517875665995327381e+03,2.478320282123976085e+03,2.524279420968681734e+03,3.078504152396678819e+03,2.346281885955670077e+03,2.638373019286842919e+03,2.801796263035020274e+03,2.809322888911810423e+03,2.164879804913873613e+03,1.780085954302741129e+03,2.474593566586897850e+03,3.034160972298519027e+03,2.380449435143306346e+03,2.698812626938117319e+03,2.429578888251277476e+03,2.442835519898352231e+03,1.746233957719695809e+03,-1.487017701569211852e+02,5.259258198689351360e+01,-1.852146331555817582e+01,7.252411471793298858e+01,2.109736650093849221e+03,2.401480330139152102e+03,2.571393591291423490e+03,2.911738683151739224e+03,3.041775458143448759e+03,2.975174422474033236e+03,2.832641799093423742e+03,3.190546073185103069e+03,2.691597655580574610e+03,3.076521636428341480e+03,2.122080424748883615e+03,2.688997253644538432e+03,2.275246731809518224e+03,1.887525443540643664e+03,1.269486461307802756e+03,1.305520273341515349e+03,1.062759867681864307e+03,8.955258617188566177e+02,1.092816560559087975e+03,1.048471878155753529e+03,1.211287756465113262e+03,1.125458494251088723e+03,9.904684895226456547e+02,1.544261298029083264e+03,9.728978083411566331e+02,1.177240261573889711e+03,1.020521791391404236e+03,1.164147330946778084e+03,1.018168821447927371e+03,1.248168841539565619e+03,1.024624836338360410e+03,8.903688222624966784e+02,1.085449477704942410e+03,1.093328301371056568e+03,1.112846859281093202e+03,1.017646414975768835e+03,1.157558205086196040e+03,1.063459093813539084e+03,1.191869603353737830e+03,1.322565434344190180e+03,1.264461856437063489e+03,1.194653062261493687e+03,1.537567602920557874e+03,1.056048004618561663e+03,9.920530768767665677e+02,1.428806917931450698e+03,1.483225157700951968e+03,1.786332504436918953e+03,1.903571587774101772e+03,1.590976703014843906e+03,1.435402496422405648e+03,1.886797776359184809e+03,1.654402152796639257e+03,1.319642686545627384e+03,1.127163313991857876e+03,1.228627761468046856e+03,9.660491526196130962e+02,6.212407691252660698e+02,6.285229133298887518e+02,7.466358209803855743e+02,8.750932888627625061e+02,8.754057512865654189e+02,9.010613329911149094e+02,1.038367908648366665e+03,1.021577293490070815e+03,1.122190794290098211e+03,1.123083202581832211e+03,1.302169504297368348e+03,1.580641292895018523e+03,1.405621286604141915e+03,1.060084613713985618e+03,6.639302817037407749e+02,-4.640679966290967684e+00,-5.427265619790608286e-03,7.173052289926627810e-05,1.184495024990208723e-04,1.835412560534573125e-08,1.614560637411984315e-10,3.572888177824976275e-14,3.313038375188671653e-15,-6.254391710123516230e-17,-3.733696131558344858e-19,9.691653866069318113e-20,4.530089254768692288e-21,-2.829018406337192024e-21,-1.207889069132383077e-21,6.335719816521855756e-22,2.126352956639047042e-22,-3.350007912780081764e-24,-4.970604684998705484e-24,-3.456265005564434292e-24,-2.078809035473814289e-25,2.108292438269351765e-25,3.287426536839830217e-26,-2.156861194744572479e-27,-1.385631556115089775e-27,-9.376534168336217855e-28,-5.036172108148944491e-28,-1.198376903055053617e-28,-1.915623667784320049e-30,2.766946942414433041e-30,4.641967034464952216e-31,1.303761632708679416e-31,-8.219687380530276792e-33,2.053500845234778329e-32,5.242897449299795710e-33,-1.506688400670035590e-33,-4.337679149754115576e-34,3.578729780002415995e-35,3.246840939123234208e-35,-5.384791271473754586e-35
7.775105599670012149e-14,1.925478057240728958e+03,1.491849344807276793e+03,1.493637343747965588e+03,1.301867592898457815e+03,1.578321455524004023e+03,1.523165013951403125e+03,1.527183978548754339e+03,1.482460694177839287e+03,1.549706989558937266e+03,1.284352147932780326e+03,1.527309525187391955e+03,1.203096222148211609e+03,1.108853261000580233e+03,1.590213785496789569e+03,1.430958887198820321e+03,1.742467237033107040e+03,1.805184480445333065e+03,1.751126215442156763e+03,1.830627804565650649e+03,1.662593053899297729e+03,1.215678297352744266e+03,1.554318382617295356e+03,1.541494281878493211e+03,1.203793545101555310e+03,1.260333566146250860e+03,1.600191733008114170e+03,1.866587210697894989e+03,2.037089726907284330e+03,1.964457614487790124e+03,1.974691529826528267e+03,1.694124466133160240e+03,1.601223783318507230e+03,1.547988619751671877e+03,1.812819313707087758e+03,1.229482439650367951e+03,1.286301266237493792e+03,1.328535133371846086e+03,1.420049926164374938e+03,1.456514168460505289e+03,1.628561871319699094e+03,1.477990161063663891e+03,1.520599258986348786e+03,1.313983649267481951e+03,1.185978023815674987e+03,1.174551344184046911e+03,9.560064664278621649e+02,8.770233243273846711e+02,8.798158822898573135e+02,9.027390605731978894e+02,8.746303437665378624e+02,1.191886204302340957e+03,1.229256034727030283e+03,1.152708069313351189e+03,1.363172950995628526e+03,1.182702198892626257e+03,1.123361185132316223e+03,1.194358384891834930e+03,1.005978426694808718e+03,1.255925305583530644e+03,1.275458766227206297e+03,1.323699173045899897e+03,1.022319923806472730e+03,9.083724522470535021e+02,1.134795021312638028e+03,1.353623728404150143e+03,1.441979078819031884e+03,1.153107145640345834e+03,1.197726307926390518e+03,1.181884675284529067e+03,1.005279723841887289e+03,1.065533059502876995e+03,1.015286231683026131e+03,1.169956867507157767e+03,1.490896076765492580e+03,1.397492599316926089e+03,1.916639939013243747e+03,1.756901699562316480e+03,1.577037075923805560e+03,1.651676165244725325e+03,1.771826514328519124e+03,1.609650551641688935e+03,1.593482536310826163e+03,1.740572928301502088e+03,1.306172432080033104e+03,1.294742100080553428e+03,1.846397693606800658e+03,1.797278517372076976e+03,1.493840425968691079e+03,1.307786318986476772e+03,9.856694707761361087e+02,8.854516018071041117e+02,1.372919161513044401e+03,1.720884642277123248e+03,2.343861317078127286e+03,1.767942239374779319e+03,2.170390158597802383e+03,1.941494187307324182e+03,1.647641574862003154e+03,1.443987244617219176e+03,1.667544180851332385e+03,2.172459321875458045e+03,2.953011749013606732e+03,2.822205582055808918e+03,2.945734156017856094e+03,2.395507221425422358e+03,2.705912966466354192e+03,2.588708677160831485e+03,2.192481661123348658e+03,2.373063545171937221e+03,2.012561585127531998e+03,2.851218308122572580e+03,2.003561490419780284e+03,2.822884621691418488e+03,2.491196763777445540e+03,2.500872543281787330e+03,2.771873844938872026e+03,3.094342250909882296e+03,2.621989584583502165e+03,2.770728443709261683e+03,2.671442943330363960e+03,2.699803546954617559e+03,2.393298171946391903e+03,2.501554064961776021e+03,2.515838068296309757e+03,2.584559064951307846e+03,2.341781201186498947e+03,3.060019194180235445e+03,2.568006381879990386e+03,2.409587334206434662e+03,2.102291632182552803e+03,1.714572783738952239e+03,2.013866306984724133e+03,2.645301186958054132e+03,2.131250696897463058e+03,2.948823751598066337e+03,2.500451288965241929e+03,2.289734152611300487e+03,1.626745749498314353e+03,3.085784334098290671e+01,-2.234041200336764987e+01,5.135547349445758414e+01,-2.018076359279045846e+02,2.172583876666834840e+03,2.858879398163907808e+03,2.270718268429941872e+03,2.909171448798533220e+03,3.033148618433725460e+03,3.211607928370755872e+03,3.067194058592610418e+03,3.521942676840697914e+03,2.793304932711998845e+03,2.726635258901011639e+03,2.669627297340165114e+03,2.762734718890562363e+03,1.868956970753232099e+03,1.713699699905976104e+03,9.939738800317775258e+02,1.195227427516592343e+03,1.192348618578704873e+03,9.438719897303200241e+02,9.290651622723886476e+02,1.051798301880889312e+03,1.133282186401904255e+03,1.162016701163860262e+03,9.895953188364261450e+02,1.282361787627768535e+03,9.988151969176997227e+02,1.337877806051662901e+03,9.976982650154898238e+02,1.018971889899262806e+03,9.764843809375132651e+02,1.043156089263661215e+03,1.021253045932635700e+03,1.042024828132600078e+03,1.152659508680663748e+03,9.517072972539892817e+02,1.134008904951401973e+03,1.055023499594338091e+03,1.332748465036866492e+03,1.260025864407189147e+03,1.219098575339399304e+03,1.019985033402358454e+03,1.106033002375228307e+03,1.174017105803405229e+03,1.563027869626036590e+03,1.316418759618778950e+03,1.113465029610657893e+03,1.292852336150969904e+03,1.316042655713014028e+03,1.751010692185284370e+03,2.040074580945904472e+03,2.007294411273574497e+03,1.664174855153749604e+03,1.804575440574782306e+03,1.198097903962710006e+03,7.902588642851667373e+02,8.348312382846968376e+02,9.646347709522078731e+02,9.590445332162679506e+02,6.908878758241374953e+02,7.629093119975483432e+02,8.201023456980096853e+02,8.220125652424737837e+02,9.708665526706523679e+02,8.365928553959639657e+02,9.098736135544367016e+02,9.356365936843293412e+02,9.031824386703308392e+02,9.467056694703618405e+02,9.638386244078037635e+02,1.059367481453498613e+03,1.179699286007371484e+03,1.244436324929660032e+03,-1.468378062732501235e+02,1.341809337336574259e+00,1.569243244034239327e-03,-2.074021180030395745e-05,-3.424856909126451144e-05,-5.306924208294992626e-09,-4.668349729248863782e-11,-1.032435191953286287e-14,-9.575887393756925963e-16,1.714211111128111030e-17,-1.436920011280092453e-20,4.009548160629886527e-20,2.985663065557222686e-21,-3.492717513141648780e-22,1.952389306700410070e-22,-1.423775521255777442e-22,-3.094382474214445067e-23,-1.540521225211682141e-23,-4.360860760142834854e-24,-1.142490210845871295e-24,1.472782533355521365e-25,1.351865929385281516e-26,-2.004584317992831998e-27,-5.137446005479821736e-27,-2.598621113412272484e-29,-1.145802659817469280e-28,8.188960578524178383e-29,9.086187660494620047e-30,1.091080192361022474e-29,4.026989734178567378e-30,5.359040400125666293e-31,-1.636303976850454447e-31,-1.518643215868811872e-32,2.906219777418212632e-33,-8.379931676943231952e-34,-5.239829262952743245e-34,-8.399230365168747780e-35,-6.516191319511599033e-35,-1.179344062418257906e-35,3.686893836905544855e-35
1.590910696924622387e-13,2.128080807588880361e+03,1.302567807402470635e+03,1.500772482273827563e+03,1.475848819852900533e+03,1.552127429513297329e+03,1.518142764030840681e+03,1.503514643611817974e+03,1.457506750079166522e+03,1.527014182058963115e+03,1.562368793082094726e+03,1.216369793340458045e+03,1.050682927183813945e+03,1.122651975081851788e+03,1.358774550762782610e+03,1.661833261298410889e+03,1.862142217286476352e+03,1.752184135682188980e+03,1.707016515974135700e+03,1.860977056327816399e+03,1.892765358358755293e+03,1.245318819781571165e+03,1.579629839128798039e+03,1.392550146979489455e+03,1.227109315850080520e+03,1.356864258650286274e+03,1.329057119603080537e+03,1.586899501530005182e+03,1.827929719140437555e+03,1.844272285438812787e+03,1.388323212571198837e+03,1.287527027019269099e+03,1.487041919310438288e+03,1.467006832009881009e+03,1.466243676982441457e+03,1.314477760672030172e+03,1.156169255284032261e+03,1.201217219459056196e+03,1.367566015479737644e+03,1.623110479024553570e+03,1.686227231645601705e+03,1.483217953832280273e+03,1.396540595127454026e+03,1.344684142009187781e+03,1.227360762931178442e+03,1.029087240169880033e+03,8.317413913983485827e+02,8.066437016266359024e+02,8.272861738948791981e+02,8.069609034603830651e+02,9.512241451249874444e+02,1.295793545697106310e+03,1.181327871544530126e+03,1.046122393766859886e+03,1.315482287922003252e+03,1.162594764281382368e+03,1.120108901465202280e+03,1.246012153219074207e+03,1.091005357570085152e+03,1.046898863083505830e+03,1.219543773063163144e+03,1.196101228211699436e+03,1.062018167520987618e+03,8.718358921752328570e+02,9.995531214261080777e+02,1.150627790988357447e+03,1.338374600261894784e+03,1.120581040876074212e+03,1.031506168773207946e+03,1.104829357867394720e+03,1.005146289949872425e+03,9.679335386167617798e+02,9.548399950080895451e+02,1.257428378492199499e+03,1.361930524398138232e+03,1.354917723025357873e+03,1.699248062691299765e+03,1.715334975868055608e+03,1.513510130902790479e+03,1.437454215552300411e+03,1.773611634706403720e+03,1.473392703518166627e+03,1.560444635243975881e+03,1.676829425971455748e+03,1.691056311849367830e+03,1.300849456731033115e+03,1.591197641768596668e+03,1.509218764268731547e+03,1.510966265401947794e+03,1.169689977996962398e+03,1.125528358572945535e+03,1.135123302128740079e+03,1.231679550136169837e+03,1.416218674688656847e+03,2.010099856270194323e+03,1.611238053263331267e+03,1.979197332813030016e+03,1.979208913663326939e+03,1.498532274921024964e+03,1.523493075102700232e+03,1.571353861930945413e+03,2.232046074324382516e+03,2.753826366495675757e+03,2.772925389716414429e+03,2.717376008048325730e+03,2.569988259342341280e+03,2.774057328018030148e+03,2.585128265973100042e+03,2.106727275576045486e+03,2.492471647229370319e+03,2.286559584261893178e+03,2.697057293162497444e+03,2.154037673368861306e+03,3.169188504029433716e+03,2.446616069924121348e+03,1.878795693448515067e+03,2.556449633932706092e+03,2.695620422429926293e+03,2.251083019176729977e+03,2.921274262837341666e+03,2.848877230875232272e+03,2.542742826659088678e+03,2.658465875457189213e+03,2.771207111058992723e+03,2.506227880475684742e+03,2.703462705145705058e+03,2.737218330639909709e+03,3.151529478634602583e+03,2.228330467403827242e+03,2.463480729929803601e+03,2.039070451014291393e+03,2.201509078128941383e+03,2.536176834357491316e+03,2.610971532089514767e+03,1.981040535385377552e+03,2.725694335150515144e+03,2.472578631267653236e+03,1.910924779916102352e+03,1.400703349693014616e+03,2.278281891895505851e+01,2.322777835030915838e+01,-1.272474738307013382e+02,5.415467694665793488e+02,2.598293796945707072e+03,3.142991548679400694e+03,1.748307760955658523e+03,2.579917943759470745e+03,2.883027015152183594e+03,2.909512311525566020e+03,2.695017658404014583e+03,2.970334225604830863e+03,2.639219017397453172e+03,2.372006596086966965e+03,3.062948751997110321e+03,2.880304528187182768e+03,1.934768248824273996e+03,1.603314171757921713e+03,1.081540363780517964e+03,1.096737763357864878e+03,1.212750082816671238e+03,1.063407251859217013e+03,8.579911859452507770e+02,1.206160472704661288e+03,1.045309508994877888e+03,1.147086721048340678e+03,1.158270160721880757e+03,1.178210957483964421e+03,1.057556335567191809e+03,1.252558115291647709e+03,1.119141348233190683e+03,1.031991039519114793e+03,9.743849403410824834e+02,9.841409056094684047e+02,1.014038246986717468e+03,1.282523881505186637e+03,1.210905776117034520e+03,8.660399896278643155e+02,1.116259946801551905e+03,1.111047661478821283e+03,1.440182975887728617e+03,1.206046453173383497e+03,1.229852670874377509e+03,1.121320252092049259e+03,1.085406609075309461e+03,1.085055430345941659e+03,1.184680148720103261e+03,1.401241128574276217e+03,1.294734506837729441e+03,1.465172076691660777e+03,1.302055192565527705e+03,1.569251515158548045e+03,1.753385666107876887e+03,2.128120548639036315e+03,1.988239521229584625e+03,1.367997118665726930e+03,9.429269305090675743e+02,6.894023117904523588e+02,7.352833651482783353e+02,8.384789494186380807e+02,8.938285390725321804e+02,8.093998052986246421e+02,9.191835529746589373e+02,8.964642393695487499e+02,7.793867236913191618e+02,8.830181418949148338e+02,8.150048005807097979e+02,9.526414048173297715e+02,1.083371987878484106e+03,1.296561451682925963e+03,1.135149599856889381e+03,1.042316599974144310e+03,1.032898312690824014e+03,1.101531243533699126e+03,1.294828788076590627e+03,3.568866658004277070e+01,-3.261243631294873935e-01,-3.814017679845973195e-04,5.040871438057655238e-06,8.324053553724621466e-06,1.289838445677344046e-09,1.134633260786804108e-11,2.506053082871632376e-15,2.329079679942428469e-16,-4.235950241231588839e-18,7.870653860564392081e-20,1.422432226795544106e-20,8.602938784700606832e-22,-1.062948912130725946e-21,-5.318849334767138260e-23,6.680426966930388199e-23,7.293927316675305721e-24,-7.171154185927118488e-24,9.664368803625135305e-25,-2.386866363040286785e-25,-1.123595126499139620e-26,-3.256394211031256117e-26,-4.368661669123453433e-27,-2.519269023543538787e-27,2.770070446230160838e-28,3.206546369226432847e-29,-2.707172509681863978e-29,-1.050704056063578269e-29,-1.527016009144568578e-31,-2.603545541517402257e-31,-8.354210758507456999e-32,-5.319132992969378501e-32,1.158275915050171729e-32,1.827330986317958641e-34,-9.134652121101587214e-34,-4.672485231861531094e-34,2.028267929255999957e-35,-4.105176154807554101e-36,-7.763020024212801307e-37,2.380248692634926347e-35
5.716570473583631438e-14,2.412731418740906065e+03,1.510988860110936912e+03,1.639699969868681819e+03,1.531728690581099045e+03,1.480075937980627941e+03,1.637994724851003866e+03,1.329652256537958692e+03,1.248043695403345964e+03,1.356417783418100043e+03,1.624224554131750665e+03,1.346388090253600012e+03,1.303702462085059324e+03,1.182988893495982211e+03,1.472894500966348687e+03,1.776064628548504288e+03,1.749282051017369895e+03,1.611207941788177322e+03,1.662955945293744890e+03,2.013389084694245184e+03,1.660605657043165820e+03,1.407420035316513577e+03,1.878901195287845667e+03,1.352749584844070796e+03,1.451537767533620126e+03,1.805657456568942962e+03,1.308464319246326568e+03,1.308247345974016753e+03,1.462933103919586756e+03,1.495386444168793560e+03,1.197436433149070581e+03,1.109015229814779559e+03,1.263524294578285890e+03,1.386700243672844636e+03,1.639847147091053785e+03,1.544944953220998741e+03,1.395959858455788890e+03,1.371908961096307848e+03,1.198275871195964783e+03,1.399923903717213079e+03,1.393489348179761691e+03,1.350425593010136026e+03,1.281453121874073986e+03,1.320398706010703108e+03,1.269083107200391623e+03,1.238253001110875857e+03,9.866577961215881487e+02,9.752968025864059882e+02,9.349176362692093107e+02,7.554658984439131473e+02,8.602087165067766819e+02,1.169205509258635175e+03,1.317399055190348463e+03,1.114817274071546308e+03,1.105880381720382502e+03,1.206604796305414084e+03,9.298490082617843200e+02,1.089020114622535630e+03,1.136991954541193081e+03,8.124603527131690726e+02,1.097651278485600642e+03,1.338603757938725494e+03,1.100664195069666221e+03,9.329927352560553118e+02,1.152143078471575336e+03,1.014064331702721802e+03,1.095007935067640801e+03,1.133098028775940975e+03,1.022849292562239157e+03,8.734097637730707220e+02,9.726123135868305098e+02,9.492156715341619702e+02,9.522933472633816336e+02,1.369319164027829174e+03,1.483908930865258753e+03,1.522639346434800473e+03,1.543799384960854468e+03,1.497368732632108504e+03,1.734466789274676785e+03,1.276452118200217683e+03,1.755024082524837468e+03,1.513535120090935152e+03,1.276634631863375489e+03,1.675793856637235876e+03,2.174962291241527510e+03,1.744910236662026364e+03,1.751036484721714487e+03,1.549360317149170442e+03,1.107274659826190145e+03,1.150637184914949330e+03,1.171636375455433381e+03,1.425056870548805591e+03,1.353215869693809736e+03,1.343924550405193713e+03,1.625614189918308966e+03,1.574386130678447216e+03,1.703950493134529097e+03,2.006830435121507890e+03,1.477314491870335814e+03,1.430030516920931177e+03,1.606406764232597425e+03,1.855641298460187045e+03,2.842522742273543372e+03,2.389068571251392768e+03,2.973798658241286375e+03,2.792742128779391805e+03,2.523336378119722667e+03,2.520059152892919428e+03,2.413679479652537339e+03,2.178819822415621275e+03,2.570419097729214172e+03,2.400298814856732861e+03,2.751279174701475768e+03,2.776357145529199443e+03,2.519371136833596211e+03,2.279377326039526451e+03,2.275072421296177708e+03,2.276730457477231994e+03,2.238565393315578604e+03,2.894728312218963765e+03,2.848256672001118659e+03,2.537397201439164292e+03,2.823783453300830388e+03,2.636305352428143124e+03,2.536669095245827975e+03,2.352104854401318789e+03,3.240666460541803190e+03,3.357999392124716906e+03,2.200660228944680512e+03,3.024320313823367542e+03,2.169666720775802787e+03,2.586676409956516636e+03,3.100423082946616432e+03,2.674483985210765240e+03,2.025277298626691618e+03,2.051295418096311550e+03,2.349310191975647740e+03,1.963855895321343723e+03,1.212629676119000806e+03,-5.717321869610370300e+01,-3.533708232135425220e+01,2.286906216756237313e+02,2.707382425477299876e+03,3.403911967363395433e+03,2.560343845461432920e+03,1.704600026684195655e+03,2.472367894592979155e+03,2.459592640199742164e+03,2.198107841000991357e+03,2.135825692186074775e+03,2.080015808247293535e+03,2.546400718788672293e+03,2.624457302021547548e+03,3.067300888768126242e+03,2.769986644023253120e+03,2.123399879301902274e+03,1.558943499663468401e+03,1.250918152593355444e+03,1.351560501723310381e+03,1.150516307781670776e+03,1.117405135337071897e+03,9.511664235055141035e+02,1.268945585936701946e+03,1.192563131724248251e+03,1.179200512481673513e+03,1.236149239681894414e+03,1.343724480943358003e+03,1.036853234184495932e+03,1.098566792640597441e+03,1.225446515579390052e+03,9.660584272339626750e+02,8.965011535967906866e+02,1.110994098122093192e+03,1.116106759005613185e+03,1.296980762289327231e+03,1.332656648844690380e+03,1.017455978299311255e+03,1.145502890718964636e+03,1.025488570187917048e+03,1.310311349112935204e+03,1.088262277032171369e+03,1.215779622921694454e+03,1.292005437612146579e+03,1.145797187674885208e+03,1.109844738709734429e+03,9.791735197300821483e+02,1.023452995984179324e+03,1.282935669396400044e+03,1.349251925739482431e+03,1.538049268243712504e+03,1.525888908417092807e+03,1.346073565215554254e+03,1.800744282736931154e+03,1.774749458624348563e+03,1.045380367501661567e+03,8.995962238309783743e+02,7.542930644290325972e+02,7.930730007363893037e+02,7.201332580134892396e+02,7.511786817952688580e+02,8.534136559273233615e+02,8.938039878459194369e+02,9.825426925366103887e+02,8.924075545504983893e+02,8.372591757685004268e+02,7.958894670515206826e+02,1.091470966262614638e+03,1.088542771509675958e+03,1.294007911382196880e+03,1.174382312959010733e+03,1.085717655510551822e+03,9.865873863279210809e+02,1.114684453622428236e+03,1.083158782821024943e+03,-6.293652206006473016e+00,5.751162803573182242e-02,6.725973000828505070e-05,-8.889514440459929623e-07,-1.467936548158004016e-06,-2.274614745629155806e-10,-2.000906410419302044e-12,-4.422564504732266722e-16,-4.146224639577407095e-17,7.078901638270059563e-19,7.217433828644766112e-20,2.470715633774373885e-20,4.733211860693210032e-21,2.446160524123338338e-22,-1.137183501928597655e-22,-3.777081961035940200e-23,-3.270551089776304496e-23,-2.285178878416449223e-23,-1.265074465512575821e-24,-4.611571145309549993e-26,-5.622145189918422082e-26,-7.000727305910661151e-26,5.996687178002358117e-27,-4.413122105442072828e-28,-2.673876351866564174e-28,5.408317838050572502e-29,6.258561530164183756e-30,-1.320670920038696209e-29,-5.878305274461511308e-31,5.899926718856265059e-31,2.132167601373795628e-31,1.286045456102369734e-32,1.953156898066772869e-32,-1.227674566769916593e-33,-4.618061590634436247e-34,-5.048219885919127478e-34,4.515595344666559423e-36,-3.696598713249803181e-37,-1.512486623143984038e-36,2.297056682347872500e-35
9.938646564021112949e-14,2.371697996098876501e+03,1.815122586113368470e+03,1.787656343356384241e+03,1.697903897168826006e+03,1.327724889601046016e+03,1.454041858187302296e+03,1.566164891818668366e+03,1.237342619028971285e+03,1.396614088750940482e+03,1.656711893104693445e+03,1.455221994910294598e+03,1.388903785826766352e+03,1.409162404399602792e+03,1.672290517146161392e+03,1.803715483678325654e+03,1.536669887781808029e+03,1.739638759018924475e+03,1.786291432752657784e+03,2.116446243945865717e+03,1.990855436312340998e+03,1.863767322498588328e+03,1.618240341118782680e+03,1.245115662359295129e+03,1.300695508628719836e+03,1.673988160401107052e+03,1.595109608040203966e+03,1.336412286785739525e+03,1.234265409173798162e+03,1.548245864810535977e+03,1.166352423813360929e+03,1.171564595461346244e+03,1.451530564375704898e+03,1.350059678429334781e+03,1.657931366444953028e+03,1.645083299694373636e+03,1.610029397554709703e+03,1.510759362116073135e+03,1.157230265398034135e+03,1.329061262318249192e+03,1.381718042079202178e+03,1.474298416422420360e+03,1.309671446720678887e+03,1.436458127922384165e+03,1.397347953955911862e+03,1.427002176433052455e+03,1.126388759005211568e+03,1.076620141812633392e+03,8.995483360106418331e+02,8.597502836174003278e+02,9.093656936853168418e+02,1.047193526645926340e+03,1.232639388426737469e+03,1.121431307427716547e+03,9.397543624367766597e+02,1.214618931487203099e+03,9.716350630599163196e+02,1.045671208294210828e+03,9.035517362845273510e+02,8.535718177328257070e+02,1.011435989867368107e+03,1.411176754096672084e+03,1.212285496893436630e+03,1.042025059842063911e+03,1.115826796397996077e+03,1.028283052398747941e+03,1.025297999217623783e+03,9.880244327961426052e+02,1.005875133747853397e+03,9.778491309210398867e+02,8.573867446348002659e+02,1.048835725594101405e+03,1.195548090494693497e+03,1.312154939971818521e+03,1.513119924269347166e+03,1.461245774493807176e+03,1.534465262076740146e+03,1.629783612241118362e+03,2.215304374986765652e+03,1.504553743299118423e+03,1.898374155084884023e+03,1.710500582925327535e+03,1.343656735060399569e+03,1.763670087302418096e+03,1.983762187752496857e+03,3.410136350295435932e+03,2.335716240572910010e+03,1.790417654053983142e+03,1.207691987784417734e+03,1.320684089698260550e+03,1.152002382570680766e+03,1.548954564620817337e+03,1.533752971916505430e+03,1.236052893236827458e+03,1.426536745853904449e+03,1.764595327286737984e+03,1.437005098879180650e+03,1.665467353724505983e+03,1.698413912258609798e+03,1.426846329877047765e+03,1.672744840826629797e+03,1.716155483375679523e+03,3.350789486285642397e+03,2.301515790648619713e+03,3.179761446063631411e+03,3.053792799384894352e+03,2.576111747890736751e+03,2.728401548903708772e+03,2.627486611641441414e+03,1.846338669387274649e+03,2.624784994735479358e+03,2.558585408958000244e+03,3.088989124493747113e+03,2.260961746620430858e+03,2.683970349403291038e+03,2.632399831466243086e+03,2.516329283187679266e+03,2.549598015083285190e+03,2.507818592128517139e+03,2.722743335820591255e+03,2.836479666516223006e+03,2.750419678781398488e+03,2.800966812312941329e+03,2.523157304759216458e+03,2.823785369906248889e+03,2.203114485564587540e+03,2.779550210155605328e+03,3.282817230127865514e+03,2.597308821557474857e+03,3.147652638168030990e+03,2.252086177885158122e+03,2.405649712294035908e+03,2.732189086540074641e+03,2.258080378793590171e+03,2.130753788355015786e+03,2.104849440154597687e+03,2.085174087784484982e+03,2.218803483424384922e+03,1.348875698090301285e+03,4.690305832208589543e+00,2.771267419144982203e+00,2.260952109567673233e+03,2.741491449624456891e+03,3.374189444110460045e+03,2.260689564925678042e+03,2.110478783830885277e+03,2.549534729569446426e+03,2.386243435130432772e+03,2.203895583104429079e+03,2.600729616826582514e+03,1.948665682177927238e+03,2.606274987553681058e+03,2.303098584252943965e+03,2.463394258104761775e+03,2.326589568931161011e+03,2.103091269062285392e+03,1.477258178685259509e+03,1.173790775747725547e+03,1.241919789003349933e+03,1.149290768170309548e+03,1.168289441475226340e+03,1.312491331673758850e+03,1.260370721188067819e+03,1.251052270748838282e+03,1.159121764320951797e+03,1.204302832653828091e+03,1.260070762251594715e+03,1.085975679519221330e+03,1.166492967523235848e+03,1.144434196357029805e+03,9.967656354528617157e+02,1.009140542723019962e+03,1.172156258323090697e+03,1.247562961510821196e+03,1.029197899709783542e+03,1.121884702869227112e+03,1.174717604021810303e+03,1.090339003331632512e+03,9.675984960170039813e+02,1.297465329493225909e+03,1.110753018671934342e+03,1.084975659476629062e+03,1.250455069611186445e+03,1.335289222089413897e+03,9.627526739061819399e+02,8.111956685552985391e+02,8.656949972483565716e+02,1.182679981425846108e+03,1.177330171384637197e+03,1.451554835194249790e+03,1.519907748859410049e+03,1.455021582637938081e+03,1.599410507348525698e+03,1.185847180649189113e+03,9.090143212917253095e+02,8.300894324804013422e+02,8.658816041551535818e+02,8.401922812060201977e+02,6.453593565329447301e+02,6.629730440833831153e+02,8.286108249606478466e+02,7.772010987886116027e+02,9.738854863749014612e+02,9.871144191491756601e+02,8.217450413207642441e+02,7.950413524495021420e+02,9.720545716515715640e+02,1.143237612223290853e+03,8.950900646565328316e+02,1.236775766788503006e+03,1.146495452394045287e+03,1.080585695232480475e+03,1.690497525610233879e+03,-2.425230104981201062e+00,5.311411728612028260e-02,-4.853587800577216201e-04,-5.676260920515985667e-07,7.502141816440473232e-09,1.238837970718468410e-08,1.919579246722122902e-12,1.685988689138277228e-14,1.732832566688849220e-18,-8.709814571869289205e-20,-1.714884257024268983e-19,2.850991348882918191e-20,4.085695596772718945e-21,-2.342230015455143557e-21,2.672012912685853060e-22,-8.976875838164307812e-23,4.968753725471411524e-23,-2.336819811311758816e-23,-2.847052542122176650e-24,1.087572257979814956e-24,2.545222899224989950e-25,-3.124754227760658902e-26,-4.875276586281503642e-26,-2.649897103505594131e-27,-2.224213651989366618e-28,-9.548848112662957399e-29,2.535137744443991057e-29,-1.222791770315945599e-29,-1.174123192885337754e-29,-6.775647674739653090e-30,-4.266593258335405724e-31,-1.982664707580835684e-31,-8.682566376486638618e-32,3.997625082776724385e-33,3.235022286757369321e-33,4.919518081525095897e-34,1.687094708136386268e-34,-6.993005929748084173e-37,2.179066712096127661e-35,6.259626207719066088e-36,-9.965669143681767861e-36
1.429280653462545193e-13,1.710963001803865154e+03,1.542112585775256548e+03,1.469515175081681491e+03,1.811541789763261932e+03,1.372433237867957587e+03,1.349027831564536655e+03,1.520078812096771571e+03,1.325994269987595089e+03,1.175423996826039229e+03,1.168749525413518313e+03,1.394330819403311807e+03,1.541317279284470260e+03,1.364147582065226743e+03,1.775729796705571061e+03,1.811478852458948040e+03,1.423386916619494968e+03,2.096582909921799455e+03,1.803497332324347326e+03,1.630602068644307565e+03,1.884692893694101713e+03,1.874824503614084506e+03,1.303900757769111806e+03,1.609781934485811689e+03,1.801468062921005640e+03,1.590523743068099748e+03,1.475371693446476456e+03,1.391522714646075656e+03,1.190492409548203113e+03,1.522820958452311970e+03,1.422277983120837916e+03,1.149762644430667933e+03,1.432012956375248677e+03,1.443858542986252587e+03,1.496231934519801143e+03,1.547638789721624789e+03,1.444187706286651292e+03,1.381868752104318446e+03,1.219208773762305327e+03,1.217688767103705459e+03,1.678191022397212691e+03,1.805439357799547679e+03,1.392474515008015715e+03,1.367504866789625794e+03,1.360077991892967475e+03,1.253799254239500669e+03,1.139133762196242060e+03,8.876359361288822356e+02,8.741434261203391998e+02,8.741146760980118415e+02,9.929046196478441288e+02,1.080046294337759491e+03,9.741361333390757409e+02,9.844907741306788012e+02,1.002862221472192459e+03,1.174812333367080328e+03,1.160346567435165070e+03,1.213834751739999319e+03,9.121293976901229144e+02,1.065495783425075388e+03,1.066775384416175712e+03,1.199813337672767830e+03,1.118555450431455938e+03,1.228411219057774588e+03,1.106074897515036582e+03,1.195073551201071496e+03,1.128793187907041329e+03,1.170843640549016754e+03,1.003901294145328052e+03,1.121926821111417212e+03,1.055676862544220967e+03,1.339233482266220335e+03,1.560147793058543357e+03,1.369573439313054450e+03,1.352765360001971430e+03,1.321450323922288590e+03,1.575315172828821687e+03,1.770397169032801912e+03,2.090313300780717782e+03,1.764802678237735336e+03,1.751890964265156072e+03,1.753121436157475500e+03,1.604395844459422506e+03,1.939961278715133176e+03,1.794784534931192184e+03,3.953447374011422198e+03,2.286314304590332995e+03,1.659728556201073616e+03,1.479636047005409182e+03,1.303735113385101840e+03,1.311809210298531525e+03,1.610136121241696401e+03,1.717656179669271069e+03,1.229589190003446902e+03,1.343487426667075624e+03,1.648376051189089367e+03,1.491757622774258380e+03,1.481348295777539988e+03,1.800702828361124830e+03,1.455180356617703637e+03,1.605733322602126236e+03,1.802985224251211775e+03,3.272286618589170757e+03,2.864991209689238531e+03,3.026605427260053148e+03,3.273001204494169542e+03,3.037292032040646063e+03,2.848587589502917126e+03,2.685447207131641790e+03,2.302395636091705455e+03,2.461793649233400629e+03,2.636893666359793770e+03,3.001981261362081568e+03,2.833920354671729001e+03,2.822508295797445044e+03,2.366370827885641120e+03,2.710498258502198951e+03,2.940533131025812054e+03,2.470660887030546746e+03,2.442654066013113606e+03,3.031008705050147910e+03,2.749696373864295765e+03,2.846697357509748599e+03,2.755838324933399235e+03,2.824058433120384052e+03,2.436016641956579861e+03,2.272779031716518148e+03,2.825576670590138292e+03,3.043849893850830540e+03,3.534528557228773934e+03,2.314705586653381943e+03,2.274673709736920955e+03,2.603109909514902938e+03,1.938493638719101227e+03,2.393697279759827779e+03,2.141971852696273800e+03,2.383222346742241371e+03,2.180558983405648632e+03,1.492509901112377975e+03,2.034679202039750407e+03,1.388045724754113735e+03,2.070743230185257744e+03,2.591143921799235613e+03,2.903588339234837804e+03,2.559460779014104446e+03,2.232242040229851682e+03,2.527098260594542808e+03,2.525542251082246366e+03,2.308106861468772422e+03,2.733547003478089209e+03,2.038350736065615365e+03,2.230664462822361202e+03,2.194155734278249838e+03,2.370691186763666337e+03,2.385701963112392605e+03,1.974106190742745639e+03,1.472105956594899453e+03,1.132011532121889331e+03,1.119339389654370734e+03,1.174592288661336852e+03,1.070734391525591263e+03,1.333318418851859406e+03,1.322265128384271975e+03,1.038498271224035534e+03,1.095538151965932911e+03,1.108021731183492420e+03,1.165205799707614915e+03,1.283732829957681361e+03,1.296545018980337773e+03,1.065272372980595719e+03,1.019431329565819169e+03,1.109291549240927907e+03,1.028325252050857443e+03,1.237402463425900578e+03,9.321373104606741435e+02,1.121092627957789091e+03,1.177571333996615749e+03,8.630006179341687584e+02,1.076101852426264941e+03,1.405835474062970889e+03,1.090579706546551961e+03,9.893718152260943270e+02,1.004563371824361184e+03,1.289442747740249615e+03,9.019182609571320199e+02,9.173169188579345246e+02,1.234522973515664489e+03,1.044686228996348518e+03,1.121495784098347713e+03,1.287802961962214795e+03,1.333396597530930876e+03,1.469347576387847084e+03,1.404689312774671862e+03,1.082113365956562120e+03,9.020148646288768077e+02,8.125937842276952097e+02,1.056460650624517939e+03,8.844600291702832919e+02,6.185209463955848150e+02,7.358098804366619561e+02,8.574208431924326987e+02,6.847783296562046189e+02,7.775408758243183911e+02,9.791947360675360414e+02,8.400566163680369982e+02,8.094080843551436146e+02,9.608047344481722121e+02,1.186695907769120822e+03,1.017995766341941930e+03,1.495383926061649618e+03,1.092257312429840113e+03,1.653612750131793973e+03,2.362156428562076144e+03,-2.907438400727710004e+01,6.367479271400197094e-01,-5.818626250630340620e-03,-6.804871363918837883e-06,8.993791989842847630e-08,1.485156033269739550e-07,2.301298099994028964e-11,2.024338394701258075e-13,4.584585238044302349e-17,4.367687492808654057e-18,-8.898097093313708573e-20,-3.367337229628399121e-20,-2.959792831455678246e-21,9.374347728491516739e-22,5.533950548451886822e-22,2.089926559604919185e-22,1.045225075836115659e-22,2.608555011054133588e-24,-3.405140009492012578e-25,2.786152471373162650e-25,4.587459955600145035e-25,1.130837379101460658e-25,-1.303442427310263701e-27,-4.674340023513132784e-27,-2.995358400913792572e-29,-1.062495836832410730e-28,-2.152006801138888186e-29,-1.001296646039292484e-29,3.097619253453077982e-30,-2.254251036978604696e-30,-4.315616901500084966e-31,-2.426813844736921398e-31,-6.337933280047237732e-33,-6.219306486861293426e-33,3.529916276925897417e-33,6.218813830712229203e-34,-6.433896845939511783e-36,1.548742493238779241e-35,5.986061551410421220e-36,5.378173515316120509e-36,-1.376898159507058717e-35
1.850533710203431544e-13,1.538146512075948749e+03,1.092432454631417613e+03,1.471335175091596284e+03,1.465392987597194178e+03,1.338630137361901461e+03,1.547675735970888127e+03,1.424476616282733858e+03,1.259043273443248609e+03,1.128423203770121518e+03,1.033125449094944997e+03,1.238492515779309088e+03,1.348834310976487359e+03,1.342587023564526135e+03,1.518208543116494411e+03,2.495891362949512768e+03,2.326702146026269929e+03,2.137492590282807214e+03,1.740023576559364983e+03,1.582882779431594145e+03,2.012293120534069203e+03,1.936154851623727154e+03,1.559473350567854595e+03,1.817052635851657442e+03,2.050451648548588764e+03,1.963281192604304579e+03,1.634767321405364328e+03,1.738340261686833401e+03,1.382982164122854556e+03,1.318638719433405413e+03,1.410747548662852523e+03,1.480871509716422224e+03,1.607147426418749092e+03,1.634102271547194050e+03,1.363306884307649170e+03,1.192971738433804148e+03,1.270726930290102246e+03,1.298827002725609645e+03,1.346045629670598828e+03,1.143234381536743740e+03,1.424026611317363631e+03,1.629657543672984275e+03,1.407569848936368771e+03,1.004887177579045215e+03,1.163718079646105707e+03,9.794451114215177085e+02,9.881822135731517847e+02,8.259972038882604011e+02,8.591893622709361580e+02,9.016046280878387051e+02,9.521409903633617660e+02,9.650873232940859907e+02,8.579074006920342299e+02,9.288512134795646489e+02,1.203023680593303197e+03,1.218873884555642917e+03,1.150966199740347747e+03,1.141150557652470525e+03,1.155923253663802825e+03,1.253149447202599731e+03,1.101264486818940213e+03,9.971592653886867765e+02,1.118006244065624514e+03,1.113491133993539052e+03,1.061991414719428803e+03,1.101227400774174612e+03,1.050428876251357678e+03,1.241502215410216195e+03,1.154448424500051033e+03,1.253215098856200939e+03,1.221424991022038967e+03,1.801143951982334102e+03,1.809458550021072824e+03,1.322130993252326789e+03,1.395670876361875798e+03,1.496151669571796219e+03,2.094216352016241672e+03,1.499383609728134388e+03,1.754099203640345422e+03,1.472438210694497684e+03,1.651226538773770244e+03,1.576635224679614339e+03,1.683071866006932169e+03,2.137434035605347617e+03,1.700181783183141533e+03,2.368002096264845022e+03,1.894643383924827504e+03,1.634866338952675278e+03,1.575073029315209851e+03,1.422178126298701045e+03,1.584934176689014521e+03,1.843854134359844238e+03,1.858688223847654172e+03,1.713954852273484221e+03,1.364916843577664167e+03,1.460262121131414915e+03,1.404273322226685195e+03,1.412658730106798657e+03,1.738916285524686600e+03,1.454266110165184045e+03,1.638233713014582008e+03,1.628448274434902942e+03,2.265407857206762856e+03,2.993893309813064207e+03,2.634099236265188665e+03,3.025251658581164065e+03,2.716976543189608492e+03,2.676486638951653276e+03,2.232561261138049758e+03,2.971253902832003405e+03,2.388900040210507996e+03,2.769571266947199092e+03,2.659713487948170496e+03,3.034971982815678984e+03,2.661001660474992150e+03,3.090162767077214994e+03,2.454732530155178210e+03,2.909356929989666241e+03,2.507675300534283906e+03,2.152398826061770251e+03,3.122157925645872638e+03,2.665435375239379937e+03,3.025457009226877290e+03,2.673422249953429400e+03,2.375509815074180096e+03,2.478990707989309612e+03,2.242006851372852907e+03,2.652331312577610333e+03,2.964118820105804843e+03,3.291532948073462194e+03,2.253899928181452651e+03,2.166151438525956110e+03,2.532333735156557395e+03,1.938197628752335504e+03,2.786930758585352123e+03,2.088132739105067685e+03,2.671531677487093930e+03,2.384890968040894677e+03,1.518008465990377999e+03,2.116989507392950600e+03,2.419901206859454760e+03,2.026506136685828551e+03,2.312890369376912531e+03,2.631562806606863887e+03,2.956014634835194556e+03,2.324487429150831304e+03,2.345595880779815161e+03,2.670611002953726256e+03,2.409269719388131307e+03,2.362513330577761280e+03,2.408447745563948956e+03,2.137724186214561996e+03,2.297132535265242041e+03,2.286835755015929408e+03,1.952049427010103727e+03,1.534996298796835163e+03,1.380437326944073675e+03,1.151318712655744093e+03,1.135712476509010457e+03,1.193330466151114251e+03,1.222660198210880026e+03,1.237193749374887830e+03,1.215137071726350314e+03,9.473974125272807214e+02,1.054221493885607060e+03,1.171914056012578385e+03,1.295806333644414053e+03,1.395626334730723102e+03,1.477610952264320986e+03,9.718881491348200825e+02,1.134518292528854545e+03,1.149368299568557859e+03,9.586884635079096597e+02,1.135863265167728514e+03,1.281447449729669643e+03,1.213763165074909921e+03,1.279233100616364254e+03,9.233516338732432587e+02,1.152636801411365013e+03,1.173861853268286723e+03,1.151877135973258419e+03,1.012248803755662379e+03,1.036061452114568965e+03,1.208119691965907123e+03,9.382216219563908908e+02,1.110081600844267541e+03,1.322445293502941013e+03,1.366705356870113064e+03,1.288393988134507254e+03,1.473985169674748249e+03,1.446288278218397409e+03,1.252225357898515767e+03,1.164753684299279485e+03,1.060482943884691849e+03,7.533287025571872846e+02,6.472014801754037308e+02,7.256105837046845863e+02,6.984721670951670376e+02,6.980930288582696903e+02,9.027893881741670157e+02,9.428768822919411150e+02,7.630287330821145133e+02,7.087986851325906628e+02,8.667726813788146956e+02,9.290477098411399766e+02,9.654407273126018936e+02,1.081295673963010586e+03,1.216635053818585675e+03,1.539552492623658281e+03,2.088474028245609588e+03,1.530896980068506309e+03,2.317622274372733500e+03,5.036677698815849453e+02,1.700629575814103944e+01,-3.724489423272120403e-01,3.403452293247536450e-03,3.980330416384594503e-06,-5.260681916180167061e-08,-8.687029351231439221e-08,-1.346081967385149385e-11,-1.184166153088682755e-13,-2.828913300350077289e-17,-2.390800559877056977e-18,4.036096110340531384e-20,-2.819784720608807682e-20,-1.031410331395746792e-20,9.273097955749237905e-22,-1.340794937900173675e-23,-1.752712029196196695e-25,7.181396560548606818e-24,-9.214968220847787998e-24,-2.911147342039634049e-24,-4.750783076128300265e-25,5.981686332098641057e-26,-3.479999059813153997e-26,-2.520092429904112043e-26,4.181721883816644179e-28,9.463032726577775585e-28,2.177856642983863255e-28,8.045480049727905155e-29,3.950752395682006686e-31,2.940009178724006632e-30,8.580114937714478419e-31,1.171732008085541117e-31,7.383195855273350300e-32,3.701968085255643530e-34,5.070755267026498914e-33,1.085716370639364556e-33,4.823489724745196727e-34,1.246801702829194721e-34,3.079588358162745643e-35,4.961620365428291425e-36,-1.024748495131866581e-36,3.074932172411344761e-38
1.593955986814267890e-13,1.237598796187948665e+03,1.067767564692315318e+03,1.693143861944860646e+03,1.557673206131331426e+03,1.354696889184157953e+03,1.409430380652694112e+03,1.320019084417845988e+03,1.139066715502604893e+03,1.124599184203258119e+03,1.045815310534795344e+03,1.111811356252222822e+03,1.232328766496203798e+03,1.409034756539742830e+03,1.553550604733892897e+03,2.615681345397924815e+03,2.582553045065070364e+03,2.034674869785383180e+03,2.081631118137349858e+03,1.948186587862114493e+03,1.809262187201350116e+03,1.812271093510860965e+03,1.571021828963464259e+03,1.565832565200449153e+03,1.637305502248720359e+03,1.719628011331333255e+03,1.844294660756869462e+03,1.546465990547964793e+03,1.342004665995911182e+03,1.289409770885922171e+03,1.604290069594809893e+03,1.640255119151332792e+03,1.496130737428277598e+03,1.627776425645426571e+03,1.242203671416269117e+03,1.251370672980285235e+03,1.398255324492869931e+03,1.342730537022785029e+03,1.362838874169947076e+03,1.282264495647185640e+03,1.171297693214321271e+03,1.383791479564771407e+03,1.335967748874149947e+03,1.063234071223069805e+03,1.080656485090483557e+03,1.215509357836443314e+03,9.865346509402113497e+02,7.849001484530366497e+02,8.946535255590895304e+02,9.523710836855134403e+02,9.162261293921014840e+02,9.663722446450956340e+02,9.785193235213367871e+02,8.581019955366691647e+02,1.081823258602498527e+03,1.196227120274404115e+03,1.048255330743600325e+03,9.524801037509339494e+02,1.112004528257487664e+03,1.256556608446940800e+03,1.290651270220702372e+03,1.107612353089425596e+03,1.081837637037347577e+03,7.450467038546198637e+02,7.850626271946950965e+02,9.483248709151955609e+02,1.095094501808289806e+03,1.162384230613520685e+03,1.292267231050967666e+03,1.256563266697750123e+03,1.246985516734026305e+03,1.623053421554195666e+03,1.537192680652115087e+03,1.326618498059526246e+03,1.443950420199215614e+03,1.489534763924842764e+03,1.895416464596647756e+03,1.698518392079474552e+03,1.425931452575762478e+03,1.369894802768529189e+03,1.812713603371298404e+03,1.906197430237500839e+03,1.751849516472555706e+03,2.271041430565094743e+03,1.569128986326436461e+03,1.556805967305316472e+03,1.709219826248343679e+03,1.710477291650973029e+03,1.747517252288012060e+03,1.997666582016654047e+03,1.609763778765594452e+03,1.765042168488183506e+03,1.616750167401695535e+03,1.803708952235802144e+03,1.355223692292625856e+03,1.366948002051950652e+03,1.235394114179295002e+03,1.393353341771811529e+03,1.773873496705784419e+03,1.362037545752755022e+03,1.742359623449386845e+03,1.436956446703502479e+03,1.487091971670546627e+03,2.163219413345902012e+03,2.385016005534608666e+03,2.712406289230161747e+03,2.393165799496475302e+03,2.611562014899039241e+03,1.934338552557927869e+03,2.479850729186444369e+03,2.597806431999679717e+03,2.889285595015957824e+03,2.323384545711055125e+03,2.749736246509899502e+03,2.591463602580443421e+03,3.353313443823207763e+03,2.455805401490076747e+03,2.734918182117085962e+03,2.782649918730243826e+03,2.321883944699193762e+03,2.513366399802456272e+03,2.408884814462013765e+03,3.469604343426361538e+03,2.486474541331006094e+03,1.994372705940878632e+03,2.120721476040245761e+03,2.338848047133697037e+03,2.267603162794338914e+03,2.417482984335691981e+03,2.851232756841387072e+03,2.033297182915932808e+03,2.183716911925003387e+03,2.358093228076344985e+03,1.821788357135766546e+03,2.809130929780068982e+03,2.105889991701975759e+03,2.190588240173175564e+03,2.233525824486646343e+03,1.482052574586156425e+03,1.761698506757599034e+03,2.785919819570301115e+03,2.358027318456639932e+03,2.451824396600011369e+03,2.119138177957325752e+03,3.146726284859780662e+03,2.336850527575440083e+03,2.269013853457563982e+03,3.001541366767125510e+03,2.502924246825259161e+03,2.071377129817651621e+03,2.571912074269263030e+03,2.192468073964165342e+03,2.384856970933346020e+03,2.382951465650470709e+03,2.047453036207832156e+03,1.320153488837081568e+03,1.220323604063089306e+03,1.161058229641748767e+03,1.052653656819567914e+03,1.125980766637158922e+03,1.418816356229359371e+03,1.239360289858160968e+03,1.182082102643124927e+03,1.010296751211394849e+03,1.008784684484608533e+03,1.166324015665009256e+03,1.407099869896275777e+03,1.176165678520706933e+03,1.495274870262265949e+03,1.141125435303991480e+03,1.351638810219284323e+03,1.322222325813283305e+03,1.098295597313395774e+03,1.079025948241713422e+03,1.422770214428104509e+03,1.181354185414054200e+03,1.306410107119831309e+03,1.212549723811594959e+03,1.272752805689442766e+03,9.218595719564126512e+02,1.142454241479322263e+03,9.203332917613350901e+02,1.087995247273995801e+03,1.171420173389042475e+03,9.393731067010119204e+02,1.110667471999448708e+03,1.342286246730581297e+03,1.631854085385283497e+03,1.288096406945923945e+03,1.407423131282942450e+03,1.569310046270597240e+03,1.130638876835300152e+03,9.650418067466487173e+02,1.035633120034088051e+03,7.912624607930619050e+02,5.996190701728353361e+02,5.244301062447896129e+02,7.188774411312211896e+02,7.857089618415435552e+02,7.966450647164974725e+02,8.591429571813254142e+02,9.555641235116356711e+02,8.483121898566460004e+02,8.062401712786312373e+02,9.486118575340201460e+02,9.909732280645313267e+02,1.138149598303372841e+03,1.123238032528415260e+03,1.435531392284378171e+03,1.969705659972305966e+03,1.958254229777068986e+03,2.465932937666280395e+03,-1.901511372194605656e+02,-6.889742778154492875e+00,1.508898496841716563e-01,-1.378837060795943094e-03,-1.612547089526051558e-06,2.131254574727936024e-08,3.519367099142314459e-08,5.453366707110652481e-12,4.797227674355615340e-14,1.026272331059574792e-17,1.084802918697316984e-18,1.499494802722513475e-20,-6.926295068073588881e-21,-7.353860693017018510e-21,4.735321186172774474e-22,3.673612265025931333e-23,-2.490656818013482183e-23,-3.077503780823985665e-24,-3.257105574847456455e-24,-4.538420421856681504e-25,1.618966501234735302e-25,-1.098126378662199104e-26,1.667749521337848842e-26,1.422677794559897569e-27,6.949310334234217240e-28,-3.795819815525612561e-28,-9.917593586914996119e-29,-4.933090172522133074e-30,5.213718594260169132e-30,-1.161457110734768227e-30,-2.951784711958636270e-31,-2.986641442255549790e-31,-7.344228776103573304e-32,-2.489947427932567913e-32,4.166765504800268578e-34,-5.118416510123704391e-34,-4.509469296279808717e-35,-4.636618764509689385e-35,1.149966036708027852e-36,4.761761334379171694e-36,-8.542518314439723491e-37,4.133049666228578158e-36
9.333733841449871685e-14,2.026255405371419101e+03,1.453817038391088772e+03,1.679864235137874630e+03,1.598904162640903678e+03,1.418793274647633325e+03,1.403020908709392870e+03,1.470470901527200340e+03,1.232085333866344172e+03,1.308517195024073771e+03,1.118748177633159457e+03,1.087911394389141606e+03,1.139192809233216167e+03,1.288713292105268010e+03,1.557592248035252624e+03,1.718914453977693029e+03,1.766195487574113713e+03,1.669553944714513364e+03,1.795180604410661090e+03,1.648174008015369509e+03,1.427054573844450942e+03,1.541278593195591384e+03,1.344147237486571385e+03,1.209437596846868018e+03,1.181399994849287623e+03,1.281227214456767342e+03,1.695956733187548252e+03,1.312818459143927385e+03,1.268386891011024318e+03,1.457161733576016331e+03,1.595277680154911877e+03,1.578803572225777316e+03,1.419244268186353338e+03,1.403780263365644487e+03,1.331576606589820130e+03,1.499597846688303207e+03,1.529681674033988202e+03,1.502501197822705308e+03,1.557066482513827623e+03,1.637678382174729904e+03,1.468670465251846281e+03,1.477931990884110974e+03,1.176712346559264006e+03,1.160625322216285213e+03,1.235384304597383107e+03,1.206244488142718637e+03,9.373961590241533486e+02,8.115808535052632351e+02,9.017825145081778828e+02,9.119681575135671210e+02,9.508393100326237573e+02,1.005115414295940013e+03,1.108572148907862811e+03,9.375960540900106253e+02,1.016014137553340674e+03,1.172110863103757083e+03,1.035973527483643238e+03,9.061386677475758233e+02,1.031510049774526578e+03,1.051448097848820680e+03,1.196386950644937997e+03,1.165810252352016505e+03,1.102285666210817226e+03,7.775169115186872659e+02,7.137120309307446178e+02,1.001273932008741895e+03,1.185978319028593432e+03,1.103332013166265824e+03,1.383237915118859519e+03,1.242848265456826539e+03,1.268904616934592468e+03,1.360585856387963986e+03,1.184136114421353568e+03,1.266086819038175236e+03,1.378487958171964692e+03,1.446560647217087535e+03,1.351012347587426802e+03,8.055517250806781249e+02,1.239305533913300451e+03,5.912209082374371292e+02,8.632628610105763300e+02,9.908860636837748643e+02,2.104117889143876255e+03,2.154286011451112699e+03,1.748999750381340164e+03,1.653233753780378947e+03,1.747765122125721518e+03,1.617058437015394929e+03,1.723718452384161083e+03,2.395935127139712677e+03,1.694093691912380109e+03,1.669473723581672630e+03,1.460704304369751526e+03,1.705977130673870306e+03,1.771076096731357211e+03,1.768406244666685097e+03,1.337731265382258698e+03,1.330739772006931616e+03,1.830722353722477237e+03,1.555836657509965562e+03,1.894255456728743411e+03,1.767790378774601095e+03,1.501479643706859179e+03,1.527467903014384092e+03,2.267146649871143381e+03,2.591982923988548919e+03,2.391093835977399522e+03,2.726705369740058359e+03,2.152958904223044556e+03,2.117448000248473818e+03,2.814135907031930856e+03,2.938466981421071068e+03,2.541595997471572446e+03,2.650715310828501060e+03,2.655272447826526786e+03,2.920535237882611909e+03,2.791865185537359139e+03,2.985473352523646554e+03,2.902461029640900051e+03,2.705745388934421499e+03,2.149807534075301191e+03,2.192355647903373210e+03,3.366846307343777426e+03,2.151218007718426179e+03,1.794738222673831615e+03,1.764482728631058535e+03,1.941868669434477169e+03,1.986065184949140075e+03,2.009929444279294103e+03,2.470610297374361380e+03,1.925570984006269100e+03,2.267987843169863027e+03,2.295104158858995561e+03,1.654991775532812426e+03,2.655263815432440879e+03,2.022161729359116180e+03,1.924997737401466111e+03,2.067219379995899089e+03,1.629532307823189512e+03,1.689361109316030252e+03,2.492450272878250871e+03,2.969673895095921125e+03,2.910929677984165210e+03,1.899390902690775647e+03,2.817451387146020352e+03,2.565434172905353535e+03,2.742639860903671888e+03,3.365971185241534386e+03,2.457010161545269966e+03,2.123025703871066071e+03,2.818293276061744109e+03,2.378783655584153621e+03,2.726675410641096732e+03,2.491007971677106980e+03,2.201199100232277033e+03,1.278617083499915452e+03,1.088209069773755573e+03,1.203632140236175019e+03,1.152628207144305406e+03,1.100488415981224080e+03,1.342614194516348562e+03,1.268472709591464991e+03,1.226221303069504984e+03,1.158579035663410650e+03,9.664665833421609022e+02,1.074733310894071792e+03,1.245656755713423081e+03,1.058405004576208512e+03,1.336033914406750227e+03,1.434028870374458165e+03,1.402216278279531707e+03,1.347542744531566768e+03,1.178912661267053863e+03,1.123039613826874529e+03,1.267598542710876018e+03,1.186791786442123794e+03,1.223711326058218447e+03,1.340089794517379914e+03,1.320423964674230092e+03,9.669157511751865286e+02,1.059044815186122833e+03,8.969191842171684357e+02,1.082335230015384695e+03,1.185699407194813602e+03,1.095550296030208756e+03,1.255489398758263405e+03,1.163810086073978937e+03,1.390464306699473127e+03,1.193245294694615495e+03,1.185413287930455226e+03,1.434823316021658457e+03,1.095008899142673954e+03,8.604238547052302692e+02,8.548642977305311206e+02,8.227771487973325293e+02,6.417144219867295760e+02,7.025061835900793312e+02,7.767677330648205043e+02,7.622672778879301632e+02,7.489353645314571395e+02,8.300173733099610445e+02,9.127007490244308201e+02,9.320490440136489951e+02,8.730525383467783058e+02,9.491082349997410574e+02,9.375804678044029288e+02,1.006594227337481129e+03,9.877965395347835056e+02,9.959589140894762522e+02,1.389164203854993957e+03,1.947827310364535606e+03,1.901322276110154007e+03,6.370095542160635915e+01,2.308075586584703576e+00,-5.054835710611448041e-02,4.619127680626089884e-04,5.402060266147130668e-07,-7.139739157163310625e-09,-1.178993982939070392e-08,-1.826889402426124130e-12,-1.607044350458033491e-14,-3.615769690384654519e-18,-3.130360048065828338e-19,3.286435822622731594e-20,6.811852081469881454e-21,-4.687356645833316478e-22,7.562688399168469888e-24,-2.390905143048469609e-23,8.664178517679653282e-24,2.047787460195726137e-24,2.644808347621511451e-24,1.616016237849419133e-26,1.102316752875412555e-27,-3.897197658699160495e-26,1.191215904939127733e-27,-1.727078987392435384e-27,1.035658430778933904e-28,-1.337580698681686661e-28,3.016357246619244347e-30,9.846955663325111442e-30,7.768606267301070292e-30,5.300242745282096600e-31,-4.854950055620424090e-32,4.988934730876096404e-32,-2.470541717974064463e-33,-8.554337032590664770e-33,-1.490662033602122187e-33,-1.438195831789863158e-35,-6.421222426219856210e-35,-3.190562782335864394e-35,1.118476372126398028e-35,4.716996216724852074e-37,-8.758083181726888832e-37,1.720857449851420088e-36
7.656080394904873436e-14,2.826195825349483130e+03,1.586055050433566748e+03,1.519942922177739320e+03,1.273771145456905970e+03,1.253115852219916405e+03,1.361116965184376340e+03,1.429222033416164550e+03,1.317327479265180045e+03,1.514125744840206380e+03,1.134423081200320212e+03,1.155722573647273748e+03,1.113994110127921886e+03,1.175290795483121883e+03,1.092180068770728212e+03,9.816048197054811908e+02,1.103525294796098706e+03,1.244153142327775868e+03,1.150589331010026399e+03,1.212980173243434592e+03,1.307146100612924783e+03,1.219565424486314214e+03,1.355651949140748002e+03,1.110633011558676344e+03,1.080931959724637409e+03,1.174685138250626323e+03,1.218795865283339708e+03,1.125896692449873854e+03,1.286411089452735041e+03,1.605941823215224531e+03,1.443285282892876921e+03,1.268226670268700218e+03,1.305718794567118493e+03,1.145867989158829687e+03,1.322788893350688795e+03,1.432520353921913738e+03,1.285748201703039967e+03,1.408265091065960178e+03,1.603876057426256693e+03,1.657776717861338511e+03,1.676577075229604588e+03,1.392812676200128180e+03,1.305846348054512191e+03,1.222412699678963691e+03,1.274613444640187936e+03,1.015006719711705728e+03,8.621177918923865491e+02,8.486761473056262730e+02,8.984023342801054923e+02,7.907037373354141891e+02,8.957937814347454832e+02,8.958482512183767312e+02,1.158956868175813497e+03,1.102823272130238593e+03,9.781622166287359050e+02,1.034821243268426315e+03,1.050937200762271004e+03,9.972539907567249884e+02,9.704701447473360076e+02,9.398803576795967274e+02,9.303423896405349751e+02,1.102783733047705027e+03,1.084945177853939185e+03,9.117411797633604920e+02,9.711566334452159026e+02,1.097714866440784817e+03,1.297565274973788746e+03,1.107519428017416203e+03,1.418845550655981924e+03,1.240568936915951326e+03,1.281659067140491061e+03,1.495836201754807234e+03,1.152554880243614662e+03,1.135064423000604620e+03,1.266079302854011530e+03,1.363395070394877621e+03,1.445370161394814659e+03,-1.753923970744567669e+02,6.164279747618315923e+02,-1.272210340526413574e+02,-3.450424452159706448e+02,-4.054643306017680402e+02,2.224227127332390864e+03,1.758644300972095834e+03,1.828185530152077945e+03,1.746223116277700910e+03,1.832732762528732337e+03,1.640200738149582548e+03,1.578063980235962845e+03,2.103900383944741407e+03,1.746162118848490081e+03,1.508520160420760021e+03,1.354911268017899602e+03,1.719979888668600097e+03,2.303079330241428579e+03,2.090779611981794915e+03,1.621728114408226020e+03,1.418230572650758859e+03,1.903758092828093140e+03,1.869398730562649916e+03,1.853897876055864572e+03,1.786054731330948698e+03,1.609234588673777353e+03,1.294241518489769987e+03,1.842649165160965140e+03,2.443648527988246769e+03,2.267786862242923235e+03,2.736976055809628178e+03,2.257377453574672472e+03,2.324998682189080228e+03,2.629539694024986602e+03,2.722803862294425926e+03,3.042346534554381833e+03,2.762240911873511777e+03,2.539820048826605671e+03,2.359098283743287539e+03,2.713019350675431724e+03,2.943214320675263025e+03,2.556881299307989593e+03,2.804707707293254771e+03,2.435920120906110242e+03,2.070078822747323102e+03,2.694082343293462145e+03,1.689265815087143210e+03,1.589433281487669092e+03,1.513836980355565856e+03,1.293568646136587859e+03,1.710524193620442247e+03,1.679245633691919693e+03,1.861580473645850589e+03,1.717801642631798359e+03,2.049604561107021709e+03,2.139108651309425568e+03,1.816875062746889853e+03,2.357042453700460555e+03,1.841006566616070586e+03,2.131246964197559464e+03,1.991298699319773732e+03,2.026667473466494584e+03,1.626797777830674249e+03,1.980501733209114036e+03,3.047789375577725423e+03,2.904183586964111328e+03,2.383580514671765741e+03,2.310943600375871483e+03,2.640391449451699373e+03,2.966321998369814537e+03,3.108670331593878473e+03,2.265129280257334358e+03,2.108989904299384762e+03,3.163656242660946646e+03,2.861403196037945690e+03,2.889039587167627815e+03,2.481658507625689708e+03,1.926148264606480552e+03,1.288037101317919905e+03,1.101731817919540390e+03,1.183344019469243904e+03,1.265911041216654212e+03,1.091795669344970747e+03,1.154543683996581649e+03,1.319342234767038235e+03,1.045885394395754929e+03,1.005654062993566754e+03,9.032877632731815538e+02,9.538645744450242319e+02,1.028572752438335556e+03,1.037164419544589691e+03,1.074625461939937395e+03,1.326667733714934911e+03,1.403831555002292134e+03,1.097543432140036884e+03,1.012963122949578178e+03,1.097286590843954400e+03,1.052084115489511078e+03,1.165218978724344879e+03,1.030258665841812899e+03,1.131846717191724338e+03,1.203862746872924163e+03,1.070143207423649756e+03,1.028979473856548111e+03,9.953003216633562715e+02,1.197979781022925181e+03,1.242970996178426731e+03,1.217591362076764426e+03,1.192620445173808093e+03,9.094033556857031044e+02,1.131774413327158982e+03,1.257824643142708055e+03,1.086244021524001937e+03,1.058703182006772522e+03,8.863629065246304890e+02,7.580083434322323228e+02,6.837724573138997357e+02,8.251789818580415385e+02,6.927360786080413391e+02,8.159465424068290531e+02,6.712181410341571564e+02,6.986278259640480428e+02,8.699575767700894176e+02,8.111339752672918166e+02,7.238851564004402235e+02,8.295717129085611532e+02,8.657875512174369987e+02,8.121870591191396898e+02,7.706931986503864209e+02,8.202444762417809443e+02,9.241831491509306034e+02,7.153851986849920195e+02,1.034025175984578027e+03,1.392774052733907865e+03,1.142185037648347361e+03,-1.832969725938986727e+01,-6.641395952993225382e-01,1.454508926251445698e-02,-1.329135668816783104e-04,-1.554421414611260386e-07,2.054431565120936856e-09,3.392508448712812487e-09,5.256824870627185824e-13,4.623841129675896108e-15,1.123159733354769629e-18,1.007947153921642073e-19,-1.270395306979251636e-20,-9.502538457510819453e-22,1.731144385498654695e-22,3.955216635416992220e-22,-1.243493964400219696e-23,1.877210062291422852e-23,-2.760416619987054837e-24,6.334604491961485296e-25,-5.332564774443757623e-26,3.755817165255818071e-26,-2.445678631010305054e-27,-6.438347364099032467e-27,-2.831564480367284378e-27,7.346309043194884033e-30,-4.186153435354785789e-29,-1.502729258806808028e-29,-7.360486377154427315e-30,9.771177205554740811e-31,3.728386998462180458e-31,1.385858538036204037e-32,2.249086211616635233e-32,-8.151463857591504581e-33,-4.311425675475972568e-33,-9.263837350785833699e-34,-2.814652637266493601e-34,-1.286368553941401190e-35,-3.961766377829397066e-35,-2.192135415796187366e-36,-8.743546976677657522e-37,-1.001212701619357335e-36,9.780336273537282562e-37
8.193284049124117075e-14,2.254257842157009236e+03,1.594788256985501903e+03,1.569785819563458745e+03,1.212651309823545034e+03,1.209364393374664814e+03,1.264326108466260166e+03,1.319950747562385914e+03,1.435614834410768026e+03,1.506751955295251264e+03,1.351711475844927008e+03,1.376225862551393448e+03,1.452668597272750503e+03,1.490323398072660666e+03,9.914748813824238596e+02,1.237370696877818546e+03,1.219870723797287610e+03,1.238042500796247623e+03,1.174268615504468244e+03,1.464607045012234039e+03,1.359477034288662935e+03,1.034601970192532235e+03,1.469010888019298818e+03,1.479740662709468324e+03,1.296297191656699624e+03,1.343860908922252065e+03,1.027163922106679365e+03,9.555095451105822804e+02,1.381890351794235357e+03,1.583530921158868750e+03,1.530801086599132077e+03,1.231260349387243195e+03,1.330004892693857528e+03,1.457078655832485538e+03,1.521312850266486066e+03,1.538695800271142616e+03,1.376801028971437972e+03,1.469727144665081823e+03,1.522618984189734874e+03,1.648482541995071870e+03,1.641094004115215057e+03,1.452222692803429936e+03,1.944169382461422856e+03,1.778446308632314413e+03,1.600166604871316167e+03,1.470451965831411371e+03,1.221443074823931056e+03,1.092918277683638962e+03,1.174472883852020686e+03,9.113610743626104522e+02,9.210749608110585314e+02,1.042323988641082906e+03,1.282918465825273415e+03,1.282480141649506550e+03,1.011971377158794667e+03,9.979006438065292741e+02,1.184598700319464569e+03,1.288663484986436515e+03,1.008628782968943028e+03,1.098467430163952031e+03,1.189904059852597129e+03,1.221438298502223233e+03,1.115454646338971088e+03,1.017736899783826289e+03,1.274504889941274769e+03,1.440684425426265534e+03,1.538406077092287205e+03,1.371562569032843385e+03,1.538770807873045896e+03,1.406549959357178977e+03,1.442764560408243142e+03,1.779841256801648115e+03,1.477852637754769148e+03,1.477460334663154981e+03,1.688458782678772195e+03,1.401003707569714379e+03,1.095909198367743329e+03,4.198898960479226616e+01,-8.946656273965167827e+01,3.045675163490446735e+01,4.913271988800598251e+02,5.849769801715532367e+02,2.106667746001075557e+03,1.633953267864850204e+03,1.943636951041509747e+03,2.081887762409136485e+03,2.277784824901565571e+03,2.152789133429892900e+03,1.812251681382679180e+03,1.832582168573142781e+03,1.832014657522036941e+03,1.693253891150604204e+03,1.851896190731369870e+03,2.247247728442035168e+03,2.795556337631714996e+03,2.597710446230159050e+03,2.309628186511807598e+03,2.294009761396385784e+03,2.405779521877892421e+03,2.514376982596728340e+03,2.023031398385571720e+03,2.189785294475995670e+03,1.857502917557044384e+03,1.617780697230737132e+03,1.666854155410112753e+03,2.401832274312616391e+03,2.491101163344448651e+03,2.875337016493256215e+03,2.393185938722866922e+03,3.113230395043032331e+03,2.573807759167348195e+03,2.597990991052295612e+03,3.312386363670224910e+03,3.189057110045241643e+03,2.642666020395194209e+03,2.317528552249970744e+03,2.729135240298560348e+03,2.863607706118726583e+03,2.441808628594343190e+03,3.133128467593948244e+03,2.790339168400435483e+03,2.291366513030012356e+03,2.255540573820453119e+03,1.708415002593654208e+03,1.628658559070527645e+03,1.501389797457260784e+03,1.271808923582660555e+03,1.839228168419996337e+03,1.807043195595538918e+03,1.798593195744226705e+03,1.751135310930176502e+03,1.874381729776427846e+03,2.229850884389876683e+03,2.300550418038408679e+03,2.119043646545075262e+03,2.613182093796390745e+03,2.470783512806559429e+03,2.354950717894254922e+03,2.481553282785738247e+03,2.162127047752319868e+03,2.124415275635981288e+03,2.789735422529783136e+03,3.000714380371858169e+03,3.055615866352794455e+03,2.687616528478490181e+03,2.577904433442345635e+03,2.859751082410350591e+03,3.057822427131441600e+03,2.659736451398664030e+03,2.552431358539938174e+03,3.075529459360583587e+03,3.264373411171095995e+03,2.739343951930516141e+03,3.081939665030613469e+03,2.041629049612042536e+03,1.560554527212682160e+03,1.384774756267019484e+03,1.314787345081087096e+03,1.380951399341376373e+03,1.229602218142815218e+03,1.198204741259199409e+03,1.406726878089603360e+03,1.143497216542749811e+03,9.713969380611054021e+02,1.071157229134916179e+03,1.078792697960200712e+03,1.197468599340364563e+03,1.187776654653975811e+03,1.186410144450389907e+03,1.401820726623511291e+03,1.689861974199000997e+03,1.090886457317423265e+03,1.064680026770710356e+03,1.088214377505307539e+03,1.060193792838129184e+03,1.104841056430575691e+03,9.968629705639897338e+02,1.167774070808997294e+03,1.175187060264470347e+03,1.161922168240930432e+03,1.177441632667819022e+03,1.228687212801425630e+03,1.432400465846907764e+03,1.367534350025684944e+03,1.326120226827223178e+03,1.142810302018563789e+03,1.087483670574243206e+03,1.371795984782325377e+03,1.480274071656760498e+03,1.029004505006154432e+03,8.711893255474518583e+02,8.033784830098555858e+02,8.289392115900783438e+02,7.815644795723728748e+02,9.715076366807968498e+02,9.438340717995610021e+02,8.616251193124505789e+02,7.563855012063612548e+02,8.776835417050766637e+02,1.093801558773421448e+03,9.375293243048394061e+02,8.243083111552227820e+02,8.243994553780894421e+02,9.031156927757465382e+02,1.080515148922956769e+03,8.614751170312599697e+02,9.840423605353254288e+02,1.016974715667536088e+03,8.713036822978151577e+02,9.961030264296892938e+02,9.809074175907043127e+02,9.812690067124017332e+02,4.388134722605971483e+00,1.589952074793523906e-01,-3.482098494758573397e-03,3.181954560774899140e-05,3.721289267119235749e-08,-4.918315509558990399e-10,-8.121674753624549522e-10,-1.258467275170641979e-13,-1.106636149821972706e-15,-1.153063795775945092e-19,6.745316803850157379e-20,-3.297525638780855676e-22,-2.057438812181500600e-21,-4.931568111762468117e-22,3.072880113033021847e-22,-1.097161127577508254e-22,-3.228150724300099222e-24,1.015394151183335292e-24,1.393660983637751692e-24,1.173748232085255458e-25,-6.533996258592612219e-26,-3.134404221562225115e-26,-2.986481418006744308e-28,-9.425941870178452192e-28,4.868075192634405645e-28,4.893715269332037813e-29,-2.039368176519125375e-29,-4.144649661513492654e-31,3.020147678315968441e-31,-2.676226373628839557e-31,4.989003416228945497e-33,-7.266315628139771255e-33,-6.696490296332161973e-33,-2.758563881401680333e-33,6.369890909253755430e-34,-1.827821380425650262e-36,2.449655577243824836e-35,9.688987110465529131e-36,3.536146063544952930e-36,-9.338393846732842990e-37,-4.383105391805908079e-37,1.319834674595474373e-36
9.364771680865584069e-14,1.198390089217962668e+03,1.259924936310691237e+03,1.144354060142693697e+03,9.275204461655150681e+02,1.017263033571654319e+03,1.056816544832811587e+03,1.109644354077596972e+03,1.150638773787397668e+03,9.802731774550487671e+02,1.239706639804923043e+03,1.074438637850250416e+03,1.199079335296089766e+03,1.257455886363785567e+03,1.012597410379217081e+03,1.157384501361701723e+03,1.000170206748660803e+03,9.505762385420678129e+02,9.106985120685764059e+02,1.136660115656945436e+03,9.230374268899886374e+02,7.496117860372788755e+02,9.388596492914525697e+02,1.305756080677169848e+03,1.032682683389860131e+03,1.086180633461130810e+03,8.620200889506710382e+02,7.854333903861977433e+02,1.038523359368035244e+03,9.564089811071414715e+02,1.019448077632109062e+03,1.172466370370141249e+03,1.204711794891575437e+03,1.450323385102214843e+03,1.450030682676431752e+03,1.330064464755105973e+03,1.359244525600190173e+03,1.342302457506913697e+03,1.162792860207907779e+03,1.384873683430060510e+03,1.209277390527360922e+03,1.365869226933313030e+03,1.630441588589256526e+03,1.571947408494592082e+03,1.566628542942664581e+03,1.361726944344398362e+03,1.150788173151518777e+03,1.032365793149621823e+03,1.044573527730315845e+03,8.153421999224724459e+02,7.594066460598729691e+02,9.732649071653335113e+02,9.451430346443081589e+02,9.896333508861501969e+02,8.903012093219582539e+02,8.395096967579848979e+02,9.477550248011788199e+02,1.083938162879834181e+03,8.524632159317253581e+02,8.226293457149122332e+02,1.113850928716322642e+03,9.177276039253659974e+02,8.898659374560882043e+02,9.273966050510609875e+02,9.629228858487618936e+02,1.329978202602438159e+03,1.115879076180262018e+03,1.170449506634789714e+03,1.160182647803833561e+03,1.139580567935891850e+03,1.150637415933136936e+03,1.312506657249637783e+03,1.237725371738663853e+03,1.396334772286016459e+03,1.659542475810681708e+03,1.160987613128458861e+03,-8.022537875096236348e+01,-6.600334438706200402e+00,1.406343045453509433e+01,-4.787558562353040337e+00,1.452172106937157878e+03,1.733752717994299701e+03,1.498496264037627725e+03,1.274736459647343736e+03,1.658163605942311051e+03,1.627982238705138116e+03,1.932092759127313684e+03,1.760089890448836968e+03,1.437400533905650263e+03,1.362500701013450453e+03,1.438331845552689629e+03,1.631420374098131106e+03,2.011512006572801511e+03,2.089788745050388570e+03,2.238263700838780096e+03,2.408446233295167531e+03,2.110707876547776777e+03,2.256531997953803057e+03,2.021662009192167488e+03,2.281272144682198814e+03,1.719147956962191756e+03,2.415609557870369827e+03,1.642785709003921056e+03,1.680144694003430232e+03,1.425027872517591049e+03,1.713893690660062475e+03,2.101125148842736508e+03,2.135936955934821071e+03,1.924625361769963774e+03,2.898342418508082574e+03,1.973029439935270148e+03,1.892625191295847571e+03,2.244432037260170546e+03,2.508525039486700734e+03,2.055316439441943203e+03,1.907287345617092114e+03,2.220388774736602045e+03,2.308817710273462581e+03,1.898910680130335550e+03,2.521883071248895703e+03,1.941437332445669426e+03,1.853032657145397934e+03,1.426203913194513461e+03,1.413742188878554543e+03,1.279514513159541366e+03,1.169151056496334149e+03,1.140282641121588085e+03,1.764024296659355741e+03,1.680561114994377476e+03,1.677186715813208593e+03,1.521984415264658992e+03,1.400173244563054595e+03,1.839649075002524114e+03,1.737708735409185692e+03,1.489655691353426846e+03,2.666007909371099231e+03,1.914430657768861010e+03,2.134783451324389716e+03,1.791822156988895586e+03,1.919512263752478248e+03,1.754616192949792548e+03,2.121839716471182783e+03,2.431250124901496292e+03,2.215180348228884668e+03,2.384570247229083179e+03,1.880982761633586733e+03,2.096943705631700595e+03,2.542185155884587857e+03,2.336945578500865395e+03,2.359198322173158886e+03,1.791172780278994423e+03,2.128933660913144649e+03,1.848335719856926062e+03,2.675235689003927746e+03,1.668892533006750455e+03,1.241392413375670003e+03,1.122132260904091027e+03,1.101279256686945018e+03,1.130879572386521659e+03,1.012703014465213528e+03,9.027711332353032958e+02,9.424198965654308040e+02,1.138411480327503114e+03,9.694105218166977238e+02,9.568703408889266484e+02,9.552914784286184613e+02,1.027212240489628584e+03,1.067615616899110137e+03,1.118139797499476799e+03,1.354681039963555349e+03,1.324489409030412844e+03,9.280031970924354709e+02,9.578154409146422950e+02,8.132672880828085908e+02,8.571231511962766945e+02,7.687635625586857486e+02,8.190776797744343867e+02,1.068633759140882376e+03,8.603856570070269072e+02,8.821524204971059362e+02,9.139635227539449716e+02,1.014682512182135383e+03,1.039017691476026812e+03,9.840542281552031909e+02,1.061560712242684076e+03,1.076744158416817982e+03,9.531864919003710384e+02,1.127323277175843032e+03,1.088686170214578851e+03,6.493370226102219931e+02,6.980607126914349010e+02,6.961783723319283581e+02,7.292624272850266607e+02,6.055660416942774873e+02,7.014088767120097145e+02,8.325459934586586996e+02,6.817131777050904020e+02,6.819895079884604456e+02,7.883281365337959414e+02,9.140791289032030136e+02,8.744847744677840637e+02,7.173905290380960196e+02,6.581266448633773507e+02,7.442588482079374899e+02,1.236627278629602870e+03,8.970280895398124130e+02,9.109190361761767463e+02,7.777057504598898277e+02,8.897935135759611285e+02,7.175247400678375698e+02,8.011155314563842467e+02,8.595694857509931808e+02,-6.897797971302161990e-01,-2.499277914026884137e-02,5.473581248329892823e-04,-5.001778911235757604e-06,-5.849570064170003122e-09,7.731195340881826142e-11,1.276662558937552102e-10,1.978044627417192765e-14,1.732023803382937543e-16,-3.649420371768885610e-20,6.005127006800533488e-20,1.064301528069965595e-21,-2.381392826349636483e-21,-1.006122526070528412e-21,3.314045541661647407e-22,-5.405472449557108428e-23,1.515991377857716935e-23,-4.727005414761058751e-24,-2.203210249814047998e-24,-4.388399000716506457e-26,1.920644434148601065e-26,1.981722998240229152e-26,1.615993032335920916e-26,2.497509977249407404e-27,4.612909810457557397e-28,3.586773811768551234e-29,1.548919767725582691e-29,1.031914474732485348e-30,-4.085932758396716956e-31,-4.912047644183951099e-31,8.280755415629318428e-32,1.853003970567042464e-32,8.472053424662361017e-33,1.378169023004055639e-34,8.196574028594242166e-34,5.646926116178841975e-35,5.817540204686955925e-35,6.116250313169008937e-36,7.034754646825027290e-36,5.502347713334421332e-38,1.229396994861352771e-37,1.309580444259749091e-36
-6.719964718166521673e-17,1.707159594325264065e-13,3.026720613999154472e-14,1.165285740659831292e-13,1.680484109407037268e-13,7.448914760865430460e-14,6.694698394496739237e-14,1.128043312850584909e-13,2.193239626124339808e-14,2.311782714791207115e-13,1.171167870437690968e-13,1.327442953386699907e-13,1.036767999703870467e-13,1.970904183465093203e-13,1.800087676140713748e-13,8.340937166796070228e-14,3.600958017664611610e-15,1.544464894165468893e-13,1.323374335979700927e-13,9.106727573187916147e-14,1.489038031190035221e-13,9.802659354138338847e-14,1.600236461485618159e-13,1.251938060992851284e-13,1.418939503589610170e-13,6.113452627533639290e-14,6.142493621218260582e-14,4.993675435719364661e-14,2.486895412613266580e-14,2.332054308743053710e-13,8.249005597698136686e-14,2.164363295151743691e-13,1.418396919831458006e-13,1.652017859815464729e-13,4.386172722254242758e-13,-9.929295459463616268e-15,1.784455145043115311e-13,-1.256948060620188541e-13,1.312630812915521939e-13,2.605983966806858167e-13,2.460739798654795468e-13,4.003898822650480573e-13,4.490230249978324057e-13,7.940449592993019955e-14,7.281152615501281896e-14,2.013501892598539430e-13,1.154992355502541502e-15,3.313598870262306753e-14,6.997843722509899112e-14,-5.921193295349315969e-14,3.823581405106176658e-14,4.197267092307436326e-14,1.194562015046193254e-13,1.282746082795362531e-13,2.039143295951819552e-13,1.766947760156081124e-13,-3.886684573440046891e-14,1.397188460311649309e-13,4.727550496347944126e-14,1.878307544894885667e-13,9.182436129500148777e-14,8.763355548148511434e-14,9.442598260033985903e-14,1.055972009488772364e-13,6.247588959308252062e-14,1.888369050814282186e-13,1.754781240665229968e-13,1.262576318935205207e-13,1.401944141184980221e-13,1.294845246995616619e-13,1.014020942697166717e-13,1.570673277141642483e-13,8.894179118884826168e-14,1.510019912819560421e-13,1.443543396606691335e-13,2.312016782916172921e-13,1.833613587441692299e-13,-1.115313793689392487e-15,-4.925307715150348817e-14,-2.514149946240895293e-14,6.514232810850303186e-14,6.278569270596638769e-14,4.315141341405429252e-13,4.014543173379160483e-13,3.734543101828788929e-13,1.939192874030511034e-13,1.577984079807653274e-13,2.206716761165496766e-13,1.631400306703438632e-13,2.963310487254207603e-13,9.716031701365439893e-14,2.698831223258803211e-13,-2.496211236527068518e-13,1.421126201408627849e-13,2.592417045220647747e-13,6.138011057901159554e-13,3.274778114586116009e-13,-2.005239741157144383e-16,2.476723122898435329e-13,4.057446519036233020e-13,2.732089669250798422e-13,-1.013606363397059936e-13,3.962227627616521587e-15,2.591586915783682972e-13,3.525168195093726815e-13,4.206729406576077939e-13,8.346361385029248703e-14,3.313089223294358453e-13,1.439458980887798466e-13,2.042744411365084784e-13,1.457616311596287101e-13,2.716951888529771734e-13,4.014133275591929168e-13,4.590900840480512729e-13,2.412034026298182195e-13,1.132045990269316846e-13,2.311648248171722385e-13,2.631783681223581439e-13,3.188587665902610692e-13,3.973801362750073067e-13,1.666715880568576130e-13,1.109148174601238745e-13,1.411402172920933802e-13,1.557416538025876149e-13,1.508567122357333092e-13,-1.134047173011946149e-15,2.838222233997773202e-13,4.831360597356593767e-13,2.541959184682993450e-13,4.103285669104503061e-14,2.126981386214002874e-13,2.627583047578140012e-13,3.095990782370019276e-13,1.777793986661691749e-13,1.945544721184276718e-14,1.426888811067358482e-13,7.211774442134445750e-14,8.132965788413756666e-14,3.483214980748337381e-13,2.174330896003084384e-13,3.906594604024532006e-13,2.102459841067577745e-13,6.248714713190824081e-13,2.245964082468305006e-13,1.019383982697408421e-13,2.014304006982625498e-13,2.053022245124061505e-13,2.080953526543428498e-13,4.232218187957258393e-13,2.084135014193417834e-13,3.587665429543514267e-13,7.139839772301568083e-13,1.356881325444638789e-13,4.593126961060507322e-13,2.215079252465483871e-13,2.880667553984469418e-13,7.686441584876462361e-14,-8.757326012886177252e-14,1.999560912716649564e-13,8.794224722402402172e-14,1.062704067159146729e-13,2.945137479256614651e-13,1.383921745777926795e-13,8.333274803787549092e-14,-8.189229232162235488e-15,-6.185147808203144003e-15,6.167245847237995999e-14,1.432699292916232831e-13,4.256199505984604065e-14,9.304267407858011204e-14,1.147647438556855203e-13,2.855595088039609370e-14,1.141428070655499358e-13,2.451833683758907530e-13,2.955940168551210203e-13,1.441623465187363095e-13,3.245086791314435526e-14,1.030423361102719040e-13,8.665868843780301244e-14,-6.005944443359801269e-14,6.032241881632716969e-14,3.571431025115875332e-14,1.167198767077677243e-13,8.528310834946511541e-14,5.590806191895265816e-14,8.848795906934346583e-14,6.946295840475614856e-14,1.062118368215450346e-13,2.687087976506754779e-13,1.803589593111553599e-13,8.231251533463310465e-14,4.642396521695806573e-14,8.452429428182708303e-14,5.515623556996087516e-14,2.722171998527288761e-14,8.197396795436875931e-14,1.074545148351765008e-13,2.526828035740115730e-14,7.748348268343935712e-14,1.270154690029074001e-13,8.813102427210474959e-14,1.686131374907326329e-13,1.700338611803207427e-13,1.060375689573491158e-13,1.105521859665795297e-14,-2.327954780293451740e-15,1.366785686874216224e-14,7.431470256738545457e-14,-5.071181125932653183e-15,1.181487008106448391e-13,1.072508030316521141e-13,2.091776841986836044e-13,2.305870918869465498e-14,8.622205007329898760e-16,-4.008573531816100050e-17,4.961765799654325420e-16,-1.970874455039090920e-16,-4.175088878391261950e-17,-7.139812256262945577e-18,-2.222988721288934481e-18,-2.041606502972634916e-19,5.468721631235515460e-20,4.301002546078252010e-20,1.124544655921459358e-21,2.466739803535354575e-21,1.846339236760111290e-21,3.453858409779259567e-22,8.083984954029565310e-23,-1.210484808815258054e-24,-8.375895228824606262e-24,-5.186584918168305164e-25,4.920501027777460650e-25,7.557233510049123849e-26,-1.320306394262332958e-26,-8.623691908437387165e-27,-2.890240553640165737e-27,-1.616463444622861705e-28,-3.513624735143120974e-29,-2.308975547299688257e-30,-7.298239751346359531e-30,5.884478293367155716e-31,6.057134552839304757e-31,3.320840561490431616e-32,-7.602717687433871640e-32,-8.744726042576088222e-33,8.428882256931740449e-34,5.102000302256184343e-34,2.158551576525598332e-34,3.772487653541364017e-35,-1.505059106713171929e-36,-2.270261563970862562e-36,3.828143974591673594e-37,1.982765727559412047e-37,-4.263376606445881368e-40
